number of elements: 1032
number of scatterers: 8
number of waves: 50
number of Gauss points: 10
assembly time (mins): 0.12619743744532266
Cext avg: 1.9063261864412253e-11
Csca avg: 1.0818576361622419e-11
Cbsca avg: 1.4625221939050806e-11
g avg: 0.04145619973174962
w avg: 0.5673132277418925
solver time phi (mins): [[2.741688942909241, 2.8563002506891886, 2.7417731165885924, 2.706417707602183, 2.751521913210551, 2.8326294978459674, 2.7717174728711447, 2.795737353960673, 2.64768500328064, 2.6607346375783285, 2.7391867717107137, 2.807260493437449, 2.7889419356981913, 2.772265883286794, 2.688417363166809, 2.696962833404541, 2.8639035781224567, 2.7518811265627545, 2.690682566165924, 2.7537634571393332, 2.681673975785573, 2.7054359714190164, 2.8297006527582806, 2.7864704449971516, 2.7407771984736127, 2.681940762201945, 2.748730154832204, 2.696529666582743, 2.7143821239471437, 2.824255327383677, 2.8013496438662213, 2.771818538506826, 2.7116243918736775, 2.776369031270345, 2.7491233627001446, 2.7166913747787476, 2.7105772415796916, 2.7766251802444457, 2.8062874635060626, 2.723463853200277, 1.3802786151568094, 1.3264751315116883, 1.2405216495196025, 1.28580854733785, 1.29063823223114, 1.2723260998725892, 1.2155049403508504, 1.2363563617070517, 1.2465507467587789, 1.2639387210210165], [2.7961979945500692, 2.9224305470784504, 2.919524415334066, 2.8410051782925922, 2.8439339558283487, 2.7713522871335345, 2.858246076107025, 2.839768099784851, 2.8340145468711855, 2.733545180161794, 2.6922401269276937, 2.713781809806824, 2.790280028184255, 2.888737213611603, 2.805708893140157, 2.790339644749959, 2.8002438306808473, 2.815003577868144, 2.9048809965451556, 2.700743818283081, 2.6967578570048016, 2.786198353767395, 2.8309637983640035, 2.7842997550964355, 2.8254966100056964, 2.897273083527883, 2.7015125274658205, 2.611824377377828, 2.7010618607203165, 2.7319039940834045, 2.8148661732673643, 2.8176740566889444, 2.7730591376622518, 2.8289432525634766, 2.8970831553141276, 2.791779073079427, 2.862190047899882, 2.8294637044270834, 2.8712610522905986, 2.76288267771403, 1.3689552545547485, 1.3481208125750224, 1.279274078210195, 1.3647343357404074, 1.2964813192685445, 1.3472365657488505, 1.2349241455396016, 1.3263020555178324, 1.255506658554077, 1.321036990483602], [2.9180018027623493, 2.731563317775726, 2.953461555639903, 2.8310171246528624, 2.763135472933451, 2.6843511978785197, 2.8791885018348693, 2.949223800500234, 2.8140599131584167, 2.7189931988716127, 2.9666085839271545, 2.801102288564046, 2.898240343729655, 2.769589602947235, 2.8752769112586973, 2.838701057434082, 2.78845397233963, 2.840868345896403, 2.931465657552083, 2.8727290749549867, 2.9485320806503297, 2.741630442937215, 2.6680373032887776, 2.984436535835266, 2.891091291109721, 2.7829911788304647, 2.9006619453430176, 2.753244451681773, 2.76209001938502, 2.7792298078536986, 2.9182440678278607, 2.8907058954238893, 2.8076857805252073, 2.862057860692342, 2.9555784424146014, 2.8580767273902894, 2.878582501411438, 2.854418464501699, 2.7394017696380617, 2.757481110095978, 1.3727023998896282, 1.383147382736206, 1.3536179820696512, 1.2687438527743022, 1.389557150999705, 1.2382062951723734, 1.3551289598147074, 1.286254068215688, 1.3189146995544434, 1.2215207974116007], [2.901831340789795, 2.8527005910873413, 2.873714796702067, 2.882434034347534, 2.7176894267400105, 2.836033272743225, 2.7615973353385925, 2.853116003672282, 2.9743409951527915, 2.7172123352686564, 2.906181724866231, 2.81337685585022, 2.8175938804944356, 2.906050117810567, 2.89458616177241, 2.904791804154714, 2.823119064172109, 2.840934975941976, 2.6833189010620115, 2.8563933809598288, 2.9659465670585634, 2.715493933359782, 2.8719276666641234, 2.8976894776026407, 2.8667810400327047, 2.920706009864807, 2.834041428565979, 2.795732319355011, 2.9398694475491842, 2.8935229063034056, 2.798976949850718, 2.731936057408651, 2.808920661608378, 2.8544301470120748, 2.7928376237551373, 2.9995446761449176, 2.8933966557184854, 2.8387448747952777, 2.838358918825785, 2.9557630976041156, 1.384661320845286, 1.3562718113263448, 1.3216967105865478, 1.3192831913630167, 1.2804922461509705, 1.3346730669339497, 1.3420017560323079, 1.3050950646400452, 1.2727235635121663, 1.3387573083241782], [2.862274185816447, 2.7409313678741456, 2.8336315790812177, 2.869905682404836, 2.7348211725552876, 2.7387218793233234, 2.847935430208842, 2.8040048480033875, 2.8427540103594464, 2.7958905895551047, 2.7561286886533103, 2.919464429219564, 2.70097842613856, 2.664341767628988, 2.9602988004684447, 2.775618489583333, 2.7798831701278686, 2.958504327138265, 2.955641333262126, 2.842435133457184, 2.8518374522527057, 2.7981825272242227, 2.805056111017863, 2.74301442305247, 2.6935577591260276, 2.909521460533142, 2.7417876958847045, 2.7446361064910887, 2.726247866948446, 2.871140746275584, 2.759008554617564, 2.6781705896059673, 2.6399249990781146, 2.714868374665578, 2.815038176377614, 2.783284568786621, 2.85134273370107, 2.713937012354533, 2.775618330637614, 2.872542222340902, 1.3595988313357035, 1.4241604248682658, 1.3818045894304911, 1.3104378898938498, 1.3628950516382854, 1.2565013686815898, 1.2517469922701518, 1.252156170209249, 1.2552438100179037, 1.3323120156923929], [2.6965365211168923, 2.9831378142038982, 2.854704209168752, 2.8715234915415446, 2.737619177500407, 2.781124726931254, 2.8426750381787618, 2.818978786468506, 2.767146929105123, 2.742736013730367, 2.805877955754598, 2.713848865032196, 2.749553620815277, 2.866622332731883, 2.888061010837555, 2.7279783129692077, 2.9471195101737977, 2.890832555294037, 2.8024302681287128, 2.6850006699562075, 2.6596107800801594, 2.782270582516988, 2.8020028114318847, 2.81949667930603, 2.8735886176427203, 2.9123949885368345, 2.752725537618001, 2.6670544306437174, 2.6940836787223814, 2.72539998292923, 2.803120501836141, 2.8709216952323913, 2.7571513493855795, 2.8629613478978473, 2.9828749696413674, 2.8133814215660093, 2.9190843303998313, 2.7489179531733194, 2.9202209234237673, 2.933278493086497, 1.391892961661021, 1.3624710122744241, 1.330545723438263, 1.3579070846239725, 1.3124866326649984, 1.334388009707133, 1.2964391907056172, 1.347670030593872, 1.2814658363660176, 1.3577190041542053], [2.967697827021281, 2.8342759092648824, 2.8452309449513753, 2.840561234951019, 2.733224940299988, 2.763719940185547, 2.7285738825798034, 2.8622119228045144, 2.8567628423372904, 2.6961723883946735, 2.9549605369567873, 2.8397021015485127, 2.886650002002716, 2.903279133637746, 2.9064836382865904, 2.90375124613444, 2.8520819544792175, 2.783403491973877, 2.9190718213717144, 2.8976207812627157, 2.8912817001342774, 2.8634706417719524, 2.706245720386505, 3.0048072655995686, 2.8126699050267536, 2.7419262766838073, 2.851720388730367, 2.776927324136098, 2.8545306364695233, 2.788380837440491, 2.927483332157135, 2.9044591108957927, 2.735619827111562, 2.8800212025642393, 2.8492778539657593, 2.9225874662399294, 2.934839630126953, 2.784952469666799, 2.913188854853312, 2.836454431215922, 1.389919432004293, 1.3329885999361675, 1.352877155939738, 1.3205532471338908, 1.336281673113505, 1.3530556678771972, 1.3466935992240905, 1.2979642430941263, 1.2773034612337748, 1.314582844575246], [2.6769291639328, 2.8814737796783447, 2.877881423632304, 2.907355610529582, 2.700359519322713, 2.820241641998291, 2.8189950068791707, 2.9172579685846967, 2.9297991196314492, 2.7597901940345766, 2.7949584166208905, 2.766794582207998, 2.898445514837901, 2.9320568799972535, 2.805984346071879, 2.9491740465164185, 2.880815804004669, 2.964091368516286, 2.708938737710317, 2.8605447014172873, 2.8861700693766275, 2.743239112695058, 2.975861648718516, 2.9105873823165895, 2.988895058631897, 2.8684394359588623, 2.8612622817357383, 2.822886323928833, 2.935568296909332, 2.9899333278338114, 2.8177779078483582, 2.735030551751455, 2.7138431986172993, 2.8720117886861165, 2.7954678654670717, 2.9298959016799926, 2.8706007321675617, 2.880870215098063, 2.894155943393707, 2.929340958595276, 1.4079993089040121, 1.3837936004002889, 1.3317564129829407, 1.3048066218694052, 1.2553563753763834, 1.4045870184898377, 1.2794691761334738, 1.3788083076477051, 1.2838444034258525, 1.3266273419062296], [2.868610636393229, 2.713618719577789, 2.823785634835561, 2.8300307234128317, 2.6898016651471455, 2.7700916210810345, 2.852111808458964, 2.811412517229716, 2.833850316206614, 2.698756190141042, 2.830098009109497, 2.925847593943278, 2.719425960381826, 2.664387345314026, 2.93843560218811, 2.762250304222107, 2.729348572095235, 2.8648996512095133, 2.9112398982048036, 2.849455714225769, 2.8042008678118386, 2.810056201616923, 2.7545246760050457, 2.735208968321482, 2.7680280645688375, 2.875633788108826, 2.702692782878876, 2.7063016653060914, 2.7477465510368346, 2.802816716829936, 2.726880617936452, 2.731086770693461, 2.7149524211883547, 2.7718695521354677, 2.844492582480113, 2.8096428712209067, 2.8464913447697957, 2.804068398475647, 2.7733043154080708, 2.8704408089319866, 1.468584950764974, 1.373210076491038, 1.341846481959025, 1.2724825461705527, 1.3851427992184957, 1.240718126296997, 1.286626402537028, 1.2756814122200013, 1.3053475817044575, 1.2582770268122354], [2.788645573457082, 2.7076449076334637, 2.725292980670929, 2.701175649960836, 2.7030985315640765, 2.7083450237909954, 2.772341811656952, 2.7587428092956543, 2.770729970932007, 2.747877359390259, 2.6984960039456687, 2.88525204261144, 2.735670816898346, 2.7384592930475873, 2.76301824649175, 2.7900586565335592, 2.8211243549982705, 2.754443637530009, 2.708999188741048, 2.694991433620453, 2.751046860218048, 2.8066372076670327, 2.7439889510472617, 2.739730215072632, 2.744771162668864, 2.649847940603892, 2.684320859114329, 2.73478004137675, 2.8064425746599833, 2.835891850789388, 2.755441645781199, 2.7925294518470762, 2.7259771982828775, 2.769644335905711, 2.7560280323028565, 2.7102025707562762, 2.7511786341667177, 2.8170671701431274, 2.763181432088216, 2.7224224249521893, 1.2865336934725444, 1.274263827006022, 1.3195836305618287, 1.2480804602305093, 1.2949899554252624, 1.2617039680480957, 1.2934998512268066, 1.2376475850741069, 1.2835051576296488, 1.1736604770024617]]
solver time theta (mins): [[2.8089592456817627, 2.890305197238922, 2.8649607221285502, 2.906677269935608, 2.7634631832440695, 2.875440510114034, 2.7592477440834045, 2.8873018781344095, 2.9384932120641074, 2.7121307571729023, 2.9372846921284994, 2.8335143089294434, 2.881009912490845, 2.88707248767217, 2.9139236847559613, 2.925055944919586, 2.8246156374613443, 2.9171960870424907, 2.7017945488293966, 2.905387000242869, 2.969475797812144, 2.758497365315755, 2.85593280394872, 2.959079043070475, 2.8483593384424846, 2.690609347820282, 2.7789307832717896, 2.7730418920516966, 2.918774410088857, 2.8891496459643045, 2.862278918425242, 2.7779245177904763, 2.70700474580129, 2.8048011461893716, 2.8167582392692565, 2.939107096195221, 2.9228755712509153, 2.8916658838589986, 2.7362472573916117, 2.938937334219615, 1.3007705410321553, 1.2883015751838685, 1.2551306366920472, 1.271997590859731, 1.2410767992337546, 1.2655723015467326, 1.3018565058708191, 1.2484165549278259, 1.2234079122543335, 1.2488072832425436], [2.7807039459546408, 2.8781277457873027, 2.8447567542394, 2.9424870093663533, 2.694419844945272, 2.82454225619634, 2.751790392398834, 2.8922441283861797, 2.943132698535919, 2.7407174626986186, 2.824053148428599, 2.7293400247891744, 2.805351785818736, 2.928426647186279, 2.7558567762374877, 2.880289562543233, 2.8768401702245074, 2.902085832754771, 2.6841270248095195, 2.8527072191238405, 2.9814218004544575, 2.7807159860928854, 2.8410736958185834, 2.913323918978373, 2.8548649549484253, 2.923301084836324, 2.7924838145573934, 2.7893340826034545, 2.9692069331804913, 2.906559364000956, 2.808345870176951, 2.7707316001256306, 2.7207175215085346, 2.813418157895406, 2.7874126116434734, 2.9586812138557432, 2.8517073154449464, 2.920182732741038, 2.8544952789942424, 2.9570517500241595, 1.2747211535771688, 1.3028417388598124, 1.1899468739827475, 1.267349378267924, 1.2372046987215677, 1.294057019551595, 1.3086937626202901, 1.270126501719157, 1.211377223332723, 1.305687661965688], [2.831122895081838, 2.8638389746348065, 2.8351657390594482, 2.9531071186065674, 2.709675681591034, 2.808590551217397, 2.824216922124227, 2.7948480089505514, 2.8845861593882245, 2.818201712767283, 2.8669193108876545, 2.9260059197743735, 2.673667816321055, 2.685384917259216, 2.897642266750336, 2.723155176639557, 2.7958340485890707, 2.9284977356592816, 2.912076457341512, 2.8021185954411822, 2.7247369011243183, 2.8311351339022317, 2.8034595171610515, 2.7729822158813477, 2.8182282010714212, 2.9216254790623983, 2.734260900815328, 2.7833672920862833, 2.8249620676040648, 2.790382806460063, 2.771031153202057, 2.6821495016415913, 2.674400015672048, 2.8304375569025675, 2.7475809613863627, 2.8643885413805643, 2.8269398689270018, 2.752280223369598, 2.856962498029073, 3.0127618233362834, 1.246367049217224, 1.3048569957415264, 1.2669691522916158, 1.2151858886082967, 1.275544567902883, 1.2403605024019877, 1.2328126390775045, 1.2667269229888916, 1.236175254980723, 1.282986847559611], [2.7003711819648744, 2.89627955754598, 2.806230358282725, 2.7112260421117145, 2.8369481841723125, 2.6435428698857626, 2.828176212310791, 2.809507421652476, 2.757963558038076, 2.7323863943417868, 2.7267401218414307, 2.7255598187446592, 2.8386940002441405, 2.80114901860555, 2.698465653260549, 2.7274454673131308, 2.864844755331675, 2.794337598482768, 2.6936819752057395, 2.684825603167216, 2.6593707243601483, 2.7392542600631713, 2.8398725231488546, 2.81552605231603, 2.779991598924001, 2.726136350631714, 2.751700397332509, 2.7697617212931314, 2.686820880572001, 2.762703994909922, 2.82996742328008, 2.7747448603312175, 2.746542012691498, 2.7176340103149412, 2.7218006173769633, 2.716006894906362, 2.7346514026323954, 2.736810866991679, 2.834917938709259, 2.7053625146547953, 1.2457033753395081, 1.2111242453257243, 1.117608614762624, 1.2284606178601583, 1.1884963671366373, 1.252302352587382, 1.1824895143508911, 1.217140825589498, 1.1727705915768942, 1.2621145089467367], [2.861867888768514, 2.718080389499664, 2.8695330063501996, 2.833451537291209, 2.819497017065684, 2.698628242810567, 2.759503229459127, 2.904763189951579, 2.739801263809204, 2.7641759435335795, 3.005210228761037, 2.766910429795583, 2.8938647826512653, 2.7130910674730937, 2.8893904368082683, 2.7800437211990356, 2.844471327463786, 2.791133153438568, 2.9005587100982666, 2.923140831788381, 2.9455143014589944, 2.7860801935195925, 2.7140888770421348, 2.911060933272044, 2.8358473062515257, 2.791160504023234, 2.945485707124074, 2.6363937775293986, 2.8504713853200276, 2.784765370686849, 2.7874486009279886, 2.904343922932943, 2.7651658217112223, 2.8380141894022626, 2.8585041562716165, 2.774672516187032, 2.949279789129893, 2.8819639682769775, 2.796272047360738, 2.793643820285797, 1.2820616483688354, 1.2718277136484781, 1.3210344870885213, 1.241342806816101, 1.2621522148450215, 1.2500321984291076, 1.2605188369750977, 1.2263549844423929, 1.209043021996816, 1.247152070204417], [2.743010226885478, 2.865019969145457, 2.8737856189409894, 2.8917371153831484, 2.7939373731613157, 2.86390415430069, 2.7842012564341228, 2.8678606311480204, 2.9247320731480917, 2.716164970397949, 2.7421084602673846, 2.7593323906262714, 2.8332630674044292, 2.900432324409485, 2.7674002289772033, 2.88905873298645, 2.8468746383984884, 2.9698408285776776, 2.702914293607076, 2.7922887563705445, 2.9655972599983214, 2.7182616353034974, 2.846080676714579, 2.8965713063875835, 2.9071038881937663, 2.8621916651725767, 2.845740302403768, 2.8636550029118855, 2.9228751341501873, 2.9513961990674336, 2.8903189500172934, 2.749443074067434, 2.6525944471359253, 2.7983416358629865, 2.7500306208928427, 2.9500032981236775, 2.879276780287425, 2.905254908402761, 2.8714723944664002, 2.984431525071462, 1.2655177553494772, 1.2990903973579406, 1.175441070397695, 1.2407095789909364, 1.2207881212234497, 1.2935529033342996, 1.2838404854138692, 1.2741294145584106, 1.2261642615000408, 1.2775971174240113], [2.8814514875411987, 2.724930973847707, 2.7979671001434325, 2.767038468519847, 2.783848758538564, 2.7390376726786294, 2.7679223855336508, 2.759330709775289, 2.7820369680722554, 2.8001811544100446, 2.809962018330892, 2.880567967891693, 2.6899449706077574, 2.7197786808013915, 2.831962835788727, 2.8037671208381654, 2.7502021908760073, 2.6963685353597007, 2.7995893239974974, 2.8486828486124676, 2.8148350993792217, 2.772485605875651, 2.72838188012441, 2.7266196250915526, 2.736750646432241, 2.7998037775357565, 2.7050198992093404, 2.757712546984355, 2.815689917405446, 2.891018263498942, 2.7588321646054585, 2.6918877005577087, 2.6919792175292967, 2.7324238300323485, 2.798624285062154, 2.7407243649164834, 2.83795051574707, 2.8431105613708496, 2.775034828980764, 2.6968126972516377, 1.2180144468943277, 1.214358627796173, 1.2701405803362529, 1.1895712653795878, 1.2770322799682616, 1.199308180809021, 1.2282808860143026, 1.1856377561887106, 1.2244730393091838, 1.1446686506271362], [2.887940267721812, 2.908442656199137, 2.9097100178400677, 2.874155314763387, 2.756374673048655, 2.694933366775513, 2.902345629533132, 2.902658275763194, 2.7637607216835023, 2.8472646474838257, 2.910221763451894, 2.7041842540105185, 2.7528857350349427, 2.797996199131012, 2.8789753476778666, 2.78685112396876, 2.838543466726939, 2.8665499289830527, 2.9240339199701944, 2.714614450931549, 2.7495484948158264, 2.819485624631246, 2.808064870039622, 2.839794862270355, 2.8872562925020855, 2.898292915026347, 2.879481089115143, 2.7650468071301777, 2.7193390409151714, 2.74436674118042, 2.771800434589386, 2.7850314180056253, 2.808544035752614, 2.9143864432970683, 2.9665188670158384, 2.774358566602071, 2.927512693405151, 2.8890913168589276, 2.8958752353986106, 2.8644783735275268, 1.3213728348414102, 1.2556256453196208, 1.3083927830060322, 1.23850759267807, 1.2213446021080017, 1.26577676932017, 1.2079824129740397, 1.2879929105440775, 1.1873084823290507, 1.2525558511416117], [2.861859452724457, 2.848377255598704, 2.897319523493449, 2.7937251567840575, 2.7407005866368612, 2.7150678594907123, 2.7165082812309267, 2.8785967588424684, 2.7988636533419293, 2.7789748708407083, 2.9486027042071026, 2.776649034023285, 2.86397344271342, 2.4688454270362854, 2.9246238470077515, 2.790455436706543, 2.8786443789800007, 2.814082447687785, 2.9318787535031636, 2.8785537838935853, 2.9075902064641315, 2.822994808355967, 2.761161200205485, 2.957384546597799, 2.826527265707652, 2.7829633871714274, 2.8626028259595233, 2.751764372984568, 2.8170491576194765, 2.816169242064158, 2.7938969850540163, 2.9542055050532023, 2.8098045190175376, 2.8831579168637593, 2.879247053464254, 2.8333168466885885, 2.941872711976369, 2.7709564725557962, 2.766215988000234, 2.8433201789855955, 1.3236377000808717, 1.265287204583486, 1.2662078777949015, 1.2724255005518594, 1.285437814394633, 1.2207617044448853, 1.2620744228363037, 1.2740830063819886, 1.2698724230130514, 1.1791667858759562], [2.8768341024716695, 2.8362781405448914, 2.849708382288615, 2.8736476421356203, 2.7731198271115622, 2.8703196962674458, 2.674445700645447, 2.940709968407949, 2.8570996046066286, 2.688399847348531, 2.9966336568196614, 2.8685862104098003, 2.8698176741600037, 2.931850842634837, 2.891371258099874, 2.8391475439071656, 2.9049139459927877, 2.8161323110262555, 2.876955274740855, 2.9614389538764954, 2.9907026251157123, 2.7522616306940715, 2.767339050769806, 2.9975231885910034, 2.7687312006950378, 2.8006155769030254, 2.798837121327718, 2.7740406592686973, 2.842970275878906, 2.820966601371765, 2.808940076828003, 2.8223646601041157, 2.7608023405075075, 2.8821789900461834, 2.854106374581655, 2.877452631791433, 2.921259844303131, 2.867178742090861, 2.7973803957303365, 2.7857895334561666, 1.2687003334363303, 1.2643291076024374, 1.2895461519559224, 1.2599922974904378, 1.2433655579884848, 1.2856864213943482, 1.2967659513155618, 1.2628130912780762, 1.2352179129918417, 1.27615993420283]]
Iterations phi: [[142, 147, 143, 141, 143, 143, 144, 143, 142, 142, 141, 144, 146, 146, 141, 141, 148, 142, 141, 141, 141, 144, 147, 146, 142, 141, 142, 140, 142, 145, 146, 146, 142, 140, 142, 141, 142, 142, 145, 142, 145, 142, 134, 144, 141, 145, 141, 140, 143, 143], [143, 152, 151, 147, 144, 142, 149, 146, 144, 145, 141, 140, 143, 149, 147, 143, 149, 149, 148, 140, 141, 143, 148, 148, 148, 151, 144, 139, 140, 142, 146, 147, 144, 149, 151, 144, 150, 146, 150, 147, 150, 147, 144, 148, 142, 147, 142, 149, 141, 153], [151, 143, 152, 147, 143, 140, 146, 152, 145, 144, 153, 146, 150, 145, 152, 146, 145, 148, 153, 151, 151, 148, 142, 153, 150, 143, 150, 141, 144, 145, 149, 150, 146, 151, 152, 146, 153, 148, 144, 148, 153, 148, 152, 142, 151, 142, 151, 148, 147, 142], [147, 150, 149, 151, 142, 146, 143, 151, 152, 142, 151, 145, 149, 153, 147, 151, 149, 151, 140, 150, 154, 143, 149, 152, 149, 147, 146, 145, 152, 151, 149, 142, 142, 147, 144, 153, 150, 150, 148, 152, 151, 151, 148, 148, 147, 152, 152, 147, 145, 152], [148, 144, 148, 150, 142, 145, 147, 145, 150, 145, 146, 152, 141, 138, 151, 142, 146, 151, 152, 148, 144, 147, 144, 143, 144, 149, 142, 144, 145, 148, 142, 140, 141, 143, 148, 148, 147, 142, 147, 152, 146, 150, 150, 142, 152, 143, 145, 144, 146, 148], [144, 152, 152, 147, 144, 142, 149, 148, 144, 145, 143, 140, 143, 149, 149, 143, 149, 149, 150, 140, 142, 143, 148, 147, 148, 151, 145, 140, 140, 142, 146, 147, 144, 150, 152, 144, 150, 146, 150, 148, 151, 147, 147, 148, 143, 147, 143, 150, 142, 153], [150, 148, 150, 146, 142, 144, 142, 151, 150, 143, 153, 148, 150, 150, 151, 148, 150, 146, 150, 150, 153, 147, 143, 153, 147, 142, 146, 143, 150, 144, 151, 151, 144, 148, 149, 150, 151, 147, 148, 146, 152, 147, 151, 147, 149, 151, 152, 148, 146, 149], [141, 151, 150, 153, 140, 146, 147, 149, 153, 142, 143, 142, 147, 153, 143, 151, 150, 154, 143, 148, 153, 141, 150, 151, 151, 153, 147, 146, 152, 152, 147, 142, 142, 148, 143, 154, 150, 148, 150, 154, 150, 152, 141, 148, 142, 152, 148, 151, 141, 154], [148, 143, 148, 148, 142, 145, 146, 145, 149, 145, 146, 152, 141, 139, 151, 143, 145, 150, 151, 148, 144, 147, 143, 142, 143, 148, 141, 143, 145, 147, 141, 140, 141, 143, 148, 146, 147, 143, 146, 150, 146, 149, 150, 142, 152, 142, 145, 143, 146, 144], [147, 142, 143, 142, 143, 143, 143, 143, 143, 143, 144, 148, 142, 142, 144, 145, 143, 141, 142, 142, 144, 146, 144, 143, 141, 141, 141, 141, 144, 146, 144, 144, 141, 141, 143, 143, 143, 144, 142, 142, 142, 142, 145, 142, 147, 142, 144, 140, 145, 133]]
Iterations theta: [[148, 149, 149, 151, 142, 146, 142, 151, 152, 142, 152, 147, 150, 153, 148, 151, 149, 150, 141, 149, 153, 144, 148, 153, 146, 142, 146, 145, 152, 149, 149, 145, 142, 147, 146, 152, 151, 149, 147, 151, 151, 150, 150, 148, 147, 152, 152, 146, 146, 151], [143, 151, 150, 152, 139, 146, 144, 150, 153, 142, 145, 142, 147, 154, 144, 151, 150, 153, 141, 150, 154, 142, 150, 151, 151, 151, 146, 146, 152, 152, 148, 142, 142, 147, 143, 153, 150, 150, 150, 153, 151, 152, 141, 148, 144, 152, 151, 150, 143, 153], [147, 149, 149, 152, 142, 145, 148, 146, 151, 145, 146, 152, 141, 140, 150, 142, 148, 152, 152, 145, 144, 146, 146, 145, 149, 151, 146, 144, 146, 148, 143, 141, 141, 145, 147, 151, 148, 141, 149, 153, 147, 152, 150, 144, 151, 148, 143, 149, 145, 151], [141, 151, 146, 143, 144, 142, 147, 143, 142, 142, 141, 142, 147, 149, 141, 139, 149, 146, 142, 140, 140, 140, 148, 148, 144, 144, 142, 140, 141, 143, 146, 146, 143, 142, 143, 142, 143, 142, 149, 144, 148, 144, 133, 146, 140, 147, 139, 142, 137, 148], [151, 144, 152, 147, 143, 141, 142, 152, 145, 143, 153, 146, 150, 142, 152, 146, 149, 148, 152, 151, 151, 148, 142, 153, 150, 142, 149, 142, 146, 145, 147, 150, 145, 150, 151, 146, 152, 148, 144, 147, 153, 147, 152, 143, 151, 145, 152, 148, 147, 143], [143, 151, 150, 153, 139, 146, 145, 149, 153, 142, 143, 142, 147, 153, 144, 151, 150, 153, 142, 149, 153, 141, 150, 151, 151, 152, 146, 146, 152, 152, 148, 142, 142, 147, 143, 153, 150, 150, 150, 154, 151, 152, 140, 148, 143, 152, 150, 150, 142, 153], [148, 141, 144, 143, 143, 144, 143, 143, 144, 145, 146, 150, 141, 141, 150, 146, 141, 142, 147, 147, 145, 147, 142, 141, 141, 142, 140, 142, 145, 147, 143, 142, 141, 142, 145, 143, 144, 145, 143, 143, 143, 143, 149, 140, 150, 141, 145, 140, 146, 134], [149, 150, 152, 148, 144, 141, 149, 150, 144, 146, 147, 141, 144, 148, 151, 144, 148, 149, 152, 140, 142, 145, 147, 150, 149, 151, 148, 140, 141, 143, 146, 148, 145, 151, 153, 145, 152, 147, 150, 149, 152, 148, 150, 147, 148, 147, 147, 150, 143, 152], [151, 145, 151, 146, 143, 141, 142, 152, 146, 143, 153, 146, 150, 126, 152, 146, 149, 147, 152, 151, 152, 148, 142, 153, 149, 142, 149, 142, 148, 145, 147, 150, 145, 149, 151, 147, 152, 147, 145, 147, 153, 147, 152, 144, 151, 148, 152, 148, 147, 143], [149, 148, 150, 148, 143, 145, 141, 151, 151, 142, 153, 148, 150, 152, 150, 149, 150, 146, 148, 150, 153, 145, 145, 153, 146, 141, 146, 144, 151, 144, 151, 150, 144, 148, 148, 152, 151, 147, 148, 148, 151, 148, 151, 148, 148, 151, 152, 147, 146, 150]]
Total parallel time (mins): 86.61586482524872
Cext: [[1.8935738460783232e-11, 1.899603819957057e-11, 1.8778990585473323e-11, 1.8550786474277851e-11, 1.9540703298076624e-11, 1.9569619060830096e-11, 2.0467977193670618e-11, 1.7940949554148028e-11, 1.7765579678515733e-11, 2.0351507371367283e-11, 1.8167336286202392e-11, 2.0347545141572926e-11, 2.0340849449453197e-11, 1.8186073230860825e-11, 1.8627623419515617e-11, 1.8855950183696356e-11, 1.9168767684076605e-11, 1.8537595226431897e-11, 1.9106016505325935e-11, 1.8807287886421645e-11, 1.7492267528410981e-11, 2.0744547361531561e-11, 2.0877865739075206e-11, 1.7753434183474516e-11, 1.8744212200665757e-11, 1.8987703391891151e-11, 1.9515806805121951e-11, 1.9303023482276535e-11, 1.810741886138853e-11, 2.0778651711759418e-11, 2.0793640368870849e-11, 1.8213971558705499e-11, 1.923227785883898e-11, 1.9470813356298746e-11, 1.9216031356418687e-11, 1.7853136393017493e-11, 1.8238302516597866e-11, 1.9664068458788672e-11, 1.9909141893878719e-11, 1.8094671093690199e-11, 1.8162909028460394e-11, 1.9057812193039272e-11, 1.8550888455473639e-11, 1.9994239744771126e-11, 1.9223080737374483e-11, 1.8369206471812277e-11, 1.8189128300607026e-11, 1.9200223326951029e-11, 1.9865319028663634e-11, 1.8503198866270453e-11], [1.8935592459139934e-11, 1.8996206540301761e-11, 1.8784191280957325e-11, 1.8547138793752673e-11, 1.9538239048953621e-11, 1.9569678909661239e-11, 2.0471450181116932e-11, 1.7941546790094773e-11, 1.7765092757303168e-11, 2.0351235555454924e-11, 1.816502772704633e-11, 2.0341265272290365e-11, 2.0339322463498572e-11, 1.8186677347401794e-11, 1.8631596836880638e-11, 1.885168589584392e-11, 1.916834194619193e-11, 1.8535537888589303e-11, 1.9106303891857113e-11, 1.8810073602409133e-11, 1.7489297722640361e-11, 2.0738762414489316e-11, 2.0878333103841673e-11, 1.77544903248133e-11, 1.8745111817761431e-11, 1.8985632177125169e-11, 1.9519674238619318e-11, 1.9305413318816693e-11, 1.8109221698442276e-11, 2.0778363921552783e-11, 2.0792982940343178e-11, 1.8213492519963404e-11, 1.9233702920370731e-11, 1.9469225446822394e-11, 1.9219795133327547e-11, 1.7849355158224249e-11, 1.8244449639184305e-11, 1.9660563565948421e-11, 1.9909072444726948e-11, 1.8092515142625341e-11, 1.8163991682630689e-11, 1.9055568803032045e-11, 1.8554867933919761e-11, 1.9993375053784728e-11, 1.922193207767519e-11, 1.8370753809556097e-11, 1.818753128524515e-11, 1.9209787102190536e-11, 1.9859961801890748e-11, 1.8501167167221497e-11], [1.8934785456508513e-11, 1.899662866214146e-11, 1.8782251763998986e-11, 1.8551294887111096e-11, 1.9539241647909755e-11, 1.9574075458131691e-11, 2.0469935705568399e-11, 1.7944003601393563e-11, 1.7768859314823391e-11, 2.0351956267937602e-11, 1.8165466701980003e-11, 2.0343497731661831e-11, 2.0342194011735797e-11, 1.819277758399214e-11, 1.8628629094219747e-11, 1.8852746452772999e-11, 1.9173714198916127e-11, 1.8537117202688713e-11, 1.9112831931616668e-11, 1.8804785899072933e-11, 1.7493030214492689e-11, 2.0739363726455845e-11, 2.0880206745809695e-11, 1.775088324235576e-11, 1.8743727862777468e-11, 1.898745585390313e-11, 1.9525477883149423e-11, 1.9300746796707994e-11, 1.8106340003957894e-11, 2.0777739065869541e-11, 2.0791464284960592e-11, 1.8211075256400161e-11, 1.9230953433707961e-11, 1.9464718527305164e-11, 1.92168758413939e-11, 1.7857507927778143e-11, 1.8243022805303549e-11, 1.9662834886812736e-11, 1.9911938748544241e-11, 1.8094864615632941e-11, 1.8164138671478308e-11, 1.9060218162024254e-11, 1.8555114173687852e-11, 1.9999304638483187e-11, 1.9221848378195131e-11, 1.8374515842103318e-11, 1.8183982386207358e-11, 1.9204050550380671e-11, 1.9856816554178495e-11, 1.8504047497737068e-11], [1.893321566346292e-11, 1.8994489510825449e-11, 1.8781289634574049e-11, 1.8549088961097819e-11, 1.9539198193575453e-11, 1.9569509138090844e-11, 2.046998449065437e-11, 1.7940709896822952e-11, 1.7764895477426587e-11, 2.0351314092495025e-11, 1.8165367452729269e-11, 2.0347266613636892e-11, 2.033830924207421e-11, 1.8185250697663291e-11, 1.862992448129279e-11, 1.8855133508102808e-11, 1.9168060050870582e-11, 1.8537383239709383e-11, 1.9104324499819903e-11, 1.8809274503041926e-11, 1.7491511301716567e-11, 2.0743620222886427e-11, 2.0877457319432139e-11, 1.7753287645398604e-11, 1.8745661761263994e-11, 1.8988529995370844e-11, 1.9515561894348929e-11, 1.930459675091618e-11, 1.8109044681053083e-11, 2.0779275103321822e-11, 2.0792838035575061e-11, 1.8213521911450408e-11, 1.9233270039921292e-11, 1.947227904875839e-11, 1.921732500469001e-11, 1.7851351395741894e-11, 1.8239871921253165e-11, 1.9661961104982485e-11, 1.9909839279948269e-11, 1.8093309106801641e-11, 1.8163272126391951e-11, 1.9056837602844151e-11, 1.8552892250792782e-11, 1.9993625409902366e-11, 1.9222024387532341e-11, 1.8368819994680021e-11, 1.8184490605016039e-11, 1.9208629618991648e-11, 1.9863671256786566e-11, 1.8501556540347241e-11], [1.8935587885888894e-11, 1.8996241199576891e-11, 1.878119006449747e-11, 1.8552810880362077e-11, 1.9539695117815131e-11, 1.9573999040168348e-11, 2.0465875993629965e-11, 1.7943393907665576e-11, 1.7770637990376145e-11, 2.0351161923587406e-11, 1.8167442083936386e-11, 2.0343937967697908e-11, 2.0341046295861057e-11, 1.8194326930085988e-11, 1.8628420404320982e-11, 1.8854294565244571e-11, 1.9171913360175706e-11, 1.8536917579339515e-11, 1.9112376370415518e-11, 1.8804413871669126e-11, 1.7491356172603933e-11, 2.074015060675637e-11, 2.088026558331266e-11, 1.7750831578025468e-11, 1.8743398101694743e-11, 1.8988134919407676e-11, 1.9525210705239912e-11, 1.9300106941056758e-11, 1.810546221813978e-11, 2.0777902880082305e-11, 2.0792492130918461e-11, 1.8211376182666999e-11, 1.9230078223129457e-11, 1.9465209531238472e-11, 1.9217198260575781e-11, 1.785901207155066e-11, 1.8241994856806908e-11, 1.9662955169494548e-11, 1.991176477645483e-11, 1.8096224205009243e-11, 1.8163791939980418e-11, 1.9060788646687204e-11, 1.8554962652387628e-11, 1.9998705520588856e-11, 1.9222776243389215e-11, 1.8373943757613671e-11, 1.8183856358299091e-11, 1.9203179287534545e-11, 1.985803526519656e-11, 1.8504124421413002e-11], [1.8935485009279919e-11, 1.8996504583029218e-11, 1.8784360594763568e-11, 1.854688163155906e-11, 1.9539430724517293e-11, 1.956990374754628e-11, 2.0471939694227291e-11, 1.7941978947997879e-11, 1.7765084411018805e-11, 2.0351151805693457e-11, 1.8166431257099452e-11, 2.0340290747267353e-11, 2.0341158508719577e-11, 1.8186994542054842e-11, 1.8632304491928133e-11, 1.8851553208845091e-11, 1.9168673682858992e-11, 1.8535312597077516e-11, 1.9108500778565798e-11, 1.8809925362984582e-11, 1.7490338457936513e-11, 2.0737683484869627e-11, 2.0878264692342824e-11, 1.7755467397072552e-11, 1.8744720263799606e-11, 1.8985416464736978e-11, 1.9521162128721278e-11, 1.9304480704708356e-11, 1.8108544121616632e-11, 2.0777857292509727e-11, 2.0793382631071115e-11, 1.8213519015107611e-11, 1.9233433083936174e-11, 1.9468262849073217e-11, 1.9219561618752147e-11, 1.7849335385440483e-11, 1.8245025132504562e-11, 1.9660668060471796e-11, 1.9909041424516827e-11, 1.8092516581333071e-11, 1.8163814292113796e-11, 1.9055677880085649e-11, 1.8554791092484463e-11, 1.999347420356402e-11, 1.9221356267307124e-11, 1.8371281972063342e-11, 1.8188764199916314e-11, 1.9209219207367251e-11, 1.9859512635216594e-11, 1.8501671567744579e-11], [1.8937948072767226e-11, 1.8995376357744641e-11, 1.8779211305481127e-11, 1.8555226864484121e-11, 1.9542350511887006e-11, 1.9571712610470908e-11, 2.0466209027136685e-11, 1.7941808301478571e-11, 1.7770760776254624e-11, 2.0351076937938662e-11, 1.8173021989976671e-11, 2.0344618157879596e-11, 2.034196335785445e-11, 1.8190110514913391e-11, 1.862840300185969e-11, 1.8853865488335968e-11, 1.9170151307543448e-11, 1.8537007653351701e-11, 1.9111181965924459e-11, 1.8804942859968484e-11, 1.7489747114090248e-11, 2.0742697608645689e-11, 2.0880175042773265e-11, 1.7750746175289851e-11, 1.8738901487145779e-11, 1.8988593369026877e-11, 1.9519555932952698e-11, 1.9299868396399873e-11, 1.8105988979639984e-11, 2.0777529870060289e-11, 2.0796225792489123e-11, 1.821288871988806e-11, 1.9232048206284764e-11, 1.9468084536080372e-11, 1.9216587800367689e-11, 1.7855842436147025e-11, 1.8239509731518125e-11, 1.9663688557657985e-11, 1.9907655895975653e-11, 1.8099497983691154e-11, 1.8161915963026286e-11, 1.9060322536283397e-11, 1.8552676899371831e-11, 1.9995996328097937e-11, 1.9222494373468516e-11, 1.8368362015973912e-11, 1.8186881084039023e-11, 1.91965859309412e-11, 1.9861703746258778e-11, 1.8501558239285252e-11], [1.8934253957833253e-11, 1.8996111531699526e-11, 1.8784620875338037e-11, 1.8547116247489589e-11, 1.9541038568368726e-11, 1.9570229686434894e-11, 2.0471629431137988e-11, 1.7943089546164893e-11, 1.7765225041790099e-11, 2.0351054779885036e-11, 1.8166796017409676e-11, 2.0338864833300196e-11, 2.0343200536578971e-11, 1.8188821971920523e-11, 1.8631121297831186e-11, 1.8852412917555699e-11, 1.916974249212632e-11, 1.8535077813946349e-11, 1.9109521965462939e-11, 1.8808741010625178e-11, 1.7491496347674584e-11, 2.0737027845677309e-11, 2.0878027222266683e-11, 1.7753868099468605e-11, 1.8744430305591482e-11, 1.898518152900148e-11, 1.9524740540120697e-11, 1.9303752860869613e-11, 1.8108227528273347e-11, 2.0777081375286299e-11, 2.0793478462732626e-11, 1.8212888008993105e-11, 1.9233246159392432e-11, 1.9465762337853651e-11, 1.9218509373138355e-11, 1.7849454833048935e-11, 1.8245245884011362e-11, 1.9661768301746982e-11, 1.9909257226800875e-11, 1.8092759605186974e-11, 1.8163966759193146e-11, 1.9056579253018907e-11, 1.8553383825729516e-11, 1.9993909438966975e-11, 1.9220903128743467e-11, 1.8372455058570823e-11, 1.8190587126604313e-11, 1.9207956810788326e-11, 1.985660518777888e-11, 1.8502735405287157e-11], [1.8935850263542431e-11, 1.8995623261267597e-11, 1.8781077040903584e-11, 1.8553672710947568e-11, 1.9540070485587932e-11, 1.9573960136766425e-11, 2.0466807127883816e-11, 1.7942979422520712e-11, 1.7771452027421656e-11, 2.0351093731890075e-11, 1.8168473717479158e-11, 2.034413567554965e-11, 2.0341012060048398e-11, 1.8188809575407864e-11, 1.862829860574058e-11, 1.8853643730383195e-11, 1.9171839109852689e-11, 1.8536747035394756e-11, 1.9111311980329135e-11, 1.8804321231205969e-11, 1.7490296561592769e-11, 2.0740613977007019e-11, 2.0880315048844971e-11, 1.7750716223092944e-11, 1.8741779595499786e-11, 1.898824749194667e-11, 1.9525894242676313e-11, 1.9299696040885072e-11, 1.8105785850660709e-11, 2.0778354117428118e-11, 2.0793485279249411e-11, 1.8211387597126614e-11, 1.9230588977291765e-11, 1.9465594738692464e-11, 1.9216950761839376e-11, 1.7858772319381051e-11, 1.8241474830636238e-11, 1.9663432868511632e-11, 1.9911477428471846e-11, 1.8097114224091644e-11, 1.8163541450286785e-11, 1.9060884642847235e-11, 1.8554770911698416e-11, 1.9998018376172037e-11, 1.9222692607514273e-11, 1.8371615672167246e-11, 1.8184158293286882e-11, 1.9202446229292507e-11, 1.9858532832620258e-11, 1.8503790443342362e-11], [1.8938225595847422e-11, 1.8997576119423234e-11, 1.8778562497948427e-11, 1.8554716757481642e-11, 1.9543129154805573e-11, 1.9570714711129992e-11, 2.0465861516185812e-11, 1.7941455680723301e-11, 1.7768343027632725e-11, 2.0351374521348221e-11, 1.8173019126705954e-11, 2.0345362659616239e-11, 2.034184133588137e-11, 1.8188132813474344e-11, 1.8627584085929841e-11, 1.885505034227163e-11, 1.9170033804459195e-11, 1.8538395383834951e-11, 1.9110224398966327e-11, 1.8805578549560867e-11, 1.7490754030948063e-11, 2.0743931171995592e-11, 2.0879276596195556e-11, 1.7752155563515862e-11, 1.8740276089607896e-11, 1.8987301958023961e-11, 1.9517780192353393e-11, 1.9300936769771921e-11, 1.810595458078674e-11, 2.0777747083814066e-11, 2.0795476034775824e-11, 1.8213821064613081e-11, 1.92321630449622e-11, 1.9468610618493145e-11, 1.9215590663636352e-11, 1.7853563580501728e-11, 1.8238284098104065e-11, 1.966444861885603e-11, 1.990601822453085e-11, 1.8098922999286621e-11, 1.8161423415663621e-11, 1.9060113386462011e-11, 1.8551335349707973e-11, 1.9995481703442669e-11, 1.9222371929001639e-11, 1.8369745251979117e-11, 1.8188811144712617e-11, 1.9196079837488185e-11, 1.9863497881582193e-11, 1.8504689491318581e-11]]
Csca: [[1.0755739871410505e-11, 1.0756866235236893e-11, 1.0524544722079602e-11, 1.05258366470231e-11, 1.1173583016307897e-11, 1.1171288208201421e-11, 1.1714441081264841e-11, 1.0021215418004457e-11, 1.0022986708444774e-11, 1.1714204174255333e-11, 1.0276650687637809e-11, 1.1651405737353779e-11, 1.1652363938600326e-11, 1.0274907751965203e-11, 1.0444134108585563e-11, 1.0802083253907362e-11, 1.0804472057773235e-11, 1.0445451909101848e-11, 1.0807503867422107e-11, 1.0582561623840081e-11, 9.9035994124091402e-12, 1.1981092899752151e-11, 1.1982424779793992e-11, 9.9036577395215968e-12, 1.0584141585833023e-11, 1.08068524297179e-11, 1.1138284754933628e-11, 1.0953026252514563e-11, 1.0260794386737912e-11, 1.1972488412408013e-11, 1.1973641364329736e-11, 1.0258455004984072e-11, 1.0954788529007722e-11, 1.113604860211585e-11, 1.0829147878531728e-11, 1.0124957019913837e-11, 1.0177491899352817e-11, 1.1289386226532615e-11, 1.1289739483141522e-11, 1.0179620607750942e-11, 1.0124993872428162e-11, 1.0830603483016343e-11, 1.0464051974352107e-11, 1.1397420665619874e-11, 1.0881187109036548e-11, 1.0333325335870526e-11, 1.0332057779792598e-11, 1.0881964438917055e-11, 1.1395358280719509e-11, 1.0463790032324511e-11], [1.0755779067704841e-11, 1.0756836865439195e-11, 1.0524648357352116e-11, 1.0525822014812142e-11, 1.1173457352550262e-11, 1.1171258549168615e-11, 1.1714524333302463e-11, 1.0021232024560931e-11, 1.0022988860592603e-11, 1.1714229230404797e-11, 1.0276569722082458e-11, 1.1651438977778617e-11, 1.1652376186150654e-11, 1.0274871565230654e-11, 1.0444198640999348e-11, 1.0802099482899195e-11, 1.0804460975699496e-11, 1.044545023351331e-11, 1.0807513069161626e-11, 1.0582603222127583e-11, 9.9036014040403305e-12, 1.1981024256568208e-11, 1.198237723658169e-11, 9.9036417850108651e-12, 1.0584156558644575e-11, 1.0806925673492375e-11, 1.1138327282369051e-11, 1.0953116086272438e-11, 1.0260808260693075e-11, 1.1972507043880059e-11, 1.1973667509210566e-11, 1.0258477456650962e-11, 1.0954872512013976e-11, 1.1136180093411127e-11, 1.08292139381175e-11, 1.0124952412355835e-11, 1.0177571451301332e-11, 1.128939576885403e-11, 1.1289784382576129e-11, 1.0179633699145247e-11, 1.0125035375676342e-11, 1.0830581307972817e-11, 1.0463890726216713e-11, 1.1397382997205314e-11, 1.0881152080703219e-11, 1.0333256215955342e-11, 1.0332113327683806e-11, 1.0882057061713826e-11, 1.1395376813382694e-11, 1.0463700381676719e-11], [1.0755722529344571e-11, 1.0756882913894052e-11, 1.0524663024922677e-11, 1.052582107113681e-11, 1.1173571780774312e-11, 1.1171261931777181e-11, 1.1714447695429245e-11, 1.0021279047948096e-11, 1.0022972657636979e-11, 1.1714226572403637e-11, 1.0276564050092965e-11, 1.1651366549224714e-11, 1.1652366629984676e-11, 1.027479968539617e-11, 1.0444160684276776e-11, 1.0802017582933502e-11, 1.0804525155505379e-11, 1.0445507757287012e-11, 1.0807601557207177e-11, 1.0582593266327676e-11, 9.9035406828429425e-12, 1.1981019679517238e-11, 1.198239441111605e-11, 9.9037890807992502e-12, 1.0584141125372428e-11, 1.0806893932044683e-11, 1.113846597655405e-11, 1.0953152259556111e-11, 1.0260801840506737e-11, 1.1972531494189689e-11, 1.1973708239623452e-11, 1.025851219346098e-11, 1.0954804671039133e-11, 1.1136139052786782e-11, 1.082923497819941e-11, 1.0124930081936433e-11, 1.0177581236867023e-11, 1.1289316982967347e-11, 1.1289757543074194e-11, 1.0179607113988096e-11, 1.0125099033838572e-11, 1.0830587533167684e-11, 1.0463929657353012e-11, 1.1397371581069722e-11, 1.0881064503260456e-11, 1.0333314216763011e-11, 1.0331956586731848e-11, 1.0882072287019541e-11, 1.1395306360754533e-11, 1.0463676087806066e-11], [1.0755752320391618e-11, 1.0756840142413245e-11, 1.0524571339923848e-11, 1.0525855634095584e-11, 1.1173556734100236e-11, 1.1171273288881164e-11, 1.171447852356576e-11, 1.0021216623863249e-11, 1.0022988039163206e-11, 1.1714205273878129e-11, 1.0276660497762095e-11, 1.1651387995896011e-11, 1.165232093863976e-11, 1.0274888878820931e-11, 1.0444145474503702e-11, 1.0802098574160675e-11, 1.0804465335873251e-11, 1.0445471472849751e-11, 1.0807506576409983e-11, 1.0582547350365765e-11, 9.9036001114451973e-12, 1.1981075081206635e-11, 1.1982402151127451e-11, 9.903650142928751e-12, 1.0584169174385906e-11, 1.0806901902903416e-11, 1.1138286542365496e-11, 1.0953042558136202e-11, 1.0260805562722439e-11, 1.1972497089017822e-11, 1.1973637166694126e-11, 1.0258434982771157e-11, 1.0954830125219161e-11, 1.113610506803758e-11, 1.0829166477105949e-11, 1.0124951255581766e-11, 1.0177519219486915e-11, 1.1289401799989752e-11, 1.1289794959780811e-11, 1.0179637173721918e-11, 1.0125010346589465e-11, 1.0830610945322325e-11, 1.0463955272434073e-11, 1.1397411439319007e-11, 1.0881176941902103e-11, 1.0333297251152822e-11, 1.0332062491032376e-11, 1.0881992073033801e-11, 1.139542398034094e-11, 1.0463776034378784e-11], [1.0755729009954117e-11, 1.0756911022197769e-11, 1.0524655196442757e-11, 1.0525809051794575e-11, 1.1173578018745064e-11, 1.1171304428606321e-11, 1.1714441236115771e-11, 1.0021263953656522e-11, 1.0022978385419318e-11, 1.1714237771407114e-11, 1.0276584000782501e-11, 1.1651380541279612e-11, 1.1652361727181045e-11, 1.0274834354213989e-11, 1.0444171664163125e-11, 1.0801970672464558e-11, 1.0804568402474997e-11, 1.0445507110137988e-11, 1.0807616884497912e-11, 1.0582594342789021e-11, 9.903540759215076e-12, 1.1981030809930288e-11, 1.1982397059445596e-11, 9.903790355632053e-12, 1.058414824570372e-11, 1.0806875226392682e-11, 1.1138459845740925e-11, 1.0953147706258915e-11, 1.0260782261428818e-11, 1.1972523068088013e-11, 1.1973770288249249e-11, 1.0258489054336083e-11, 1.0954777740625541e-11, 1.1136133790110287e-11, 1.0829231843773323e-11, 1.0124916317183347e-11, 1.017758004493025e-11, 1.1289326379422759e-11, 1.1289770188501266e-11, 1.0179604271163225e-11, 1.0125095412647402e-11, 1.0830602516934421e-11, 1.0463947666093039e-11, 1.1397414846042876e-11, 1.0881066060653636e-11, 1.033336943631408e-11, 1.0331969254369137e-11, 1.0882082317921125e-11, 1.1395313875801151e-11, 1.0463678268533742e-11], [1.0755763913457515e-11, 1.0756839515519585e-11, 1.0524656890215889e-11, 1.0525819413095392e-11, 1.1173448097889674e-11, 1.1171251756682646e-11, 1.1714529148720048e-11, 1.0021244001789876e-11, 1.0022987375904717e-11, 1.1714230539640148e-11, 1.0276568705608355e-11, 1.165144293707627e-11, 1.1652390322592207e-11, 1.0274868600012346e-11, 1.0444194502054246e-11, 1.0802097712794387e-11, 1.0804463097618623e-11, 1.0445454251714365e-11, 1.0807514733460019e-11, 1.0582618908377262e-11, 9.9036113944188703e-12, 1.1981033158314791e-11, 1.1982378804101307e-11, 9.9036303468108856e-12, 1.0584160598418566e-11, 1.0806924359790771e-11, 1.1138338973162559e-11, 1.0953122607098729e-11, 1.0260804608815507e-11, 1.1972509933490266e-11, 1.1973675013491539e-11, 1.0258485474701263e-11, 1.095487221338996e-11, 1.1136173189112881e-11, 1.0829219335603112e-11, 1.0124951685001607e-11, 1.0177577556864843e-11, 1.1289390412607854e-11, 1.1289782409269455e-11, 1.0179617785539487e-11, 1.0125046991942746e-11, 1.0830582581727496e-11, 1.046388570527873e-11, 1.1397379320398263e-11, 1.0881149400757996e-11, 1.0333249024647345e-11, 1.0332110641837728e-11, 1.0882044472757514e-11, 1.1395354075143779e-11, 1.0463696339497961e-11], [1.0755754994890045e-11, 1.0756888809120274e-11, 1.0524609331608411e-11, 1.0525806875081195e-11, 1.1173610813843211e-11, 1.117131828076265e-11, 1.1714432307271289e-11, 1.0021227670890399e-11, 1.002299579877234e-11, 1.1714228946663775e-11, 1.0276647008435021e-11, 1.165140887771623e-11, 1.165236435884188e-11, 1.02749144660921e-11, 1.0444211159655225e-11, 1.0802030038133081e-11, 1.0804570215278229e-11, 1.0445478823923657e-11, 1.0807658358524422e-11, 1.0582617787149582e-11, 9.9035700887916369e-12, 1.198107185152084e-11, 1.1982448311859112e-11, 9.9037625728058817e-12, 1.0584119889352689e-11, 1.0806866768676512e-11, 1.113828920365558e-11, 1.0953081449701005e-11, 1.0260781902424185e-11, 1.1972490059812824e-11, 1.1973680849198176e-11, 1.0258478179487943e-11, 1.0954758193194289e-11, 1.1136094290502765e-11, 1.0829220499696606e-11, 1.0124928111398382e-11, 1.017754805137093e-11, 1.1289369857913314e-11, 1.1289755348988911e-11, 1.0179612763475e-11, 1.0125050824138789e-11, 1.0830611189393367e-11, 1.0464021800239747e-11, 1.1397452288881345e-11, 1.0881152318906859e-11, 1.0333358483109655e-11, 1.033201450907682e-11, 1.0882008260420359e-11, 1.1395344586050622e-11, 1.046371060264613e-11], [1.075571145736781e-11, 1.0756859875791022e-11, 1.052466815806465e-11, 1.0525809728049862e-11, 1.1173482431839687e-11, 1.1171230663065027e-11, 1.171452222510143e-11, 1.0021257423848842e-11, 1.0022983790721652e-11, 1.1714220058773934e-11, 1.0276546900082966e-11, 1.1651420729592308e-11, 1.1652411433512747e-11, 1.0274849200922049e-11, 1.0444192469415091e-11, 1.0802092805155135e-11, 1.0804457408911574e-11, 1.0445453573017416e-11, 1.0807552696741834e-11, 1.0582633293284449e-11, 9.9036224148392227e-12, 1.1981029530077148e-11, 1.1982377031314062e-11, 9.9036941520859485e-12, 1.058414737915081e-11, 1.0806924067967199e-11, 1.1138357806065759e-11, 1.0953131938310948e-11, 1.0260819498326665e-11, 1.1972516946684058e-11, 1.1973705490372628e-11, 1.0258509310070023e-11, 1.0954871333411899e-11, 1.1136167426736945e-11, 1.0829229438930978e-11, 1.0124946519129387e-11, 1.0177593970958688e-11, 1.1289354314322903e-11, 1.1289777191111243e-11, 1.0179604447163349e-11, 1.0125068403785115e-11, 1.083056688239731e-11, 1.0463871555031597e-11, 1.1397373953959366e-11, 1.0881116344478297e-11, 1.033323615465731e-11, 1.0332059860660734e-11, 1.088202975798447e-11, 1.1395322365007502e-11, 1.0463691952264648e-11], [1.07557342595757e-11, 1.0756916544519078e-11, 1.0524653701637932e-11, 1.0525812685242374e-11, 1.1173581499432394e-11, 1.1171314758977398e-11, 1.1714451979197329e-11, 1.0021257740381598e-11, 1.0022980844106443e-11, 1.171423796663657e-11, 1.0276595129050788e-11, 1.1651384530332252e-11, 1.1652356116117498e-11, 1.0274974079060268e-11, 1.0444177488289206e-11, 1.0801978485939115e-11, 1.0804577220293745e-11, 1.0445517595209355e-11, 1.0807638261634539e-11, 1.0582598535180347e-11, 9.903541221649958e-12, 1.1981036015645881e-11, 1.1982401704049327e-11, 9.9037908244696555e-12, 1.0584154932508877e-11, 1.0806875265665793e-11, 1.1138436525132594e-11, 1.0953135558910469e-11, 1.0260773757622984e-11, 1.197250978650189e-11, 1.1973776452855632e-11, 1.0258488457409692e-11, 1.0954767194086462e-11, 1.1136126755913131e-11, 1.0829231634300377e-11, 1.0124907194760412e-11, 1.0177576329117516e-11, 1.1289340555748259e-11, 1.1289776035934594e-11, 1.0179597932121853e-11, 1.0125091830127101e-11, 1.0830600976718738e-11, 1.0463956869288697e-11, 1.1397439295936313e-11, 1.0881075364251593e-11, 1.0333390898717845e-11, 1.0331973929031965e-11, 1.0882080676408418e-11, 1.1395317503103015e-11, 1.0463678139030124e-11], [1.0755759322472877e-11, 1.0756866740533298e-11, 1.0524571960861606e-11, 1.0525809996475186e-11, 1.117360975991713e-11, 1.1171299252088638e-11, 1.1714439732478495e-11, 1.0021219217524013e-11, 1.0022993154155673e-11, 1.1714217196245274e-11, 1.0276656357220021e-11, 1.1651415106093096e-11, 1.1652374901886519e-11, 1.0274901369942451e-11, 1.0444209195619828e-11, 1.0802054380399591e-11, 1.0804525739501483e-11, 1.0445442088444338e-11, 1.0807580336750656e-11, 1.0582575957652079e-11, 9.9035857983043781e-12, 1.1981092951526143e-11, 1.1982462962354678e-11, 9.9037148112330787e-12, 1.0584118875837673e-11, 1.0806865223371918e-11, 1.1138276810691549e-11, 1.0953052465059729e-11, 1.0260788106602967e-11, 1.1972478140809935e-11, 1.1973649965828211e-11, 1.0258457996284938e-11, 1.0954763348996552e-11, 1.1136078858452742e-11, 1.0829183782512455e-11, 1.0124943395850355e-11, 1.0177523215833105e-11, 1.1289377824684423e-11, 1.1289727433249964e-11, 1.0179605574584969e-11, 1.0125012409195334e-11, 1.0830600103489337e-11, 1.0464091578756398e-11, 1.1397424965819917e-11, 1.0881192985716585e-11, 1.0333336348928287e-11, 1.0332041594194004e-11, 1.0881979071304383e-11, 1.1395353147642028e-11, 1.0463767190404582e-11]]
Cbsca: [[1.4443200066831007e-11, 1.4446271776981813e-11, 1.3482392771295107e-11, 1.3483170374701752e-11, 1.5926805615902432e-11, 1.5922313479780371e-11, 1.6898876881125017e-11, 1.278475298190667e-11, 1.2787953969466827e-11, 1.6899299630865292e-11, 1.3719769550642474e-11, 1.6663397459409734e-11, 1.6664895947329471e-11, 1.3715940084006336e-11, 1.2983365558523585e-11, 1.4703898485711434e-11, 1.4710006511851567e-11, 1.2986546303640876e-11, 1.4444398416068644e-11, 1.3563747650927872e-11, 1.277788389507622e-11, 1.7737044558202801e-11, 1.7739025887111083e-11, 1.2778560545103764e-11, 1.3567100105889362e-11, 1.4443643883662389e-11, 1.5789974538292743e-11, 1.5053536131584216e-11, 1.3729045850470583e-11, 1.7880941368209353e-11, 1.7881834808941738e-11, 1.3723682727955934e-11, 1.5057027847989892e-11, 1.5785950897862659e-11, 1.406316875040611e-11, 1.2940338064688442e-11, 1.2528439209612286e-11, 1.5645528867342932e-11, 1.5647439683900362e-11, 1.2531695547276801e-11, 1.2942268138964256e-11, 1.406544203888446e-11, 1.366153159059105e-11, 1.6133563412548872e-11, 1.4333879688780302e-11, 1.3722198489190688e-11, 1.3719066054596689e-11, 1.4336446592818316e-11, 1.6129308619853532e-11, 1.3661897974924509e-11], [1.444335778313256e-11, 1.444625108743011e-11, 1.3482541811793927e-11, 1.348308592127941e-11, 1.5926624109057537e-11, 1.5922305848794542e-11, 1.68989508756308e-11, 1.2784782015829483e-11, 1.2787907205700695e-11, 1.6899337957671359e-11, 1.3719860689771431e-11, 1.6663442401562713e-11, 1.6664926199093046e-11, 1.3715942435205451e-11, 1.298345576272653e-11, 1.4703935161868294e-11, 1.4709963227932737e-11, 1.2986480164916415e-11, 1.4444262177000386e-11, 1.3563818588819268e-11, 1.2777906035051374e-11, 1.7736875811924592e-11, 1.7738922782293701e-11, 1.2778471112362228e-11, 1.3567184481619011e-11, 1.4443779964164993e-11, 1.5790014237211227e-11, 1.5053623664795184e-11, 1.3729082642174355e-11, 1.7880905532995423e-11, 1.7881908762652615e-11, 1.3723597153382189e-11, 1.5057113926334618e-11, 1.5786053925032432e-11, 1.4063223136420538e-11, 1.2940304655820307e-11, 1.2528509741419205e-11, 1.5645509045140989e-11, 1.5647473525980636e-11, 1.2531635356478792e-11, 1.2942312487731116e-11, 1.4065359360708075e-11, 1.3661372504862598e-11, 1.6133512706659733e-11, 1.4333923105867574e-11, 1.3722069062840174e-11, 1.3719181277463149e-11, 1.4336641355029928e-11, 1.6129338048192637e-11, 1.3661768291072948e-11], [1.4443226051492709e-11, 1.4446305511999713e-11, 1.3482618017986722e-11, 1.3483067919093707e-11, 1.5926758649806606e-11, 1.592228415058714e-11, 1.6899025776439073e-11, 1.278484878824307e-11, 1.2787878619111853e-11, 1.6899356542984784e-11, 1.3719658495168369e-11, 1.6663318532845872e-11, 1.6664938597618616e-11, 1.3715603171337725e-11, 1.2983535110859725e-11, 1.4703853466742202e-11, 1.4710077543248427e-11, 1.2986478387361583e-11, 1.44443899157306e-11, 1.3563824296650239e-11, 1.2777929130382622e-11, 1.7736950896728532e-11, 1.7739008764883189e-11, 1.2778878943256755e-11, 1.356705167019081e-11, 1.4443900050400984e-11, 1.5790244982775421e-11, 1.5053677818605592e-11, 1.3729105338543138e-11, 1.7881011106185769e-11, 1.7881999165353871e-11, 1.3723760570964437e-11, 1.5057037005511103e-11, 1.578612720122882e-11, 1.4063259062229265e-11, 1.2940339697505354e-11, 1.2528573596179639e-11, 1.5645450455501751e-11, 1.5647533010247679e-11, 1.2531534028856362e-11, 1.2942436740013496e-11, 1.4065312415420252e-11, 1.3661405887623464e-11, 1.6133571724940795e-11, 1.4333847516518193e-11, 1.3722093223244625e-11, 1.3718962335911784e-11, 1.4336588477740865e-11, 1.6129196281671595e-11, 1.3661808365303555e-11], [1.4443259346181771e-11, 1.4446247588180923e-11, 1.3482403558406704e-11, 1.3483170990420059e-11, 1.5926772353297255e-11, 1.5922305271777442e-11, 1.689890513885381e-11, 1.2784761280908441e-11, 1.2787926757508686e-11, 1.689929395442674e-11, 1.3719834857692079e-11, 1.6663362603798397e-11, 1.6664834104006064e-11, 1.3715938757112802e-11, 1.2983367518962622e-11, 1.4703900034314438e-11, 1.4709989096220354e-11, 1.2986551459365273e-11, 1.4444362475644709e-11, 1.356373040236631e-11, 1.2777898159229481e-11, 1.7736947607513754e-11, 1.7738982212155431e-11, 1.277852305721315e-11, 1.3567187324208607e-11, 1.4443728895946525e-11, 1.5789978236096703e-11, 1.5053549726887958e-11, 1.3729064970807837e-11, 1.7880932740383655e-11, 1.7881847944239943e-11, 1.3723565256746311e-11, 1.5057065597374038e-11, 1.5786007029358782e-11, 1.4063156171693967e-11, 1.294030804897599e-11, 1.252842210705217e-11, 1.5645516269007409e-11, 1.5647461817448035e-11, 1.2531693755294185e-11, 1.2942292381064205e-11, 1.4065436687171954e-11, 1.3661491905385984e-11, 1.6133546977022492e-11, 1.433390484057064e-11, 1.3722150814917061e-11, 1.3719102155210336e-11, 1.4336532032325451e-11, 1.6129443360821381e-11, 1.3661863772413206e-11], [1.4443232238946119e-11, 1.4446358235948338e-11, 1.3482630661285584e-11, 1.3483083385732241e-11, 1.5926781338082475e-11, 1.5922335429485847e-11, 1.6899004286794225e-11, 1.2784817750575268e-11, 1.2787888653000022e-11, 1.689938082638445e-11, 1.3719685671309733e-11, 1.6663332904820219e-11, 1.6664928513541084e-11, 1.3715675603840496e-11, 1.2983552777431728e-11, 1.4703768030575586e-11, 1.4710193393238304e-11, 1.2986478088661799e-11, 1.4444398690238148e-11, 1.3563866386539415e-11, 1.2777899771681474e-11, 1.7736974897801422e-11, 1.7739028670558225e-11, 1.2778885226196918e-11, 1.3567051075222265e-11, 1.4443879070043254e-11, 1.5790202846317945e-11, 1.5053693561226308e-11, 1.3729069783488031e-11, 1.7881002445313242e-11, 1.7882079801497089e-11, 1.3723731902936384e-11, 1.505700607296802e-11, 1.5786156324134312e-11, 1.406329000487798e-11, 1.2940334992714273e-11, 1.2528574275462217e-11, 1.5645470857953128e-11, 1.5647582854365466e-11, 1.2531539261675201e-11, 1.2942448528307727e-11, 1.4065352989378649e-11, 1.3661427671384014e-11, 1.6133621511433126e-11, 1.4333833540496795e-11, 1.3722217407512979e-11, 1.3718973530806081e-11, 1.433658670427938e-11, 1.6129219916947343e-11, 1.3661777251928817e-11], [1.4443327913736915e-11, 1.4446253792725585e-11, 1.3482553838241467e-11, 1.3483072218141266e-11, 1.5926602385126294e-11, 1.5922297730262855e-11, 1.6898963536068255e-11, 1.278480165600798e-11, 1.2787898983696394e-11, 1.6899349279539827e-11, 1.3719810949556721e-11, 1.6663443262230934e-11, 1.666494522900458e-11, 1.3715931380736582e-11, 1.2983468767159934e-11, 1.4703939969859398e-11, 1.4709961765168983e-11, 1.2986486698715923e-11, 1.4444273417144648e-11, 1.3563837333325286e-11, 1.2777918305712127e-11, 1.7736893080038799e-11, 1.7738925129575486e-11, 1.2778441264799408e-11, 1.3567183386479567e-11, 1.444379330519873e-11, 1.5790026614333308e-11, 1.5053627862610751e-11, 1.3729080093800577e-11, 1.7880912017299387e-11, 1.7881917681477839e-11, 1.3723617357154791e-11, 1.50571166107127e-11, 1.5786037226753914e-11, 1.4063220407502538e-11, 1.2940305466097849e-11, 1.2528520265244344e-11, 1.5645503835240228e-11, 1.5647473427652717e-11, 1.2531607156259749e-11, 1.2942330831218081e-11, 1.4065356988669921e-11, 1.3661340524651258e-11, 1.6133509580555365e-11, 1.4333915291142699e-11, 1.3722052875234455e-11, 1.371919073996481e-11, 1.4336618623855169e-11, 1.6129295342377051e-11, 1.3661770336726597e-11], [1.4443257205618253e-11, 1.4446312449432641e-11, 1.3482570218430371e-11, 1.3483184122966669e-11, 1.5926820307847808e-11, 1.5922337874966682e-11, 1.6898987794688882e-11, 1.2784767209042269e-11, 1.2787995198839438e-11, 1.6899363625628901e-11, 1.3719763503387963e-11, 1.6663387972251129e-11, 1.6664912022166798e-11, 1.3715836361610421e-11, 1.2983609729215495e-11, 1.4703866290682377e-11, 1.4710221219547314e-11, 1.2986512925075749e-11, 1.4444456400256272e-11, 1.3563888154973934e-11, 1.2777884864378262e-11, 1.7737044056722228e-11, 1.7739085371314385e-11, 1.2778836481212515e-11, 1.3567035501706867e-11, 1.4443780520555941e-11, 1.5789892425159022e-11, 1.5053613191830633e-11, 1.3729020928381482e-11, 1.7880960314314415e-11, 1.7881895822043226e-11, 1.3723753746924212e-11, 1.5056995032188006e-11, 1.5786096593592349e-11, 1.4063323198135147e-11, 1.2940373332653813e-11, 1.2528554979174365e-11, 1.5645549080141731e-11, 1.5647521452784769e-11, 1.2531642467710668e-11, 1.2942402045199485e-11, 1.4065463992455142e-11, 1.3661512347723404e-11, 1.6133649667318815e-11, 1.4333908276939527e-11, 1.3722250535629322e-11, 1.3719014508009177e-11, 1.433641137982714e-11, 1.612928602426256e-11, 1.366167319673072e-11], [1.444325771019668e-11, 1.444630115859128e-11, 1.3482577817020839e-11, 1.3483051477278131e-11, 1.5926626954050939e-11, 1.5922263666522582e-11, 1.6898963490468625e-11, 1.2784815591446941e-11, 1.2787885302930729e-11, 1.6899346881161523e-11, 1.3719698632061664e-11, 1.6663370393784579e-11, 1.6664977776789536e-11, 1.3715888637032715e-11, 1.2983487755649513e-11, 1.4703968361935256e-11, 1.4709936629897893e-11, 1.298648100812353e-11, 1.4444301800400439e-11, 1.3563888264123485e-11, 1.2777936070503404e-11, 1.7736922056159452e-11, 1.7738925160062187e-11, 1.2778580913753503e-11, 1.3567153759857752e-11, 1.4443811486814903e-11, 1.579004417562611e-11, 1.5053633470477862e-11, 1.3729094644709555e-11, 1.7880929786417476e-11, 1.788196417316502e-11, 1.3723682123135179e-11, 1.5057123195833925e-11, 1.5786036701500749e-11, 1.4063212935427946e-11, 1.2940320988548391e-11, 1.2528554358872175e-11, 1.5645449619912059e-11, 1.5647470575383757e-11, 1.2531573969050519e-11, 1.2942348114059239e-11, 1.406531855630027e-11, 1.3661294233085097e-11, 1.6133508809509798e-11, 1.4333878172601285e-11, 1.3722019731460493e-11, 1.3719179540061373e-11, 1.4336603440224962e-11, 1.6129206091210399e-11, 1.3661796423599774e-11], [1.4443237381845997e-11, 1.4446362469590276e-11, 1.3482645108361088e-11, 1.3483105219085245e-11, 1.5926790495537886e-11, 1.5922345951044313e-11, 1.6899036822361443e-11, 1.2784808755350925e-11, 1.2787906143414075e-11, 1.6899381994079532e-11, 1.3719700934702602e-11, 1.6663336118694318e-11, 1.6664921548344223e-11, 1.3715930496139085e-11, 1.2983559598822371e-11, 1.4703785204795937e-11, 1.4710223703682501e-11, 1.2986498426133435e-11, 1.4444417894221773e-11, 1.3563871410704877e-11, 1.2777897183326153e-11, 1.773698517609058e-11, 1.7739041962148481e-11, 1.2778886447545734e-11, 1.3567056040715038e-11, 1.4443882868089918e-11, 1.5790150637167885e-11, 1.5053681316872919e-11, 1.3729052444768464e-11, 1.7880987970726397e-11, 1.7882088610655257e-11, 1.3723746895155934e-11, 1.5056996957070356e-11, 1.5786168475724733e-11, 1.4063299624816027e-11, 1.2940333526115673e-11, 1.2528577795941221e-11, 1.5645492405346929e-11, 1.5647600855084255e-11, 1.2531544020582164e-11, 1.2942450314716988e-11, 1.4065358927889003e-11, 1.366143754198094e-11, 1.6133647019870893e-11, 1.4333837040397133e-11, 1.3722273568731671e-11, 1.3718974769019521e-11, 1.4336574174397328e-11, 1.6129229517657913e-11, 1.3661748569911267e-11], [1.4443253680852934e-11, 1.4446280684967594e-11, 1.3482495025243588e-11, 1.3483202169956287e-11, 1.5926824663043631e-11, 1.5922313071957979e-11, 1.6898941768900795e-11, 1.2784752803414437e-11, 1.2787990472221778e-11, 1.6899351912108614e-11, 1.3719764535597047e-11, 1.6663408993928728e-11, 1.6664924220120551e-11, 1.371587359300257e-11, 1.2983540988315158e-11, 1.4703892645858912e-11, 1.4710108905590709e-11, 1.2986481734312699e-11, 1.4444396136439899e-11, 1.3563786842900748e-11, 1.2777882906999926e-11, 1.7737077776380667e-11, 1.7739086287302103e-11, 1.2778712095456555e-11, 1.3567055731589198e-11, 1.4443717509027097e-11, 1.5789952763949107e-11, 1.5053572713087041e-11, 1.3729027583249001e-11, 1.7880949656689805e-11, 1.7881838048994123e-11, 1.3723704826559758e-11, 1.5057011546047382e-11, 1.5786045146957944e-11, 1.4063264929066896e-11, 1.2940374710194889e-11, 1.25285219474266e-11, 1.5645563119897416e-11, 1.5647437791396258e-11, 1.2531677583256966e-11, 1.2942326398067711e-11, 1.4065467726784603e-11, 1.3661582059873213e-11, 1.6133594589514414e-11, 1.433392668980223e-11, 1.3722221566894141e-11, 1.3719045390828745e-11, 1.4336397792946491e-11, 1.6129304996303006e-11, 1.3661826459759775e-11]]
g: [[0.043292456762612321, 0.043245731040148949, 0.055069246371623713, 0.055062820700757055, 0.02475031326560528, 0.024807067608492002, 0.023315106633483861, 0.056228817145362618, 0.056172492366136813, 0.023316154174157683, 0.043758366753529718, 0.025297028324180369, 0.025268005994434777, 0.043796119482822873, 0.063508556468650543, 0.037294940014437852, 0.037228502284480179, 0.063457926647034743, 0.044407445358816841, 0.054713916722740223, 0.051772373673760537, 0.016140117529911482, 0.016117968225098367, 0.051769242984433493, 0.054650706140020967, 0.044421687161946256, 0.02716663906525733, 0.03511302102944576, 0.041689882913155014, 0.013452274301573811, 0.013436741625104349, 0.041754713998987003, 0.035056081376968196, 0.027211980623378665, 0.051404847814163483, 0.055313755034867094, 0.066157085693401022, 0.033488770433287844, 0.033463501978450785, 0.066105509469839355, 0.05529440187203228, 0.051384689844239911, 0.051600541739911479, 0.028082976618372776, 0.048109724890727977, 0.044835177647515857, 0.044874886230006197, 0.048058987644696308, 0.028133809835656977, 0.051586485614832089], [0.043289969262721495, 0.043245285629763298, 0.055069202760171007, 0.055064246472964561, 0.024750513115901041, 0.024806197201347427, 0.02331627306050316, 0.056228761155961607, 0.056174442717612301, 0.023316593929319267, 0.043751780287453572, 0.025296903802896821, 0.025267367957240321, 0.043794414196531704, 0.063508482998303445, 0.037295160375502574, 0.037229332726852832, 0.06345884946348046, 0.044412580164637443, 0.054713185554913633, 0.051772299396982351, 0.016141861995811919, 0.016118800440437727, 0.051771723339977711, 0.054648293995173396, 0.044420240831866818, 0.027167286972911792, 0.035113441132576452, 0.0416893054428863, 0.013454336825944262, 0.013435563768118665, 0.041759304417469521, 0.035056427135979534, 0.027214628345314053, 0.051406628484538607, 0.055314820452203754, 0.066157747438143372, 0.033489687851254474, 0.033465109383380959, 0.066107311611869141, 0.05529561262547409, 0.051385465611987077, 0.051598897327218486, 0.028082767162875617, 0.048107282414635549, 0.044835995326731423, 0.044874127072331793, 0.048057011865037705, 0.02813389848214275, 0.051586733867868134], [0.043291092738394849, 0.043245521299894528, 0.055067636915876454, 0.055064114081975486, 0.02475145097414834, 0.024806600282273925, 0.023311693745001805, 0.056227683877335663, 0.056175100210191481, 0.023315746023354504, 0.043757802682352402, 0.025297869669661407, 0.025266731777987002, 0.0438018357462975, 0.063505710314039385, 0.037293656972296634, 0.037229624139100088, 0.063460632273392423, 0.044412114285194614, 0.054713245581065877, 0.051767673308861555, 0.016140015873954406, 0.01611696495329332, 0.051765702355037982, 0.054651625642319353, 0.044415449349279358, 0.027165873295941063, 0.035113424484614762, 0.041687658037908595, 0.013452493197522728, 0.013434253109551682, 0.041755624746237438, 0.035056108110321046, 0.027210796704310685, 0.051406927931048466, 0.0553126930284214, 0.066156422615424051, 0.033488841023547024, 0.033462718900728154, 0.066109076048602444, 0.055293626301772821, 0.05138642647937719, 0.051599521836491628, 0.028080870170069726, 0.04810648904903346, 0.044838563826327643, 0.044873290323226324, 0.048058781015650198, 0.028134603710470232, 0.051584089704556697], [0.043291425196007989, 0.043245372387925016, 0.055070197771306208, 0.055063407505637645, 0.024750142175180439, 0.024806784621648616, 0.023315819826359545, 0.056228789644890594, 0.056173547440715239, 0.023316602345663812, 0.043756695158056719, 0.025297262124555738, 0.025267878109773746, 0.043795403513676834, 0.063508765014963761, 0.037295642131114574, 0.037228696717727869, 0.063458299521319081, 0.044408952798349111, 0.054713818716930145, 0.051772255527680187, 0.016141804866302775, 0.016118299744173479, 0.051770122487009775, 0.054649089948162831, 0.044420985122809342, 0.027166670959761205, 0.035113099124747339, 0.041689791014470914, 0.013452988816821346, 0.013436209257633804, 0.041757645549537745, 0.035056486436783094, 0.027212672629570004, 0.051406163166097051, 0.055314583120778901, 0.06615859832760522, 0.033489659862444614, 0.033465476956154275, 0.06610589108157601, 0.055294775467420836, 0.051385073155120087, 0.051597640958552161, 0.028083017731969254, 0.048108548617251945, 0.04483540579216936, 0.044873998863499742, 0.048057838951297602, 0.028132646370326274, 0.051586963527741822], [0.043291160159169839, 0.043245152399032143, 0.055066908126420719, 0.05506336500298175, 0.024750962364879274, 0.024806771561758253, 0.023312248457307665, 0.056228230030660277, 0.056175092524616776, 0.02331547915834193, 0.04375783902343601, 0.025298078176051064, 0.025266837667955573, 0.04380107442983406, 0.063505527896748321, 0.037294244441410378, 0.037227989197670043, 0.063460590247293877, 0.044412451186251492, 0.054712092755121747, 0.051768481792550065, 0.016139869749743484, 0.01611662303844609, 0.051765322974142103, 0.054651805408449494, 0.04441535476108642, 0.027166930785673987, 0.035112884297092244, 0.04168786229526885, 0.01345239049411618, 0.013434597304897451, 0.041755396504795907, 0.035056139659961134, 0.0272097500010718, 0.051405945454409019, 0.05531215685495583, 0.066156468427205378, 0.033488568959282816, 0.033461790752552685, 0.06610881492063457, 0.055292935675932249, 0.051385938039917735, 0.051599571252408216, 0.028081371642319934, 0.048106935871927124, 0.044837379391126961, 0.044873630710467814, 0.048058985496198268, 0.028134272873574701, 0.051585050419734116], [0.043290246442686107, 0.043245327875766244, 0.055069104379976822, 0.055064445154750369, 0.024750910081544911, 0.024806138891842879, 0.023316137991369622, 0.056228506200106443, 0.05617468605949686, 0.0233163682113528, 0.04375329240149007, 0.025297001783423752, 0.025267535183415343, 0.043794444589864444, 0.063508089536299425, 0.037295047067844152, 0.037229484372054117, 0.063458707259851463, 0.044412331767548163, 0.054713203360104358, 0.051772410846465965, 0.016141825338917341, 0.016118792480350332, 0.051772587437903597, 0.054648421006085184, 0.044419754762857165, 0.027167377136210681, 0.035113621475595713, 0.041689227665709275, 0.013454307216725889, 0.013435548558533879, 0.041759031341640163, 0.035056258840480782, 0.027214871701622661, 0.051406911575614049, 0.05531477044341828, 0.066157643044635076, 0.033489604669302966, 0.033465072629296572, 0.066107418111077648, 0.055295536343935615, 0.051385445426910467, 0.05159973838159046, 0.028082690504475538, 0.048107524491194785, 0.044836169530606401, 0.044873783050880807, 0.048057143684826713, 0.028134205915396181, 0.051586510444931379], [0.0432913985498668, 0.043245508719939402, 0.055066375958884944, 0.05506090741459263, 0.024751002882618504, 0.024807474319987786, 0.023312030810684132, 0.05622849320380708, 0.056171855586984891, 0.023315304320201732, 0.04375824746912544, 0.025297643366127876, 0.025267571962522842, 0.043799771161979605, 0.06350522478272605, 0.037293789873476195, 0.037226564073926528, 0.063459005760927584, 0.044412215646371267, 0.054712226719922326, 0.051770694283455571, 0.016139644084204496, 0.016117146774768679, 0.05176498919003409, 0.054651593060342778, 0.044418138762180259, 0.027169036945822372, 0.035112968885666382, 0.041689774023089876, 0.013452070861060319, 0.0134364889568865, 0.04175408277493551, 0.035056067459006551, 0.02720982462708077, 0.051403836144079174, 0.055311097444667751, 0.066155879704952986, 0.033487811186498927, 0.033462632542244804, 0.066106705618920458, 0.055292284569677427, 0.051383492474730723, 0.051600093483091025, 0.028082154780258582, 0.048108057049757701, 0.044835233418814756, 0.044874292551257702, 0.048061203936294435, 0.028133789907883986, 0.051589748772757196], [0.043290026701974398, 0.043244775823791874, 0.055068833441656466, 0.055064491221489535, 0.024751817664726235, 0.02480619727569237, 0.023315968230894549, 0.056228385922627376, 0.056175056666906212, 0.023316023846141124, 0.043755751155445992, 0.025298154674894428, 0.025267710576390399, 0.043794759318461135, 0.063507601016477608, 0.037294094990906024, 0.037229971116691511, 0.06345855670080551, 0.044413042787371057, 0.054712158624173647, 0.051772517978105746, 0.016140961699989971, 0.016118697665935194, 0.051771105083587309, 0.054648792822193544, 0.044419195578505544, 0.027167489292622363, 0.03511384251916326, 0.041689447083576955, 0.013454151824496635, 0.013435403317775615, 0.041757949571760745, 0.035055881908414889, 0.027214608085885918, 0.051407565387478926, 0.055314034895138524, 0.066157141123779239, 0.033489769217757301, 0.033465024418264891, 0.066107873915509069, 0.055295875915495049, 0.051385682607338529, 0.051600565558253243, 0.028082442740314854, 0.048107520610679508, 0.044836640594399145, 0.044871825362859538, 0.04805695750283407, 0.028135383930458412, 0.051585537450051414], [0.043291202165009944, 0.043245257032429117, 0.055066391892772994, 0.055062926075970617, 0.02475080359509663, 0.024806894637971498, 0.023311678274808519, 0.056228353447343803, 0.056174646394112425, 0.02331539677567173, 0.043757856111419816, 0.025298173902696851, 0.025266816343026088, 0.043799728473306876, 0.063505524414549985, 0.037294080583337101, 0.037227404040683441, 0.06346031520992948, 0.044412746737874757, 0.054712114224574088, 0.051768685030575842, 0.016139816918173146, 0.016116472155271237, 0.051765131769383216, 0.0546519139649604, 0.044415248619454645, 0.027167442354774678, 0.035112811397244169, 0.04168803214427818, 0.013452275134383553, 0.01343468371727218, 0.041754788773677574, 0.035056096568228126, 0.02720907143918894, 0.051405604346344155, 0.055311694874655731, 0.066156248442413121, 0.033488507255615169, 0.033461538499820323, 0.066108465463703692, 0.055292683193524116, 0.051385738887954606, 0.051599641383952621, 0.028081691650206395, 0.048107190520080161, 0.044836537708411818, 0.044873783465791725, 0.048059261236422991, 0.028134161155766588, 0.051585844619652363], [0.043291667023667178, 0.04324543337400371, 0.05506707650347599, 0.05506076844251391, 0.024750805424164454, 0.024807483015986072, 0.023313452989535091, 0.056228696754291298, 0.056171661099703986, 0.023315216880197331, 0.043758719556462648, 0.025297206815971775, 0.025267711227971588, 0.04379801723829408, 0.063506794508920841, 0.037293965061215267, 0.037227682968745658, 0.063459345204317702, 0.044410454340601993, 0.054713484989330055, 0.051771625454537229, 0.016139507316125002, 0.01611771087619554, 0.051766879592365811, 0.054651079517290813, 0.044420052774942542, 0.027166825857375478, 0.03511302726176755, 0.041690048727563468, 0.01345173076144238, 0.013436925268525128, 0.041754597566939416, 0.035055765499321892, 0.027210564327745972, 0.051403762355276078, 0.055311861596785881, 0.066155833682300894, 0.033487607787482228, 0.033463521903208053, 0.066105733426494534, 0.055292992890277788, 0.051383389554484911, 0.051600872649908952, 0.028082388848003705, 0.048108917601719585, 0.044834969592745973, 0.044874545961676969, 0.048060680221158884, 0.028133647833688304, 0.05158760135906932]]
w: [[0.56801269692682588, 0.56626893051205096, 0.56044251548967539, 0.56740649037268664, 0.57181068899437737, 0.57084852666148733, 0.57233018047759687, 0.5585666125284604, 0.56418011063077045, 0.57559393319121666, 0.56566634347175326, 0.57261972666905658, 0.57285532580909815, 0.56498770358678729, 0.56067990389174116, 0.57287398135190748, 0.56364979929035575, 0.56347394478697876, 0.56565971584968744, 0.56268408755950428, 0.56617013182102838, 0.57755383575974018, 0.5739295831071265, 0.5578446196477439, 0.56466185255078871, 0.56915005499469995, 0.57073145200486253, 0.56742542237340732, 0.56666245284785355, 0.5761917846494502, 0.57583189628762144, 0.56321900865607588, 0.56960431881307294, 0.57193546044204535, 0.56354757533815603, 0.56712483437217165, 0.55802846180946586, 0.57411243508394771, 0.56706308806873662, 0.56257560886534608, 0.55745441749241764, 0.56830256134920576, 0.56407282052653251, 0.57003521069614638, 0.56604803661261205, 0.56253520541168245, 0.56803479578775562, 0.56676238883337493, 0.57363077151075026, 0.56551248829730683], [0.56801914653128183, 0.5662623662581171, 0.56029286541718681, 0.56751729373792192, 0.57187637660460811, 0.57084526530752344, 0.57223715123553176, 0.558548944625749, 0.56419569531784108, 0.57560285214550166, 0.56573377572011274, 0.57279814317404554, 0.57289893540270498, 0.56496694635089872, 0.56056379560153413, 0.57300442743323277, 0.56366174007272229, 0.56353639674755018, 0.56565168911437991, 0.56260296720860237, 0.56626638536891361, 0.57771163086364119, 0.57391445844768607, 0.55781053715576079, 0.56463555200646176, 0.56921600358997237, 0.57062055166535897, 0.56735983350310359, 0.56660680572350008, 0.57620066185583219, 0.57585136021916761, 0.56323505474893809, 0.56956648219888484, 0.57198886128408777, 0.5634406539193233, 0.56724471683172673, 0.55784480499990374, 0.57421526758301922, 0.56706732138926463, 0.56264337041577939, 0.5574234756646802, 0.56836830324631915, 0.56394315300341724, 0.57005798003313102, 0.56608004006740031, 0.56248406151848762, 0.56808772810556507, 0.56648504243302733, 0.57378644163846326, 0.56556974417350536], [0.56804036961757454, 0.56625220744202542, 0.56035150402444822, 0.5673901005395503, 0.57185288877215068, 0.57071722011454107, 0.57227574448329044, 0.55847509120928984, 0.56407518794836042, 0.57558233804079995, 0.56571979232291558, 0.57273172504111614, 0.57281759397546816, 0.56477355576737143, 0.56065106194623204, 0.57296784900773234, 0.56350715586008626, 0.56349148808164973, 0.56546311901216051, 0.56276063567676105, 0.56614208981574965, 0.57769466014204851, 0.57386378195324694, 0.55793218543444689, 0.56467641884574693, 0.5691596607358631, 0.57045804682540435, 0.56749888358850031, 0.56669662881972893, 0.57621916688020758, 0.57589538069642254, 0.56331172371909743, 0.56964438652519345, 0.57211919284447776, 0.5635273427157611, 0.56698449318264932, 0.55788897188179976, 0.57414493118379117, 0.56698434470122028, 0.56256884647777305, 0.55742246945830709, 0.56822998777352096, 0.56393776720551936, 0.56988839297635385, 0.56607794886176044, 0.56237205407531232, 0.56818997991158904, 0.56665505323843424, 0.57387377929704464, 0.565480394983082], [0.56808904052933451, 0.56631372674072888, 0.56037532803654777, 0.56745943998494985, 0.57185339047198647, 0.5708509707653816, 0.57227588662385354, 0.55857414124052396, 0.56420191449474999, 0.57559945370790522, 0.56572819264484908, 0.57262669316414039, 0.57292475986816072, 0.56501222059815759, 0.56061126200437228, 0.5728996068640182, 0.56367025704213247, 0.56348144383584031, 0.56570995622021947, 0.56262389858015549, 0.56619464954256338, 0.57757879060993988, 0.57393972684473293, 0.55784879627608774, 0.56461966022757415, 0.5691278843353329, 0.57073870599599696, 0.56738002349706584, 0.56661219536655039, 0.5761749160876104, 0.57585391403559671, 0.5632318138493535, 0.56957709752324526, 0.57189531025890117, 0.56351060693739008, 0.56718121956844592, 0.55798194545587965, 0.57417476007156454, 0.56704601182547287, 0.56261887273540168, 0.55744418054924283, 0.56833201662514576, 0.56400668591103031, 0.57005226444195267, 0.56607861495378076, 0.56254551213118487, 0.56817992406025186, 0.56651579466526503, 0.57368166403013798, 0.56556193050892345], [0.56801664013661068, 0.56626523685313912, 0.5603827638344262, 0.56734308993231941, 0.57183993667115418, 0.57072161931148446, 0.5723889483040896, 0.55849322626614972, 0.5640190515865191, 0.5756053543965014, 0.56565937864577176, 0.57272001909264891, 0.57284967339915238, 0.56472736769523513, 0.56065793220666915, 0.57291831498042778, 0.56356234244822268, 0.56349752138835207, 0.56547739930588992, 0.56277182660464831, 0.56619627783502724, 0.57767327909505695, 0.57386229172400138, 0.55793388113108966, 0.56468673333821584, 0.569138320970483, 0.57046553883035622, 0.56751746193480868, 0.56672302191482227, 0.57621421840241982, 0.57586989634803021, 0.56330114492389549, 0.56966891208218839, 0.57210449095030891, 0.56351772495315144, 0.56693596916888256, 0.55792034395473677, 0.57414189688726025, 0.5669899336020251, 0.56252642296205602, 0.55743291082084023, 0.56821376689556846, 0.56394334292807391, 0.56990762898674263, 0.56605070583369432, 0.56239256920726166, 0.568194614540806, 0.56668128516537186, 0.57383893842573241, 0.56547816206991974], [0.56802156946000171, 0.56625362147567671, 0.56028826944206989, 0.56752502238353841, 0.57184102522852309, 0.57083835979946118, 0.57222370345411522, 0.5585361587389519, 0.56419587681148042, 0.57560528521844956, 0.56569001143756648, 0.57282578119693794, 0.57284791904046251, 0.5649569298683832, 0.56054228324675937, 0.57300836663825006, 0.56365209593401278, 0.56354346316022275, 0.5655867437587212, 0.56260823496952528, 0.56623326176543787, 0.57774211700435318, 0.57391641406365945, 0.55777919698378398, 0.56464756205826294, 0.56922240182949224, 0.57057765822122031, 0.56738758087531804, 0.56662780507942223, 0.57621485049886612, 0.57584065209282154, 0.56323467563803198, 0.56957445743472102, 0.57201678832084479, 0.56344778046535959, 0.56724530445320809, 0.55782754383456024, 0.57421194325056635, 0.56706810581883382, 0.5626424461062699, 0.5574295590733247, 0.5683651166797965, 0.56394521787513308, 0.57005496915421405, 0.56609685858980363, 0.56246749902161464, 0.56804907294830209, 0.56650113444402561, 0.57379827412967621, 0.56555410689162522], [0.56794722181949708, 0.5662898489892022, 0.56043936885339651, 0.56726910169059996, 0.57176391381613223, 0.57078900058986004, 0.57237919791295089, 0.5585405608232118, 0.56401613442262499, 0.57560732448640117, 0.56548916377821501, 0.57270226392543855, 0.57282397740347235, 0.56486267401553614, 0.56066057614346065, 0.57293450220146136, 0.56361423767305552, 0.56349325733999989, 0.56551491047464508, 0.56275724238852154, 0.5662500449084843, 0.57760432502892256, 0.57386723470052037, 0.55793500030959475, 0.56482072316848553, 0.56912413461357614, 0.57062205932933363, 0.56752104339447995, 0.56670651428995888, 0.57622297427495328, 0.57576220650204013, 0.56325376700324958, 0.5696095431798277, 0.57201797484822625, 0.56353503609467026, 0.56703726791975229, 0.55799460627957476, 0.57412269446856612, 0.56710621320670618, 0.56242514420275658, 0.55748803401310698, 0.56822811727220879, 0.56401681854299124, 0.56998671643412413, 0.56606349350401497, 0.56256287164437013, 0.56810260436267401, 0.56687206254111344, 0.57373449587360248, 0.56555834202267508], [0.56805573017668787, 0.56626640972499265, 0.56028110590628322, 0.56751732116169618, 0.57179573095599501, 0.57082777474034274, 0.57223203773331666, 0.5585023358472152, 0.56419120878818285, 0.57560751447400449, 0.56567745298811667, 0.57286484890325817, 0.57279145494144956, 0.56489910213999128, 0.56057777212962911, 0.57298197596213463, 0.56362037274884313, 0.56355056492711042, 0.5655585061873637, 0.56264442619026189, 0.56619640869981169, 0.57776020841745779, 0.57392285697063872, 0.55783303653035354, 0.5646555913728436, 0.56922943040911689, 0.57047404974104232, 0.56740945749020133, 0.56663853390984276, 0.576236706707276, 0.57583946388925022, 0.56325549824962451, 0.56957994727593908, 0.57208997179017496, 0.56347915588432451, 0.56724121906416258, 0.55782169424625283, 0.57417797530041204, 0.56706169710407339, 0.5626341514118709, 0.55742605885691876, 0.56833740927987131, 0.56398723021729746, 0.57004229156637787, 0.56610848468438391, 0.56243088480637293, 0.56798935563491337, 0.56653760028617295, 0.57388069396781716, 0.56552135254956126], [0.56800904685457554, 0.56628394849526287, 0.5603860565992107, 0.56731693229834934, 0.57182912966837218, 0.5707232813861689, 0.5723634324592648, 0.5585057812530092, 0.56399335454642707, 0.57560729270684896, 0.56562787215109267, 0.57271464937855898, 0.57285036170858905, 0.56490635280235835, 0.56066191064119408, 0.57293850676362423, 0.56356498499620278, 0.5635032713811271, 0.5655100117018973, 0.56277482207751339, 0.56623060602627562, 0.57766062417091513, 0.57386115468177068, 0.55793753333655549, 0.56473585544941041, 0.56913494888083926, 0.57044437436253914, 0.56752891525892479, 0.56671242233037633, 0.5762010657263652, 0.57584268784438497, 0.56330075908264521, 0.56965323355526354, 0.57209280812660968, 0.56352497170387938, 0.56694306941650519, 0.5579360453917056, 0.57412866976176036, 0.56699840966050574, 0.56249840754004532, 0.55744040102747883, 0.56821082440069304, 0.56394966658905921, 0.56992843398506654, 0.56605365264999929, 0.56246500488102391, 0.56818543714757819, 0.56670283288221224, 0.57382474320483057, 0.56548836148298143], [0.56793912756173359, 0.56622311567081518, 0.56045674220331954, 0.56728486530148536, 0.57174107950719788, 0.5708171324849699, 0.57238927973854947, 0.55855106719634984, 0.5640927315826948, 0.57559833042025121, 0.56548976730663747, 0.57268161305475929, 0.57282793182211422, 0.56492337478042165, 0.5606851187701124, 0.57289978994021473, 0.56361537228944336, 0.56344909428097101, 0.56553916433002416, 0.56273599505393546, 0.56621834489130751, 0.57757099424339953, 0.57389263019476544, 0.55788801398220855, 0.5647792393894836, 0.569162761895456, 0.57067333994545466, 0.56748812742673738, 0.56670793361490446, 0.57621637670893278, 0.57578147986633899, 0.56322382655969394, 0.56960641002188861, 0.57200172506787061, 0.56356236829116257, 0.56711050150839515, 0.55803074242554951, 0.57410090887873455, 0.56715146675276606, 0.56244261467857526, 0.55750103818750507, 0.56823377090621507, 0.56406136709296884, 0.57000001974734105, 0.56606921486622841, 0.56251930591225785, 0.56804381066969667, 0.5668854872156176, 0.57368310534107958, 0.56546569967108218]]
