number of elements: 192
number of scatterers: 8
number of waves: 14
number of Gauss points: 10
assembly time (mins): 0.03123364448547363
Cext avg: 1.6531882952077192e-11
Csca avg: 1.2236286862420214e-11
Cbsca avg: 1.6542949442177715e-11
g avg: 0.038741659990268504
w avg: 0.2107498874321375
solver time phi (mins): [[0.0660787304242452, 0.06529897848765055, 0.0672071099281311, 0.06062480608622233, 0.0632843295733134, 0.0655439019203186, 0.06545320351918539, 0.06607570648193359, 0.06378268798192342, 0.06593312422434489, 0.06474720239639283, 0.06348687012990316, 0.06326583623886109, 0.06577101945877076], [0.0642036477724711, 0.06628241936365763, 0.06554447809855143, 0.06716885566711425, 0.06321884791056315, 0.06953885555267333, 0.06559307972590128, 0.06613533099492391, 0.06457100709279379, 0.06630135774612426, 0.06708457469940185, 0.06471717357635498, 0.06621673107147216, 0.06685356299082439], [0.06519097884496053, 0.06828203598658243, 0.06613320112228394, 0.06600703001022339, 0.06568763256072999, 0.06545989513397217, 0.06651668548583985, 0.0635288159052531, 0.0644924799601237, 0.06766910950342814, 0.06663654247919719, 0.06487871805826823, 0.06626002391179403, 0.0668073296546936], [0.06577603022257487, 0.06617948214213053, 0.0671608010927836, 0.06573107639948526, 0.06498353878657023, 0.06534452040990193, 0.06480005582173666, 0.06664613485336304, 0.06496668259302775, 0.06052262783050537, 0.06749480168024699, 0.06499626239140828, 0.06591128508249919, 0.06486738522847493], [0.06537759701410929, 0.06344116926193237, 0.06632215976715088, 0.0648997982343038, 0.059951929251352946, 0.0650687575340271, 0.06564587752024333, 0.06701165437698364, 0.05660180648167928, 0.06463834444681803, 0.06529055039087932, 0.06492555538813273, 0.06457018454869588, 0.06551423072814941], [0.06369500954945882, 0.0661816676457723, 0.06524502833684286, 0.06585499048233032, 0.06469749212265015, 0.06552512645721435, 0.06499645709991456, 0.06484763622283936, 0.06417190631230672, 0.0648643692334493, 0.0648135503133138, 0.06317435105641683, 0.06583990255991617, 0.06588465372721354], [0.06669509808222453, 0.06591426134109497, 0.06645027001698812, 0.06617496411005656, 0.06533599297205607, 0.06515167951583863, 0.06474770307540893, 0.06578498681386312, 0.06537039677302042, 0.06585684617360434, 0.06652727524439493, 0.0657850702603658, 0.06667009592056275, 0.0650820771853129], [0.06605375607808431, 0.06461019913355509, 0.06626849174499512, 0.05762683947881063, 0.06557722886403401, 0.06496608257293701, 0.06288499037424723, 0.06605486472447714, 0.06423610051472982, 0.06564956108729045, 0.06681008736292521, 0.06429007450739542, 0.06391658782958984, 0.06533011595408121], [0.06577084461847942, 0.06381889979044596, 0.06662642161051432, 0.06498510440190633, 0.059032988548278806, 0.06519129673639933, 0.06540024280548096, 0.06631943782170614, 0.05892041524251302, 0.06504098574320476, 0.06465175946553549, 0.0647482951482137, 0.06504149436950683, 0.06499305168787638], [0.06510709921518962, 0.0648938814798991, 0.06501466035842896, 0.06328907807668051, 0.06409244139989217, 0.0648171067237854, 0.06539670626322429, 0.06560235818227132, 0.06430085897445678, 0.06505682468414306, 0.06512978076934814, 0.06404939889907837, 0.06520795822143555, 0.06535574992497763]]
solver time theta (mins): [[0.06659821669260661, 0.06661972204844156, 0.06664654413859049, 0.06641078392664591, 0.06505149205525716, 0.0652414083480835, 0.06509280999501546, 0.06659914255142212, 0.06505139668782552, 0.06660585006078085, 0.06645872990290323, 0.06505345900853475, 0.06642150084177653, 0.0666054368019104], [0.06706464687983195, 0.06643659273783366, 0.06644472281138102, 0.05963371992111206, 0.06509245634078979, 0.06502606074015299, 0.06511478026707967, 0.06646642287572226, 0.06511804262797037, 0.06238486369450887, 0.06639491717020671, 0.06497878233591715, 0.06504080295562745, 0.06503810882568359], [0.0652296225229899, 0.0641386071840922, 0.0669135053952535, 0.06522879997889201, 0.06007542212804159, 0.06416018803914388, 0.06692252159118653, 0.06660308440526326, 0.05843231678009033, 0.0649651567141215, 0.06677325963973998, 0.06553889513015747, 0.06522837479909262, 0.06522766749064128], [0.06345327695210774, 0.06477499802907308, 0.06542128721872965, 0.06345328489939371, 0.06378392775853475, 0.06481617291768392, 0.06515220006306967, 0.06483232577641805, 0.0637852152188619, 0.06513963143030803, 0.06526773770650228, 0.06378252108891805, 0.06481951077779134, 0.06659608284632365], [0.06531773408253988, 0.06653693119684854, 0.06539852619171142, 0.0667070190111796, 0.06530998945236206, 0.06665397485097249, 0.06531919240951538, 0.06533946593602498, 0.0651452382405599, 0.06653945446014405, 0.06653670469919841, 0.06380999485651652, 0.06654958724975586, 0.06653768221537272], [0.06654639641443888, 0.0665895700454712, 0.066580597559611, 0.05835789839426676, 0.06517156362533569, 0.06519068876902262, 0.06382821400960287, 0.06654676596323648, 0.06380388339360556, 0.06517593065897624, 0.06654204130172729, 0.0651765783627828, 0.06515086491902669, 0.06519054174423218], [0.06507477760314942, 0.06493690411249796, 0.06507428487141927, 0.06497468948364257, 0.06365644137064616, 0.06503889958063762, 0.06493647893269856, 0.06545056899388631, 0.06357665459314982, 0.0649360219637553, 0.06495463053385417, 0.064069930712382, 0.06552443106969198, 0.06493074099222819], [0.06340672572453816, 0.06613135735193888, 0.06530502637227377, 0.06611208518346151, 0.06539583206176758, 0.0652516802151998, 0.06543041865030924, 0.06477004686991374, 0.06402658621470134, 0.06539453268051147, 0.0662183165550232, 0.06340677738189697, 0.06613119840621948, 0.06670958995819092], [0.0653449813524882, 0.06671663125356038, 0.06537087758382161, 0.06673409144083658, 0.06533573468526205, 0.06673420270284017, 0.06505353450775146, 0.06469097137451171, 0.06535222927729288, 0.06641931931177775, 0.06605061690012613, 0.06469532251358032, 0.06642036040623983, 0.06605645020802815], [0.06642602682113648, 0.06642523606618246, 0.06642220417658488, 0.0664353330930074, 0.06528010765711466, 0.06527893543243408, 0.06528181234995524, 0.06667189995447795, 0.06528047720591228, 0.06817634503046671, 0.06642157236735026, 0.06529518763224283, 0.06642762819925944, 0.06503485441207886]]
Iterations phi: [[48, 48, 48, 45, 47, 48, 48, 48, 47, 48, 48, 47, 47, 48], [47, 48, 48, 49, 47, 48, 48, 48, 47, 48, 48, 47, 49, 49], [48, 49, 48, 49, 48, 48, 48, 47, 48, 49, 49, 47, 49, 49], [49, 49, 49, 49, 48, 48, 48, 49, 48, 44, 49, 48, 49, 48], [48, 47, 49, 48, 43, 48, 48, 49, 42, 48, 48, 48, 48, 48], [47, 49, 48, 49, 48, 48, 48, 48, 47, 48, 48, 47, 49, 49], [49, 49, 49, 49, 48, 48, 48, 48, 48, 49, 49, 48, 49, 48], [49, 48, 49, 43, 48, 48, 46, 49, 47, 48, 49, 48, 47, 48], [48, 47, 49, 48, 43, 48, 48, 49, 43, 48, 48, 48, 48, 48], [48, 48, 48, 47, 47, 48, 48, 48, 47, 48, 48, 47, 48, 48]]
Iterations theta: [[49, 49, 49, 49, 48, 48, 48, 49, 48, 49, 49, 48, 49, 49], [49, 49, 49, 44, 48, 48, 48, 49, 48, 46, 49, 48, 48, 48], [48, 47, 49, 48, 44, 47, 49, 49, 43, 48, 49, 48, 48, 48], [47, 48, 48, 47, 47, 48, 48, 48, 47, 48, 48, 47, 48, 49], [48, 49, 48, 49, 48, 49, 48, 48, 48, 49, 49, 47, 49, 49], [49, 49, 49, 43, 48, 48, 47, 49, 47, 48, 49, 48, 48, 48], [48, 48, 48, 48, 47, 48, 48, 48, 47, 48, 48, 47, 48, 48], [47, 49, 48, 49, 48, 48, 48, 48, 47, 48, 49, 47, 49, 49], [48, 49, 48, 49, 48, 49, 48, 48, 48, 49, 49, 48, 49, 49], [49, 49, 49, 49, 48, 48, 48, 49, 48, 50, 49, 48, 49, 48]]
Total parallel time (mins): 1.8423541943232218
Cext: [[2.9236227232235785e-11, 3.840699474990979e-12, 2.3452319300933197e-11, 7.6069130062585116e-12, 1.2558016459913198e-11, 2.2537023428831427e-11, 2.7982458389984372e-11, 3.2519124816771649e-11, 1.6488490414725909e-11, 2.0481746065676043e-11, 1.4508304412116684e-11, 1.7133489769245736e-11, -1.2080231294343474e-12, 4.3109728161476304e-12], [2.9238963154620461e-11, 3.8407396023402234e-12, 2.3451779721961326e-11, 7.6062420985582861e-12, 1.2557871978290641e-11, 2.2537410558027853e-11, 2.7984409279195612e-11, 3.2519918724602093e-11, 1.6489006882191245e-11, 2.0485333834011337e-11, 1.4507726011722913e-11, 1.7132233496312322e-11, -1.2069634695195544e-12, 4.309908524691635e-12], [2.9237227544693531e-11, 3.8452198572763621e-12, 2.3450597532501054e-11, 7.6044547806964814e-12, 1.2560262949020145e-11, 2.2538393121152973e-11, 2.7986321291696791e-11, 3.2521853909394964e-11, 1.6492867114084411e-11, 2.0481527975482334e-11, 1.450784941957513e-11, 1.7131750141893663e-11, -1.2087824692280143e-12, 4.3093142314222819e-12], [2.9236602165456437e-11, 3.841191010103553e-12, 2.3452254117713426e-11, 7.6045539854860372e-12, 1.2557931495814739e-11, 2.2537253873427813e-11, 2.7982739109886415e-11, 3.2519158737764559e-11, 1.6488814433612345e-11, 2.0484453048376086e-11, 1.4508116513611876e-11, 1.7132753557068857e-11, -1.2071259052443267e-12, 4.3104385289928213e-12], [2.9237672292648495e-11, 3.8435997786009823e-12, 2.3450388768681558e-11, 7.6044751767593186e-12, 1.2555473864213759e-11, 2.2538522595851134e-11, 2.7986250528318062e-11, 3.2521011804753242e-11, 1.6491859237886643e-11, 2.0481496731813752e-11, 1.450861997046697e-11, 1.7131665659730572e-11, -1.2087771231100732e-12, 4.3091177625148424e-12], [2.9239619627392675e-11, 3.8403373507960085e-12, 2.3451622747778007e-11, 7.6053669609636742e-12, 1.2557459819624951e-11, 2.253746102105498e-11, 2.79848494047239e-11, 3.2519855785069967e-11, 1.6488655416545944e-11, 2.0483277162373853e-11, 1.4507613015708039e-11, 1.7132283766159951e-11, -1.2069879219794017e-12, 4.3097279326337878e-12], [2.9237330968617069e-11, 3.8406825726956126e-12, 2.3452067722173192e-11, 7.6049723720409328e-12, 1.2555107111281845e-11, 2.2537875675716797e-11, 2.7984301740842513e-11, 3.2520256563564052e-11, 1.6488314118792605e-11, 2.0481003101553378e-11, 1.4508232330932762e-11, 1.7133635937945029e-11, -1.2092803530072721e-12, 4.3108286901956958e-12], [2.9241250678200762e-11, 3.8394928360443768e-12, 2.3451657068140357e-11, 7.605116106942438e-12, 1.255770654560049e-11, 2.253765756990047e-11, 2.7986562996331242e-11, 3.2519603066550491e-11, 1.6488490479909528e-11, 2.0482281012378314e-11, 1.4506597807498395e-11, 1.7132195471036213e-11, -1.2074920834019761e-12, 4.3094187961433089e-12], [2.9237838119042005e-11, 3.8429315225548191e-12, 2.3450327852549497e-11, 7.6045256490022069e-12, 1.2554414409384649e-11, 2.2538465502793072e-11, 2.7985962553448615e-11, 3.2520870892698512e-11, 1.6491357773826074e-11, 2.0481468488735853e-11, 1.4508580205335954e-11, 1.7132356964290529e-11, -1.2088232189589802e-12, 4.3096971886832076e-12], [2.9236837998637263e-11, 3.8402133951989979e-12, 2.3452347457750178e-11, 7.6070954489130398e-12, 1.2555993339639537e-11, 2.2537344315113355e-11, 2.7983175768212565e-11, 3.2519564594545806e-11, 1.6488198636910728e-11, 2.048117668670176e-11, 1.4508441839683638e-11, 1.7133817959526437e-11, -1.2087378462565787e-12, 4.3105235071216439e-12]]
Csca: [[1.223631810160438e-11, 1.2218542856044814e-11, 1.236343264052068e-11, 1.2357044588255093e-11, 1.2082615503737757e-11, 1.207801223867043e-11, 1.2659697596701476e-11, 1.2375462936847369e-11, 9.9027703722004751e-12, 1.4061592109533668e-11, 1.4062562016106711e-11, 9.8989555543859369e-12, 1.2362624904750937e-11, 1.2639293897891275e-11], [1.2236317466783643e-11, 1.2218562172036799e-11, 1.2363445033727241e-11, 1.2357071768705918e-11, 1.2082649689941131e-11, 1.2078017246269124e-11, 1.2659661584552434e-11, 1.2375453891173223e-11, 9.9027675711161722e-12, 1.4061616446861808e-11, 1.406255605245614e-11, 9.8989510703312365e-12, 1.2362607888157762e-11, 1.2639314884792777e-11], [1.2236329481576102e-11, 1.2218547595488805e-11, 1.2363436600829222e-11, 1.2356991064569671e-11, 1.2082638607714322e-11, 1.2078037644725045e-11, 1.2659728529661646e-11, 1.2375450194724217e-11, 9.9026896674258499e-12, 1.40616671781547e-11, 1.4062537934449766e-11, 9.898942180914962e-12, 1.2362590562371634e-11, 1.2639287500419206e-11], [1.2236342636138173e-11, 1.2218555885235047e-11, 1.2363436492394248e-11, 1.2357068006343691e-11, 1.2082639197417988e-11, 1.2078013585753467e-11, 1.2659670350698257e-11, 1.2375454096871081e-11, 9.9027720892750026e-12, 1.4061615105774908e-11, 1.4062563271760688e-11, 9.8989610846325908e-12, 1.2362631215199861e-11, 1.2639285388995734e-11], [1.2236338395336983e-11, 1.2218543903493956e-11, 1.2363433253079706e-11, 1.2356994691193166e-11, 1.2082658614957489e-11, 1.2078031628385113e-11, 1.2659726121915932e-11, 1.2375467797837375e-11, 9.9027248133140313e-12, 1.4061666899900235e-11, 1.4062536496138716e-11, 9.8989432545210478e-12, 1.2362584565740545e-11, 1.2639276632321149e-11], [1.2236313432567182e-11, 1.2218560365020422e-11, 1.2363445964308138e-11, 1.23570603908369e-11, 1.2082648036867394e-11, 1.2078017615578397e-11, 1.2659627665836019e-11, 1.2375454467140625e-11, 9.9027651101702303e-12, 1.4061627933106741e-11, 1.4062553417809943e-11, 9.8989498159069488e-12, 1.2362607800008417e-11, 1.2639317612455307e-11], [1.2236332627979488e-11, 1.2218540297380716e-11, 1.2363431942243823e-11, 1.2357016407737063e-11, 1.2082627947066659e-11, 1.2078021714031409e-11, 1.2659743438097532e-11, 1.2375472201551559e-11, 9.9027671863578181e-12, 1.4061659933490866e-11, 1.4062550332260674e-11, 9.8989464066354687e-12, 1.2362581472615346e-11, 1.2639229888035533e-11], [1.2236297717113171e-11, 1.2218557605079954e-11, 1.2363451583875098e-11, 1.2357024197057972e-11, 1.2082649155579202e-11, 1.2078018253278335e-11, 1.2659628162050257e-11, 1.2375457909433861e-11, 9.9027632276838513e-12, 1.406162922883732e-11, 1.4062534276124608e-11, 9.8989482878845778e-12, 1.2362604779092971e-11, 1.2639317898002121e-11], [1.2236340487227102e-11, 1.2218541767065399e-11, 1.2363432396880202e-11, 1.2356996859800689e-11, 1.208265738731806e-11, 1.2078032236511371e-11, 1.2659731986916043e-11, 1.2375471007468651e-11, 9.9027432283433983e-12, 1.4061666341675431e-11, 1.4062537830695379e-11, 9.8989516011504968e-12, 1.2362582068213781e-11, 1.2639268939947278e-11], [1.2236324310102123e-11, 1.221853884791531e-11, 1.2363436422449891e-11, 1.2357016371958716e-11, 1.2082623018700086e-11, 1.2078012097614238e-11, 1.2659733308411014e-11, 1.2375470811609985e-11, 9.9027680039822069e-12, 1.4061666159101137e-11, 1.4062554723221221e-11, 9.898942562650509e-12, 1.2362589493255536e-11, 1.2639257046799965e-11]]
Cbsca: [[1.5851022936912639e-11, 1.5835709320696306e-11, 1.5557842100411675e-11, 1.5544059377522365e-11, 1.8221851897203515e-11, 1.8197912599538491e-11, 1.5958319014624926e-11, 1.5171177444269232e-11, 1.4489880644763118e-11, 2.0579193848623549e-11, 2.059711193626298e-11, 1.4498014698283545e-11, 1.5172737352381663e-11, 1.592092227003411e-11], [1.5851048480122627e-11, 1.5835768494943478e-11, 1.555782578242662e-11, 1.5544161212704147e-11, 1.8221888596332521e-11, 1.8197967241486066e-11, 1.595832174250674e-11, 1.5171221702193827e-11, 1.4489903253320814e-11, 2.057916623875237e-11, 2.0597105289257404e-11, 1.4498006855537598e-11, 1.5172779647150606e-11, 1.5921024154513501e-11], [1.5850975456744793e-11, 1.5835713017217797e-11, 1.5557817360120223e-11, 1.554410406134183e-11, 1.8221758187619181e-11, 1.8197949140988891e-11, 1.5958360794069648e-11, 1.5171176193530027e-11, 1.4489769924369097e-11, 2.0579255356091109e-11, 2.0597079270080553e-11, 1.4497990047196607e-11, 1.5172689890311046e-11, 1.5920978579477996e-11], [1.5851105608908287e-11, 1.5835752115554538e-11, 1.5557843446930717e-11, 1.5544105163518715e-11, 1.8221891592253007e-11, 1.8197933689445539e-11, 1.5958282498049317e-11, 1.5171174197025304e-11, 1.4489897928284039e-11, 2.0579248119587586e-11, 2.05971156644548e-11, 1.449802011072559e-11, 1.5172802577628913e-11, 1.5920974781559422e-11], [1.585096481130172e-11, 1.5835654396533069e-11, 1.5557813063955821e-11, 1.5544090489626484e-11, 1.8221803591246649e-11, 1.8197940296232583e-11, 1.5958339659960151e-11, 1.5171209641804869e-11, 1.4489771854547088e-11, 2.057926227967948e-11, 2.0597082643085497e-11, 1.4497992489672892e-11, 1.5172679578323183e-11, 1.5920960760832504e-11], [1.5851022056400862e-11, 1.5835746518168344e-11, 1.5557819856372395e-11, 1.5544148578202e-11, 1.8221869584055095e-11, 1.819796963287283e-11, 1.5958288886504319e-11, 1.5171229644211695e-11, 1.4489896270221157e-11, 2.0579159864375604e-11, 2.0597102108682637e-11, 1.4498003059479654e-11, 1.5172766735209181e-11, 1.5921031111878096e-11], [1.5850967934936886e-11, 1.5835643440981952e-11, 1.5557827919000622e-11, 1.5544095470332516e-11, 1.8221830536021693e-11, 1.8197918949510462e-11, 1.595834724593959e-11, 1.5171208753152042e-11, 1.4489853541422859e-11, 2.0579254608545937e-11, 2.059708873455257e-11, 1.4497991595971495e-11, 1.5172692989523462e-11, 1.5920889964753086e-11], [1.5850934796129236e-11, 1.5835762711044781e-11, 1.5557815171922467e-11, 1.5544102209406231e-11, 1.8221858468496548e-11, 1.8197967645984853e-11, 1.5958287144498545e-11, 1.5171241861803537e-11, 1.4489900627813181e-11, 2.0579146183868931e-11, 2.0597078503831781e-11, 1.4498000192895741e-11, 1.5172740181701982e-11, 1.5921040217396718e-11], [1.5850961721876728e-11, 1.5835632738085873e-11, 1.5557811134074903e-11, 1.5544085641871959e-11, 1.8221817753695666e-11, 1.8197939982952026e-11, 1.5958343703271182e-11, 1.5171213295766784e-11, 1.4489776492860596e-11, 2.0579263558504614e-11, 2.0597082303706329e-11, 1.4497993675623949e-11, 1.5172677940896293e-11, 1.5920951852013044e-11], [1.5850978105834975e-11, 1.5835666117430821e-11, 1.5557838015371053e-11, 1.5544070890304619e-11, 1.8221849410481433e-11, 1.8197910423481475e-11, 1.5958337958451105e-11, 1.5171194700794781e-11, 1.4489865200815824e-11, 2.0579272236905104e-11, 2.0597096351981179e-11, 1.4497991749287895e-11, 1.5172697024949341e-11, 1.5920901863554806e-11]]
g: [[0.0593522118478177, 0.059040495260986141, 0.063013569572033898, 0.063143650630214113, -0.0060715566826409816, -0.0056442072931474499, 0.070208297810612941, 0.0751243036927704, -0.012123948316290496, 0.022203579041107046, 0.021818043672470647, -0.012452734144209433, 0.074602368383189982, 0.070212599338600745], [0.059351480875981168, 0.059039537758113936, 0.063014527599548356, 0.063141703066177363, -0.0060710460139644148, -0.005645505995164498, 0.070206864784899431, 0.075122913702709987, -0.01212474957226764, 0.022204952160883321, 0.021818138247985709, -0.012452890373158934, 0.074601077447253153, 0.070210612538450165], [0.059353900308674691, 0.059040606753164533, 0.063014517083484878, 0.06314070848795364, -0.0060679582649644922, -0.0056440591794256799, 0.070208291071359341, 0.075123969338243141, -0.012124719771097003, 0.022204822395262783, 0.021818062774342444, -0.012452766966926456, 0.074603100097950237, 0.07021077414435109], [0.059350802989282421, 0.059039748919575627, 0.063013687261690807, 0.063143146000513989, -0.0060715868516446597, -0.0056447752613341621, 0.070208376608565048, 0.07512415332921886, -0.012124395518369798, 0.022203046611631201, 0.02181805121301323, -0.012452710715677794, 0.074600977930462734, 0.07021094656145567], [0.059354509428971421, 0.059042128702208214, 0.063014497911462006, 0.0631412045912879, -0.0060687089804429281, -0.005644129828494996, 0.070208794713226108, 0.075123652988268771, -0.01212283977002245, 0.022204639504679279, 0.021817803699325223, -0.012452791907964214, 0.074603207510606798, 0.070210876306189968], [0.059352063812555561, 0.059040149484810074, 0.063014734480295473, 0.063141698898142709, -0.0060706741610683599, -0.0056455403771375487, 0.070206507702731971, 0.075122712967143332, -0.012124708376031005, 0.022205524110357935, 0.021818134339758315, -0.012452822730036825, 0.074601443288997135, 0.070210510784361899], [0.059354226285150476, 0.059042306498828856, 0.0630139368418835, 0.063141781722580462, -0.006070911223013657, -0.005643867399017578, 0.070209114410766466, 0.07512369028160977, -0.012123234300500852, 0.022204605596643952, 0.021818114255616545, -0.012452394856084358, 0.074602808347643906, 0.070211244867714961], [0.059353917491626711, 0.059039613690994863, 0.063015073459499471, 0.063141818025905821, -0.0060703819645313893, -0.0056454310695483899, 0.070206574233484212, 0.075122496210648051, -0.012124909954157638, 0.022205910825728464, 0.021818066187117451, -0.012452816248758469, 0.074602127431734347, 0.07021024878070968], [0.059354671661869834, 0.059042667245256385, 0.063014507867284866, 0.063141411649058329, -0.0060692606400318712, -0.005644086346860055, 0.07020887791256418, 0.075123655338139431, -0.01212196461265702, 0.022204590306422974, 0.021817847020383183, -0.012452309080458157, 0.074603185936207989, 0.070210867738949231], [0.059353663730900279, 0.059041577596352056, 0.063013805711990084, 0.063142483026005738, -0.0060714586650868676, -0.005644041524880814, 0.07020897884016325, 0.075123983158363342, -0.012123562924147999, 0.022204383417968522, 0.021818114644091238, -0.012452605966631081, 0.074602855329339079, 0.070211864800538995]]
w: [[0.41853273352974385, 3.1813327066089996, 0.52717313293737755, 1.6244493105269455, 0.96214362692603717, 0.53591869737416742, 0.45241548902767964, 0.38055953247747792, 0.60058684107044069, 0.68654264457943492, 0.96927674086864968, 0.57775477662200259, -10.233765069166923, 2.9318890275875122], [0.41849354924372584, 3.1813044978607339, 0.52718579060119442, 1.6245961683297092, 0.9621574189344303, 0.53590971399182863, 0.45238266272656247, 0.38054996373071798, 0.60056785965754789, 0.68642359264439345, 0.96931497335233274, 0.5777968805095941, -10.242735758256909, 2.932617899517274], [0.41851880322342527, 3.1775940125679627, 0.5272120074422102, 1.6249673935779405, 0.9619733803946291, 0.53588725601690901, 0.45235414821803099, 0.38052720577375132, 0.60042257049226155, 0.686553620168739, 0.9693054792446002, 0.57781266355900629, -10.227307954149078, 2.9330159792611901], [0.41852820539438845, 3.1809290017331504, 0.52717476240615091, 1.6249563130103679, 0.96215202332046845, 0.53591327734892558, 0.45240997677119976, 0.38055886367378389, 0.60057514317635008, 0.68645304185408296, 0.96928938077984428, 0.57777992613150886, -10.241376778918202, 2.932250466856567], [0.41851274180994502, 3.1789324090192705, 0.5272165581148619, 1.6249635121380139, 0.96234190327105762, 0.53588391062546503, 0.45235520596466144, 0.38053760049460045, 0.60046139555718281, 0.68655465389198611, 0.96925390042359094, 0.57781557562084296, -10.22734822605903, 2.9331471843890258], [0.4184840154727521, 3.1816372492608784, 0.52718935901693831, 1.6247816120198282, 0.96218886704972639, 0.53590853043716213, 0.45237433593975485, 0.38055071796543022, 0.60058051187321548, 0.6864930753823334, 0.96932234148951935, 0.57779511190793864, -10.242528176863891, 2.9327414189533512], [0.41851743037398975, 3.1813460409994363, 0.52717875833842098, 1.6248601314012181, 0.96236757201452927, 0.53589885257219472, 0.45238732612795185, 0.38054657340610082, 0.60059306943158663, 0.68657086099578601, 0.96928075119655632, 0.57774931383435979, -10.223089659789588, 2.9319722021850416], [0.41846013536744114, 3.1823363467108527, 0.52718882712433768, 1.6248304461489664, 0.96217005164946134, 0.53590388512286169, 0.4523466552041352, 0.38055378117954947, 0.60058640539289609, 0.68652652604166886, 0.96938885758973392, 0.57779800053179386, -10.238249135565917, 2.9329518656468503], [0.4185104397051102, 3.1794846448219798, 0.52721789113647988, 1.6249530122134648, 0.96242301658339868, 0.53588529507541693, 0.45236007025800967, 0.38053934804824535, 0.60048077084716078, 0.68655557336667017, 0.96925664893960262, 0.57779274747678733, -10.226956162258569, 2.9327510464393214], [0.41852420260605683, 3.1817343440317205, 0.52717266127507456, 1.6244066417918261, 0.96229925358075719, 0.53591106071511829, 0.45240516706441208, 0.38055462814178037, 0.60059732552067402, 0.68656534603459807, 0.96926705697349091, 0.57774295174804735, -10.227684631156432, 2.9321860850353745]]
