number of elements: 1032
number of scatterers: 8
number of waves: 14
number of Gauss points: 10
assembly time (mins): 0.12910364468892416
Cext avg: 1.90632949763479e-11
Csca avg: 1.0818589258887364e-11
Cbsca avg: 1.4625825686650597e-11
g avg: 0.04146431544091939
w avg: 0.5673106636047871
solver time phi (mins): [[1.4279498060544331, 1.449605405330658, 1.4133323669433593, 1.4020564754803975, 1.4206405679384868, 1.3922764341036478, 1.3798831939697265, 1.378331176439921, 1.3891392906506856, 1.432050883769989, 1.4439978798230488, 1.4313534180323282, 1.4343584418296813, 1.4021204948425292], [1.410559896628062, 1.5154601017634073, 1.4874461531639098, 1.4543780088424683, 1.4249775369962057, 1.4048199613889059, 1.473863164583842, 1.3961833477020265, 1.379919211069743, 1.4236188689867655, 1.4778087814648946, 1.457604134082794, 1.4826075514157613, 1.5049519260724387], [1.5093279163042703, 1.4389432390530905, 1.5015799601872761, 1.4702205657958984, 1.3994967699050904, 1.3694358030954996, 1.5128642717997234, 1.509018353621165, 1.5054267684618632, 1.4796642462412517, 1.401739517847697, 1.5252595265706381, 1.4901177843411764, 1.4060359517733256], [1.4590107440948485, 1.4794919530550639, 1.475362193584442, 1.463852326075236, 1.4016512314478555, 1.4638303200403848, 1.3858809351921082, 1.4844841281572978, 1.5407439947128296, 1.412982706228892, 1.455942157904307, 1.4974551836649577, 1.4887755274772645, 1.4428375562032063], [1.460823686917623, 1.4107745289802551, 1.4617887655893962, 1.5170572598775227, 1.4080360730489094, 1.43393763701121, 1.478253432114919, 1.4711778044700623, 1.406132443745931, 1.475610407193502, 1.4140041510264079, 1.424130908648173, 1.4096325993537904, 1.4656685034434], [1.4086283683776855, 1.5104832609494527, 1.5310910224914551, 1.450106406211853, 1.4075541814168295, 1.400193703174591, 1.4606614589691163, 1.386089273293813, 1.3906888326009115, 1.4336035569508871, 1.4769408106803894, 1.4102986415227254, 1.4765644590059916, 1.5078287959098815], [1.503520397345225, 1.451775860786438, 1.4850209991137187, 1.467069113254547, 1.4275070865948996, 1.436947270234426, 1.4777368823687236, 1.5174871881802876, 1.50287979443868, 1.4618436376253763, 1.4247415900230407, 1.5172830820083618, 1.456794226169586, 1.4235798478126527], [1.3878313263257345, 1.5105254689852396, 1.464092532793681, 1.5029336055119833, 1.368795887629191, 1.4445672194163004, 1.4108171105384826, 1.436153276761373, 1.5000182032585143, 1.383602790037791, 1.4790383259455362, 1.4981276075045267, 1.4818033456802369, 1.5048689683278402], [1.478269096215566, 1.4151633620262145, 1.434729766845703, 1.4552084485689798, 1.3942625761032104, 1.4314968784650166, 1.490582489967346, 1.482637139161428, 1.4253969669342041, 1.4590762893358866, 1.4222180644671123, 1.403172735373179, 1.403482401371002, 1.4350271344184875], [1.4745794971783956, 1.3655433813730875, 1.4089328487714132, 1.4022687037785848, 1.4227529923121134, 1.4070088386535644, 1.412921178340912, 1.3937547127405803, 1.411128838857015, 1.4515901962916056, 1.405999986330668, 1.4273956497510274, 1.410694416364034, 1.388849397500356]]
solver time theta (mins): [[1.4400543570518494, 1.4772945523262024, 1.4741707642873128, 1.4755149881045024, 1.40918128490448, 1.4476287881533305, 1.3797813216845194, 1.4619799494743346, 1.5008354504903159, 1.430485188961029, 1.4477877696355184, 1.486602751413981, 1.4331215818723042, 1.399591894944509], [1.4310563166936239, 1.4866780598958333, 1.46763676404953, 1.4917242248853049, 1.3627717256546021, 1.4381797194480896, 1.4084723949432374, 1.477213478088379, 1.517691699663798, 1.3979305505752564, 1.485149582227071, 1.4812616467475892, 1.4811872164408366, 1.4831345399220786], [1.4571184396743775, 1.4689170122146606, 1.4680669188499451, 1.4947373509407043, 1.4045262018839517, 1.4424400329589844, 1.4856876770655314, 1.4402652541796366, 1.396110745271047, 1.4204176982243857, 1.4356202761332193, 1.4241644859313964, 1.4608336329460143, 1.5044734438260396], [1.392542548974355, 1.4554198026657104, 1.4238857547442119, 1.4128248294194539, 1.412708055973053, 1.4027681032816568, 1.4175819277763366, 1.371964959303538, 1.375669284661611, 1.3928567091623942, 1.4657474756240845, 1.431551468372345, 1.4160792668660482, 1.4157092928886414], [1.4928091327349344, 1.4280337969462076, 1.5045794367790222, 1.457205092906952, 1.4272397994995116, 1.3989399552345276, 1.4834358930587768, 1.5008658687273662, 1.493607513109843, 1.4653923312822978, 1.4006377498308817, 1.4862749854723611, 1.4694482684135437, 1.418706770737966], [1.4136118173599244, 1.4765477816263834, 1.477376894156138, 1.5110436399777731, 1.3569726586341857, 1.4392966270446776, 1.4097358425458273, 1.4796580076217651, 1.531448479493459, 1.3927720626195272, 1.48776273727417, 1.4947484532992046, 1.4809667348861695, 1.5016073306401572], [1.4403943061828612, 1.4010989665985107, 1.4160326401392618, 1.4020963788032532, 1.4310887336730957, 1.416403865814209, 1.436906067530314, 1.450879486401876, 1.4605799396832784, 1.4552112698554993, 1.3863062580426535, 1.4022427837053935, 1.4064284722010294, 1.3961057782173156], [1.4733531634012857, 1.4594309369723002, 1.5112855712572733, 1.4709366718928019, 1.424123970667521, 1.3884252627690634, 1.4839121619860332, 1.3842276414235433, 1.3945695757865906, 1.4567428747812907, 1.4440421064694722, 1.4599851965904236, 1.4668736378351848, 1.4656997640927634], [1.4665794889132182, 1.413132870197296, 1.494734783967336, 1.4303894559542338, 1.4183866143226624, 1.3990242203076682, 1.4851236780484518, 1.483016586303711, 1.5068458676338197, 1.481611696879069, 1.408509377638499, 1.4798421422640482, 1.4575648188591004, 1.4111053744951885], [1.4821054220199585, 1.445528018474579, 1.4690246303876242, 1.4654824535051982, 1.4234501719474792, 1.454468842347463, 1.4426066319147746, 1.4837370355923971, 1.5226311723391215, 1.418689199288686, 1.4365340868632, 1.4891842603683472, 1.43115074634552, 1.379664174715678]]
Iterations phi: [[142, 147, 143, 141, 143, 143, 141, 141, 141, 144, 147, 146, 142, 141], [143, 152, 151, 147, 144, 142, 148, 140, 141, 143, 148, 148, 148, 151], [151, 143, 152, 147, 143, 140, 153, 151, 151, 148, 142, 153, 150, 143], [147, 150, 149, 151, 142, 146, 140, 150, 154, 143, 149, 152, 149, 147], [148, 144, 148, 150, 142, 145, 152, 148, 144, 147, 144, 143, 144, 149], [144, 152, 152, 147, 144, 142, 150, 140, 142, 143, 148, 147, 148, 151], [150, 148, 150, 146, 142, 144, 150, 150, 153, 147, 143, 153, 147, 142], [141, 151, 150, 153, 140, 146, 143, 148, 153, 141, 150, 151, 151, 153], [148, 143, 148, 148, 142, 145, 151, 148, 144, 147, 143, 142, 143, 148], [147, 142, 143, 142, 143, 143, 142, 142, 144, 146, 144, 143, 141, 141]]
Iterations theta: [[148, 149, 149, 151, 142, 146, 141, 149, 153, 144, 148, 153, 146, 142], [143, 151, 150, 152, 139, 146, 141, 150, 154, 142, 150, 151, 151, 151], [147, 149, 149, 152, 142, 145, 152, 145, 144, 146, 146, 145, 149, 151], [141, 151, 146, 143, 144, 142, 142, 140, 140, 140, 148, 148, 144, 144], [151, 144, 152, 147, 143, 141, 152, 151, 151, 148, 142, 153, 150, 142], [143, 151, 150, 153, 139, 146, 142, 149, 153, 141, 150, 151, 151, 152], [148, 141, 144, 143, 143, 144, 147, 147, 145, 147, 142, 141, 141, 142], [149, 150, 152, 148, 144, 141, 152, 140, 142, 145, 147, 150, 149, 151], [151, 145, 151, 146, 143, 141, 152, 151, 152, 148, 142, 153, 149, 142], [149, 148, 150, 148, 143, 145, 148, 150, 153, 145, 145, 153, 146, 141]]
Total parallel time (mins): 31.585411055882773
Cext: [[1.8935738460783232e-11, 1.899603819957057e-11, 1.8778990585473323e-11, 1.8550786474277851e-11, 1.9540703298076624e-11, 1.9569619060830096e-11, 1.9106016505325935e-11, 1.8807287886421645e-11, 1.7492267528410981e-11, 2.0744547361531561e-11, 2.0877865739075206e-11, 1.7753434183474516e-11, 1.8744212200665757e-11, 1.8987703391891151e-11], [1.8935592459139934e-11, 1.8996206540301761e-11, 1.8784191280957325e-11, 1.8547138793752673e-11, 1.9538239048953621e-11, 1.9569678909661239e-11, 1.9106303891857113e-11, 1.8810073602409133e-11, 1.7489297722640361e-11, 2.0738762414489316e-11, 2.0878333103841673e-11, 1.77544903248133e-11, 1.8745111817761431e-11, 1.8985632177125169e-11], [1.8934785456508513e-11, 1.899662866214146e-11, 1.8782251763998986e-11, 1.8551294887111096e-11, 1.9539241647909755e-11, 1.9574075458131691e-11, 1.9112831931616668e-11, 1.8804785899072933e-11, 1.7493030214492689e-11, 2.0739363726455845e-11, 2.0880206745809695e-11, 1.775088324235576e-11, 1.8743727862777468e-11, 1.898745585390313e-11], [1.893321566346292e-11, 1.8994489510825449e-11, 1.8781289634574049e-11, 1.8549088961097819e-11, 1.9539198193575453e-11, 1.9569509138090844e-11, 1.9104324499819903e-11, 1.8809274503041926e-11, 1.7491511301716567e-11, 2.0743620222886427e-11, 2.0877457319432139e-11, 1.7753287645398604e-11, 1.8745661761263994e-11, 1.8988529995370844e-11], [1.8935587885888894e-11, 1.8996241199576891e-11, 1.878119006449747e-11, 1.8552810880362077e-11, 1.9539695117815131e-11, 1.9573999040168348e-11, 1.9112376370415518e-11, 1.8804413871669126e-11, 1.7491356172603933e-11, 2.074015060675637e-11, 2.088026558331266e-11, 1.7750831578025468e-11, 1.8743398101694743e-11, 1.8988134919407676e-11], [1.8935485009279919e-11, 1.8996504583029218e-11, 1.8784360594763568e-11, 1.854688163155906e-11, 1.9539430724517293e-11, 1.956990374754628e-11, 1.9108500778565798e-11, 1.8809925362984582e-11, 1.7490338457936513e-11, 2.0737683484869627e-11, 2.0878264692342824e-11, 1.7755467397072552e-11, 1.8744720263799606e-11, 1.8985416464736978e-11], [1.8937948072767226e-11, 1.8995376357744641e-11, 1.8779211305481127e-11, 1.8555226864484121e-11, 1.9542350511887006e-11, 1.9571712610470908e-11, 1.9111181965924459e-11, 1.8804942859968484e-11, 1.7489747114090248e-11, 2.0742697608645689e-11, 2.0880175042773265e-11, 1.7750746175289851e-11, 1.8738901487145779e-11, 1.8988593369026877e-11], [1.8934253957833253e-11, 1.8996111531699526e-11, 1.8784620875338037e-11, 1.8547116247489589e-11, 1.9541038568368726e-11, 1.9570229686434894e-11, 1.9109521965462939e-11, 1.8808741010625178e-11, 1.7491496347674584e-11, 2.0737027845677309e-11, 2.0878027222266683e-11, 1.7753868099468605e-11, 1.8744430305591482e-11, 1.898518152900148e-11], [1.8935850263542431e-11, 1.8995623261267597e-11, 1.8781077040903584e-11, 1.8553672710947568e-11, 1.9540070485587932e-11, 1.9573960136766425e-11, 1.9111311980329135e-11, 1.8804321231205969e-11, 1.7490296561592769e-11, 2.0740613977007019e-11, 2.0880315048844971e-11, 1.7750716223092944e-11, 1.8741779595499786e-11, 1.898824749194667e-11], [1.8938225595847422e-11, 1.8997576119423234e-11, 1.8778562497948427e-11, 1.8554716757481642e-11, 1.9543129154805573e-11, 1.9570714711129992e-11, 1.9110224398966327e-11, 1.8805578549560867e-11, 1.7490754030948063e-11, 2.0743931171995592e-11, 2.0879276596195556e-11, 1.7752155563515862e-11, 1.8740276089607896e-11, 1.8987301958023961e-11]]
Csca: [[1.0755739871410505e-11, 1.0756866235236893e-11, 1.0524544722079602e-11, 1.05258366470231e-11, 1.1173583016307897e-11, 1.1171288208201421e-11, 1.0807503867422107e-11, 1.0582561623840081e-11, 9.9035994124091402e-12, 1.1981092899752151e-11, 1.1982424779793992e-11, 9.9036577395215968e-12, 1.0584141585833023e-11, 1.08068524297179e-11], [1.0755779067704841e-11, 1.0756836865439195e-11, 1.0524648357352116e-11, 1.0525822014812142e-11, 1.1173457352550262e-11, 1.1171258549168615e-11, 1.0807513069161626e-11, 1.0582603222127583e-11, 9.9036014040403305e-12, 1.1981024256568208e-11, 1.198237723658169e-11, 9.9036417850108651e-12, 1.0584156558644575e-11, 1.0806925673492375e-11], [1.0755722529344571e-11, 1.0756882913894052e-11, 1.0524663024922677e-11, 1.052582107113681e-11, 1.1173571780774312e-11, 1.1171261931777181e-11, 1.0807601557207177e-11, 1.0582593266327676e-11, 9.9035406828429425e-12, 1.1981019679517238e-11, 1.198239441111605e-11, 9.9037890807992502e-12, 1.0584141125372428e-11, 1.0806893932044683e-11], [1.0755752320391618e-11, 1.0756840142413245e-11, 1.0524571339923848e-11, 1.0525855634095584e-11, 1.1173556734100236e-11, 1.1171273288881164e-11, 1.0807506576409983e-11, 1.0582547350365765e-11, 9.9036001114451973e-12, 1.1981075081206635e-11, 1.1982402151127451e-11, 9.903650142928751e-12, 1.0584169174385906e-11, 1.0806901902903416e-11], [1.0755729009954117e-11, 1.0756911022197769e-11, 1.0524655196442757e-11, 1.0525809051794575e-11, 1.1173578018745064e-11, 1.1171304428606321e-11, 1.0807616884497912e-11, 1.0582594342789021e-11, 9.903540759215076e-12, 1.1981030809930288e-11, 1.1982397059445596e-11, 9.903790355632053e-12, 1.058414824570372e-11, 1.0806875226392682e-11], [1.0755763913457515e-11, 1.0756839515519585e-11, 1.0524656890215889e-11, 1.0525819413095392e-11, 1.1173448097889674e-11, 1.1171251756682646e-11, 1.0807514733460019e-11, 1.0582618908377262e-11, 9.9036113944188703e-12, 1.1981033158314791e-11, 1.1982378804101307e-11, 9.9036303468108856e-12, 1.0584160598418566e-11, 1.0806924359790771e-11], [1.0755754994890045e-11, 1.0756888809120274e-11, 1.0524609331608411e-11, 1.0525806875081195e-11, 1.1173610813843211e-11, 1.117131828076265e-11, 1.0807658358524422e-11, 1.0582617787149582e-11, 9.9035700887916369e-12, 1.198107185152084e-11, 1.1982448311859112e-11, 9.9037625728058817e-12, 1.0584119889352689e-11, 1.0806866768676512e-11], [1.075571145736781e-11, 1.0756859875791022e-11, 1.052466815806465e-11, 1.0525809728049862e-11, 1.1173482431839687e-11, 1.1171230663065027e-11, 1.0807552696741834e-11, 1.0582633293284449e-11, 9.9036224148392227e-12, 1.1981029530077148e-11, 1.1982377031314062e-11, 9.9036941520859485e-12, 1.058414737915081e-11, 1.0806924067967199e-11], [1.07557342595757e-11, 1.0756916544519078e-11, 1.0524653701637932e-11, 1.0525812685242374e-11, 1.1173581499432394e-11, 1.1171314758977398e-11, 1.0807638261634539e-11, 1.0582598535180347e-11, 9.903541221649958e-12, 1.1981036015645881e-11, 1.1982401704049327e-11, 9.9037908244696555e-12, 1.0584154932508877e-11, 1.0806875265665793e-11], [1.0755759322472877e-11, 1.0756866740533298e-11, 1.0524571960861606e-11, 1.0525809996475186e-11, 1.117360975991713e-11, 1.1171299252088638e-11, 1.0807580336750656e-11, 1.0582575957652079e-11, 9.9035857983043781e-12, 1.1981092951526143e-11, 1.1982462962354678e-11, 9.9037148112330787e-12, 1.0584118875837673e-11, 1.0806865223371918e-11]]
Cbsca: [[1.4443200066831007e-11, 1.4446271776981813e-11, 1.3482392771295107e-11, 1.3483170374701752e-11, 1.5926805615902432e-11, 1.5922313479780371e-11, 1.4444398416068644e-11, 1.3563747650927872e-11, 1.277788389507622e-11, 1.7737044558202801e-11, 1.7739025887111083e-11, 1.2778560545103764e-11, 1.3567100105889362e-11, 1.4443643883662389e-11], [1.444335778313256e-11, 1.444625108743011e-11, 1.3482541811793927e-11, 1.348308592127941e-11, 1.5926624109057537e-11, 1.5922305848794542e-11, 1.4444262177000386e-11, 1.3563818588819268e-11, 1.2777906035051374e-11, 1.7736875811924592e-11, 1.7738922782293701e-11, 1.2778471112362228e-11, 1.3567184481619011e-11, 1.4443779964164993e-11], [1.4443226051492709e-11, 1.4446305511999713e-11, 1.3482618017986722e-11, 1.3483067919093707e-11, 1.5926758649806606e-11, 1.592228415058714e-11, 1.44443899157306e-11, 1.3563824296650239e-11, 1.2777929130382622e-11, 1.7736950896728532e-11, 1.7739008764883189e-11, 1.2778878943256755e-11, 1.356705167019081e-11, 1.4443900050400984e-11], [1.4443259346181771e-11, 1.4446247588180923e-11, 1.3482403558406704e-11, 1.3483170990420059e-11, 1.5926772353297255e-11, 1.5922305271777442e-11, 1.4444362475644709e-11, 1.356373040236631e-11, 1.2777898159229481e-11, 1.7736947607513754e-11, 1.7738982212155431e-11, 1.277852305721315e-11, 1.3567187324208607e-11, 1.4443728895946525e-11], [1.4443232238946119e-11, 1.4446358235948338e-11, 1.3482630661285584e-11, 1.3483083385732241e-11, 1.5926781338082475e-11, 1.5922335429485847e-11, 1.4444398690238148e-11, 1.3563866386539415e-11, 1.2777899771681474e-11, 1.7736974897801422e-11, 1.7739028670558225e-11, 1.2778885226196918e-11, 1.3567051075222265e-11, 1.4443879070043254e-11], [1.4443327913736915e-11, 1.4446253792725585e-11, 1.3482553838241467e-11, 1.3483072218141266e-11, 1.5926602385126294e-11, 1.5922297730262855e-11, 1.4444273417144648e-11, 1.3563837333325286e-11, 1.2777918305712127e-11, 1.7736893080038799e-11, 1.7738925129575486e-11, 1.2778441264799408e-11, 1.3567183386479567e-11, 1.444379330519873e-11], [1.4443257205618253e-11, 1.4446312449432641e-11, 1.3482570218430371e-11, 1.3483184122966669e-11, 1.5926820307847808e-11, 1.5922337874966682e-11, 1.4444456400256272e-11, 1.3563888154973934e-11, 1.2777884864378262e-11, 1.7737044056722228e-11, 1.7739085371314385e-11, 1.2778836481212515e-11, 1.3567035501706867e-11, 1.4443780520555941e-11], [1.444325771019668e-11, 1.444630115859128e-11, 1.3482577817020839e-11, 1.3483051477278131e-11, 1.5926626954050939e-11, 1.5922263666522582e-11, 1.4444301800400439e-11, 1.3563888264123485e-11, 1.2777936070503404e-11, 1.7736922056159452e-11, 1.7738925160062187e-11, 1.2778580913753503e-11, 1.3567153759857752e-11, 1.4443811486814903e-11], [1.4443237381845997e-11, 1.4446362469590276e-11, 1.3482645108361088e-11, 1.3483105219085245e-11, 1.5926790495537886e-11, 1.5922345951044313e-11, 1.4444417894221773e-11, 1.3563871410704877e-11, 1.2777897183326153e-11, 1.773698517609058e-11, 1.7739041962148481e-11, 1.2778886447545734e-11, 1.3567056040715038e-11, 1.4443882868089918e-11], [1.4443253680852934e-11, 1.4446280684967594e-11, 1.3482495025243588e-11, 1.3483202169956287e-11, 1.5926824663043631e-11, 1.5922313071957979e-11, 1.4444396136439899e-11, 1.3563786842900748e-11, 1.2777882906999926e-11, 1.7737077776380667e-11, 1.7739086287302103e-11, 1.2778712095456555e-11, 1.3567055731589198e-11, 1.4443717509027097e-11]]
g: [[0.043292456762612321, 0.043245731040148949, 0.055069246371623713, 0.055062820700757055, 0.02475031326560528, 0.024807067608492002, 0.044407445358816841, 0.054713916722740223, 0.051772373673760537, 0.016140117529911482, 0.016117968225098367, 0.051769242984433493, 0.054650706140020967, 0.044421687161946256], [0.043289969262721495, 0.043245285629763298, 0.055069202760171007, 0.055064246472964561, 0.024750513115901041, 0.024806197201347427, 0.044412580164637443, 0.054713185554913633, 0.051772299396982351, 0.016141861995811919, 0.016118800440437727, 0.051771723339977711, 0.054648293995173396, 0.044420240831866818], [0.043291092738394849, 0.043245521299894528, 0.055067636915876454, 0.055064114081975486, 0.02475145097414834, 0.024806600282273925, 0.044412114285194614, 0.054713245581065877, 0.051767673308861555, 0.016140015873954406, 0.01611696495329332, 0.051765702355037982, 0.054651625642319353, 0.044415449349279358], [0.043291425196007989, 0.043245372387925016, 0.055070197771306208, 0.055063407505637645, 0.024750142175180439, 0.024806784621648616, 0.044408952798349111, 0.054713818716930145, 0.051772255527680187, 0.016141804866302775, 0.016118299744173479, 0.051770122487009775, 0.054649089948162831, 0.044420985122809342], [0.043291160159169839, 0.043245152399032143, 0.055066908126420719, 0.05506336500298175, 0.024750962364879274, 0.024806771561758253, 0.044412451186251492, 0.054712092755121747, 0.051768481792550065, 0.016139869749743484, 0.01611662303844609, 0.051765322974142103, 0.054651805408449494, 0.04441535476108642], [0.043290246442686107, 0.043245327875766244, 0.055069104379976822, 0.055064445154750369, 0.024750910081544911, 0.024806138891842879, 0.044412331767548163, 0.054713203360104358, 0.051772410846465965, 0.016141825338917341, 0.016118792480350332, 0.051772587437903597, 0.054648421006085184, 0.044419754762857165], [0.0432913985498668, 0.043245508719939402, 0.055066375958884944, 0.05506090741459263, 0.024751002882618504, 0.024807474319987786, 0.044412215646371267, 0.054712226719922326, 0.051770694283455571, 0.016139644084204496, 0.016117146774768679, 0.05176498919003409, 0.054651593060342778, 0.044418138762180259], [0.043290026701974398, 0.043244775823791874, 0.055068833441656466, 0.055064491221489535, 0.024751817664726235, 0.02480619727569237, 0.044413042787371057, 0.054712158624173647, 0.051772517978105746, 0.016140961699989971, 0.016118697665935194, 0.051771105083587309, 0.054648792822193544, 0.044419195578505544], [0.043291202165009944, 0.043245257032429117, 0.055066391892772994, 0.055062926075970617, 0.02475080359509663, 0.024806894637971498, 0.044412746737874757, 0.054712114224574088, 0.051768685030575842, 0.016139816918173146, 0.016116472155271237, 0.051765131769383216, 0.0546519139649604, 0.044415248619454645], [0.043291667023667178, 0.04324543337400371, 0.05506707650347599, 0.05506076844251391, 0.024750805424164454, 0.024807483015986072, 0.044410454340601993, 0.054713484989330055, 0.051771625454537229, 0.016139507316125002, 0.01611771087619554, 0.051766879592365811, 0.054651079517290813, 0.044420052774942542]]
w: [[0.56801269692682588, 0.56626893051205096, 0.56044251548967539, 0.56740649037268664, 0.57181068899437737, 0.57084852666148733, 0.56565971584968744, 0.56268408755950428, 0.56617013182102838, 0.57755383575974018, 0.5739295831071265, 0.5578446196477439, 0.56466185255078871, 0.56915005499469995], [0.56801914653128183, 0.5662623662581171, 0.56029286541718681, 0.56751729373792192, 0.57187637660460811, 0.57084526530752344, 0.56565168911437991, 0.56260296720860237, 0.56626638536891361, 0.57771163086364119, 0.57391445844768607, 0.55781053715576079, 0.56463555200646176, 0.56921600358997237], [0.56804036961757454, 0.56625220744202542, 0.56035150402444822, 0.5673901005395503, 0.57185288877215068, 0.57071722011454107, 0.56546311901216051, 0.56276063567676105, 0.56614208981574965, 0.57769466014204851, 0.57386378195324694, 0.55793218543444689, 0.56467641884574693, 0.5691596607358631], [0.56808904052933451, 0.56631372674072888, 0.56037532803654777, 0.56745943998494985, 0.57185339047198647, 0.5708509707653816, 0.56570995622021947, 0.56262389858015549, 0.56619464954256338, 0.57757879060993988, 0.57393972684473293, 0.55784879627608774, 0.56461966022757415, 0.5691278843353329], [0.56801664013661068, 0.56626523685313912, 0.5603827638344262, 0.56734308993231941, 0.57183993667115418, 0.57072161931148446, 0.56547739930588992, 0.56277182660464831, 0.56619627783502724, 0.57767327909505695, 0.57386229172400138, 0.55793388113108966, 0.56468673333821584, 0.569138320970483], [0.56802156946000171, 0.56625362147567671, 0.56028826944206989, 0.56752502238353841, 0.57184102522852309, 0.57083835979946118, 0.5655867437587212, 0.56260823496952528, 0.56623326176543787, 0.57774211700435318, 0.57391641406365945, 0.55777919698378398, 0.56464756205826294, 0.56922240182949224], [0.56794722181949708, 0.5662898489892022, 0.56043936885339651, 0.56726910169059996, 0.57176391381613223, 0.57078900058986004, 0.56551491047464508, 0.56275724238852154, 0.5662500449084843, 0.57760432502892256, 0.57386723470052037, 0.55793500030959475, 0.56482072316848553, 0.56912413461357614], [0.56805573017668787, 0.56626640972499265, 0.56028110590628322, 0.56751732116169618, 0.57179573095599501, 0.57082777474034274, 0.5655585061873637, 0.56264442619026189, 0.56619640869981169, 0.57776020841745779, 0.57392285697063872, 0.55783303653035354, 0.5646555913728436, 0.56922943040911689], [0.56800904685457554, 0.56628394849526287, 0.5603860565992107, 0.56731693229834934, 0.57182912966837218, 0.5707232813861689, 0.5655100117018973, 0.56277482207751339, 0.56623060602627562, 0.57766062417091513, 0.57386115468177068, 0.55793753333655549, 0.56473585544941041, 0.56913494888083926], [0.56793912756173359, 0.56622311567081518, 0.56045674220331954, 0.56728486530148536, 0.57174107950719788, 0.5708171324849699, 0.56553916433002416, 0.56273599505393546, 0.56621834489130751, 0.57757099424339953, 0.57389263019476544, 0.55788801398220855, 0.5647792393894836, 0.569162761895456]]
