number of elements: 408
number of scatterers: 8
number of waves: 50
number of Gauss points: 10
assembly time (mins): 0.048830540974934895
Cext avg: 1.901201821923713e-11
Csca avg: 1.0779698223453709e-11
Cbsca avg: 1.458170806498698e-11
g avg: 0.04128235070585272
w avg: 0.5669470174337622
solver time phi (mins): [[0.17314658164978028, 0.16878002484639484, 0.14761304060618083, 0.14478676319122313, 0.14358583291371663, 0.14802481730779013, 0.14737197558085124, 0.14284842411677043, 0.1426456054051717, 0.16477408409118652, 0.16877639293670654, 0.1724805474281311, 0.1772576928138733, 0.1728135387102763, 0.17095433473587035, 0.17673579057057698, 0.17241828441619872, 0.16940482060114542, 0.17681510448455812, 0.17105578978856403, 0.17115528583526612, 0.17238744894663494, 0.16521605650583904, 0.16804190079371134, 0.1647138992945353, 0.17844778696695965, 0.1728169282277425, 0.17442718744277955, 0.17300743261973064, 0.16932743787765503, 0.16577136516571045, 0.17314520676930745, 0.17580276727676392, 0.1682651996612549, 0.1720560908317566, 0.16879482666651408, 0.1706612507502238, 0.1703517993291219, 0.16030917167663575, 0.17242569128672283, 0.0982350508371989, 0.10731687545776367, 0.10719490051269531, 0.10283153454462687, 0.10762845675150554, 0.10094213088353475, 0.10055187145868937, 0.10265535910924276, 0.1081053098042806, 0.10475041468938191], [0.16933024326960247, 0.16933675209681193, 0.16540184418360393, 0.16776119470596312, 0.16341226895650227, 0.16788608233133953, 0.1439064621925354, 0.17121068239212037, 0.1676429828008016, 0.16739673217137654, 0.1715192476908366, 0.1697678009668986, 0.17305436134338378, 0.16579300165176392, 0.17009366353352864, 0.1715880274772644, 0.16681132316589356, 0.16264241536458332, 0.1721634308497111, 0.16667923132578533, 0.17151883443196614, 0.17206413745880128, 0.16726880073547362, 0.162373149394989, 0.16062833865483603, 0.16674810250600178, 0.168100372950236, 0.17196813424428303, 0.1623571236928304, 0.16800474723180134, 0.16370290517807007, 0.16311346292495726, 0.15811117887496948, 0.1652925928433736, 0.172909943262736, 0.17115516662597657, 0.16740000645319622, 0.16668890714645385, 0.1479357878367106, 0.1415425419807434, 0.09765892028808594, 0.10281706651051839, 0.10278895696004232, 0.10098317464192709, 0.10018142859141031, 0.10075810352961222, 0.10110062758127848, 0.10090065002441406, 0.10036675930023194, 0.10027987559636434], [0.17240378856658936, 0.1546531319618225, 0.17263962030410768, 0.1712393363316854, 0.1662774443626404, 0.17220986286799114, 0.16708754301071166, 0.1730601151784261, 0.17168434858322143, 0.1681189219156901, 0.16769969860712688, 0.16999701658884683, 0.16347374121348063, 0.16657634576161703, 0.17111584742863972, 0.17233039538065592, 0.15509894291559856, 0.14950111309687297, 0.17299667596817017, 0.1719697078069051, 0.1686639944712321, 0.17306458950042725, 0.16658080816268922, 0.1713845094045003, 0.17211117347081503, 0.16838450829188029, 0.1443360447883606, 0.17029768228530884, 0.17305982907613118, 0.16866366068522134, 0.1731314460436503, 0.1734662175178528, 0.172406009833018, 0.17111854155858358, 0.1710587978363037, 0.17174763679504396, 0.17149001359939575, 0.172329576810201, 0.14530983368555705, 0.17315301100413005, 0.1059464693069458, 0.09611521164576213, 0.10034188032150268, 0.09796587228775025, 0.1033600926399231, 0.08637195030848185, 0.10008043845494588, 0.09067227045694987, 0.09715329011281332, 0.08521567980448405], [0.16754671732584636, 0.16754899819691976, 0.16815518538157145, 0.1712589661280314, 0.1677622397740682, 0.16659101247787475, 0.16537222464879353, 0.16876745621363323, 0.16754669745763143, 0.16659228006998697, 0.15384970108668009, 0.16455670595169067, 0.16793016195297242, 0.16632401943206787, 0.16920160849889118, 0.16454415321350097, 0.17101008892059327, 0.1702167312304179, 0.14638405640920002, 0.17100298404693604, 0.16660041809082032, 0.16546563307444254, 0.17062719662984213, 0.1707932949066162, 0.17269283930460613, 0.15157240629196167, 0.16454053322474163, 0.17254037459691365, 0.16587920983632407, 0.16652262608210247, 0.16584046681722006, 0.16875617106755575, 0.17060989141464233, 0.1671239773432414, 0.15060024658838908, 0.16727787653605145, 0.17419250011444093, 0.15093916257222492, 0.17183613777160645, 0.1689963698387146, 0.10229782263437907, 0.09898916085561117, 0.10439420541127523, 0.09891075690587361, 0.10079685846964519, 0.09640090862909953, 0.09802729288736979, 0.0997189998626709, 0.09656893412272136, 0.09591549634933472], [0.171854829788208, 0.17088482777277628, 0.1499683141708374, 0.1707310398419698, 0.16693702936172486, 0.17315353552500407, 0.16760180393854776, 0.17282347281773885, 0.17058328787485758, 0.15378592411677042, 0.16623695294062296, 0.17144952615102133, 0.17315266132354737, 0.17158902883529664, 0.1710405190785726, 0.16869821945826213, 0.17240196863810223, 0.17149271567662558, 0.1712248643239339, 0.16677274703979492, 0.16269209384918212, 0.16704199314117432, 0.17042303482691448, 0.17330288887023926, 0.1720201532046, 0.17195252974828085, 0.1715009888013204, 0.16694051424662273, 0.16837334235509235, 0.16790711879730225, 0.1687648892402649, 0.17122681935628256, 0.17341580788294475, 0.1715568701426188, 0.16844208240509034, 0.14564295609792074, 0.14508546193440755, 0.15142723719278972, 0.1728178103764852, 0.16676188309987386, 0.10900859435399374, 0.10821665525436401, 0.10576196114222208, 0.10232975085576375, 0.10293924411137899, 0.10227500200271607, 0.09683751662572225, 0.09940670728683472, 0.1001628041267395, 0.10090428590774536], [0.1706898331642151, 0.17046842575073243, 0.16811576286951702, 0.16438063780466716, 0.16741631031036378, 0.16797868808110555, 0.14657127857208252, 0.16707860628763835, 0.17029956181844075, 0.1663387934366862, 0.17081915934880573, 0.1705138365427653, 0.16920350790023803, 0.1674170176188151, 0.16992823282877603, 0.17032487789789835, 0.1660403609275818, 0.16635395288467408, 0.1703377882639567, 0.17003316879272462, 0.16832154989242554, 0.17098860343297323, 0.16438454786936443, 0.16406472126642863, 0.14798435767491658, 0.1670892318089803, 0.16983795563379925, 0.1699384848276774, 0.166886043548584, 0.1714992880821228, 0.16707003513971966, 0.16533523797988892, 0.14825671911239624, 0.17073528369267782, 0.1682918628056844, 0.17021021842956544, 0.1700380285580953, 0.17013365030288696, 0.1441243529319763, 0.14945772886276246, 0.09506971041361491, 0.10243558088938395, 0.10364228089650472, 0.09995799859364828, 0.10222163597742716, 0.10200692017873128, 0.10124029715855916, 0.09780348539352417, 0.10499278704325359, 0.1021316130956014], [0.17078810532887775, 0.16930842796961468, 0.16910041570663453, 0.1720784028371175, 0.1661927580833435, 0.17101735671361287, 0.16647398074467976, 0.17072678009668987, 0.16562370459238687, 0.1666906515757243, 0.17072678009668987, 0.16938844919204712, 0.1723771333694458, 0.14578092495600384, 0.1693835695584615, 0.16914599736531574, 0.16779624621073405, 0.1720672090848287, 0.16215652227401733, 0.1693552533785502, 0.16336777607599895, 0.1661698818206787, 0.16647318601608277, 0.16451244751612346, 0.16882935762405396, 0.14473138252894083, 0.15486359198888142, 0.16882988611857097, 0.16766018867492677, 0.16481905380884807, 0.16854497989018757, 0.166798464457194, 0.16811156670252483, 0.16376427412033082, 0.16935319503148397, 0.16844854752222696, 0.1691381295522054, 0.16773988405863444, 0.1507143179575602, 0.16968923807144165, 0.10412405331929525, 0.09366289377212525, 0.10807671546936035, 0.10405734777450562, 0.10243532260258993, 0.1034144918123881, 0.10354299942652384, 0.10125215450922648, 0.10025636355082194, 0.10009140570958455], [0.16803675095240275, 0.17008807261784872, 0.17123951117197672, 0.16590072313944498, 0.16834756930669148, 0.16326846679051718, 0.1686764081319173, 0.1726384401321411, 0.1665821075439453, 0.16550039847691853, 0.1485939343770345, 0.1654980222384135, 0.17253790696461996, 0.1663941462834676, 0.15428287188212078, 0.1570632576942444, 0.16767950852711996, 0.17149579524993896, 0.1630262017250061, 0.17013942797978718, 0.17252828280131022, 0.16600770155588787, 0.17162002722422282, 0.17070712645848593, 0.16804807583491008, 0.17021241982777913, 0.16967761119206745, 0.1666882276535034, 0.1689917047818502, 0.16668209234873455, 0.14542916615804036, 0.16887057224909466, 0.16816393931706747, 0.14629692633946736, 0.1458708127339681, 0.17240911722183228, 0.16670910120010377, 0.14507886171340942, 0.17064233620961508, 0.1678939978281657, 0.10195970137914022, 0.11225318908691406, 0.10656487941741943, 0.10898915131886801, 0.10037275950113932, 0.10573868354161581, 0.09754696687062582, 0.10217798550923665, 0.09930472771326701, 0.09958037932713827], [0.1660367210706075, 0.17224326531092327, 0.14935268561045328, 0.16243260701497395, 0.1691286087036133, 0.1664192001024882, 0.16357128222783407, 0.16848034461339315, 0.16958821217219036, 0.14980818430582682, 0.16791093746821087, 0.16986406246821087, 0.17125648657480877, 0.17207730611165364, 0.1721131483713786, 0.1639479915301005, 0.17177112499872843, 0.17224086920420328, 0.16634583473205566, 0.16680004199345908, 0.1627739389737447, 0.16780660152435303, 0.1721310257911682, 0.16995824178059896, 0.16702819267908733, 0.17176170746485392, 0.17092806100845337, 0.16815069516499836, 0.16243245601654052, 0.16766488154729206, 0.16179019212722778, 0.17230278253555298, 0.16984917720158896, 0.17256367206573486, 0.16814264059066772, 0.1467053453127543, 0.1411523143450419, 0.15565094550450642, 0.16608308951059977, 0.16851565837860108, 0.10865049759546916, 0.10989474852879842, 0.10756545066833496, 0.10076265335083008, 0.10079354842503865, 0.10187350511550904, 0.09559579292933146, 0.0991744875907898, 0.0987937887509664, 0.09703484376271566], [0.17261804739634196, 0.17223682006200156, 0.13791600068410237, 0.14601091146469117, 0.1449926733970642, 0.1492520570755005, 0.14166113138198852, 0.13739694356918336, 0.14589111804962157, 0.14532772302627564, 0.17144818703333536, 0.17144773403803507, 0.1702240784962972, 0.1698142091433207, 0.17205230394999185, 0.1661659836769104, 0.16378230651219686, 0.16982465982437134, 0.17047203779220582, 0.17070317665735882, 0.16837876240412394, 0.17128234306971232, 0.1637786348660787, 0.16384902795155842, 0.17138508558273316, 0.16910773515701294, 0.16616632143656412, 0.1637661655743917, 0.1645947774251302, 0.1694605032602946, 0.16441260973612468, 0.164682936668396, 0.1694419821103414, 0.1647442897160848, 0.1695464809735616, 0.1674048105875651, 0.16696458260218303, 0.16540708939234416, 0.15199986696243287, 0.170474902788798, 0.10628653367360433, 0.10066805680592855, 0.1076032837231954, 0.10536353985468547, 0.10538512468338013, 0.10581530729929606, 0.10330661137898763, 0.10340081453323365, 0.10118896166483561, 0.1081654191017151]]
solver time theta (mins): [[0.17015177806218465, 0.1656482458114624, 0.1710847020149231, 0.1728244384129842, 0.1696248769760132, 0.16958314180374146, 0.1654896934827169, 0.17381128470102947, 0.16312294801076252, 0.1614696502685547, 0.16597345272699993, 0.17107640107472738, 0.17055805524190268, 0.17017502387364705, 0.1690887967745463, 0.17137445211410524, 0.17138084173202514, 0.17033019463221233, 0.14027398824691772, 0.16908588806788127, 0.16490878264109293, 0.16643503506978352, 0.14470987319946288, 0.17163416941960652, 0.1687143087387085, 0.14521952072779337, 0.16596432129542033, 0.17137345870335896, 0.16467620531717936, 0.16162325938542685, 0.16144926945368449, 0.16891124645868938, 0.16662653684616088, 0.16164246797561646, 0.14536745150883992, 0.16618018945058186, 0.16641189654668173, 0.15835763216018678, 0.16694724162419636, 0.17161392370859782, 0.09684886932373046, 0.08592759768168132, 0.09543273846308391, 0.09616508483886718, 0.0954612135887146, 0.0954931894938151, 0.09546087980270386, 0.09546105066935222, 0.09551676511764526, 0.09554244677225748], [0.16549101273218791, 0.1697545051574707, 0.17338454325993854, 0.16226277351379395, 0.16532355546951294, 0.16227461099624635, 0.17066956361134847, 0.1663033405939738, 0.16644925673802693, 0.1657182256380717, 0.14573732614517212, 0.1654865344365438, 0.16770896116892497, 0.16116937398910522, 0.16101518869400025, 0.16204744577407837, 0.16644813219706217, 0.16531813542048138, 0.15787255764007568, 0.1651782512664795, 0.1662860115369161, 0.16204569339752198, 0.16977662642796834, 0.16532939275105793, 0.16569252808888754, 0.16972932418187459, 0.16102295716603596, 0.16974457502365112, 0.16534382104873657, 0.16517046689987183, 0.14106061458587646, 0.1652952233950297, 0.1655414342880249, 0.14482879638671875, 0.14668553670247395, 0.16502357721328736, 0.16514623959859212, 0.14482444922129314, 0.17031606435775756, 0.1659371296564738, 0.09722613096237183, 0.09471190373102824, 0.0922677715619405, 0.09830432335535685, 0.09639713366826376, 0.09722485144933064, 0.09389323393503825, 0.09639734824498494, 0.09476863940556844, 0.09832504590352377], [0.16545041799545288, 0.16736969153086345, 0.15025773843129475, 0.16558853387832642, 0.16577390829722086, 0.16668591499328614, 0.16284209489822388, 0.16697912613550822, 0.1616059939066569, 0.15738565921783448, 0.1623209794362386, 0.16573720375696818, 0.16620174249013264, 0.16576728820800782, 0.16123672326405844, 0.162910795211792, 0.16781966686248778, 0.17032628456751506, 0.16734714110692342, 0.16134233872095743, 0.1427418867746989, 0.1629171848297119, 0.16574831008911134, 0.16576072374979656, 0.16668277978897095, 0.16695737838745117, 0.170443061987559, 0.158100163936615, 0.14240895509719848, 0.16317886511484783, 0.1629237691561381, 0.16572440067927044, 0.16546458800633748, 0.16538135608037313, 0.16160691181818646, 0.14495471715927125, 0.1461798906326294, 0.14241254329681396, 0.17100031773249308, 0.16158007780710856, 0.09573935667673747, 0.09605794350306193, 0.09573904673258464, 0.09617433945337932, 0.09635643164316814, 0.09606125752131144, 0.09316914876302083, 0.09609243472417196, 0.09415263732274373, 0.09596339861551921], [0.16703219413757325, 0.16741741100947063, 0.14210456609725952, 0.15445583661397297, 0.1461258848508199, 0.1614813208580017, 0.14211175044377644, 0.1574636181195577, 0.1501993695894877, 0.1628441294034322, 0.1675279974937439, 0.16572699546813965, 0.1672536293665568, 0.16703946987787882, 0.16725290218989056, 0.16573449770609539, 0.1630242864290873, 0.1616174101829529, 0.17120269934336343, 0.16751123666763307, 0.16434527238210042, 0.16703148285547892, 0.16273690859476725, 0.16130080223083496, 0.16163731813430787, 0.16253036260604858, 0.16578832864761353, 0.16631765365600587, 0.16153148412704468, 0.16559150616327922, 0.16151074568430582, 0.16560072501500447, 0.16273926496505736, 0.16164536476135255, 0.17002085049947102, 0.16186623573303222, 0.16680030425389608, 0.1670119325319926, 0.14912774562835693, 0.14510488112767536, 0.08105855385462443, 0.09299858411153157, 0.09544377724329631, 0.09544028441111246, 0.09546221097310384, 0.0930150826772054, 0.09542287985483805, 0.09543668429056804, 0.09546221097310384, 0.09542452891667684], [0.16879406770070393, 0.16404962539672852, 0.17011322577794394, 0.16821505626042685, 0.16314468383789063, 0.1688304901123047, 0.16303181648254395, 0.16711307764053346, 0.16820748249689738, 0.16555864016215008, 0.1667816996574402, 0.16880212624867758, 0.14353397289911907, 0.14240727027257283, 0.16821868419647218, 0.16786951621373494, 0.16950005292892456, 0.15275059938430785, 0.1672762354214986, 0.1693804661432902, 0.1647094964981079, 0.16732753117879232, 0.16400504112243652, 0.16833460330963135, 0.16711297035217285, 0.16522160371144612, 0.14444892009099325, 0.16728994051615398, 0.16832984288533528, 0.16537071466445924, 0.16812895536422728, 0.16727346976598104, 0.16884637673695882, 0.16452038288116455, 0.16751747528711955, 0.16996091206868488, 0.17164371808369955, 0.16852312088012694, 0.1420585036277771, 0.16795783042907714, 0.09660088221232097, 0.08453934987386068, 0.09799003601074219, 0.09435739517211914, 0.0972307840983073, 0.08984882036844889, 0.09432547092437744, 0.09682939847310384, 0.09740612506866456, 0.08332647482554117], [0.162588369846344, 0.16713260412216185, 0.16562782128651937, 0.1615268111228943, 0.16701664924621581, 0.16285703976949056, 0.1680642565091451, 0.16635541915893554, 0.16537443399429322, 0.16199311415354412, 0.14616588354110718, 0.16201343933741252, 0.16532137393951415, 0.1628575325012207, 0.161208709081014, 0.15689663092295328, 0.16702666282653808, 0.16537787119547526, 0.16342145999272664, 0.16562393109003704, 0.16528456608454387, 0.161089030901591, 0.1653221567471822, 0.16589397192001343, 0.16575642029444376, 0.16702611843744913, 0.1618212660153707, 0.1653767188390096, 0.16617029905319214, 0.16836820443471273, 0.1423423449198405, 0.16537774801254274, 0.16571654876073202, 0.14536071221033733, 0.14490373134613038, 0.1621243437131246, 0.16554130713144938, 0.14536348978678384, 0.16693971554438272, 0.16573558251063028, 0.0959341843922933, 0.0933480699857076, 0.0913001298904419, 0.09615445534388224, 0.0936646302541097, 0.0961775263150533, 0.09337805112202963, 0.09586706558863321, 0.09332369168599447, 0.09615079959233602], [0.16816584269205728, 0.16570370197296141, 0.13762901226679483, 0.14145523309707642, 0.1435310959815979, 0.16381063063939413, 0.13703112204869589, 0.13505563338597615, 0.14167844454447429, 0.14766039848327636, 0.1681636134783427, 0.16676916678746542, 0.16641792456309001, 0.1701763947804769, 0.16223445733388264, 0.16142019033432006, 0.16791765292485555, 0.16670023202896117, 0.16805261373519897, 0.16141000588734944, 0.1615524729092916, 0.16221479574839273, 0.16570658286412557, 0.1692379633585612, 0.16637001832326254, 0.17017871936162313, 0.16997867027918498, 0.1622018535931905, 0.16147061586380004, 0.16155685981114706, 0.16142369111378987, 0.16153266429901122, 0.16580400864283243, 0.1657634496688843, 0.16141915718714397, 0.14507525364557902, 0.1450502594312032, 0.1622318983078003, 0.1619176427523295, 0.16682924826939902, 0.0956169048945109, 0.09621926148732503, 0.09696977535883586, 0.09805356661478679, 0.09655737479527791, 0.09691379070281983, 0.09375308354695638, 0.09656481345494589, 0.09375507036844889, 0.09697689612706502], [0.16571524540583293, 0.16519358952840169, 0.16585821708043416, 0.1612310210863749, 0.16090481281280516, 0.16124097108840943, 0.1406339128812154, 0.16229236523310345, 0.16517191330591838, 0.1612216353416443, 0.16997665166854858, 0.1654077927271525, 0.16636494398117066, 0.16123094161351523, 0.16958870887756347, 0.1695537805557251, 0.16102406581242878, 0.16113988955815634, 0.16960691610972087, 0.16513609886169434, 0.16166032155354818, 0.16510151624679564, 0.16543289025624594, 0.1447341005007426, 0.14099984169006347, 0.1704917510350545, 0.1654636224110921, 0.16549877325693765, 0.16090609232584635, 0.1655051589012146, 0.1657080332438151, 0.144672163327535, 0.13761549393335978, 0.1675636331240336, 0.17103928327560425, 0.16572266817092896, 0.1651428778966268, 0.1702984929084778, 0.140632959206899, 0.1572211503982544, 0.080996572971344, 0.09353651603062947, 0.09668631156285604, 0.09547317425409953, 0.0954090158144633, 0.0930288036664327, 0.09554538329442343, 0.09604284365971884, 0.09654786586761474, 0.09608903328577677], [0.16515597502390544, 0.16991897424062094, 0.17224833567937214, 0.16532642046610516, 0.1610267202059428, 0.16522044738133748, 0.1649935523668925, 0.16522127389907837, 0.16520537535349528, 0.16553933620452882, 0.1649315118789673, 0.16970179875691732, 0.14311305284500123, 0.1437089443206787, 0.16910086472829183, 0.16528950134913126, 0.16989469528198242, 0.16062597036361695, 0.1652883569399516, 0.16837397813796998, 0.1612367033958435, 0.16889253854751587, 0.16483378012975056, 0.16520296335220336, 0.16571568648020427, 0.16514777739842731, 0.14344888528188068, 0.16957971254984539, 0.16529540220896402, 0.16530839204788209, 0.16530670722325644, 0.1639137625694275, 0.16521830956141154, 0.16514838933944703, 0.16958473126093546, 0.17148058414459227, 0.16969208319981893, 0.1695287585258484, 0.14062503178914387, 0.16520380576451618, 0.09827856620152792, 0.08339081605275472, 0.09859256744384766, 0.09562308390935262, 0.09884183406829834, 0.09576971530914306, 0.09307206471761068, 0.0989204208056132, 0.09592234293619792, 0.08104058901468912], [0.16784926652908325, 0.16786107619603474, 0.17132148742675782, 0.16833980480829874, 0.17116316159566244, 0.17330534458160402, 0.1655198574066162, 0.16978853543599445, 0.1601069728533427, 0.1670668164889018, 0.16786200205485027, 0.16786245902379354, 0.16671568155288696, 0.1714087963104248, 0.16666980187098185, 0.16736929814020793, 0.16766676902770997, 0.16747369368871054, 0.14326390822728474, 0.16666434605916342, 0.16356563170750935, 0.16237277587254842, 0.14640161991119385, 0.16775879462560017, 0.16664541165033978, 0.14217063188552856, 0.16321906248728435, 0.1704184095064799, 0.16741585334142048, 0.1634232997894287, 0.16767036120096843, 0.16341259082158408, 0.16744851271311442, 0.163236931959788, 0.16306626796722412, 0.16671465237935384, 0.16669726769129437, 0.16323236227035523, 0.1643588383992513, 0.16950517892837524, 0.09569035768508911, 0.0836761196454366, 0.09575061400731405, 0.09570619265238443, 0.09570620854695638, 0.09580953518549601, 0.09570588668187459, 0.09580709139506022, 0.09573230346043905, 0.0960341493288676]]
Iterations phi: [[40, 40, 34, 34, 33, 35, 34, 33, 33, 38, 40, 40, 40, 40, 40, 40, 39, 39, 40, 40, 39, 40, 39, 39, 39, 39, 40, 40, 39, 40, 39, 40, 39, 39, 40, 39, 40, 39, 37, 39, 34, 39, 40, 39, 40, 39, 40, 40, 40, 40], [40, 40, 39, 39, 39, 39, 34, 40, 39, 39, 40, 40, 40, 39, 40, 40, 39, 39, 40, 40, 40, 40, 39, 39, 38, 39, 40, 40, 39, 40, 39, 39, 38, 39, 40, 40, 40, 40, 35, 34, 34, 39, 40, 40, 40, 39, 40, 40, 40, 40], [40, 36, 40, 40, 39, 40, 39, 40, 40, 39, 39, 40, 38, 39, 40, 40, 36, 35, 40, 40, 39, 40, 39, 40, 40, 39, 34, 40, 40, 39, 40, 40, 40, 40, 40, 40, 40, 40, 34, 40, 40, 36, 40, 39, 40, 34, 39, 35, 40, 34], [40, 40, 40, 40, 40, 39, 39, 40, 40, 39, 36, 39, 40, 39, 40, 39, 40, 40, 35, 40, 39, 39, 40, 40, 40, 35, 39, 40, 39, 39, 39, 40, 40, 39, 35, 39, 40, 36, 40, 40, 40, 38, 40, 40, 40, 40, 39, 40, 39, 40], [40, 40, 35, 40, 39, 40, 39, 40, 40, 36, 39, 40, 40, 40, 40, 39, 40, 40, 40, 39, 38, 39, 40, 40, 40, 40, 40, 39, 39, 39, 39, 40, 40, 40, 39, 34, 34, 35, 40, 39, 40, 40, 40, 40, 40, 40, 39, 40, 40, 40], [40, 40, 39, 39, 39, 39, 34, 39, 40, 39, 40, 40, 40, 39, 40, 40, 39, 39, 40, 40, 40, 40, 39, 39, 35, 39, 40, 40, 39, 40, 39, 39, 35, 40, 40, 40, 40, 40, 34, 35, 34, 39, 40, 40, 40, 39, 40, 40, 40, 40], [40, 40, 40, 40, 39, 40, 39, 40, 39, 39, 40, 40, 40, 34, 40, 40, 40, 40, 38, 40, 39, 39, 39, 39, 40, 34, 37, 40, 40, 39, 40, 39, 40, 39, 40, 40, 40, 39, 36, 40, 40, 35, 40, 40, 40, 40, 39, 40, 40, 40], [39, 40, 40, 39, 40, 39, 40, 40, 39, 39, 35, 39, 40, 39, 37, 37, 40, 40, 39, 40, 40, 39, 40, 40, 39, 40, 40, 40, 40, 40, 34, 40, 39, 34, 35, 40, 40, 34, 40, 39, 40, 40, 39, 40, 39, 40, 38, 40, 39, 40], [40, 40, 35, 39, 40, 40, 38, 40, 40, 36, 39, 40, 40, 40, 40, 39, 40, 40, 40, 39, 39, 39, 40, 40, 40, 40, 40, 39, 39, 39, 39, 40, 40, 40, 39, 34, 34, 37, 40, 40, 40, 40, 40, 40, 40, 40, 39, 40, 40, 40], [40, 40, 32, 34, 34, 35, 33, 32, 34, 34, 40, 40, 40, 40, 40, 39, 39, 40, 40, 40, 39, 40, 39, 39, 40, 40, 39, 39, 39, 40, 39, 39, 40, 39, 40, 39, 39, 39, 36, 40, 38, 40, 40, 40, 40, 40, 39, 40, 39, 40]]
Iterations theta: [[40, 40, 40, 40, 40, 40, 39, 40, 38, 39, 40, 40, 40, 40, 40, 40, 40, 40, 34, 40, 39, 39, 35, 40, 40, 34, 39, 40, 39, 39, 39, 40, 40, 39, 35, 39, 40, 38, 40, 40, 40, 36, 40, 40, 40, 40, 40, 40, 40, 40], [39, 40, 40, 39, 40, 39, 40, 40, 40, 39, 35, 39, 40, 39, 39, 39, 40, 40, 38, 40, 40, 39, 40, 40, 39, 40, 39, 40, 40, 40, 34, 40, 39, 35, 35, 39, 40, 35, 40, 39, 40, 39, 38, 40, 40, 40, 39, 40, 39, 40], [40, 40, 36, 40, 39, 40, 39, 40, 39, 38, 39, 40, 40, 40, 39, 39, 40, 40, 40, 39, 34, 39, 40, 40, 40, 40, 40, 38, 34, 39, 39, 40, 40, 40, 39, 35, 35, 34, 40, 39, 40, 40, 40, 40, 40, 40, 39, 40, 39, 40], [40, 40, 34, 37, 35, 39, 34, 38, 36, 39, 40, 40, 40, 40, 40, 40, 39, 39, 40, 40, 39, 40, 39, 39, 39, 39, 40, 40, 39, 40, 39, 40, 39, 39, 40, 39, 40, 39, 36, 35, 34, 39, 40, 40, 40, 39, 40, 40, 40, 40], [40, 39, 40, 40, 39, 40, 39, 40, 40, 39, 39, 40, 34, 34, 40, 40, 40, 36, 40, 40, 39, 40, 39, 40, 40, 39, 34, 40, 40, 39, 40, 40, 40, 39, 40, 40, 40, 40, 34, 40, 40, 35, 40, 39, 40, 37, 39, 40, 40, 34], [39, 40, 40, 39, 40, 39, 40, 40, 40, 39, 35, 39, 40, 39, 39, 38, 40, 40, 39, 40, 40, 39, 40, 40, 39, 40, 39, 40, 40, 40, 34, 40, 39, 35, 35, 39, 40, 35, 40, 39, 40, 39, 38, 40, 39, 40, 39, 40, 39, 40], [40, 40, 33, 34, 34, 39, 33, 32, 34, 35, 40, 40, 40, 40, 39, 39, 40, 40, 40, 39, 39, 39, 40, 40, 40, 40, 40, 39, 39, 39, 39, 39, 40, 40, 39, 35, 35, 39, 38, 40, 39, 40, 40, 40, 40, 40, 39, 40, 39, 40], [40, 40, 40, 39, 39, 39, 34, 39, 40, 39, 40, 40, 40, 39, 40, 40, 39, 39, 40, 40, 39, 40, 39, 35, 34, 40, 40, 40, 39, 40, 39, 35, 33, 40, 40, 40, 40, 40, 34, 38, 34, 39, 40, 40, 40, 39, 40, 40, 40, 40], [40, 40, 40, 40, 39, 40, 39, 40, 40, 39, 39, 40, 34, 34, 40, 40, 40, 38, 40, 40, 39, 40, 39, 40, 40, 39, 34, 40, 40, 39, 40, 39, 40, 39, 40, 40, 40, 40, 34, 40, 40, 35, 40, 40, 40, 39, 39, 40, 40, 34], [40, 40, 40, 40, 40, 40, 39, 40, 38, 39, 40, 40, 40, 40, 40, 40, 40, 40, 34, 40, 39, 39, 35, 40, 40, 34, 39, 40, 40, 39, 40, 39, 40, 39, 39, 40, 40, 39, 39, 40, 40, 35, 40, 40, 40, 40, 40, 40, 40, 40]]
Total parallel time (mins): 7.277361293633779
Cext: [[1.9136537539471048e-11, 1.8689063267236007e-11, 1.8937580511601231e-11, 1.8355395198387198e-11, 1.9647711458268203e-11, 1.9301618130204879e-11, 2.0854033867304588e-11, 1.7636495992097255e-11, 1.7983464046699575e-11, 1.986060677301705e-11, 1.8496519584209091e-11, 2.0326382673170767e-11, 2.0223451503857328e-11, 1.7723586878533872e-11, 1.8956309232151978e-11, 1.8687337056536835e-11, 1.9216912135937615e-11, 1.8179756491075985e-11, 1.9564477517883901e-11, 1.8825376170921507e-11, 1.7706701723577034e-11, 2.0393874381983328e-11, 2.1082692491865215e-11, 1.7412913075869448e-11, 1.8656996187541214e-11, 1.8456427101063563e-11, 1.9803892888879274e-11, 1.9156866405767622e-11, 1.8339826525100413e-11, 2.0522590620547018e-11, 2.0883666059883466e-11, 1.7830845401635541e-11, 1.9244872890432158e-11, 1.9041875308739221e-11, 1.9604858319402476e-11, 1.7896685038594435e-11, 1.8238977381587119e-11, 1.9254864817684012e-11, 2.0227369461022546e-11, 1.8065197110819644e-11, 1.8046222592879599e-11, 1.8630533436925555e-11, 1.8945959396426299e-11, 1.9941208263126202e-11, 1.9438710446305582e-11, 1.8084768438841665e-11, 1.8343858781079471e-11, 1.8912596263152088e-11, 1.9786215137269058e-11, 1.8025506819449093e-11], [1.9136003923348748e-11, 1.8689294516138083e-11, 1.893633988881218e-11, 1.8350635193235383e-11, 1.9643540079164895e-11, 1.9301719410785522e-11, 2.0854838447552906e-11, 1.7636558145165897e-11, 1.7982010131429838e-11, 1.985806986817158e-11, 1.8499528018903952e-11, 2.0327491257850568e-11, 2.0221913226714271e-11, 1.7727967253446707e-11, 1.8955864463375569e-11, 1.8685877726690709e-11, 1.9219675281028059e-11, 1.8182072584980297e-11, 1.9562334187228145e-11, 1.8825268362903783e-11, 1.7706446597020324e-11, 2.0394717055711567e-11, 2.1083601174557693e-11, 1.7416148565812379e-11, 1.8657252906886644e-11, 1.845578021976319e-11, 1.9807307273886025e-11, 1.9155510289143795e-11, 1.8339874427514299e-11, 2.0522813406967536e-11, 2.088489433513674e-11, 1.7833557795977476e-11, 1.9246469986012204e-11, 1.9042156140915239e-11, 1.9609674011388997e-11, 1.7896935533474858e-11, 1.8239848858203048e-11, 1.9254096959962585e-11, 2.0228213919389014e-11, 1.8067831692363515e-11, 1.8040881930199051e-11, 1.863129566397746e-11, 1.8947387292940922e-11, 1.9939270637500689e-11, 1.9439541342479372e-11, 1.8087398248077595e-11, 1.8341556573739014e-11, 1.8912992197975215e-11, 1.9787126235067151e-11, 1.8027556039022907e-11], [1.9138579230523868e-11, 1.8685746945967731e-11, 1.8944677262162041e-11, 1.8351450078198705e-11, 1.9644053014953445e-11, 1.9302066364526797e-11, 2.0854031341141778e-11, 1.7636586649490969e-11, 1.7981910050932667e-11, 1.9859959115296801e-11, 1.8498721827055365e-11, 2.0328303566699368e-11, 2.0221982334728253e-11, 1.7727647213994796e-11, 1.8959516359080193e-11, 1.8684534932179295e-11, 1.9214435060387498e-11, 1.8179188605446909e-11, 1.9563355813742533e-11, 1.8825708203184631e-11, 1.7706579550548531e-11, 2.0393342136616423e-11, 2.1085472941191613e-11, 1.7414920783971132e-11, 1.8659496711265386e-11, 1.8459750555046315e-11, 1.9807672070018533e-11, 1.9155820792338856e-11, 1.8339571187675548e-11, 2.052307112405108e-11, 2.0888016235395766e-11, 1.7830336549665399e-11, 1.9247901553901507e-11, 1.9040684069275265e-11, 1.9609881044399365e-11, 1.789742582478432e-11, 1.8242784976591201e-11, 1.9255877283131928e-11, 2.0226534138782696e-11, 1.8068550694714745e-11, 1.8043818148263824e-11, 1.8633697839313995e-11, 1.8948207984239999e-11, 1.9940657076819054e-11, 1.9439994245241645e-11, 1.8083186993492636e-11, 1.8344060443425531e-11, 1.8912190848483745e-11, 1.9786766337332342e-11, 1.8030790717533485e-11], [1.9136757079618292e-11, 1.868892850048701e-11, 1.8937344361699945e-11, 1.8354241903440954e-11, 1.9646113792373437e-11, 1.9302582730563989e-11, 2.0853920195290246e-11, 1.7634525962949417e-11, 1.7978086662412121e-11, 1.9859206780788149e-11, 1.8500140995480506e-11, 2.0326230763031901e-11, 2.0222733188140712e-11, 1.7724929158079714e-11, 1.8956572593709941e-11, 1.8685592495466424e-11, 1.9217840216927812e-11, 1.8179404818361317e-11, 1.9562807745987575e-11, 1.8825393921126695e-11, 1.7707418437406153e-11, 2.0394960629996268e-11, 2.1082235639816459e-11, 1.7413987027737262e-11, 1.8656108932225719e-11, 1.8454024582690653e-11, 1.9804871454439296e-11, 1.9156311396286281e-11, 1.834074286483939e-11, 2.0522969165367811e-11, 2.0883646354853776e-11, 1.7831398006270724e-11, 1.9244952895888479e-11, 1.9042095380685834e-11, 1.9607393894023887e-11, 1.7895190295021869e-11, 1.8239190030179017e-11, 1.925314702646099e-11, 2.0228030124891178e-11, 1.8066539918418086e-11, 1.8043336729565671e-11, 1.862944915262989e-11, 1.8946000121268094e-11, 1.9939957360612288e-11, 1.9438984364751961e-11, 1.8086482374945472e-11, 1.8339920371526059e-11, 1.8912355802546264e-11, 1.9785972109092875e-11, 1.8026261588889829e-11], [1.9138748410627803e-11, 1.8685157291488274e-11, 1.8943582181061885e-11, 1.8350113810851961e-11, 1.9645086871208378e-11, 1.9302272576526608e-11, 2.0854517123903033e-11, 1.7636432808558866e-11, 1.7981181763248313e-11, 1.986031602020971e-11, 1.8498704971219711e-11, 2.0328127344758524e-11, 2.0222639208028496e-11, 1.7727610010441918e-11, 1.8959495396805698e-11, 1.8684939378998994e-11, 1.9216305652022448e-11, 1.8177724672912915e-11, 1.9563321493239239e-11, 1.8825654879830022e-11, 1.7705314622685205e-11, 2.0393011219488353e-11, 2.1085274474916082e-11, 1.741503622128105e-11, 1.8659842568347077e-11, 1.845966249196718e-11, 1.9807853989768703e-11, 1.9156640336616175e-11, 1.8338801033083225e-11, 2.0522825669753866e-11, 2.0888383145693239e-11, 1.7830170550124011e-11, 1.9247624803096363e-11, 1.904302138336878e-11, 1.9609648603083918e-11, 1.7898173291780661e-11, 1.8240319527515743e-11, 1.925609076470163e-11, 2.0226150135478117e-11, 1.8068556876987741e-11, 1.8043760338195374e-11, 1.863136678332564e-11, 1.8948218558526365e-11, 1.9939143645679099e-11, 1.9439938326792548e-11, 1.8077514108921886e-11, 1.8343892254984378e-11, 1.8911565663043682e-11, 1.9788254551854926e-11, 1.8027611670834034e-11], [1.9136275793410825e-11, 1.8689503175202514e-11, 1.8936216266153144e-11, 1.8350737924443823e-11, 1.9643301695711959e-11, 1.9301637452502862e-11, 2.085501984047123e-11, 1.7636929448347403e-11, 1.7981716896699195e-11, 1.9857852897786295e-11, 1.8498082873359009e-11, 2.0327814758658532e-11, 2.0221845586950659e-11, 1.7727793194551082e-11, 1.8956186333489018e-11, 1.8685053388560712e-11, 1.9220090779315299e-11, 1.8182783497330455e-11, 1.9562843190823159e-11, 1.8825257884975085e-11, 1.7706223068576924e-11, 2.0394438074691401e-11, 2.1083927491475873e-11, 1.741642587040599e-11, 1.8657245745534535e-11, 1.8456423474009275e-11, 1.9807678101941168e-11, 1.9155490458938521e-11, 1.8339692716502568e-11, 2.0522710771460477e-11, 2.0885375859334426e-11, 1.783364446077364e-11, 1.9246988196886933e-11, 1.9041131823721614e-11, 1.9609737470125242e-11, 1.7897072552092576e-11, 1.8239992073520121e-11, 1.9254524600884359e-11, 2.0227471983564715e-11, 1.8067391004369467e-11, 1.8040537267454766e-11, 1.8631991474960003e-11, 1.8947658344695436e-11, 1.9939195133134014e-11, 1.9438698035502751e-11, 1.8087605706708289e-11, 1.8342149560471493e-11, 1.8913226516905614e-11, 1.9787232288906647e-11, 1.8027767772602904e-11], [1.9138356272264811e-11, 1.8689586001784541e-11, 1.8938639256593227e-11, 1.8349659510505886e-11, 1.964898598598421e-11, 1.9302869231601649e-11, 2.085718209756788e-11, 1.7641476609028763e-11, 1.7980231892303708e-11, 1.9861047481379263e-11, 1.8498139983727897e-11, 2.0327641986825383e-11, 2.0223686776624016e-11, 1.772221299853734e-11, 1.8956622267883071e-11, 1.8686254323324847e-11, 1.9217981023695445e-11, 1.8180985583672627e-11, 1.9560284143593585e-11, 1.8824947107956856e-11, 1.7705203440982275e-11, 2.039246158739082e-11, 2.1085283633204322e-11, 1.7414196793570506e-11, 1.8659041369747242e-11, 1.8459145461285228e-11, 1.9805790685864754e-11, 1.91570457929114e-11, 1.8337509726195561e-11, 2.0522094559995935e-11, 2.0885945620196462e-11, 1.7830665021874747e-11, 1.9246012861589381e-11, 1.9042220717971383e-11, 1.9606245293421379e-11, 1.7900223221638457e-11, 1.8239001877911947e-11, 1.9257361803958368e-11, 2.022722546537764e-11, 1.8067015115857018e-11, 1.804216695558866e-11, 1.8628345864277769e-11, 1.8947541139895818e-11, 1.9939523259480626e-11, 1.9439707188860264e-11, 1.8084695399321777e-11, 1.8342567827531027e-11, 1.8913885890035201e-11, 1.9786893491298471e-11, 1.802557942733573e-11], [1.9136760433933093e-11, 1.8690112866938553e-11, 1.8937680499810127e-11, 1.8351028857418994e-11, 1.9642889039730968e-11, 1.9301684891131981e-11, 2.0855332155669575e-11, 1.7637493562443661e-11, 1.7981826213245465e-11, 1.9857763799995617e-11, 1.8495053243904622e-11, 2.0328337422783752e-11, 2.0221797053410037e-11, 1.7727351487617532e-11, 1.8956294762049488e-11, 1.8685054778291624e-11, 1.9220884999079936e-11, 1.818410088522883e-11, 1.9562925463853843e-11, 1.8825315089402241e-11, 1.7706726584759721e-11, 2.0393772090435327e-11, 2.1084467447096e-11, 1.7416745243860362e-11, 1.8659025918479738e-11, 1.8455862817062416e-11, 1.9808154969033549e-11, 1.9155635141351494e-11, 1.8339273259270272e-11, 2.0522430778706327e-11, 2.0886441929289809e-11, 1.7832897039277773e-11, 1.9247820006747987e-11, 1.9041769596976154e-11, 1.9609578540038979e-11, 1.7897492505051215e-11, 1.8240284666296293e-11, 1.9255098190529442e-11, 2.022737863852827e-11, 1.806570775174541e-11, 1.8039378046535707e-11, 1.8633020350417447e-11, 1.8946918114419213e-11, 1.9939159913681497e-11, 1.9439017063103994e-11, 1.8088215108974576e-11, 1.83424843618625e-11, 1.8913769549266752e-11, 1.9787295182753348e-11, 1.802818698753669e-11], [1.9138788155181642e-11, 1.8687569917315383e-11, 1.8942735026738177e-11, 1.8347477572255242e-11, 1.9644107750859251e-11, 1.9302309477073926e-11, 2.0855742809526705e-11, 1.763647250485775e-11, 1.7981209614168572e-11, 1.9860575096278051e-11, 1.849857708738589e-11, 2.032806167580292e-11, 2.0223303665803268e-11, 1.7726605440155475e-11, 1.8959250164122125e-11, 1.8685167536940304e-11, 1.921676984959411e-11, 1.817761645936185e-11, 1.9563259550935823e-11, 1.8825601250668969e-11, 1.7705879276223926e-11, 2.0392893254925261e-11, 2.1085211438719746e-11, 1.7414863069837906e-11, 1.8659861072651035e-11, 1.8459599081812759e-11, 1.9807684417502103e-11, 1.9156716740887586e-11, 1.833815910896873e-11, 2.0522621525401332e-11, 2.0888322863576494e-11, 1.7830532380727004e-11, 1.9247429097425465e-11, 1.9042839638217855e-11, 1.9609369580582499e-11, 1.78987989893674e-11, 1.8239667365948078e-11, 1.9257142038117405e-11, 2.022594307082053e-11, 1.8067624817989867e-11, 1.804367072249747e-11, 1.8630481936810957e-11, 1.8948199625483394e-11, 1.9938487984979616e-11, 1.943993565996603e-11, 1.8081172442859338e-11, 1.8343725547192977e-11, 1.8912193735618141e-11, 1.9788334444772403e-11, 1.8027676318577876e-11], [1.9137285560641391e-11, 1.8689514864371273e-11, 1.893781649654058e-11, 1.835285675949466e-11, 1.9646868011537308e-11, 1.9302168345859638e-11, 2.085549519849467e-11, 1.7638137066107616e-11, 1.798266699048752e-11, 1.9861563648834961e-11, 1.8497249354094354e-11, 2.0326617496837826e-11, 2.0224229646122765e-11, 1.7722725525907159e-11, 1.8956455732242677e-11, 1.8686782628945822e-11, 1.9216541689658035e-11, 1.8180664075018713e-11, 1.9561985392147917e-11, 1.8825369714796817e-11, 1.7705384001337293e-11, 2.0393368552442905e-11, 2.1084136582372981e-11, 1.741233000267543e-11, 1.8658035762839991e-11, 1.8456492551915188e-11, 1.98039440120055e-11, 1.9157427822709045e-11, 1.8338011405209952e-11, 2.0522216741433891e-11, 2.088469753891827e-11, 1.7831089922912028e-11, 1.9245158284767629e-11, 1.9041768403504822e-11, 1.960293171171031e-11, 1.7899458330500758e-11, 1.823912548863214e-11, 1.9257271205110026e-11, 2.0227566698689777e-11, 1.8066484636321367e-11, 1.8043260502397636e-11, 1.8629196919878203e-11, 1.8946312490503657e-11, 1.9940529209655246e-11, 1.9438647981075366e-11, 1.8083951459605136e-11, 1.8343459864345965e-11, 1.8913745155955155e-11, 1.9785864744204707e-11, 1.8025511556666585e-11]]
Csca: [[1.0743237015358544e-11, 1.0743700099206288e-11, 1.0485900046022655e-11, 1.0487050873566637e-11, 1.1108520560078952e-11, 1.110638820330734e-11, 1.1648600556811666e-11, 9.9823135432870756e-12, 9.9836582789677819e-12, 1.1648478554506999e-11, 1.0236970747824159e-11, 1.1613787743611464e-11, 1.1614742711987069e-11, 1.0234893972273246e-11, 1.0452248872374393e-11, 1.0743711381966981e-11, 1.074562762010492e-11, 1.0452994613985854e-11, 1.0781297231268299e-11, 1.057587592528519e-11, 9.8513306556870195e-12, 1.1911224975130613e-11, 1.1912053527324642e-11, 9.851472450534763e-12, 1.0577286390087914e-11, 1.0780176550422199e-11, 1.1078910935141145e-11, 1.0908864379400257e-11, 1.0202514629041014e-11, 1.1902502905114334e-11, 1.1903512513345271e-11, 1.0200501245274756e-11, 1.0910475571536731e-11, 1.1076689423568906e-11, 1.0800460105802767e-11, 1.0076000583247247e-11, 1.0164946367409038e-11, 1.1224706151728231e-11, 1.1224647459306425e-11, 1.0166673262752139e-11, 1.0076131080698227e-11, 1.0801607172849504e-11, 1.0459733909553245e-11, 1.1356636928273349e-11, 1.0882711467534744e-11, 1.0297483154776466e-11, 1.029680928553155e-11, 1.0883320725939469e-11, 1.135512865596007e-11, 1.0458780696083176e-11], [1.0743264725022205e-11, 1.0743684388633187e-11, 1.0485888694583259e-11, 1.0487057767207837e-11, 1.1108505363508637e-11, 1.1106401591521083e-11, 1.1648572876997723e-11, 9.9823105464980323e-12, 9.9836698935446449e-12, 1.164848195415258e-11, 1.0236917374869675e-11, 1.1613786137770311e-11, 1.1614737430667344e-11, 1.0234871864151105e-11, 1.0452266223061436e-11, 1.0743734228206641e-11, 1.0745641512951725e-11, 1.0452974973083228e-11, 1.0781398761262806e-11, 1.0575872868060666e-11, 9.8513649894948739e-12, 1.1911230848876681e-11, 1.1912103610939268e-11, 9.8514839804979155e-12, 1.0577217690370889e-11, 1.078018821179386e-11, 1.1078931736339213e-11, 1.0908861581307107e-11, 1.0202532920253717e-11, 1.1902512444300015e-11, 1.1903534935755933e-11, 1.0200516170599188e-11, 1.0910434133352214e-11, 1.10766394065317e-11, 1.0800496637858336e-11, 1.0075955828633496e-11, 1.0164944565879309e-11, 1.1224694528275042e-11, 1.1224693543156702e-11, 1.0166691837023233e-11, 1.0076095909119011e-11, 1.0801632010371592e-11, 1.0459818793429474e-11, 1.1356634675998036e-11, 1.0882706966151021e-11, 1.0297485881862927e-11, 1.0296831127068741e-11, 1.08833001551558e-11, 1.1355143543191024e-11, 1.0458744244345582e-11], [1.0743228421714647e-11, 1.0743554033128134e-11, 1.0485851841466277e-11, 1.048707428686363e-11, 1.1108489967772651e-11, 1.1106420958104037e-11, 1.1648559999304699e-11, 9.9822981738267349e-12, 9.9836608055412061e-12, 1.1648457407979977e-11, 1.0236952530599366e-11, 1.1613748389248915e-11, 1.1614728340823917e-11, 1.0234899234705426e-11, 1.0452230222184916e-11, 1.0743745627851081e-11, 1.0745524190125788e-11, 1.0452934515773182e-11, 1.0781334605297838e-11, 1.0575872123394182e-11, 9.8513915798876162e-12, 1.1911214364434507e-11, 1.1912164415024109e-11, 9.8515118908546465e-12, 1.0577273336010636e-11, 1.0780202949232276e-11, 1.1078882517938539e-11, 1.0908847391172404e-11, 1.0202577218872687e-11, 1.1902516479310663e-11, 1.1903544536047445e-11, 1.0200510755424844e-11, 1.0910487353054052e-11, 1.1076663787468316e-11, 1.08005125775214e-11, 1.0076004812161403e-11, 1.0164894556058138e-11, 1.122474578438581e-11, 1.1224635088698288e-11, 1.0166657738791252e-11, 1.0076124769857352e-11, 1.0801753682194694e-11, 1.0459724006848856e-11, 1.1356635870854138e-11, 1.0882689312823822e-11, 1.0297397600725579e-11, 1.0296816067583945e-11, 1.0883252621517487e-11, 1.1355133406872535e-11, 1.0458680601290272e-11], [1.0743233552578142e-11, 1.0743694586836687e-11, 1.0485902700597955e-11, 1.0487065671314187e-11, 1.1108525539583384e-11, 1.1106392867536031e-11, 1.1648588998855083e-11, 9.9822912106065009e-12, 9.9836574020808169e-12, 1.1648495177548005e-11, 1.0237025817425067e-11, 1.1613792078834557e-11, 1.1614735392616575e-11, 1.0234871536962604e-11, 1.0452249298899534e-11, 1.0743747674395469e-11, 1.0745632251558818e-11, 1.0452984717523476e-11, 1.0781310289649283e-11, 1.0575876684778731e-11, 9.8513369892375302e-12, 1.1911229181093215e-11, 1.1912053926985416e-11, 9.8514718906705466e-12, 1.0577276115444394e-11, 1.07801977905133e-11, 1.1078921758885165e-11, 1.0908866711861475e-11, 1.0202511819053204e-11, 1.1902507799599655e-11, 1.1903514297084251e-11, 1.020050270999794e-11, 1.0910471002549589e-11, 1.1076687033594095e-11, 1.080047182886654e-11, 1.0075976957672926e-11, 1.0164946433853891e-11, 1.1224709026583945e-11, 1.1224670547435264e-11, 1.0166665763628174e-11, 1.0076116139948606e-11, 1.0801620307073487e-11, 1.0459745698739148e-11, 1.1356636834078168e-11, 1.088270934394588e-11, 1.0297494310243886e-11, 1.0296830333710035e-11, 1.0883314612554271e-11, 1.1355143301598675e-11, 1.0458773020253197e-11], [1.0743223651448152e-11, 1.0743673892276215e-11, 1.0485863961125711e-11, 1.048707999406832e-11, 1.110849528906136e-11, 1.1106423511535994e-11, 1.1648563819393805e-11, 9.9822922738388096e-12, 9.9836740871411175e-12, 1.1648451540843585e-11, 1.0236948415581933e-11, 1.1613746181832104e-11, 1.1614731616937557e-11, 1.0234886135345796e-11, 1.0452222270048482e-11, 1.0743733976088506e-11, 1.0745616673391407e-11, 1.0452898629451788e-11, 1.078133751032653e-11, 1.0575857266953831e-11, 9.8514032409779306e-12, 1.1911210230752896e-11, 1.1912163941957322e-11, 9.8515110413776358e-12, 1.057727759689667e-11, 1.0780206095881025e-11, 1.107887859554533e-11, 1.0908843273835733e-11, 1.0202567398930657e-11, 1.1902514195023994e-11, 1.1903539663220183e-11, 1.020050450548872e-11, 1.0910493249368766e-11, 1.107668398507815e-11, 1.0800514490218383e-11, 1.0075980660292901e-11, 1.0164915990678823e-11, 1.1224736686608145e-11, 1.1224614878865032e-11, 1.0166655535328406e-11, 1.0076117574386983e-11, 1.0801745742109882e-11, 1.0459720258085406e-11, 1.1356599349792762e-11, 1.0882684597559123e-11, 1.029745110458571e-11, 1.0296809730145716e-11, 1.0883254761690109e-11, 1.1355111320044989e-11, 1.0458695403627357e-11], [1.0743263639737259e-11, 1.074368334678604e-11, 1.0485887062498528e-11, 1.0487053902754446e-11, 1.1108502308420704e-11, 1.1106404334010797e-11, 1.1648575368410405e-11, 9.982299049562284e-12, 9.9836667065321073e-12, 1.1648479557000038e-11, 1.0236926306830889e-11, 1.1613782352068145e-11, 1.1614738632493966e-11, 1.0234871640681262e-11, 1.0452271918998805e-11, 1.0743735290692473e-11, 1.0745645517382521e-11, 1.0452972746951824e-11, 1.0781371686634368e-11, 1.0575871489079273e-11, 9.8513669490703582e-12, 1.1911232272932561e-11, 1.1912111874823349e-11, 9.8514867889189874e-12, 1.0577187941824658e-11, 1.0780188653844087e-11, 1.1078930761132384e-11, 1.0908859755758273e-11, 1.0202534545263756e-11, 1.1902512956673863e-11, 1.1903547096626613e-11, 1.0200517498356727e-11, 1.0910421903227097e-11, 1.1076647910836566e-11, 1.0800500473177929e-11, 1.0075955969259132e-11, 1.0164944143317369e-11, 1.1224697180266555e-11, 1.1224698812722848e-11, 1.0166685313564755e-11, 1.00760975247178e-11, 1.0801633987063106e-11, 1.0459800243562311e-11, 1.135663513698075e-11, 1.0882727770327088e-11, 1.0297484619942736e-11, 1.0296827053506271e-11, 1.0883297712510604e-11, 1.1355145280996366e-11, 1.045873876362394e-11], [1.0743222881314341e-11, 1.0743695233606594e-11, 1.0485902641682782e-11, 1.0487052052073904e-11, 1.1108499699957857e-11, 1.1106430756105563e-11, 1.1648615652537823e-11, 9.9823010647263766e-12, 9.9836779810238509e-12, 1.1648445080923375e-11, 1.0236950497344983e-11, 1.1613755719362297e-11, 1.1614712818501432e-11, 1.0234949337211769e-11, 1.0452218432917818e-11, 1.0743713081459429e-11, 1.0745635688194646e-11, 1.0452973540266387e-11, 1.0781338207899892e-11, 1.0575860231657672e-11, 9.851326978382262e-12, 1.1911211402771542e-11, 1.1912142710041386e-11, 9.8514905308194809e-12, 1.0577286602495457e-11, 1.0780232828978429e-11, 1.1078938338009912e-11, 1.0908850757086676e-11, 1.0202534709010329e-11, 1.1902497489706667e-11, 1.1903526073007561e-11, 1.0200481566862632e-11, 1.0910502000511837e-11, 1.1076697171305948e-11, 1.080051189295919e-11, 1.0075976810255088e-11, 1.0164924111044381e-11, 1.1224702675496632e-11, 1.1224554905088668e-11, 1.0166673023155012e-11, 1.0076083067730343e-11, 1.0801656407866356e-11, 1.0459714673024166e-11, 1.1356617881467577e-11, 1.0882683936631833e-11, 1.0297516818419111e-11, 1.029680537045223e-11, 1.0883300653117834e-11, 1.1355115074360455e-11, 1.0458779941772965e-11], [1.0743260940562299e-11, 1.0743682472355856e-11, 1.0485898365100421e-11, 1.0487049254519282e-11, 1.1108497595610149e-11, 1.1106411179816202e-11, 1.1648583436277351e-11, 9.9823027236839261e-12, 9.9836622731800758e-12, 1.1648471714366237e-11, 1.0236964474562626e-11, 1.1613773508107068e-11, 1.1614738935650405e-11, 1.0234870508073193e-11, 1.0452317134298482e-11, 1.0743723736004239e-11, 1.0745653665816653e-11, 1.0452964894311207e-11, 1.0781365941965313e-11, 1.0575868238272836e-11, 9.8513731541617101e-12, 1.1911235696708173e-11, 1.1912126440917014e-11, 9.8514885221951428e-12, 1.0577227362355717e-11, 1.0780186232560952e-11, 1.1078913044019636e-11, 1.0908856687723044e-11, 1.0202539404496447e-11, 1.1902513164552744e-11, 1.1903553044321347e-11, 1.0200512293485994e-11, 1.0910472186349263e-11, 1.107665312726387e-11, 1.0800501187509225e-11, 1.0075987877040316e-11, 1.0164942664154996e-11, 1.1224707038827629e-11, 1.1224697896715591e-11, 1.0166667822861861e-11, 1.0076104460761747e-11, 1.0801668060957483e-11, 1.0459755576197789e-11, 1.1356639176186975e-11, 1.0882735172978935e-11, 1.0297484608186333e-11, 1.0296817835583427e-11, 1.0883290498005136e-11, 1.1355149582124632e-11, 1.0458730005715748e-11], [1.0743222344768471e-11, 1.0743683278218903e-11, 1.048586955422558e-11, 1.0487089595342321e-11, 1.1108509566267079e-11, 1.1106424941889354e-11, 1.164854872452486e-11, 9.9822897330382343e-12, 9.9836741286165835e-12, 1.1648446588384511e-11, 1.0236945598754548e-11, 1.1613745378717788e-11, 1.1614721178000725e-11, 1.0234876239334193e-11, 1.0452220226914647e-11, 1.0743729023373734e-11, 1.0745627236644215e-11, 1.0452923811686015e-11, 1.0781339901383364e-11, 1.0575852527674611e-11, 9.8513690868240377e-12, 1.1911207858408932e-11, 1.1912162405151528e-11, 9.8515094777488892e-12, 1.0577278880272171e-11, 1.0780208087376131e-11, 1.1078884157657939e-11, 1.0908842478586322e-11, 1.0202560379127402e-11, 1.1902511661898179e-11, 1.1903536906046823e-11, 1.020048851052393e-11, 1.091049601760461e-11, 1.1076686182954695e-11, 1.0800514503015828e-11, 1.0075974339668684e-11, 1.0164924722655937e-11, 1.1224721523165015e-11, 1.1224605386253703e-11, 1.0166670353756929e-11, 1.007611376591754e-11, 1.0801734342159264e-11, 1.045971919592287e-11, 1.1356593126634542e-11, 1.0882682922451992e-11, 1.0297510797773771e-11, 1.0296807838517437e-11, 1.0883266057952032e-11, 1.1355111644295346e-11, 1.045872177692087e-11], [1.0743227791695621e-11, 1.0743704390145331e-11, 1.0485913990601289e-11, 1.0487039591714509e-11, 1.1108514078404029e-11, 1.1106412306381727e-11, 1.1648626911848458e-11, 9.982311058780117e-12, 9.9836802009794019e-12, 1.1648459351716349e-11, 1.0236953191268919e-11, 1.1613777238199645e-11, 1.1614740860454499e-11, 1.0234928408472617e-11, 1.0452236228319868e-11, 1.0743706430139638e-11, 1.0745624971517279e-11, 1.0452991057872711e-11, 1.0781335309185837e-11, 1.0575867712613609e-11, 9.8513216010916334e-12, 1.19112207644976e-11, 1.1912113954054301e-11, 9.8514844494924206e-12, 1.0577293413546849e-11, 1.0780200314271819e-11, 1.1078892444194389e-11, 1.0908854322809611e-11, 1.0202528556954355e-11, 1.190250068150729e-11, 1.190352245165309e-11, 1.0200494848028477e-11, 1.0910497359231247e-11, 1.1076695397911021e-11, 1.0800497448819551e-11, 1.0075993913849459e-11, 1.0164927773023842e-11, 1.1224698059774516e-11, 1.1224592960252204e-11, 1.0166677111165628e-11, 1.0076101955507588e-11, 1.0801613683369158e-11, 1.0459721653266912e-11, 1.1356632325335196e-11, 1.088270044873732e-11, 1.029750572215518e-11, 1.0296802280639655e-11, 1.08833175068618e-11, 1.1355124017776534e-11, 1.0458784201306281e-11]]
Cbsca: [[1.4367075755858828e-11, 1.4368360026166708e-11, 1.3473917298508362e-11, 1.3472952111763618e-11, 1.5884893255468488e-11, 1.5879108445151967e-11, 1.6881870135395496e-11, 1.2746528112192253e-11, 1.2749554847286595e-11, 1.68796562047655e-11, 1.3661280857320604e-11, 1.6599125084274449e-11, 1.6600953561976641e-11, 1.3655856703750294e-11, 1.2934935358422096e-11, 1.4671440020778629e-11, 1.4678028719059722e-11, 1.2936383790721989e-11, 1.4403084539605825e-11, 1.3505964302455736e-11, 1.2735745445217792e-11, 1.7703287437826836e-11, 1.7706390502054985e-11, 1.2736289027653822e-11, 1.3509365226436113e-11, 1.4400156973655589e-11, 1.5753154035562222e-11, 1.499939368937867e-11, 1.3681143330723801e-11, 1.7845136558193722e-11, 1.784763666099248e-11, 1.3674985606971319e-11, 1.5003704253522717e-11, 1.5747244430396422e-11, 1.4045565448369908e-11, 1.2921731295388135e-11, 1.250178943378539e-11, 1.5633193702197115e-11, 1.5636955651753457e-11, 1.2504225697718866e-11, 1.2924592513032097e-11, 1.4045611628719985e-11, 1.3592458404837615e-11, 1.6071274754765769e-11, 1.425773461291287e-11, 1.365982211118335e-11, 1.3657844631605561e-11, 1.425944077865131e-11, 1.6067730699088997e-11, 1.3590699491616348e-11], [1.43671663520821e-11, 1.4368317482437525e-11, 1.3473806573568561e-11, 1.3472936235170398e-11, 1.5884933069183989e-11, 1.5879110510558435e-11, 1.6881784828296799e-11, 1.2746507207171058e-11, 1.2749668420621127e-11, 1.6879619748443184e-11, 1.3661251092724951e-11, 1.659910333662743e-11, 1.6600961457328798e-11, 1.3655807540051453e-11, 1.2935017331540985e-11, 1.4671506999636703e-11, 1.4678080015979564e-11, 1.2936394091198479e-11, 1.440325770351191e-11, 1.3505967563667524e-11, 1.2735709892445183e-11, 1.7703303496902792e-11, 1.7706477939078618e-11, 1.2736360480984026e-11, 1.3509248947673886e-11, 1.4400130699730809e-11, 1.5753164112982979e-11, 1.4999377739871071e-11, 1.3681113753186768e-11, 1.7845161061872955e-11, 1.7847725013176503e-11, 1.3675044067011055e-11, 1.5003643876195044e-11, 1.5747128123626547e-11, 1.4045634509871969e-11, 1.2921693635170354e-11, 1.2501827303838101e-11, 1.5633255918142479e-11, 1.5637084921503802e-11, 1.250411776919769e-11, 1.2924589188483354e-11, 1.4045628147755325e-11, 1.3592635425017878e-11, 1.6071221069812586e-11, 1.4257734039320248e-11, 1.3659804836849126e-11, 1.3657975102029354e-11, 1.4259413429122402e-11, 1.6067795659751453e-11, 1.3590636814194348e-11], [1.4367038040810216e-11, 1.4368207732851511e-11, 1.3473830944739813e-11, 1.3472999112655291e-11, 1.5884909834164416e-11, 1.5879194326649072e-11, 1.6881799634839031e-11, 1.2746506273211214e-11, 1.2749665773846692e-11, 1.6879473574287718e-11, 1.3661286756935375e-11, 1.6599069592232472e-11, 1.6600939465431304e-11, 1.3655879968485066e-11, 1.293483866702308e-11, 1.4671478290107398e-11, 1.4677914671516811e-11, 1.2936315542267443e-11, 1.4403106790837261e-11, 1.350590849673002e-11, 1.2735768600948415e-11, 1.7703245749324079e-11, 1.7706542647496986e-11, 1.2736378103849134e-11, 1.3509356446276672e-11, 1.4400177151249053e-11, 1.5753113270725162e-11, 1.4999312596575857e-11, 1.3681160104039818e-11, 1.784510891643338e-11, 1.7847661345111312e-11, 1.3675031418120415e-11, 1.5003738460710843e-11, 1.5747170053354163e-11, 1.4045672495016152e-11, 1.2921727491735976e-11, 1.2501815107748167e-11, 1.5633266956061201e-11, 1.5637046964780907e-11, 1.2504143207762909e-11, 1.2924604255628926e-11, 1.4045835770773954e-11, 1.35923847577027e-11, 1.6071286729900662e-11, 1.4257657087141451e-11, 1.3659668060689474e-11, 1.3657866584918652e-11, 1.4259441601640849e-11, 1.606770696716303e-11, 1.3590670086272386e-11], [1.4367080171599226e-11, 1.4368354425983767e-11, 1.3473860162038116e-11, 1.3472931386667251e-11, 1.588492849897636e-11, 1.5879105391718253e-11, 1.6881841778139427e-11, 1.2746404456341236e-11, 1.2749564539532191e-11, 1.6879663089403859e-11, 1.3661364021113876e-11, 1.659913317572739e-11, 1.6600949048443659e-11, 1.3655789510005508e-11, 1.2934950097345192e-11, 1.4671509148934132e-11, 1.4678049350615136e-11, 1.2936387559263434e-11, 1.4403126176543239e-11, 1.350597029889911e-11, 1.2735734472630116e-11, 1.7703295786178126e-11, 1.7706383917489945e-11, 1.2736303538870438e-11, 1.350935941321615e-11, 1.4400157659321793e-11, 1.5753171631134069e-11, 1.4999394314756391e-11, 1.3681128052970622e-11, 1.7845140380057371e-11, 1.7847659766832359e-11, 1.3674995247450991e-11, 1.5003706561096359e-11, 1.5747243825535772e-11, 1.4045594582237342e-11, 1.2921726575439591e-11, 1.2501807648585641e-11, 1.5633197752042401e-11, 1.5637013716218216e-11, 1.2504289650936305e-11, 1.2924617491330886e-11, 1.4045616492702662e-11, 1.3592490723746347e-11, 1.6071241294427182e-11, 1.4257734629822522e-11, 1.3659838717276e-11, 1.3657937894812419e-11, 1.4259439382960959e-11, 1.6067795959780682e-11, 1.359069022583149e-11], [1.436702705373013e-11, 1.4368282034981104e-11, 1.3473849121822101e-11, 1.3473022404819122e-11, 1.5884927558710891e-11, 1.5879201630508184e-11, 1.688180559659702e-11, 1.2746491630272386e-11, 1.2749670881326601e-11, 1.6879454763952835e-11, 1.3661262766250908e-11, 1.6599067866657478e-11, 1.6600981181302707e-11, 1.3655904102839232e-11, 1.2934848406063166e-11, 1.4671470163782949e-11, 1.4677969486902663e-11, 1.2936234656734511e-11, 1.4403111271093717e-11, 1.3505869177580078e-11, 1.273577188536917e-11, 1.7703249762433411e-11, 1.7706548285311202e-11, 1.2736383848244039e-11, 1.3509371087249648e-11, 1.4400173950397887e-11, 1.575309449416711e-11, 1.499929072397566e-11, 1.3681174511892068e-11, 1.7845114108606726e-11, 1.7847620107219443e-11, 1.3675012180577939e-11, 1.5003746595996059e-11, 1.5747191825023688e-11, 1.4045670428594195e-11, 1.2921696423473261e-11, 1.2501816825453442e-11, 1.5633201695333928e-11, 1.5637002007118479e-11, 1.2504144984532949e-11, 1.2924602416255774e-11, 1.4045816093662261e-11, 1.3592375306877882e-11, 1.6071238543047849e-11, 1.4257652206644591e-11, 1.3659668625824408e-11, 1.3657851339769479e-11, 1.425932185149099e-11, 1.6067690802551659e-11, 1.3590646159054867e-11], [1.4367158557281244e-11, 1.4368311961981499e-11, 1.3473806898291888e-11, 1.3472928935088753e-11, 1.5884928361826916e-11, 1.5879119139076497e-11, 1.6881781196114088e-11, 1.2746479495156628e-11, 1.2749664006075856e-11, 1.6879616911297803e-11, 1.3661271452320972e-11, 1.6599094132238379e-11, 1.6600965731803351e-11, 1.3655796941736978e-11, 1.2935025546799451e-11, 1.4671522214581029e-11, 1.4678086863516655e-11, 1.293639773916267e-11, 1.4403198883377546e-11, 1.3505967492519682e-11, 1.2735716438520275e-11, 1.7703304533209565e-11, 1.7706490996764854e-11, 1.2736374989830154e-11, 1.3509257253373153e-11, 1.4400140988411283e-11, 1.5753154872656575e-11, 1.4999374318930659e-11, 1.3681112753699901e-11, 1.784516251437164e-11, 1.7847743619860605e-11, 1.3675057637014221e-11, 1.5003653671157403e-11, 1.5747112193857729e-11, 1.4045641912888633e-11, 1.2921697540204151e-11, 1.2501830766064184e-11, 1.5633254777207439e-11, 1.5637095235944724e-11, 1.2504079733240096e-11, 1.2924567606981025e-11, 1.4045631627117785e-11, 1.359259969273249e-11, 1.6071218711442291e-11, 1.4257788054699642e-11, 1.3659800082432355e-11, 1.3657971307190946e-11, 1.4259407817780173e-11, 1.6067793472689416e-11, 1.3590626615337208e-11], [1.4367019239597832e-11, 1.4368291659325777e-11, 1.3473947005863939e-11, 1.3473070873770382e-11, 1.5884907134901177e-11, 1.5879218191699296e-11, 1.6881825055892482e-11, 1.2746565786360508e-11, 1.2749731873804337e-11, 1.6879488272297572e-11, 1.3661235061498423e-11, 1.6599087131083582e-11, 1.6600878916954346e-11, 1.3655968089120058e-11, 1.2934833830871393e-11, 1.4671471809026049e-11, 1.4678019567781197e-11, 1.2936335577746207e-11, 1.4403079683511997e-11, 1.3505894405202383e-11, 1.2735726758201583e-11, 1.7703305509923033e-11, 1.7706485224851307e-11, 1.2736339630195874e-11, 1.350938453360546e-11, 1.440024071125709e-11, 1.5753155792599341e-11, 1.4999346977686629e-11, 1.3681162321360502e-11, 1.7845122323520642e-11, 1.7847590176544311e-11, 1.3674921839524256e-11, 1.5003753679738549e-11, 1.5747207564423241e-11, 1.4045648149725705e-11, 1.2921619774849921e-11, 1.2501657901787614e-11, 1.5633149582568779e-11, 1.5636787620908448e-11, 1.2504181318387784e-11, 1.2924524883241253e-11, 1.4045693666163434e-11, 1.3592383319245726e-11, 1.6071148419434851e-11, 1.4257670559792816e-11, 1.365979322043459e-11, 1.365782930527165e-11, 1.4259393385158525e-11, 1.606763115032938e-11, 1.3590669053640332e-11], [1.4367135757735798e-11, 1.4368304543394363e-11, 1.3473905435551026e-11, 1.3472920711708128e-11, 1.5884918967571635e-11, 1.587914170826007e-11, 1.6881778163762623e-11, 1.2746501455454595e-11, 1.2749657480176658e-11, 1.6879610102758152e-11, 1.3661338395485704e-11, 1.659907529865047e-11, 1.6600969764352843e-11, 1.3655777651617474e-11, 1.2935107968584652e-11, 1.4671523800789263e-11, 1.4678101778403517e-11, 1.293640438485572e-11, 1.4403178796919905e-11, 1.3505970093107387e-11, 1.2735745413207983e-11, 1.7703308175982705e-11, 1.7706508071469303e-11, 1.2736433913065643e-11, 1.3509304938008295e-11, 1.4400126835864158e-11, 1.5753110168440419e-11, 1.4999370207583076e-11, 1.3681117074615714e-11, 1.7845163922379748e-11, 1.7847749994830669e-11, 1.367510407543126e-11, 1.5003718942380765e-11, 1.5747126326937475e-11, 1.4045651037972792e-11, 1.2921723544652119e-11, 1.2501837545668061e-11, 1.5633268687644159e-11, 1.5637117682017068e-11, 1.2504050832782305e-11, 1.2924507899763423e-11, 1.4045718647410251e-11, 1.3592499955290463e-11, 1.6071219822552962e-11, 1.425778251566601e-11, 1.3659798864342883e-11, 1.365796937842353e-11, 1.4259393664819217e-11, 1.6067787629707198e-11, 1.359061130431229e-11], [1.4367022824271006e-11, 1.4368268771183372e-11, 1.3473861607780993e-11, 1.3473063522345372e-11, 1.5884941249212839e-11, 1.5879205989585836e-11, 1.6881760703626576e-11, 1.2746485541612476e-11, 1.2749673514961625e-11, 1.6879446106174355e-11, 1.3661249394595538e-11, 1.6599067162396929e-11, 1.6600972494268762e-11, 1.3655867907878115e-11, 1.2934846639712711e-11, 1.4671468386218903e-11, 1.4677980747490535e-11, 1.2936235776748103e-11, 1.4403115740116325e-11, 1.350586103124369e-11, 1.2735747387307728e-11, 1.7703254831165751e-11, 1.7706545803818158e-11, 1.2736383954874924e-11, 1.3509374973008248e-11, 1.4400174923416778e-11, 1.5753089314062177e-11, 1.4999296471581403e-11, 1.3681172706148504e-11, 1.7845115607848225e-11, 1.7847602956363975e-11, 1.367496592911784e-11, 1.5003750053474651e-11, 1.5747187715487609e-11, 1.4045668250536421e-11, 1.2921681239995745e-11, 1.2501810683611806e-11, 1.5633140587080045e-11, 1.5636979711597785e-11, 1.2504172860898339e-11, 1.2924598242717433e-11, 1.4045799170670503e-11, 1.3592372729300621e-11, 1.6071186743069824e-11, 1.4257650877403008e-11, 1.3659719107959141e-11, 1.3657845988829962e-11, 1.4259330510733458e-11, 1.6067688757915522e-11, 1.3590677776613234e-11], [1.4367036082507393e-11, 1.4368332697019718e-11, 1.347398938792906e-11, 1.3473028163247596e-11, 1.5884952570804593e-11, 1.5879208103395841e-11, 1.688188204402624e-11, 1.2746606888865637e-11, 1.2749686206386963e-11, 1.6879549836633809e-11, 1.36612404860558e-11, 1.6599110232218255e-11, 1.6600930674582647e-11, 1.3655910202437319e-11, 1.2934891635963521e-11, 1.4671467930904822e-11, 1.467801493811085e-11, 1.2936373146934001e-11, 1.4403100630868907e-11, 1.350593440713802e-11, 1.2735731888139764e-11, 1.7703311611648176e-11, 1.7706453287404919e-11, 1.2736308030265488e-11, 1.350939049318539e-11, 1.4400202880619143e-11, 1.5753113210483847e-11, 1.4999374708339568e-11, 1.3681155614934119e-11, 1.7845144652990557e-11, 1.7847614163996477e-11, 1.367493229140043e-11, 1.5003744138676904e-11, 1.5747231114982152e-11, 1.4045634139445225e-11, 1.2921653711268679e-11, 1.2501706533214751e-11, 1.5633159715464513e-11, 1.5636789944198999e-11, 1.2504194148352526e-11, 1.2924518424981045e-11, 1.4045636183808594e-11, 1.3592409287349365e-11, 1.6071192628603197e-11, 1.4257704815752468e-11, 1.3659808883258755e-11, 1.3657805784209299e-11, 1.4259426397312089e-11, 1.6067657260610959e-11, 1.3590688823834219e-11]]
g: [[0.045346462263530486, 0.045322826801064225, 0.053825163234924985, 0.053870645946684427, 0.023328758676479457, 0.023424693084321244, 0.021089653300971421, 0.055885250598126157, 0.055832273437615924, 0.021160774964863169, 0.043969929826694544, 0.025758947761005097, 0.025718027285986388, 0.044048546341414002, 0.065793888341007703, 0.035814858683026932, 0.035719126117512538, 0.065787762405146125, 0.044779433485829544, 0.056538970895345625, 0.050849386936320039, 0.014193613452500815, 0.014122169986451067, 0.050856628848943625, 0.056484796497005843, 0.044842549631564227, 0.025836127944876539, 0.03502117211656721, 0.04070677976448156, 0.011631965204205638, 0.011569155322307026, 0.040809060452700878, 0.034944567863388579, 0.025935583844972174, 0.050955114198183944, 0.053827226810162783, 0.066767504468201275, 0.031108909457656053, 0.031020198526255444, 0.066744046317264369, 0.053780381894117268, 0.05099194054353267, 0.0538610268217058, 0.028352671583867041, 0.050827884760546164, 0.045362958378644104, 0.0453883381143525, 0.050798167087018571, 0.02841282090654541, 0.053889122264760933], [0.045344705016446586, 0.045323396043289998, 0.053828404299707609, 0.053871227737177028, 0.023326842543159105, 0.023425706985422887, 0.021090715263561988, 0.055886013797986009, 0.055828649612228248, 0.021161729081125593, 0.043968407439373948, 0.025759417427542706, 0.025717642466340472, 0.044049273734261145, 0.065791878938584472, 0.03581340544521254, 0.035717939365430204, 0.06578663046534873, 0.044778847824725763, 0.056538699872010316, 0.050852120758587978, 0.014193319955871926, 0.014121332191745186, 0.050854679845883335, 0.05648644590870288, 0.044844100118063501, 0.025836761868981904, 0.035021395618543061, 0.040708641288429701, 0.011631735850966839, 0.011567563741992751, 0.040807930481889222, 0.034945274074110036, 0.025936387070957939, 0.050954665324225407, 0.053826535263226227, 0.066766203079003134, 0.031106517891460475, 0.031018479950167745, 0.066748413390150044, 0.053779239832438992, 0.050992742727718643, 0.05385898471992754, 0.028354191390749735, 0.050827686631267091, 0.045363395734960524, 0.045384827477420855, 0.050798181654469407, 0.028411539586859769, 0.053889584648040972], [0.045347300448734675, 0.045321584051120127, 0.053825217349822027, 0.053869756826416246, 0.023326877549299047, 0.023424279315102079, 0.021089761085322341, 0.055885630145439409, 0.055828058853077699, 0.021164475016786696, 0.043969054746361827, 0.025759232915344089, 0.02571774782577347, 0.044048060542770613, 0.065796431217354248, 0.035814749421865057, 0.035718511639086424, 0.065787377324624807, 0.044780522676504224, 0.056540448555216144, 0.050851429890473046, 0.014194142873835561, 0.014121968428827037, 0.050855424004768092, 0.056484426781220926, 0.044843469394780081, 0.02583590760189303, 0.035022340039999524, 0.040709492743563239, 0.011633121780509501, 0.011569860197796883, 0.040808041934963457, 0.03494378590331508, 0.025936429975664966, 0.050954358305650864, 0.053827847291478471, 0.066764505414132896, 0.031107943879555251, 0.031017674819164353, 0.066746048727861954, 0.05377983595613791, 0.050991747358711911, 0.053863004798169752, 0.028352241993155294, 0.050829478554118762, 0.04536411054053463, 0.045387754369133837, 0.050795556965597129, 0.028413672663178822, 0.053885688499242648], [0.045346125554570259, 0.045322729358114745, 0.053827164964784076, 0.053871922638178582, 0.023328440424751788, 0.023425366395204303, 0.021089945661172272, 0.055888581935426007, 0.055832086102309247, 0.021161192461612889, 0.043969729458142183, 0.025758921072254384, 0.025717923551249404, 0.044049744052605519, 0.065793453792595227, 0.035814030270367246, 0.035718590882247783, 0.065787214198096494, 0.044778652290380472, 0.056538760503474603, 0.050850134454780468, 0.014193532529563476, 0.014122067921114895, 0.050856033001786365, 0.056484620156366606, 0.044843320326608538, 0.025836088265204778, 0.035021149321078082, 0.040707160366451958, 0.011632073490376307, 0.011568564906477619, 0.040808811555286269, 0.034944370065126552, 0.02593543643583248, 0.050954794948015573, 0.053826488517622034, 0.066766915697534041, 0.031108871926852504, 0.031019412782959978, 0.066741515191782924, 0.053779127102923742, 0.050992423644570538, 0.053860504868567638, 0.02835370565992567, 0.050827761780051904, 0.045362736543926321, 0.04538607507197339, 0.050797984048693616, 0.028411491271697988, 0.053889082434775352], [0.045347476178409188, 0.045324179073926128, 0.053825375926622711, 0.053869187822574292, 0.02332655453528833, 0.023424170846901723, 0.02108970566930523, 0.055885919210870105, 0.055828468916490473, 0.02116478783568871, 0.04396969325339297, 0.025759215519135667, 0.025716786466442168, 0.044046647896823818, 0.065795751961461285, 0.035814523310198861, 0.035720351058133884, 0.06578851241765718, 0.044780467642408291, 0.05654120383301104, 0.050851825778699844, 0.014193889432074039, 0.014121857329857846, 0.050855216050409428, 0.056484089981769084, 0.044843661678818515, 0.025836239465966814, 0.035023275473464503, 0.040708337996540285, 0.011632906542704342, 0.011570724762463385, 0.040808360286857942, 0.034943737648938676, 0.025936854768601619, 0.050954509974920528, 0.053827742490759688, 0.066765375884038816, 0.031109465257852409, 0.031018163000401833, 0.066745889976809983, 0.053779653800214731, 0.050991932300373112, 0.053863148300641574, 0.028352330386728356, 0.050829482233073202, 0.045366490602482219, 0.045388015437477176, 0.050799380095120722, 0.028413404532765633, 0.053887185030469492], [0.045344900182448931, 0.045323510984031562, 0.053828314567709104, 0.053871294814054636, 0.023326824418944039, 0.023425606818148658, 0.021090904468396288, 0.055886452851195006, 0.055828630278911343, 0.021161693423720953, 0.043968143305979264, 0.025759537093281833, 0.025717557591367287, 0.044049607023331709, 0.065791836289237779, 0.035813069145664393, 0.035717876589003543, 0.065786417590911389, 0.044779395185183521, 0.056538658745326889, 0.050851946475792081, 0.014193325963950157, 0.014121305384757667, 0.050854361111666337, 0.056485119816595437, 0.044843850129675573, 0.025836993593846152, 0.035021438153821874, 0.040708768901649858, 0.01163170064674691, 0.011567545985913927, 0.040807601725038195, 0.034944644050781369, 0.025937197786080474, 0.05095460036461489, 0.053826393153078467, 0.066766074902590566, 0.031106654079769789, 0.031018433485290497, 0.066749381935518562, 0.053780004819494728, 0.050992742524846736, 0.053859351918810271, 0.028354265306468555, 0.050826848755664344, 0.045363484711090814, 0.045384786050109788, 0.050798252504481868, 0.028411679048140751, 0.053889683054623071], [0.045347731557890195, 0.045324674934458485, 0.053824242403709983, 0.053866440471057105, 0.023327691597222075, 0.023423961841294701, 0.021091198883670333, 0.055884248510368752, 0.055827292029353763, 0.021163842408209531, 0.043970529719444422, 0.025759028310191875, 0.025719170522457098, 0.04404746664470853, 0.065795978889825607, 0.035813679791805469, 0.035719725768089614, 0.065788454142106781, 0.044781081919631399, 0.056540667243967467, 0.050849647696933897, 0.01419266150115055, 0.014122967506063342, 0.050855942002983975, 0.056484016429556826, 0.044842495284230274, 0.025837330716077491, 0.035022158828609179, 0.040706978525409228, 0.011632119614428374, 0.011571016497377561, 0.040810210178607496, 0.034943869530374053, 0.025937011995292268, 0.050954952838766832, 0.053830319616055451, 0.066771186554924505, 0.03110990172444246, 0.031021663726699594, 0.066745443088813375, 0.0537810504078024, 0.050991686380345735, 0.053862620800120456, 0.028355548298891566, 0.050828937752664873, 0.045365302018623155, 0.045388617223105776, 0.050798749066825043, 0.02841524256501006, 0.053890116988503156], [0.04534549582089497, 0.045323673491144995, 0.05382549661721045, 0.053871341405060703, 0.023326867106487074, 0.023425314140486046, 0.021091305483056932, 0.055885901188726002, 0.055828601434704972, 0.021161534641416888, 0.043967755406949562, 0.025759761084220324, 0.025717441381532313, 0.044050173790213934, 0.065790905382483139, 0.035812572198056086, 0.035717738078626875, 0.065785855915509325, 0.044779792365095043, 0.056538479380687214, 0.050851114291807893, 0.014193310911382746, 0.014121430609786058, 0.050852681596111969, 0.056484711308369448, 0.044844136913961656, 0.025837440197410567, 0.035021473165843524, 0.040708910028306587, 0.011631638179482873, 0.011567655427893189, 0.040806042923237237, 0.034944163422262295, 0.025937120102145501, 0.050954348686755684, 0.053826998666283238, 0.066765798007084376, 0.03110656435067043, 0.031017849185675597, 0.066749675813817022, 0.053782257870906555, 0.050991554832765934, 0.053860643056936691, 0.028354352260292408, 0.050827258780739779, 0.045363494679457279, 0.045384487922924731, 0.050798398513269095, 0.028412014532424004, 0.053889809605239355], [0.045347565461754558, 0.045324912989326643, 0.053825302507978422, 0.053868156834264096, 0.023326736626628205, 0.023424103081512909, 0.021090198021971315, 0.055886045255130412, 0.055828394547759438, 0.02116486863076892, 0.043970018012145923, 0.025759212608807393, 0.0257167216305892, 0.044047359283273066, 0.065795718933276875, 0.035814380666419246, 0.035720418686413749, 0.065789540663537913, 0.044780409176562001, 0.056541321357964157, 0.050850944769554457, 0.014193670698472468, 0.014121899019433471, 0.050855168746092631, 0.056484010645363986, 0.044843692259777058, 0.025836636029108063, 0.035023144672583544, 0.040707992162767249, 0.011632776308123522, 0.011571064760447459, 0.040809109503254719, 0.034943728477433204, 0.02593707965102383, 0.050954571963369139, 0.053827986696267434, 0.06676593570997115, 0.031110660525703202, 0.031018420343599529, 0.066745594061420013, 0.053779653894481479, 0.050991928702269644, 0.053863185076212627, 0.028353578368453071, 0.050829474158760636, 0.045367339473796744, 0.045388123047330094, 0.050799483707186031, 0.02841348256356634, 0.053887323716297751], [0.045347401633390551, 0.045323824543874125, 0.053823423969375346, 0.053867459227340028, 0.02332657384576705, 0.023423154411021191, 0.021090376665813745, 0.055882829454898815, 0.055828526337356951, 0.021162854479347452, 0.043970457976332859, 0.025759099778429911, 0.025718589903701339, 0.044048386851224794, 0.065794790034174114, 0.035813621868395748, 0.035719550283282837, 0.065787942204293307, 0.044780537135160788, 0.056539692018227047, 0.050849279824111214, 0.014192797982788217, 0.014122928298588459, 0.050856658764812268, 0.056484120346146569, 0.044842187864829616, 0.025836574181104376, 0.035021445877198812, 0.040706922021273149, 0.011631595907884269, 0.011570238324918242, 0.040810456387357655, 0.034944053010019939, 0.025936229989355502, 0.050954529599840745, 0.053829658618278153, 0.066769621636830118, 0.031109479846139484, 0.031022778165189516, 0.066745194935654367, 0.053781781097123504, 0.050991551380133934, 0.053862075506443605, 0.028354877615176115, 0.050828466517306013, 0.045364377071266483, 0.045389284946309817, 0.050798411914629901, 0.028414854185081589, 0.0538896577012489]]
w: [[0.56139920783472608, 0.57486562839354183, 0.55370853946199483, 0.57133342868521209, 0.56538496016055007, 0.57541228555999047, 0.55857780949874636, 0.56600322126118785, 0.55515768558505485, 0.58651171576151517, 0.55345389175613879, 0.57136520207999208, 0.57432049666555318, 0.57747306131747833, 0.55138628223294828, 0.57491933438471521, 0.55917556078166608, 0.57497990246002373, 0.55106491964393678, 0.56178829199817781, 0.55636169906051225, 0.5840589557447412, 0.56501576029346934, 0.56575671213720036, 0.56693404896288846, 0.58408794353274285, 0.55943096629059341, 0.5694493111940212, 0.5563037695627906, 0.57997078074527608, 0.5699915177350664, 0.57207053370218286, 0.56692894952613671, 0.58170160469884435, 0.5509073276552986, 0.56300932611364729, 0.55731997220803098, 0.5829542953435467, 0.55492373741113199, 0.56277676907621976, 0.55835125765731775, 0.57977981196398876, 0.55208256761735819, 0.56950595863707998, 0.5598473981900921, 0.56940088503759811, 0.56132187935027378, 0.57545355352103245, 0.57389089207726729, 0.58022117218908931], [0.56141631074363629, 0.57485767476969696, 0.55374421647228933, 0.57148200358065504, 0.56550424815183786, 0.57540995986683896, 0.55855493229028386, 0.56600105668770406, 0.5552032181371479, 0.58658681490605047, 0.55336100274606814, 0.57133396297907713, 0.57436392394976898, 0.57732912735165509, 0.55140013494273254, 0.57496545708743485, 0.55909589292379247, 0.57490557934072595, 0.55113048668301379, 0.56179134683152776, 0.55637165455618187, 0.58403511146240328, 0.56499378414129808, 0.56565227055057521, 0.56692256588678691, 0.58410904786620732, 0.55933558171966613, 0.56948947935308214, 0.55630331388460441, 0.57996494965252121, 0.569959069207711, 0.57198436157814847, 0.56687975204188679, 0.58169039916292353, 0.55077390024870243, 0.5629989452544647, 0.55729324540470659, 0.58297694000481726, 0.5549028494501772, 0.562695735167837, 0.55851459746279919, 0.57975742563389876, 0.55204544202917127, 0.56956118819306756, 0.55982323730910677, 0.56931824802151332, 0.56139352653479202, 0.5754404190110618, 0.57386521965313009, 0.58015319556940037], [0.56133886911419284, 0.57495983779479187, 0.55349857357610066, 0.57145752745294742, 0.56548869824962533, 0.5754006202421591, 0.55857593233419056, 0.56599944038008321, 0.55520580279086562, 0.58652977784873428, 0.55338701918460542, 0.5713092758155125, 0.57436151157531901, 0.57734109389460631, 0.5512920279308221, 0.57500738802696927, 0.55924226532575882, 0.57499455793319831, 0.55109842646343676, 0.5617781816890759, 0.5563689786479642, 0.58407367878400951, 0.56494651309210386, 0.56569375267684696, 0.56685737561317873, 0.58398421566348346, 0.55932279567107013, 0.56947950753095733, 0.55631492767556989, 0.57995786339024324, 0.56987434335082077, 0.57208739313539569, 0.56684035516809472, 0.58173665122368268, 0.5507688982440847, 0.56298625907465261, 0.55720080947626915, 0.58292570207739347, 0.55494604323614616, 0.56267145664124096, 0.5584253114869081, 0.57968921549241803, 0.55201652924374889, 0.56952164751161527, 0.55980928674850783, 0.56944595023162514, 0.56131607826631968, 0.57546228825149759, 0.57387514530094952, 0.5800455878576668], [0.5613925864179089, 0.57486947882307537, 0.55371558441981406, 0.57137013484322274, 0.56543119198951597, 0.57538377234617455, 0.5585802999997026, 0.56606518551048923, 0.55532368875238858, 0.58655389946474557, 0.55334852960990533, 0.57136968551774037, 0.57434053471208557, 0.57742806448945094, 0.55137864438467843, 0.57497495340338611, 0.55914879769338766, 0.57499048081958626, 0.55111262297512387, 0.56178780263981687, 0.55633953780789458, 0.58402805463495489, 0.5650280231422895, 0.56572178875400414, 0.56696046071931361, 0.58416513656456359, 0.55940387113200907, 0.56946593142019564, 0.55627582231754646, 0.57996032171041556, 0.56999214097099649, 0.57205288707092705, 0.56692635526691881, 0.58169475638847201, 0.55083668371442274, 0.5630550327523417, 0.55731347812236831, 0.58300645661496364, 0.5549067545446742, 0.56273452523488909, 0.55843973268192471, 0.57981426174099404, 0.55208200315576983, 0.56954168099231306, 0.55983940002951604, 0.56934754347305361, 0.56144356818999852, 0.57546054686053427, 0.57389868129755861, 0.58019645219723648], [0.56133365782071776, 0.57498439668850554, 0.55353120972064873, 0.57149945238303812, 0.56545920931211802, 0.57539460535038023, 0.55856310410766852, 0.56600404300547991, 0.55522902880314129, 0.58651894204453781, 0.55338730097639699, 0.57131411983340574, 0.57434301712342506, 0.5773415665911672, 0.55129221803073281, 0.5749943180529643, 0.5591926392084875, 0.57503889059492219, 0.5510995417650516, 0.56177898375715474, 0.55640938615999913, 0.58408295383911135, 0.56495180824553781, 0.56568995414084522, 0.56684709735113403, 0.58398717206081574, 0.55931746070361144, 0.56945492957783794, 0.55633775515232486, 0.57996468841840254, 0.569864100069155, 0.57209236876412117, 0.56684881178760282, 0.58166631030262728, 0.55077552427532217, 0.56296139812882873, 0.55727729853333563, 0.58291876704197032, 0.55495557996359635, 0.56267114216945235, 0.5584267018365161, 0.57976131690869992, 0.55201602334160937, 0.5695630440103574, 0.55981065446902012, 0.56962760712235083, 0.56132087928873875, 0.57548142526125079, 0.57383086973583408, 0.58014869604429931], [0.56140827795952208, 0.57485120102287712, 0.55374774533184579, 0.57147859371831167, 0.56551095536274532, 0.57541254524862184, 0.55855019355125191, 0.56598848902792631, 0.55521209481196732, 0.58659310334092474, 0.55340471641924249, 0.57132468442636275, 0.57436590456358061, 0.577334783205115, 0.55139107282002497, 0.57499087999769694, 0.5590840147824383, 0.57488297919218467, 0.55111476289355832, 0.56179158626666903, 0.55637878902324978, 0.58404317046194454, 0.56498543165827886, 0.565643425477936, 0.56692118901613464, 0.5840887141013521, 0.55932506092405854, 0.56948997360012121, 0.55630891438454855, 0.57996787506384728, 0.56994651074505276, 0.57198165640194776, 0.56686385379463067, 0.58172213781100857, 0.55077231348110189, 0.56299464283509448, 0.55728884652720379, 0.58296412988306168, 0.55492346358670885, 0.5627090990119169, 0.55852535738473474, 0.57973588070709947, 0.55203656585303718, 0.56956336808745256, 0.55984859430662093, 0.56931164836944836, 0.56137515505252411, 0.57543316063933103, 0.57386223172618345, 0.58014607773671556], [0.56134511911471485, 0.57484928946958758, 0.55367772201649912, 0.57151207879741106, 0.56534722493474443, 0.57537719511266716, 0.55849422026651185, 0.56584271747510728, 0.55525857735446016, 0.58649701592246739, 0.55340431558794756, 0.57132823014540146, 0.57431233715143115, 0.57752095283227245, 0.55137557130239956, 0.5749527377484499, 0.55914487973244742, 0.57493987287760928, 0.5511851529739159, 0.56180026275810935, 0.55640857283680645, 0.584098753930548, 0.56495055590727683, 0.56571604465023317, 0.56687191977852069, 0.58400497745619095, 0.55937874502111484, 0.56944326776747756, 0.55637514915320097, 0.57998453593077226, 0.56992995622362397, 0.57207521729271626, 0.56689674266438284, 0.58169146001191696, 0.55087099703802855, 0.56289671282282505, 0.55731800342399496, 0.58287852665204554, 0.55492311213425771, 0.56272012603963284, 0.55847410638272699, 0.57985053995480673, 0.55203546443291573, 0.56955312991587481, 0.55981727661351044, 0.56940504614776621, 0.56136117185279699, 0.57541325544592148, 0.57387053098324947, 0.58021879318410485], [0.56139391918772563, 0.57483240196802909, 0.55370552720041688, 0.57146928033299649, 0.56552259563964291, 0.57541148570501022, 0.5585422159344825, 0.56597059487747792, 0.55520847297623654, 0.58659534032572225, 0.55349743196529599, 0.57130955997859878, 0.57436729806818976, 0.57734910458689781, 0.551390304144459, 0.57499021883983681, 0.55906133699520211, 0.57484089866671817, 0.55111215149727477, 0.56178970646959037, 0.55636331803083483, 0.58406241100902268, 0.5649716536975038, 0.56563315270790482, 0.56686921431842396, 0.584106326505347, 0.55931070113998516, 0.56948551208171461, 0.55632190328693598, 0.57997579784274678, 0.56991770473019465, 0.57200533772044426, 0.56684196872810644, 0.58170292791605094, 0.55077681376255405, 0.56298321534128681, 0.55727982595235437, 0.58294727597641982, 0.55492597915457287, 0.56276056064726354, 0.55856163304348327, 0.57970569761737456, 0.55205577566926722, 0.56956457670989835, 0.55983978704534332, 0.56929246728590566, 0.56136440584855896, 0.57541625796255191, 0.57386062507531632, 0.58013210163318774], [0.56133242385358906, 0.57491066659577306, 0.55355625992891178, 0.57158209100093016, 0.56548812026248341, 0.57539357946161152, 0.55852955374976687, 0.56600262497439524, 0.55522817112091238, 0.58651104169523649, 0.5533909743650004, 0.57131592593217906, 0.57432363029986622, 0.57737372639600115, 0.55129924107938044, 0.57498703194036327, 0.55917968111957073, 0.57504369921407061, 0.55110140890952042, 0.56178033237046265, 0.55638971288213857, 0.58408621618867917, 0.56495342433591511, 0.56569548886154897, 0.56684660400686682, 0.58398928598602584, 0.55932252978892472, 0.5694526168621985, 0.55635684686243059, 0.57997033406118026, 0.56986561265784175, 0.57207986237974717, 0.56685471926554587, 0.58167197715221208, 0.55078336193483057, 0.56294136526446348, 0.55729770278777091, 0.58288615729929749, 0.55496079203580695, 0.56270098898854781, 0.55842926424911388, 0.57978824051871158, 0.55201651885995628, 0.56958146150249078, 0.55981064509711498, 0.56951565670402582, 0.56132587745203655, 0.57546291086554979, 0.57382856935163085, 0.58014807854870076], [0.56137678238917177, 0.57485196743263656, 0.55370237601134098, 0.57141183681331509, 0.56540890242051467, 0.57539713193746334, 0.55853993400690116, 0.56595041876398189, 0.55518351122559151, 0.58648249239931438, 0.55343110725827871, 0.57135808454143333, 0.57429830770741808, 0.57750307047926419, 0.55138135398073684, 0.57493612696589291, 0.55918620244246986, 0.57495100370044938, 0.55113706983512067, 0.56178804840687591, 0.55640259484615306, 0.58407323605549044, 0.56497992732665248, 0.5657763463005081, 0.5669028373615278, 0.5840871597866617, 0.55942858844067467, 0.56943209828400621, 0.55635959273401625, 0.57998123845346639, 0.56996384216104079, 0.57206233001614604, 0.56692167441754993, 0.58170518426598694, 0.55096337668551887, 0.56292172242329364, 0.55731442712860957, 0.58288102920812468, 0.55491563209030315, 0.56273687525941019, 0.55844130578110585, 0.57982175666645852, 0.5520716318022082, 0.56952512172226055, 0.55984863038480104, 0.56942785680204577, 0.56133370458936527, 0.57541842808615273, 0.57390082084243788, 0.58022121416233463]]
