number of elements: 192
number of scatterers: 8
number of waves: 50
number of Gauss points: 10
assembly time (mins): 0.025424555937449137
Cext avg: 1.653193193537625e-11
Csca avg: 1.2236288383768249e-11
Cbsca avg: 1.6541867693987923e-11
g avg: 0.038757012905738006
w avg: 0.518130463438391
solver time phi (mins): [[0.11208100318908691, 0.11235751708348592, 0.1123567263285319, 0.10635335048039754, 0.11027909517288208, 0.11222183704376221, 0.11347178220748902, 0.11348466873168946, 0.11378522713979085, 0.1131052851676941, 0.11348810990651449, 0.11359063784281413, 0.11311889886856079, 0.11399890581766764, 0.11381527185440063, 0.11067457596460978, 0.11074142853418986, 0.11381481885910034, 0.11225080092748006, 0.11426588694254557, 0.11042644182840983, 0.11286263465881348, 0.11329421202341715, 0.11201306581497192, 0.11112122138341268, 0.11369700034459432, 0.11400216817855835, 0.11429105599721273, 0.11361399094263712, 0.11094027757644653, 0.11224985520044962, 0.11105470657348633, 0.10265779892603556, 0.11226267417271932, 0.11336027383804322, 0.11100838581720988, 0.1134127656618754, 0.11080842812856039, 0.10974984169006348, 0.10159532229105632, 0.06713855266571045, 0.0710526466369629, 0.066267196337382, 0.06692810853322347, 0.06467289527257283, 0.06523517370224, 0.06503779490788777, 0.06640491088231405, 0.06575875282287598, 0.06875375509262086], [0.10974916219711303, 0.11356309652328492, 0.11301813125610352, 0.11647804180781046, 0.11017603476842244, 0.11238694190979004, 0.11328995227813721, 0.11258629560470582, 0.11588829358418783, 0.11386838754018148, 0.11346606810887655, 0.11345171928405762, 0.11589523553848266, 0.1137458324432373, 0.113413405418396, 0.11376578013102213, 0.11288183927536011, 0.11384807427724203, 0.11393152475357056, 0.11241205930709838, 0.11102819442749023, 0.11373786131540935, 0.11219741503397623, 0.11041218439737956, 0.11591541369756063, 0.11609529654184977, 0.11351014375686645, 0.11369325319925944, 0.11372057596842448, 0.1119645118713379, 0.11447961727778116, 0.11016147534052531, 0.10161837339401245, 0.11420343716939291, 0.11316197315851848, 0.11554780801137289, 0.11357400417327881, 0.11371867259343466, 0.1107153574625651, 0.11584306160608927, 0.06739298502604167, 0.06568663120269776, 0.06681228081385295, 0.06657885710398356, 0.06485720872879028, 0.06614020268122354, 0.06519298553466797, 0.06892869472503663, 0.06527915398279825, 0.06643129189809163], [0.11295679807662964, 0.11623583634694418, 0.11296358108520507, 0.11539695262908936, 0.11279875040054321, 0.11454909642537435, 0.11593160231908163, 0.1103038231531779, 0.11454852024714152, 0.11502419710159302, 0.11288313865661621, 0.11251423756281535, 0.1154479185740153, 0.11251066128412883, 0.11022732257843018, 0.11625423828760782, 0.11594045162200928, 0.11508386135101319, 0.11293968756993612, 0.11119920412699381, 0.11352444887161255, 0.11534249782562256, 0.11457223494847615, 0.11035467386245727, 0.11500466267267863, 0.11583100557327271, 0.11460264126459757, 0.11157865524291992, 0.11390958229700725, 0.11221570173899333, 0.11438596248626709, 0.11294738451639812, 0.11582960685094197, 0.11248346169789632, 0.11318150361378988, 0.11522096395492554, 0.11181938648223877, 0.11517152786254883, 0.11281083822250366, 0.11521472930908203, 0.06934673388799031, 0.07232712109883627, 0.07329683303833008, 0.07414372364679972, 0.0650684396425883, 0.06504756609598795, 0.0673509399096171, 0.07174363533655802, 0.06585599978764851, 0.06615136861801148], [0.1155392050743103, 0.11446505784988403, 0.1138576626777649, 0.11436917384465535, 0.11272809108098349, 0.11297735770543417, 0.11539146900177003, 0.11350909471511841, 0.10971442858378093, 0.1153515895207723, 0.10946136713027954, 0.1165265679359436, 0.11503420273462932, 0.1133832335472107, 0.11565840244293213, 0.11631713310877483, 0.1154267152150472, 0.11464080015818277, 0.11341191530227661, 0.11542578935623168, 0.11369237502415976, 0.10345661640167236, 0.11581401824951172, 0.11336139043172201, 0.11594260533650716, 0.11295698483784994, 0.10391185681025188, 0.11233387390772502, 0.11326443751653036, 0.11578656435012817, 0.11525928974151611, 0.10941165685653687, 0.11325217088063558, 0.11284382740656534, 0.11579458316167196, 0.1128251830736796, 0.11492202679316203, 0.11390850941340129, 0.11412997245788574, 0.11576883792877198, 0.06629255215326944, 0.07292629877726237, 0.07176177899042765, 0.0665608803431193, 0.06677521467208862, 0.06634933153788249, 0.06567933559417724, 0.06978094577789307, 0.06750001112620035, 0.06786877711613973], [0.11286115248998006, 0.11043246984481811, 0.11491620143254598, 0.11370933850606282, 0.10259401003519694, 0.11315487225850424, 0.10798052151997885, 0.11407182614008586, 0.10385880867640178, 0.1145045797030131, 0.11234655777613321, 0.11338009436925252, 0.11313002904256185, 0.10959715843200683, 0.11509183645248414, 0.11154128313064575, 0.1138288935025533, 0.11483314832051596, 0.11427998940149943, 0.11426819960276285, 0.09824965794881185, 0.11279146671295166, 0.11403350432713827, 0.11234627962112427, 0.11362630128860474, 0.11313785314559936, 0.112283988793691, 0.11241368055343628, 0.11096274058024089, 0.11212605635325114, 0.11265588998794555, 0.11123543580373128, 0.11428857247034709, 0.11314468383789063, 0.11531755924224854, 0.1117090106010437, 0.11642992496490479, 0.11385250488917033, 0.11335881153742472, 0.1018309752146403, 0.07311229308446249, 0.06632058620452881, 0.06754685640335083, 0.06483664115269978, 0.06458307902018229, 0.06455274820327758, 0.06562406619389852, 0.06795539855957031, 0.06540635824203492, 0.06545027097066243], [0.10988866090774536, 0.11582945982615153, 0.11335709889729818, 0.11613168319066365, 0.11296477715174356, 0.11393353541692099, 0.1146709163983663, 0.11268417835235596, 0.11581220229466756, 0.11287392377853393, 0.11263014078140259, 0.11083950201670328, 0.11493517160415649, 0.11381404399871826, 0.11385543743769327, 0.1141917864481608, 0.11235971053441365, 0.11457032362620036, 0.11422622203826904, 0.11289140383402506, 0.1115221619606018, 0.11241300503412882, 0.11381142536799113, 0.11026262044906616, 0.11605734427769979, 0.11476720174153646, 0.11241300503412882, 0.11386546691258749, 0.11349650621414184, 0.11330572764078777, 0.11431664228439331, 0.11012154817581177, 0.10352036555608114, 0.11684759060541788, 0.11249488194783529, 0.11657117207845052, 0.1137311061223348, 0.11344858805338541, 0.11016010840733846, 0.11578298409779866, 0.06534195343653361, 0.06261770327885946, 0.06720902919769287, 0.06501391728719076, 0.06583189169565837, 0.0650135636329651, 0.06293202638626098, 0.06805077393849691, 0.06532562573750814, 0.06683810154596964], [0.11486065785090128, 0.11673057476679484, 0.11632117827733358, 0.11549945672353108, 0.11429720322291057, 0.1146496574083964, 0.11607874234517415, 0.11267080704371134, 0.11449438333511353, 0.1163008173306783, 0.11382666031519571, 0.11621692180633544, 0.11657293240229288, 0.11229757070541382, 0.11262474457422893, 0.11590181986490886, 0.11588150262832642, 0.11688503821690878, 0.11339809894561767, 0.11336095730463663, 0.11199620564778646, 0.11556907892227172, 0.11641294956207275, 0.1136495550473531, 0.11665738026301066, 0.11199605862299601, 0.11220444440841675, 0.11155354579289754, 0.1127980629603068, 0.11273239453633627, 0.11391120354334514, 0.11199733018875122, 0.11487196683883667, 0.11351315180460612, 0.11501370271046957, 0.11681402921676635, 0.11310191551844279, 0.11655391454696655, 0.11471539338429769, 0.11598653395970662, 0.0713375727335612, 0.06646763881047567, 0.06582329670588176, 0.06609049240748087, 0.06662219365437826, 0.06668200890223185, 0.06505050261815389, 0.06638104915618896, 0.06546011765797934, 0.06761765082677205], [0.11500668525695801, 0.11273761987686157, 0.11578759352366129, 0.10005470911661783, 0.11374738613764444, 0.11391947269439698, 0.11566920677820841, 0.1156946341196696, 0.11316529115041098, 0.11525862614313762, 0.11288783550262452, 0.11421846946080526, 0.11645619074503581, 0.11178447802861531, 0.11468651294708251, 0.11491578420003255, 0.11454692681630453, 0.11202152570088704, 0.1078625758488973, 0.11400205691655477, 0.10998693307240805, 0.11305058002471924, 0.11449230909347534, 0.11162078777949015, 0.1116888165473938, 0.11225268443425497, 0.11397860050201417, 0.1126434604326884, 0.11264630556106567, 0.11303023497263591, 0.11522955497105916, 0.10958079894383749, 0.11108058293660482, 0.11223817666371663, 0.11422295570373535, 0.11098072528839112, 0.11432760953903198, 0.11563667058944702, 0.1162877877553304, 0.10975105365117391, 0.07631117900212606, 0.06733649174372355, 0.06804667313893636, 0.0707192858060201, 0.06712557077407837, 0.06884876092274984, 0.06495610078175863, 0.06571895281473795, 0.06517526706059774, 0.06427769263585409], [0.11361624797185262, 0.11209355195363363, 0.11498449246088664, 0.11218622128168741, 0.10100427071253458, 0.11214067141215006, 0.11076955397923788, 0.11233506600062053, 0.10723427931467693, 0.11168055931727092, 0.11429369449615479, 0.11209957599639893, 0.11240316232045491, 0.11308596928914388, 0.11167700290679931, 0.11017968654632568, 0.11188993056615194, 0.11410772403081258, 0.11280484596888224, 0.11419711112976075, 0.10271188815434774, 0.11200324694315593, 0.1123878280321757, 0.11385448773701985, 0.11302953163782756, 0.11359599033991495, 0.11286224126815796, 0.11214708884557088, 0.10965141852696737, 0.11299734115600586, 0.11444303989410401, 0.11009019613265991, 0.11170947154362997, 0.11318741242090861, 0.11373452742894491, 0.11020849943161011, 0.11456622282663981, 0.11385125716527303, 0.11215474208196004, 0.1008514404296875, 0.06880316734313965, 0.06476440827051798, 0.06609984238942464, 0.06508528391520182, 0.06610499223073324, 0.06296194394429525, 0.06383453607559204, 0.06448331276575724, 0.06285218397776286, 0.06223668654759725], [0.11401283740997314, 0.11304019689559937, 0.1135279655456543, 0.11158430178960164, 0.11055437326431275, 0.11276764869689941, 0.11335662206013998, 0.1133510192235311, 0.10327139695485434, 0.11325511932373047, 0.11334003210067749, 0.11276566982269287, 0.11299052238464355, 0.11347264846165975, 0.11251369714736939, 0.11375370820363363, 0.11028985182444255, 0.11375789244969686, 0.1126458724339803, 0.11237039566040039, 0.11119205156962077, 0.11313890218734741, 0.11302978992462158, 0.1099808136622111, 0.11427111625671386, 0.11238617499669393, 0.11285358270009359, 0.11230325698852539, 0.11480119625727335, 0.11360694964726765, 0.1131663203239441, 0.10986688137054443, 0.1138980229695638, 0.1126656691233317, 0.11447400252024333, 0.11278408368428548, 0.11309733788172403, 0.11264140605926513, 0.11137161652247111, 0.10443907578786214, 0.0756759762763977, 0.06675823132197062, 0.06483607292175293, 0.06481715440750122, 0.06593540906906128, 0.06685093641281128, 0.0662420908610026, 0.06608072916666667, 0.0656787355740865, 0.0644935170809428]]
solver time theta (mins): [[0.11459854046503702, 0.11382460594177246, 0.11376597881317138, 0.11616315444310506, 0.11354443629582724, 0.11218729416529337, 0.11427239974339803, 0.11284667650858561, 0.11132973432540894, 0.11421425739924113, 0.11136855284372965, 0.11602375109990438, 0.11422890822092692, 0.11098468701044718, 0.11436771949132284, 0.1146421472231547, 0.11449453830718995, 0.11465604702631632, 0.1120399792989095, 0.11574121316274007, 0.11338155666987101, 0.11443866888682047, 0.1157151460647583, 0.1133790930112203, 0.11564303636550903, 0.11515920162200928, 0.10382415453592936, 0.1125985582669576, 0.11339056094487508, 0.11307789882024129, 0.11154157320658366, 0.11073759396870932, 0.11229335069656372, 0.11152347723642984, 0.11610596577326457, 0.11465703248977661, 0.1161483923594157, 0.1138749639193217, 0.11454434792200724, 0.1161213199297587, 0.06595536867777506, 0.06053514877955119, 0.06595192352930705, 0.06600827773412068, 0.06566436290740967, 0.06585382223129273, 0.06570934454600016, 0.06576536893844605, 0.06563713153203328, 0.06598628759384155], [0.11396505037943522, 0.11591579914093017, 0.11402849753697714, 0.10302393436431885, 0.11160248120625814, 0.11154037714004517, 0.11494444608688355, 0.11470202207565308, 0.1093493103981018, 0.11475119988123576, 0.10745848417282104, 0.11574998696645102, 0.11401377121607463, 0.1118192195892334, 0.11585357189178466, 0.1166024923324585, 0.11628299951553345, 0.1115899364153544, 0.11384008328119914, 0.11521570682525635, 0.11369043191274007, 0.10921510457992553, 0.1137816309928894, 0.1116460124651591, 0.11181970437367757, 0.11244490146636962, 0.1125301480293274, 0.11245079437891642, 0.11334321896235149, 0.11204344431559245, 0.11459206342697144, 0.10935078064600627, 0.11403989394505819, 0.11160209576288858, 0.11478859583536784, 0.11155373652776082, 0.11466448307037354, 0.11428257226943969, 0.11452198425928752, 0.11368960936864217, 0.06602962811787923, 0.06330286264419556, 0.06441275278727214, 0.06572010517120361, 0.06577272017796834, 0.06473303238550822, 0.06604610284169515, 0.0660300612449646, 0.06577272017796834, 0.06441227197647095], [0.11200733582178751, 0.1095703681310018, 0.11377083857854207, 0.1118079423904419, 0.10376475254694621, 0.11142291227976481, 0.10700492064158122, 0.11425066391626994, 0.10562402407328288, 0.11184738079706828, 0.1119299332300822, 0.11391746203104655, 0.11353078285853067, 0.10980370044708251, 0.11377718448638915, 0.10038590828577677, 0.11403605143229166, 0.1111203948656718, 0.11569333871205648, 0.1140634814898173, 0.10030341943105062, 0.1118619680404663, 0.11334432363510132, 0.11215930382410685, 0.11199294328689575, 0.11196624835332235, 0.1114931066830953, 0.11185840368270875, 0.10576792160669962, 0.1111883799235026, 0.11169661283493042, 0.10938633680343628, 0.11138890981674195, 0.10933521986007691, 0.11389984289805094, 0.1111183524131775, 0.11403026580810546, 0.11266515254974366, 0.11458462476730347, 0.10140339533487956, 0.06559983094533285, 0.06458316246668498, 0.06594158013661702, 0.0645845095316569, 0.06545491615931193, 0.06414848566055298, 0.06051628192265828, 0.06325355768203736, 0.06290392478307089, 0.06292424201965333], [0.1102029800415039, 0.11212077140808105, 0.11190650860468547, 0.10961682796478271, 0.10978703896204631, 0.11360122760136922, 0.11191502809524537, 0.11154375871022543, 0.11208717425664266, 0.11186598936716716, 0.11208705107371013, 0.11244355837504069, 0.11480671962102254, 0.11326587200164795, 0.11315226157506307, 0.10996245940526327, 0.11003175576527914, 0.10946569442749024, 0.11190658410390218, 0.11236464977264404, 0.11098409493764241, 0.1128803292910258, 0.11189742485682169, 0.11152857542037964, 0.1135669231414795, 0.11600666046142578, 0.11241939465204874, 0.11275772253672282, 0.11241058508555095, 0.11229965686798096, 0.1118606964747111, 0.10959850152333578, 0.10439347823460897, 0.11189488172531128, 0.11325865983963013, 0.1119054635365804, 0.11206152041753133, 0.10942259629567465, 0.10946456988652548, 0.1043226440747579, 0.06317139863967895, 0.06451827685038249, 0.06443028052647909, 0.06452254454294841, 0.06449987490971883, 0.06454609632492066, 0.06323653062184652, 0.06586381594340006, 0.06317245165506999, 0.06588534514109294], [0.11302771170934041, 0.11491765975952148, 0.11250267426172893, 0.11665464242299398, 0.11391706466674804, 0.11534819602966309, 0.11353912750879923, 0.11255670388539632, 0.11578383843104044, 0.11498345136642456, 0.11183226505915324, 0.11452280282974243, 0.1148768424987793, 0.11194974581400553, 0.11164548794428507, 0.11598025957743327, 0.11424325704574585, 0.1161523699760437, 0.11404480536778767, 0.11316603024800619, 0.11184305747350057, 0.11425650119781494, 0.11456714471181234, 0.10955973466237386, 0.11583294868469238, 0.11542843580245972, 0.11194072564442953, 0.10935372908910115, 0.11312969128290812, 0.1114758849143982, 0.11175172726313273, 0.11421879132588704, 0.11390129327774048, 0.11347625255584717, 0.113034458955129, 0.11609728733698527, 0.11165959040323893, 0.11570087671279908, 0.11570079326629638, 0.11571596066157024, 0.06465952396392823, 0.06330621242523193, 0.0646462599436442, 0.0659988005956014, 0.06461885372797647, 0.06601667006810506, 0.06465769608815511, 0.06599162419637045, 0.06601753234863281, 0.0660189708073934], [0.11470829645792643, 0.11460474332173666, 0.11392070452372233, 0.10090835889180501, 0.11233355204264323, 0.11263856490453085, 0.11513831615447997, 0.11470900376637777, 0.11092964013417562, 0.11486077308654785, 0.10995630820592245, 0.11574910084406535, 0.11461323897043864, 0.11288277705510458, 0.11593044598897298, 0.11575435797373454, 0.11417857805887859, 0.11380258003870646, 0.11015637318293253, 0.11451712846755982, 0.11002461910247803, 0.1123162587483724, 0.11439979076385498, 0.11232382853825887, 0.11380312442779542, 0.11237271229426066, 0.1123162587483724, 0.1123486320177714, 0.11342685619990031, 0.11264647245407104, 0.11585145791371664, 0.11004724105199178, 0.11028780539830525, 0.112641175587972, 0.11451014280319213, 0.11400553782780966, 0.11646749973297119, 0.11427157322565715, 0.11502434412638346, 0.1134130080540975, 0.06603797674179077, 0.06332436005274454, 0.06605880657831828, 0.06596284707387289, 0.06605894168217977, 0.06468776067097982, 0.06586625973383585, 0.06595880587895711, 0.06596904993057251, 0.0645922342936198], [0.11202175219853719, 0.11197597980499267, 0.11490759054819742, 0.11179377237955729, 0.10892902612686158, 0.11443328460057577, 0.11355964740117391, 0.11200997034708658, 0.10046598911285401, 0.11368428071339926, 0.11236648559570313, 0.11197324991226196, 0.11331971089045206, 0.11198533376057943, 0.11214610735575357, 0.11469434897104899, 0.11373652219772339, 0.11539039214452108, 0.1132864236831665, 0.1132521907488505, 0.10986710786819458, 0.11215480168660481, 0.11174046198527018, 0.10972953637440999, 0.1121550718943278, 0.11215335130691528, 0.11192153294881185, 0.11383432944615682, 0.1119572122891744, 0.11191811561584472, 0.11328060626983642, 0.10965489149093628, 0.11441510915756226, 0.11320539315541585, 0.11198332707087198, 0.11130045255025228, 0.11362106005350749, 0.11375260353088379, 0.11431225935618082, 0.10500637292861939, 0.06477672656377156, 0.06442580223083497, 0.06483640273412068, 0.06485552787780761, 0.06485528151194254, 0.06346583366394043, 0.06446436246236166, 0.06443665424982707, 0.06456958452860515, 0.06448755264282227], [0.11033419370651246, 0.11422127485275269, 0.11316523949305217, 0.11426429748535157, 0.11246833801269532, 0.11251421769460042, 0.11146279573440551, 0.1123347520828247, 0.11423274676005045, 0.11328683296839397, 0.11175926526387532, 0.11003715991973877, 0.11392167806625367, 0.11196722984313964, 0.11180485089619954, 0.11120794614156088, 0.11186819076538086, 0.11151814858118693, 0.11276563008626302, 0.11186638673146566, 0.10962263345718384, 0.11202997366587321, 0.11380162636439005, 0.10954915285110474, 0.11424542268117269, 0.11422919034957886, 0.1128513773282369, 0.1125103235244751, 0.11040669282277425, 0.11275158325831096, 0.11282984018325806, 0.11206791400909424, 0.1152978499730428, 0.11205494006474813, 0.11163851817448935, 0.11518863439559937, 0.11186591784159343, 0.11308360894521077, 0.11085108915964763, 0.11400849024454753, 0.06331315040588378, 0.06351063251495362, 0.06429872910181682, 0.0642224113146464, 0.06353021065394084, 0.06487790743509929, 0.06287147204081217, 0.06628557840983072, 0.06288590828577677, 0.06631325085957845], [0.11307746966679891, 0.11622028748194377, 0.11209436655044555, 0.11448713541030883, 0.1120626966158549, 0.11428301334381104, 0.11435760656992594, 0.11209492286046346, 0.11242356697718302, 0.11432655254999796, 0.11343992551167806, 0.11437229712804159, 0.1145393172899882, 0.1121556043624878, 0.11216444174448649, 0.11402562856674195, 0.11447211901346842, 0.11403170426686605, 0.11248504320780436, 0.11213415066401164, 0.11223307847976685, 0.11437686681747436, 0.11440469026565551, 0.11292285919189453, 0.11433415810267131, 0.11546538670857748, 0.11213600238164266, 0.10984426736831665, 0.11204262177149454, 0.11214182774225871, 0.11286840438842774, 0.11196121374766031, 0.11451719999313355, 0.11200600465138753, 0.1125386913617452, 0.11437366406122844, 0.11198271910349528, 0.11665698289871215, 0.11484235127766927, 0.1143291711807251, 0.06485449075698853, 0.06169464190800985, 0.06485343376795451, 0.06625051101048787, 0.06410510937372843, 0.06622965335845947, 0.06411965688069661, 0.06625102361043295, 0.06543798844019572, 0.06572331190109253], [0.11478511889775594, 0.11459831396738689, 0.11650434335072836, 0.11595508257548014, 0.1120619535446167, 0.11178807020187378, 0.11428208351135254, 0.11203828652699789, 0.10988879601160685, 0.11455526749293009, 0.11202559073766073, 0.11456770896911621, 0.11470380226771036, 0.11316819588343302, 0.11654639641443888, 0.11500273942947388, 0.11453232765197754, 0.11544958353042603, 0.1123088002204895, 0.11444538036982219, 0.1126418670018514, 0.11912168264389038, 0.11498227516810099, 0.1122487743695577, 0.11440202395121256, 0.1121707002321879, 0.1099127729733785, 0.11224855581919352, 0.11257803837458293, 0.11347668568293254, 0.11183053255081177, 0.10993049542109172, 0.11441975037256877, 0.11337285836537679, 0.11455187797546387, 0.11425922314325969, 0.11500713427861532, 0.11438393195470174, 0.11467554171880086, 0.11636742750803629, 0.06611202160517375, 0.061773558457692467, 0.0644816795984904, 0.0658466100692749, 0.06582038005193075, 0.066163965066274, 0.06618769963582356, 0.06589838663736979, 0.06617398659388224, 0.06621995766957602]]
Iterations phi: [[48, 48, 48, 45, 47, 48, 48, 48, 48, 48, 48, 48, 48, 48, 48, 47, 47, 48, 48, 48, 47, 48, 48, 47, 47, 48, 48, 48, 48, 47, 48, 47, 44, 48, 48, 47, 48, 47, 47, 43, 48, 48, 48, 48, 48, 48, 48, 49, 48, 49], [47, 48, 48, 49, 47, 48, 48, 48, 49, 48, 48, 48, 49, 48, 48, 48, 48, 48, 48, 48, 47, 48, 48, 47, 49, 49, 48, 48, 48, 48, 48, 47, 43, 49, 48, 49, 48, 48, 47, 49, 47, 47, 48, 48, 47, 48, 47, 49, 47, 48], [48, 49, 48, 49, 48, 48, 49, 47, 49, 49, 48, 48, 49, 48, 47, 49, 49, 49, 48, 47, 48, 49, 49, 47, 49, 49, 48, 47, 48, 48, 48, 48, 49, 48, 48, 49, 47, 49, 48, 49, 48, 48, 48, 49, 48, 48, 48, 49, 49, 49], [49, 49, 49, 49, 48, 48, 49, 48, 47, 49, 47, 49, 49, 48, 49, 49, 49, 49, 48, 49, 48, 44, 49, 48, 49, 48, 44, 48, 48, 49, 49, 47, 48, 48, 49, 48, 49, 48, 49, 49, 49, 47, 49, 49, 49, 49, 49, 49, 49, 48], [48, 47, 49, 48, 43, 48, 46, 48, 44, 48, 48, 48, 48, 47, 49, 47, 48, 48, 48, 49, 42, 48, 48, 48, 48, 48, 48, 48, 47, 48, 48, 47, 48, 48, 49, 47, 49, 48, 48, 43, 49, 48, 48, 48, 48, 47, 48, 47, 48, 48], [47, 49, 48, 49, 48, 48, 48, 48, 49, 48, 48, 47, 49, 48, 48, 48, 48, 48, 48, 48, 47, 48, 48, 47, 49, 49, 48, 48, 48, 48, 48, 47, 44, 49, 48, 49, 48, 48, 47, 49, 47, 46, 48, 48, 47, 48, 47, 49, 47, 49], [49, 49, 49, 49, 48, 48, 49, 48, 48, 49, 48, 49, 49, 48, 48, 49, 49, 49, 48, 48, 48, 49, 49, 48, 49, 48, 48, 47, 48, 48, 48, 48, 49, 48, 49, 49, 48, 49, 49, 49, 48, 45, 48, 49, 49, 49, 48, 49, 49, 49], [49, 48, 49, 43, 48, 48, 49, 49, 48, 49, 48, 49, 49, 48, 49, 49, 49, 48, 46, 49, 47, 48, 49, 48, 47, 48, 48, 48, 48, 48, 49, 47, 47, 48, 49, 47, 49, 49, 49, 47, 49, 47, 49, 49, 49, 48, 48, 48, 49, 48], [48, 47, 49, 48, 43, 48, 47, 48, 45, 48, 48, 48, 48, 48, 48, 47, 48, 48, 48, 49, 43, 48, 48, 48, 48, 48, 48, 48, 47, 48, 48, 47, 48, 48, 48, 47, 49, 48, 48, 43, 49, 48, 48, 48, 48, 47, 48, 48, 48, 47], [48, 48, 48, 47, 47, 48, 48, 48, 44, 48, 48, 48, 48, 48, 48, 48, 47, 48, 48, 48, 47, 48, 48, 47, 48, 48, 48, 48, 48, 48, 48, 47, 48, 48, 48, 48, 48, 48, 47, 44, 47, 48, 48, 48, 48, 48, 48, 49, 48, 48]]
Iterations theta: [[49, 49, 49, 49, 48, 48, 49, 48, 47, 49, 47, 49, 49, 47, 49, 49, 49, 49, 48, 49, 48, 49, 49, 48, 49, 49, 44, 48, 48, 48, 48, 47, 48, 48, 49, 49, 49, 49, 49, 49, 49, 45, 49, 49, 49, 49, 49, 49, 49, 49], [49, 49, 49, 44, 48, 48, 49, 49, 47, 49, 45, 49, 49, 48, 49, 49, 49, 48, 48, 49, 48, 46, 49, 48, 48, 48, 48, 48, 48, 48, 49, 47, 48, 48, 49, 48, 49, 49, 49, 48, 49, 47, 48, 49, 49, 48, 49, 49, 49, 48], [48, 47, 49, 48, 44, 47, 46, 49, 45, 48, 48, 48, 48, 47, 49, 43, 49, 48, 49, 49, 43, 48, 49, 48, 48, 48, 48, 48, 45, 48, 48, 47, 48, 47, 49, 48, 49, 48, 49, 43, 49, 48, 49, 48, 49, 48, 45, 47, 47, 47], [47, 48, 48, 47, 47, 48, 48, 48, 48, 48, 48, 48, 49, 48, 48, 47, 47, 47, 48, 48, 47, 48, 48, 47, 48, 49, 48, 48, 48, 48, 48, 47, 44, 48, 48, 48, 48, 47, 47, 44, 47, 48, 48, 48, 48, 48, 47, 49, 47, 49], [48, 49, 48, 49, 48, 49, 49, 48, 49, 49, 48, 49, 49, 48, 48, 49, 49, 49, 48, 48, 48, 49, 49, 47, 49, 49, 48, 47, 48, 48, 48, 48, 49, 48, 48, 49, 48, 49, 49, 49, 48, 47, 48, 49, 48, 49, 48, 49, 49, 49], [49, 49, 49, 43, 48, 48, 49, 49, 47, 49, 47, 49, 49, 48, 49, 49, 49, 48, 47, 49, 47, 48, 49, 48, 48, 48, 48, 48, 48, 48, 49, 47, 47, 48, 49, 48, 49, 49, 49, 48, 49, 47, 49, 49, 49, 48, 49, 49, 49, 48], [48, 48, 48, 48, 47, 48, 48, 48, 43, 48, 48, 48, 48, 48, 48, 48, 48, 48, 48, 48, 47, 48, 48, 47, 48, 48, 48, 48, 48, 48, 48, 47, 49, 48, 48, 47, 48, 48, 48, 45, 48, 48, 48, 48, 48, 47, 48, 48, 48, 48], [47, 49, 48, 49, 48, 48, 48, 48, 49, 48, 48, 47, 49, 48, 48, 48, 48, 48, 48, 48, 47, 48, 49, 47, 49, 49, 48, 48, 47, 48, 48, 48, 49, 48, 48, 49, 48, 48, 47, 49, 47, 47, 48, 48, 47, 48, 47, 49, 47, 49], [48, 49, 48, 49, 48, 49, 49, 48, 48, 49, 48, 49, 49, 48, 48, 49, 49, 49, 48, 48, 48, 49, 49, 48, 49, 49, 48, 47, 48, 48, 48, 48, 49, 48, 48, 49, 48, 49, 49, 49, 48, 46, 48, 49, 48, 49, 48, 49, 49, 49], [49, 49, 49, 49, 48, 48, 49, 48, 47, 49, 48, 49, 49, 48, 49, 49, 49, 49, 48, 49, 48, 50, 49, 48, 49, 48, 47, 48, 48, 48, 48, 47, 48, 48, 49, 49, 49, 49, 49, 49, 49, 46, 48, 49, 49, 49, 49, 49, 49, 49]]
Total parallel time (mins): 4.725504954655965
Cext: [[2.9236227232235785e-11, 3.840699474990979e-12, 2.3452319300933197e-11, 7.6069130062585116e-12, 1.2558016459913198e-11, 2.2537023428831427e-11, 2.3822278405041141e-11, 2.5153277767783981e-11, 7.097841230934925e-12, 1.0093658119385959e-11, 2.0876279415182342e-11, 3.0235645217735706e-11, 3.9480184136090273e-12, 1.3059036896291326e-11, 3.2125154485388695e-11, 2.051708811318723e-11, 1.3405664943034498e-11, -1.9737332277860668e-12, 2.7982458389984372e-11, 3.2519124816771649e-11, 1.6488490414725909e-11, 2.0481746065676043e-11, 1.4508304412116684e-11, 1.7133489769245736e-11, -1.2080231294343474e-12, 4.3109728161476304e-12, 2.0805364251557757e-11, 2.9089844552687506e-11, 1.2650310803985251e-11, 2.1236834287984931e-11, 1.4220454830390917e-11, 2.1649176229458425e-11, 4.690561985114267e-12, 1.381636946371771e-11, 2.8042019784140095e-11, 1.3138271183607451e-11, 2.7797419750156969e-11, 1.2916529572328442e-11, 2.0177592230602491e-11, 2.3708595924632368e-12, 1.9040932353955833e-11, 2.9183760212947657e-12, 2.8907443960625723e-11, 6.9367615886349816e-12, 3.3305622714825031e-11, 1.0529786940586726e-11, 2.3310723741659597e-11, -1.3725407118592308e-12, 2.7379673788123056e-11, 3.2472329529172453e-12], [2.9238963154620461e-11, 3.8407396023402234e-12, 2.3451779721961326e-11, 7.6062420985582861e-12, 1.2557871978290641e-11, 2.2537410558027853e-11, 2.3822875321305107e-11, 2.5151396320317553e-11, 7.0980704736251193e-12, 1.0093823800665639e-11, 2.0873459148249262e-11, 3.0237057558937396e-11, 3.9495773612969687e-12, 1.306054638148762e-11, 3.2126753696607416e-11, 2.0519266016526377e-11, 1.3403566859969687e-11, -1.9734698343837432e-12, 2.7984409279195612e-11, 3.2519918724602093e-11, 1.6489006882191245e-11, 2.0485333834011337e-11, 1.4507726011722913e-11, 1.7132233496312322e-11, -1.2069634695195544e-12, 4.309908524691635e-12, 2.08023863055228e-11, 2.9089404207100633e-11, 1.2650173157967414e-11, 2.1236095947199528e-11, 1.4218477482446228e-11, 2.1649479179469976e-11, 4.6886591237486165e-12, 1.3816172390045889e-11, 2.8042181363144994e-11, 1.314076946937983e-11, 2.7797580321590102e-11, 1.2915341328391845e-11, 2.0175930501400334e-11, 2.3708976688186758e-12, 1.9040128197394872e-11, 2.9174537031771022e-12, 2.8910089292584474e-11, 6.9365843166713389e-12, 3.3307618094448834e-11, 1.052911439971532e-11, 2.3311974232128868e-11, -1.3726939294804247e-12, 2.7380216188286398e-11, 3.2464061657734068e-12], [2.9237227544693531e-11, 3.8452198572763621e-12, 2.3450597532501054e-11, 7.6044547806964814e-12, 1.2560262949020145e-11, 2.2538393121152973e-11, 2.3821335943177801e-11, 2.5150893275593332e-11, 7.0982026992527939e-12, 1.0090560817116414e-11, 2.0877506135667971e-11, 3.0235908323938669e-11, 3.9491581698534667e-12, 1.3058328601615372e-11, 3.2126102546080441e-11, 2.0523293617779409e-11, 1.340472547532814e-11, -1.9733655744786557e-12, 2.7986321291696791e-11, 3.2521853909394964e-11, 1.6492867114084411e-11, 2.0481527975482334e-11, 1.450784941957513e-11, 1.7131750141893663e-11, -1.2087824692280143e-12, 4.3093142314222819e-12, 2.080079129322943e-11, 2.9091411315855463e-11, 1.265184683759747e-11, 2.1236097661428389e-11, 1.4220787762874901e-11, 2.1649769877245312e-11, 4.6879350072751527e-12, 1.3817811462204307e-11, 2.8041500080074693e-11, 1.3141263624359812e-11, 2.7797301129658431e-11, 1.2916034539665075e-11, 2.0174712254359172e-11, 2.3693221250823435e-12, 1.9039139354374043e-11, 2.9153843986593496e-12, 2.8910603247495783e-11, 6.939089546891319e-12, 3.3307466844325479e-11, 1.0532315242733152e-11, 2.3309177340534533e-11, -1.3722998826927551e-12, 2.7378425579998468e-11, 3.2449220870645684e-12], [2.9236602165456437e-11, 3.841191010103553e-12, 2.3452254117713426e-11, 7.6045539854860372e-12, 1.2557931495814739e-11, 2.2537253873427813e-11, 2.3823004473493315e-11, 2.5152785564918647e-11, 7.0980591664510384e-12, 1.009427536192566e-11, 2.0873813026809646e-11, 3.0236156138198132e-11, 3.9492138198640494e-12, 1.3059712964556423e-11, 3.2125321086251496e-11, 2.051749365048581e-11, 1.3404608387583739e-11, -1.9747238101544567e-12, 2.7982739109886415e-11, 3.2519158737764559e-11, 1.6488814433612345e-11, 2.0484453048376086e-11, 1.4508116513611876e-11, 1.7132753557068857e-11, -1.2071259052443267e-12, 4.3104385289928213e-12, 2.0805462929176365e-11, 2.9089542863361583e-11, 1.2650448349941731e-11, 2.123700067507919e-11, 1.4218743857657465e-11, 2.1649396555765109e-11, 4.6889490027744376e-12, 1.3816230514554993e-11, 2.8042582122323051e-11, 1.3138586891794631e-11, 2.779725015985284e-11, 1.2917640031235617e-11, 2.0176972231119852e-11, 2.3690249096784655e-12, 1.9041574883767984e-11, 2.9171864624411042e-12, 2.8907571945519944e-11, 6.9367937631804572e-12, 3.3306050078124062e-11, 1.0529943917602402e-11, 2.3310371892785637e-11, -1.3726901398695978e-12, 2.7379256165220203e-11, 3.2461846923577653e-12], [2.9237672292648495e-11, 3.8435997786009823e-12, 2.3450388768681558e-11, 7.6044751767593186e-12, 1.2555473864213759e-11, 2.2538522595851134e-11, 2.3820360726558155e-11, 2.5152042549157713e-11, 7.0971004169620073e-12, 1.0090506411930483e-11, 2.0877641956922184e-11, 3.023618402103438e-11, 3.9486884078786616e-12, 1.3058758171316596e-11, 3.2126273762576363e-11, 2.052065806743795e-11, 1.3405406084639002e-11, -1.9733706281156506e-12, 2.7986250528318062e-11, 3.2521011804753242e-11, 1.6491859237886643e-11, 2.0481496731813752e-11, 1.450861997046697e-11, 1.7131665659730572e-11, -1.2087771231100732e-12, 4.3091177625148424e-12, 2.0801056676618701e-11, 2.9091812694336688e-11, 1.2651364028493277e-11, 2.1236593069501492e-11, 1.422048479945243e-11, 2.1649499456104138e-11, 4.6877963027614445e-12, 1.3816195775555751e-11, 2.8040994123752426e-11, 1.3142241189549847e-11, 2.7797374306184358e-11, 1.2915976363836539e-11, 2.0176465986229786e-11, 2.3700879344916524e-12, 1.9039134474512233e-11, 2.9158396852724269e-12, 2.8909370795597314e-11, 6.9388404471465777e-12, 3.3306690231319754e-11, 1.0534316464537696e-11, 2.3310591525727498e-11, -1.3731628636410147e-12, 2.7379226226737217e-11, 3.2463882558176284e-12], [2.9239619627392675e-11, 3.8403373507960085e-12, 2.3451622747778007e-11, 7.6053669609636742e-12, 1.2557459819624951e-11, 2.253746102105498e-11, 2.382276990563091e-11, 2.5151140273187167e-11, 7.0980224412376724e-12, 1.0093786820007834e-11, 2.087361008474491e-11, 3.0237186886277182e-11, 3.9497448061269943e-12, 1.3060629933229771e-11, 3.2127224080340243e-11, 2.0519319039262075e-11, 1.3403394881921359e-11, -1.9732604771273727e-12, 2.79848494047239e-11, 3.2519855785069967e-11, 1.6488655416545944e-11, 2.0483277162373853e-11, 1.4507613015708039e-11, 1.7132283766159951e-11, -1.2069879219794017e-12, 4.3097279326337878e-12, 2.0801926160417539e-11, 2.9089480629162095e-11, 1.2649881990283724e-11, 2.1235929387687428e-11, 1.4218457283938167e-11, 2.1649435567652551e-11, 4.6890182884621592e-12, 1.381608177961921e-11, 2.8042117246388788e-11, 1.3140898073980655e-11, 2.7797586195127877e-11, 1.2914899872822695e-11, 2.0175684956471377e-11, 2.3710557762188476e-12, 1.9039875769556017e-11, 2.9176503696827146e-12, 2.8910492099528656e-11, 6.9368099446571752e-12, 3.3308368055024061e-11, 1.052934283551092e-11, 2.3312460698806156e-11, -1.372544684198992e-12, 2.7380270993596777e-11, 3.2463867747446153e-12], [2.9237330968617069e-11, 3.8406825726956126e-12, 2.3452067722173192e-11, 7.6049723720409328e-12, 1.2555107111281845e-11, 2.2537875675716797e-11, 2.38213053215853e-11, 2.5152329689791062e-11, 7.0995108138749567e-12, 1.0091015387679371e-11, 2.0877948190414025e-11, 3.0235766428062208e-11, 3.9474616029302832e-12, 1.3059913254014588e-11, 3.2125800594210759e-11, 2.0517233923876904e-11, 1.3405070348029069e-11, -1.9743191933175943e-12, 2.7984301740842513e-11, 3.2520256563564052e-11, 1.6488314118792605e-11, 2.0481003101553378e-11, 1.4508232330932762e-11, 1.7133635937945029e-11, -1.2092803530072721e-12, 4.3108286901956958e-12, 2.0801372524027034e-11, 2.909154044773102e-11, 1.2649967842273227e-11, 2.1237377254343185e-11, 1.4220792157829084e-11, 2.1649044086305681e-11, 4.6888315686905123e-12, 1.3816087166143044e-11, 2.8040372984669887e-11, 1.3140441287412016e-11, 2.7798124844572569e-11, 1.2915910674295906e-11, 2.0177674188691436e-11, 2.3728680547869736e-12, 1.9040705735537527e-11, 2.9161996323859868e-12, 2.8909154855091951e-11, 6.9372126125296973e-12, 3.3306394876160722e-11, 1.0531505639018686e-11, 2.3311251968094252e-11, -1.3719311252680219e-12, 2.7378994219969295e-11, 3.2473091980125493e-12], [2.9241250678200762e-11, 3.8394928360443768e-12, 2.3451657068140357e-11, 7.605116106942438e-12, 1.255770654560049e-11, 2.253765756990047e-11, 2.3822441565292618e-11, 2.5150706303851472e-11, 7.0982432937546124e-12, 1.0093678802654542e-11, 2.0874516145622411e-11, 3.0237757473189207e-11, 3.9501596411380151e-12, 1.3060652187101582e-11, 3.2127695500659199e-11, 2.0519366306319107e-11, 1.3403214017281461e-11, -1.9729054359613872e-12, 2.7986562996331242e-11, 3.2519603066550491e-11, 1.6488490479909528e-11, 2.0482281012378314e-11, 1.4506597807498395e-11, 1.7132195471036213e-11, -1.2074920834019761e-12, 4.3094187961433089e-12, 2.0801123556470678e-11, 2.9089638081347976e-11, 1.2648068335204194e-11, 2.1235877433623755e-11, 1.4218375654424783e-11, 2.1649053673266809e-11, 4.6883003180533719e-12, 1.381557575318843e-11, 2.8042269492615354e-11, 1.3140358761440029e-11, 2.7798312487025609e-11, 1.291397991289738e-11, 2.0175131536930444e-11, 2.3707403873130672e-12, 1.9039441208633194e-11, 2.917070386878392e-12, 2.8912149648838598e-11, 6.9376388802887574e-12, 3.3309214306544732e-11, 1.0530019804979941e-11, 2.3314282827246662e-11, -1.3722244968415843e-12, 2.7379804298855887e-11, 3.2466920896843681e-12], [2.9237838119042005e-11, 3.8429315225548191e-12, 2.3450327852549497e-11, 7.6045256490022069e-12, 1.2554414409384649e-11, 2.2538465502793072e-11, 2.3820349788927402e-11, 2.5152647683112922e-11, 7.09815353240686e-12, 1.0090552429713468e-11, 2.0877617899243887e-11, 3.0236077697155466e-11, 3.9484366675585255e-12, 1.3059062501100812e-11, 3.2125672069482809e-11, 2.0519565947848407e-11, 1.3405568970783575e-11, -1.9736402267211361e-12, 2.7985962553448615e-11, 3.2520870892698512e-11, 1.6491357773826074e-11, 2.0481468488735853e-11, 1.4508580205335954e-11, 1.7132356964290529e-11, -1.2088232189589802e-12, 4.3096971886832076e-12, 2.0801223110438454e-11, 2.9091951308416894e-11, 1.2651026136642313e-11, 2.1236791946631088e-11, 1.4220369791751419e-11, 2.1649396672876442e-11, 4.6880148261767241e-12, 1.3816030391414421e-11, 2.8040850894553753e-11, 1.3142285053079448e-11, 2.7797394389352788e-11, 1.2915954043285211e-11, 2.017650293826911e-11, 2.3704455741686812e-12, 1.9039146295964084e-11, 2.916142326574602e-12, 2.8909330535939406e-11, 6.9386189764278591e-12, 3.3306709377773282e-11, 1.0534060032593122e-11, 2.3310790391231419e-11, -1.3722870468516968e-12, 2.7379034310654792e-11, 3.2468482621779063e-12], [2.9236837998637263e-11, 3.8402133951989979e-12, 2.3452347457750178e-11, 7.6070954489130398e-12, 1.2555993339639537e-11, 2.2537344315113355e-11, 2.3822178459855153e-11, 2.5153043480024458e-11, 7.0995670326681659e-12, 1.0091685132945684e-11, 2.087758770234179e-11, 3.0235130600105708e-11, 3.9474061495841594e-12, 1.3059737911755069e-11, 3.2125218084200177e-11, 2.0517435589209826e-11, 1.3406056081713334e-11, -1.9734763121805036e-12, 2.7983175768212565e-11, 3.2519564594545806e-11, 1.6488198636910728e-11, 2.048117668670176e-11, 1.4508441839683638e-11, 1.7133817959526437e-11, -1.2087378462565787e-12, 4.3105235071216439e-12, 2.0802721766943542e-11, 2.9090479368683729e-11, 1.2650071104671374e-11, 2.1237478436871454e-11, 1.4220460969560388e-11, 2.1648844219529801e-11, 4.6907349227287961e-12, 1.3816283128839352e-11, 2.8041102377325416e-11, 1.3138713083289572e-11, 2.7797905377639573e-11, 1.2916139568964967e-11, 2.0178340755448027e-11, 2.3723298539522009e-12, 1.9042642292285245e-11, 2.9162720244360216e-12, 2.8909056783366253e-11, 6.9367364891166681e-12, 3.3306329457091961e-11, 1.0529928758152903e-11, 2.3310182440330784e-11, -1.3723028880668653e-12, 2.7378926439795918e-11, 3.2470738939939054e-12]]
Csca: [[1.223631810160438e-11, 1.2218542856044814e-11, 1.236343264052068e-11, 1.2357044588255093e-11, 1.2082615503737757e-11, 1.207801223867043e-11, 1.393263228387792e-11, 1.0593678012154567e-11, 1.0591617320883889e-11, 1.3918293297862768e-11, 1.0716602090660184e-11, 1.362705818067115e-11, 1.3621337408067457e-11, 1.0708939754194586e-11, 1.2747989059817927e-11, 1.1851216995884816e-11, 1.1843047940457308e-11, 1.2723997454763368e-11, 1.2659697596701476e-11, 1.2375462936847369e-11, 9.9027703722004751e-12, 1.4061592109533668e-11, 1.4062562016106711e-11, 9.8989555543859369e-12, 1.2362624904750937e-11, 1.2639293897891275e-11, 1.2313239061961863e-11, 1.208020510778809e-11, 1.0365950124752705e-11, 1.3784081980293969e-11, 1.3791239047684732e-11, 1.0365172626856091e-11, 1.2078382584488262e-11, 1.2302179399063444e-11, 1.3215290948220006e-11, 1.093443257848881e-11, 1.1931369442552665e-11, 1.3269653902208826e-11, 1.3272738078654469e-11, 1.1920162127946051e-11, 1.0931600908518611e-11, 1.3196967255030629e-11, 1.1993711325254206e-11, 1.3078496872869901e-11, 1.2966720930386493e-11, 1.0894293496594964e-11, 1.0904995032072546e-11, 1.2946971787215014e-11, 1.3089608514241842e-11, 1.1973148464795545e-11], [1.2236317466783643e-11, 1.2218562172036799e-11, 1.2363445033727241e-11, 1.2357071768705918e-11, 1.2082649689941131e-11, 1.2078017246269124e-11, 1.3932648347383952e-11, 1.0593672042635292e-11, 1.0591615814645152e-11, 1.3918310400425241e-11, 1.0716483117291075e-11, 1.362704295825614e-11, 1.3621350733701366e-11, 1.0708954389780993e-11, 1.2748001021103325e-11, 1.1851182849971119e-11, 1.1843040363254044e-11, 1.2724034418353663e-11, 1.2659661584552434e-11, 1.2375453891173223e-11, 9.9027675711161722e-12, 1.4061616446861808e-11, 1.406255605245614e-11, 9.8989510703312365e-12, 1.2362607888157762e-11, 1.2639314884792777e-11, 1.2313263422717883e-11, 1.2080195051266455e-11, 1.0365958123651798e-11, 1.3784067220636895e-11, 1.3791230536309059e-11, 1.0365170658370442e-11, 1.2078436399621927e-11, 1.2302193979362594e-11, 1.3215307772770208e-11, 1.0934457608668855e-11, 1.193137702627909e-11, 1.326964372236858e-11, 1.3272748672142599e-11, 1.1920150121240743e-11, 1.0931606657377294e-11, 1.3197007951443411e-11, 1.1993727821062777e-11, 1.3078480101592419e-11, 1.2966726260088192e-11, 1.0894301174568499e-11, 1.0904992087185637e-11, 1.2946971053587155e-11, 1.308961815793876e-11, 1.1973151836713703e-11], [1.2236329481576102e-11, 1.2218547595488805e-11, 1.2363436600829222e-11, 1.2356991064569671e-11, 1.2082638607714322e-11, 1.2078037644725045e-11, 1.3932619491357624e-11, 1.0593663139260637e-11, 1.0591611043803529e-11, 1.391831401659434e-11, 1.071658163840525e-11, 1.3627073554079969e-11, 1.3621353389693171e-11, 1.0708917682612411e-11, 1.2747985763979617e-11, 1.1851187700852811e-11, 1.184302718509159e-11, 1.2724013912579552e-11, 1.2659728529661646e-11, 1.2375450194724217e-11, 9.9026896674258499e-12, 1.40616671781547e-11, 1.4062537934449766e-11, 9.898942180914962e-12, 1.2362590562371634e-11, 1.2639287500419206e-11, 1.2313272208326732e-11, 1.2080200528017925e-11, 1.0365911441558905e-11, 1.378407143898661e-11, 1.3791238431451736e-11, 1.0365171008232948e-11, 1.2078391578913005e-11, 1.2302182214124259e-11, 1.3215320210195257e-11, 1.0934397900367769e-11, 1.1931367326216406e-11, 1.3269686139562614e-11, 1.3272727815288266e-11, 1.1920151777630315e-11, 1.0931595818376795e-11, 1.319698842265693e-11, 1.1993666108729097e-11, 1.3078514606759614e-11, 1.2966723875650763e-11, 1.0894279332095305e-11, 1.0904994147470436e-11, 1.2946959329438245e-11, 1.3089640507867114e-11, 1.197310748040257e-11], [1.2236342636138173e-11, 1.2218555885235047e-11, 1.2363436492394248e-11, 1.2357068006343691e-11, 1.2082639197417988e-11, 1.2078013585753467e-11, 1.3932631357656066e-11, 1.0593669991337283e-11, 1.059162095877635e-11, 1.3918301847601591e-11, 1.0716592389850303e-11, 1.3627052225734087e-11, 1.3621350847405865e-11, 1.0708946835927004e-11, 1.2747984338031384e-11, 1.1851206844010077e-11, 1.1843049698807825e-11, 1.2724012114493644e-11, 1.2659670350698257e-11, 1.2375454096871081e-11, 9.9027720892750026e-12, 1.4061615105774908e-11, 1.4062563271760688e-11, 9.8989610846325908e-12, 1.2362631215199861e-11, 1.2639285388995734e-11, 1.2313273777310633e-11, 1.208020282512593e-11, 1.0365952142208779e-11, 1.3784055787466989e-11, 1.3791238535366597e-11, 1.0365172169862226e-11, 1.2078427395074255e-11, 1.2302188123421713e-11, 1.3215291509467064e-11, 1.0934446359514407e-11, 1.1931366185725273e-11, 1.3269617822441509e-11, 1.327273949084822e-11, 1.1920156279709188e-11, 1.0931609051190834e-11, 1.3196983529225471e-11, 1.1993697471602309e-11, 1.3078496941749812e-11, 1.2966709882563592e-11, 1.0894298797467781e-11, 1.0905011914251324e-11, 1.294697644556507e-11, 1.3089629818995207e-11, 1.1973156081187051e-11], [1.2236338395336983e-11, 1.2218543903493956e-11, 1.2363433253079706e-11, 1.2356994691193166e-11, 1.2082658614957489e-11, 1.2078031628385113e-11, 1.3932617533486973e-11, 1.0593674194487184e-11, 1.0591612307283733e-11, 1.3918305829417072e-11, 1.0716577158327841e-11, 1.3627082337313852e-11, 1.3621351676223262e-11, 1.0708924575253505e-11, 1.2748009629221398e-11, 1.1851210852614273e-11, 1.1843030251987538e-11, 1.2723992122481415e-11, 1.2659726121915932e-11, 1.2375467797837375e-11, 9.9027248133140313e-12, 1.4061666899900235e-11, 1.4062536496138716e-11, 9.8989432545210478e-12, 1.2362584565740545e-11, 1.2639276632321149e-11, 1.2313276119824193e-11, 1.2080199411148426e-11, 1.036593381686705e-11, 1.3784068276302997e-11, 1.3791242569595217e-11, 1.0365174218923535e-11, 1.207839848485278e-11, 1.2302165187697335e-11, 1.3215319852749366e-11, 1.0934378544720144e-11, 1.1931384621658683e-11, 1.326969057521268e-11, 1.3272720705380403e-11, 1.192014221001629e-11, 1.0931593131130828e-11, 1.3196964975762372e-11, 1.1993693792163037e-11, 1.3078517338615476e-11, 1.2966732375919375e-11, 1.08942806214711e-11, 1.0905009029912585e-11, 1.29469603032673e-11, 1.3089626220350069e-11, 1.1973112162301762e-11], [1.2236313432567182e-11, 1.2218560365020422e-11, 1.2363445964308138e-11, 1.23570603908369e-11, 1.2082648036867394e-11, 1.2078017615578397e-11, 1.3932652692382026e-11, 1.0593673103627242e-11, 1.0591611426163722e-11, 1.3918312199405215e-11, 1.0716480310657657e-11, 1.362705474986747e-11, 1.3621350747157675e-11, 1.0708954302855025e-11, 1.2748003344825356e-11, 1.1851177788335246e-11, 1.1843038128579498e-11, 1.2724034812087009e-11, 1.2659627665836019e-11, 1.2375454467140625e-11, 9.9027651101702303e-12, 1.4061627933106741e-11, 1.4062553417809943e-11, 9.8989498159069488e-12, 1.2362607800008417e-11, 1.2639317612455307e-11, 1.2313261181905752e-11, 1.2080191971990048e-11, 1.0365958605880196e-11, 1.3784068280812902e-11, 1.3791229738441144e-11, 1.0365170744476779e-11, 1.2078428978257056e-11, 1.2302194257199406e-11, 1.3215310339553469e-11, 1.0934456941245072e-11, 1.1931379274064685e-11, 1.3269644974339617e-11, 1.3272745274143537e-11, 1.1920150825171307e-11, 1.0931605473208771e-11, 1.3197004949983393e-11, 1.1993695616621822e-11, 1.3078474453053319e-11, 1.2966727016165247e-11, 1.089429785831946e-11, 1.0904984035879376e-11, 1.2946969124157192e-11, 1.3089611648215738e-11, 1.1973145175830976e-11], [1.2236332627979488e-11, 1.2218540297380716e-11, 1.2363431942243823e-11, 1.2357016407737063e-11, 1.2082627947066659e-11, 1.2078021714031409e-11, 1.3932604133566905e-11, 1.0593683248465867e-11, 1.05915970564207e-11, 1.3918292604496388e-11, 1.0716586190147143e-11, 1.3627081452638214e-11, 1.3621342519063644e-11, 1.0708933995095804e-11, 1.2748010859431825e-11, 1.1851211427832302e-11, 1.1843040273588503e-11, 1.2723969697922528e-11, 1.2659743438097532e-11, 1.2375472201551559e-11, 9.9027671863578181e-12, 1.4061659933490866e-11, 1.4062550332260674e-11, 9.8989464066354687e-12, 1.2362581472615346e-11, 1.2639229888035533e-11, 1.2313257435915252e-11, 1.2080206135102338e-11, 1.0365947748214392e-11, 1.3784072856056898e-11, 1.3791237087337101e-11, 1.0365177065519761e-11, 1.2078409932220955e-11, 1.230216488101979e-11, 1.3215301782232412e-11, 1.0934417956314882e-11, 1.1931397993068993e-11, 1.3269681452222306e-11, 1.3272724416794074e-11, 1.1920127041432968e-11, 1.0931606455727809e-11, 1.3196969842748307e-11, 1.1993730515582963e-11, 1.3078496612431633e-11, 1.2966741874907962e-11, 1.0894282158918282e-11, 1.0905015481366331e-11, 1.2946938054246144e-11, 1.3089634901534833e-11, 1.1973107080446018e-11], [1.2236297717113171e-11, 1.2218557605079954e-11, 1.2363451583875098e-11, 1.2357024197057972e-11, 1.2082649155579202e-11, 1.2078018253278335e-11, 1.3932660436342471e-11, 1.0593676483210785e-11, 1.0591617904189349e-11, 1.3918315306887856e-11, 1.071649268771041e-11, 1.3627050005953602e-11, 1.3621352537570659e-11, 1.0708951765491967e-11, 1.2748002939444063e-11, 1.1851158200898234e-11, 1.1843031525742129e-11, 1.2724038256521197e-11, 1.2659628162050257e-11, 1.2375457909433861e-11, 9.9027632276838513e-12, 1.406162922883732e-11, 1.4062534276124608e-11, 9.8989482878845778e-12, 1.2362604779092971e-11, 1.2639317898002121e-11, 1.2313251873267147e-11, 1.2080186003964416e-11, 1.036596932898679e-11, 1.3784068583256626e-11, 1.3791228379226199e-11, 1.0365170455410383e-11, 1.2078425690805809e-11, 1.2302189393976735e-11, 1.321531298737354e-11, 1.0934454234502033e-11, 1.193138257524562e-11, 1.3269646857930388e-11, 1.327273731168908e-11, 1.1920139366897157e-11, 1.0931603335504616e-11, 1.3197015523127475e-11, 1.1993694345504208e-11, 1.3078470844695232e-11, 1.2966718109562971e-11, 1.0894290585855917e-11, 1.0904993813379727e-11, 1.2946967748459729e-11, 1.3089592434508965e-11, 1.1973139884016664e-11], [1.2236340487227102e-11, 1.2218541767065399e-11, 1.2363432396880202e-11, 1.2356996859800689e-11, 1.208265738731806e-11, 1.2078032236511371e-11, 1.3932618715826217e-11, 1.0593671374475147e-11, 1.0591597749625209e-11, 1.3918303291202752e-11, 1.0716576758141621e-11, 1.3627083788337851e-11, 1.3621350072152428e-11, 1.070893247446778e-11, 1.2748006280013375e-11, 1.1851223058967093e-11, 1.1843031178252846e-11, 1.272399083796819e-11, 1.2659731986916043e-11, 1.2375471007468651e-11, 9.9027432283433983e-12, 1.4061666341675431e-11, 1.4062537830695379e-11, 9.8989516011504968e-12, 1.2362582068213781e-11, 1.2639268939947278e-11, 1.2313277332899281e-11, 1.2080200695699373e-11, 1.0365939678817461e-11, 1.378406811989551e-11, 1.3791243480597167e-11, 1.0365176002663337e-11, 1.2078401668828187e-11, 1.2302164673397349e-11, 1.3215309073319484e-11, 1.0934383069879434e-11, 1.1931389145165113e-11, 1.3269690871671112e-11, 1.3272721667220646e-11, 1.1920139490824957e-11, 1.0931593372001998e-11, 1.3196974780070549e-11, 1.1993700308449907e-11, 1.3078516723888217e-11, 1.2966735435660015e-11, 1.089427993972128e-11, 1.0905010684842598e-11, 1.2946961685538999e-11, 1.3089628779898111e-11, 1.1973115858724649e-11], [1.2236324310102123e-11, 1.221853884791531e-11, 1.2363436422449891e-11, 1.2357016371958716e-11, 1.2082623018700086e-11, 1.2078012097614238e-11, 1.3932613754601359e-11, 1.0593683597889288e-11, 1.0591602519471551e-11, 1.3918292506302549e-11, 1.071659599917245e-11, 1.362706307028047e-11, 1.3621342246641285e-11, 1.0708944160149671e-11, 1.2747998912066183e-11, 1.1851205812293023e-11, 1.1843040232824167e-11, 1.2723981612672798e-11, 1.2659733308411014e-11, 1.2375470811609985e-11, 9.9027680039822069e-12, 1.4061666159101137e-11, 1.4062554723221221e-11, 9.898942562650509e-12, 1.2362589493255536e-11, 1.2639257046799965e-11, 1.2313231793800952e-11, 1.2080207475571352e-11, 1.0365948397820338e-11, 1.378407341541217e-11, 1.3791242860919309e-11, 1.0365177500580875e-11, 1.2078397888132809e-11, 1.2302169880874713e-11, 1.3215296346035105e-11, 1.093443407985633e-11, 1.1931382088901071e-11, 1.3269673105864018e-11, 1.3272729773903173e-11, 1.1920138289069353e-11, 1.0931589675806271e-11, 1.3196960137139405e-11, 1.199373750937593e-11, 1.3078493518478941e-11, 1.2966737256863958e-11, 1.0894283869749952e-11, 1.0904999150750849e-11, 1.2946963154112127e-11, 1.3089624104834085e-11, 1.1973124710728663e-11]]
Cbsca: [[1.5851022936912639e-11, 1.5835709320696306e-11, 1.5557842100411675e-11, 1.5544059377522365e-11, 1.8221851897203515e-11, 1.8197912599538491e-11, 1.944719542128279e-11, 1.4542327953663932e-11, 1.4558559570141182e-11, 1.9417967164614624e-11, 1.518583335360616e-11, 1.8916895286345095e-11, 1.8925944201439434e-11, 1.5180142769081331e-11, 1.4278001872103757e-11, 1.6900442178944148e-11, 1.6917377546400234e-11, 1.4240221173626208e-11, 1.5958319014624926e-11, 1.5171177444269232e-11, 1.4489880644763118e-11, 2.0579193848623549e-11, 2.059711193626298e-11, 1.4498014698283545e-11, 1.5172737352381663e-11, 1.592092227003411e-11, 1.7831651148162463e-11, 1.712774971068972e-11, 1.5572845576365769e-11, 2.0636951855239148e-11, 2.0662179906079045e-11, 1.5562519988368231e-11, 1.7154234572393841e-11, 1.7809233430751836e-11, 1.5933751910370804e-11, 1.4926059640754204e-11, 1.4180217795301476e-11, 1.8241231801871932e-11, 1.8259662462878511e-11, 1.4172680765140759e-11, 1.4930687913394743e-11, 1.5901002177590719e-11, 1.4814730151270695e-11, 1.8221212864291855e-11, 1.5770996014504367e-11, 1.5258048681937001e-11, 1.5250567234060668e-11, 1.5747945085344767e-11, 1.8218033142928921e-11, 1.4783245956250837e-11], [1.5851048480122627e-11, 1.5835768494943478e-11, 1.555782578242662e-11, 1.5544161212704147e-11, 1.8221888596332521e-11, 1.8197967241486066e-11, 1.9447176707953652e-11, 1.4542283548599043e-11, 1.4558564017887891e-11, 1.9418020845978202e-11, 1.5185773590520695e-11, 1.8916885336843125e-11, 1.892598456287379e-11, 1.5180151874869684e-11, 1.4278049379874351e-11, 1.6900391266418988e-11, 1.6917343996171892e-11, 1.4240323131755194e-11, 1.595832174250674e-11, 1.5171221702193827e-11, 1.4489903253320814e-11, 2.057916623875237e-11, 2.0597105289257404e-11, 1.4498006855537598e-11, 1.5172779647150606e-11, 1.5921024154513501e-11, 1.7831650213914956e-11, 1.7127754871393312e-11, 1.5572850291171994e-11, 2.0636892063328171e-11, 2.0662203155023303e-11, 1.5562552527554339e-11, 1.7154265271046669e-11, 1.7809254105508189e-11, 1.5933769809724515e-11, 1.4926131167033298e-11, 1.4180221061462986e-11, 1.8241215532567881e-11, 1.8259632435613374e-11, 1.4172649192114772e-11, 1.4930693639353512e-11, 1.5901143831645858e-11, 1.4814754704341548e-11, 1.8221225095885942e-11, 1.5771047959210026e-11, 1.5258096457807049e-11, 1.5250605994183408e-11, 1.5747971873393667e-11, 1.8217999048358683e-11, 1.478332168506384e-11], [1.5850975456744793e-11, 1.5835713017217797e-11, 1.5557817360120223e-11, 1.554410406134183e-11, 1.8221758187619181e-11, 1.8197949140988891e-11, 1.9447190457470714e-11, 1.4542277709713918e-11, 1.4558582983447937e-11, 1.9418038623387014e-11, 1.5185818335935842e-11, 1.8916824350162281e-11, 1.8925940171164353e-11, 1.5180044100860752e-11, 1.4277985866569457e-11, 1.6900341421359488e-11, 1.691729595904974e-11, 1.4240273977191363e-11, 1.5958360794069648e-11, 1.5171176193530027e-11, 1.4489769924369097e-11, 2.0579255356091109e-11, 2.0597079270080553e-11, 1.4497990047196607e-11, 1.5172689890311046e-11, 1.5920978579477996e-11, 1.7831686334542622e-11, 1.7127792467728167e-11, 1.5572783006363085e-11, 2.0636911739887454e-11, 2.0662244690922455e-11, 1.556253331412021e-11, 1.7154253774164229e-11, 1.7809238265935566e-11, 1.5933779663643319e-11, 1.4926040940091747e-11, 1.4180203050893899e-11, 1.8241395413147352e-11, 1.8259636332804807e-11, 1.4172653013714833e-11, 1.4930656375641665e-11, 1.5901075359009722e-11, 1.4814620572687372e-11, 1.8221253575872947e-11, 1.5770979988448165e-11, 1.5258019390928761e-11, 1.5250588747493696e-11, 1.5747896565700195e-11, 1.821799447343509e-11, 1.4783249163618672e-11], [1.5851105608908287e-11, 1.5835752115554538e-11, 1.5557843446930717e-11, 1.5544105163518715e-11, 1.8221891592253007e-11, 1.8197933689445539e-11, 1.9447183690919138e-11, 1.4542306105901614e-11, 1.4558563366011656e-11, 1.9417971715205109e-11, 1.5185837487998917e-11, 1.8916899952265896e-11, 1.892596116944117e-11, 1.5180136239500835e-11, 1.4278003340995655e-11, 1.6900428836591232e-11, 1.6917373400084489e-11, 1.4240209469995924e-11, 1.5958282498049317e-11, 1.5171174197025304e-11, 1.4489897928284039e-11, 2.0579248119587586e-11, 2.05971156644548e-11, 1.449802011072559e-11, 1.5172802577628913e-11, 1.5920974781559422e-11, 1.7831671734601783e-11, 1.7127743481455389e-11, 1.5572848303028335e-11, 2.063689834756081e-11, 2.0662205157191451e-11, 1.5562533581037277e-11, 1.7154242519403328e-11, 1.7809240300074775e-11, 1.5933764530392065e-11, 1.4926091987777043e-11, 1.4180205411633787e-11, 1.8241172249373656e-11, 1.8259639118288006e-11, 1.4172702258992488e-11, 1.4930731153613733e-11, 1.5901038951174537e-11, 1.4814718687124464e-11, 1.8221228046158666e-11, 1.5771007862308873e-11, 1.5258064419066285e-11, 1.5250631545871015e-11, 1.5747960915112147e-11, 1.8218067625072612e-11, 1.4783306368127444e-11], [1.585096481130172e-11, 1.5835654396533069e-11, 1.5557813063955821e-11, 1.5544090489626484e-11, 1.8221803591246649e-11, 1.8197940296232583e-11, 1.9447212434100396e-11, 1.4542319789417223e-11, 1.4558545857939414e-11, 1.9418013017629751e-11, 1.5185801747501436e-11, 1.8916857208970553e-11, 1.8925938888265704e-11, 1.5180047637090489e-11, 1.4278025203952848e-11, 1.6900354036338806e-11, 1.6917329762855821e-11, 1.4240236676663791e-11, 1.5958339659960151e-11, 1.5171209641804869e-11, 1.4489771854547088e-11, 2.057926227967948e-11, 2.0597082643085497e-11, 1.4497992489672892e-11, 1.5172679578323183e-11, 1.5920960760832504e-11, 1.7831689666824892e-11, 1.7127776388093946e-11, 1.5572828293361092e-11, 2.0636924095536557e-11, 2.0662238172414524e-11, 1.5562545596538774e-11, 1.7154262935474589e-11, 1.7809213632969861e-11, 1.5933783581268925e-11, 1.4925994724899066e-11, 1.4180230268260224e-11, 1.8241398554469707e-11, 1.8259653314695462e-11, 1.4172626091414891e-11, 1.4930652888801909e-11, 1.5901019499228795e-11, 1.4814646559788536e-11, 1.8221245676157964e-11, 1.577098400756944e-11, 1.5258012989225082e-11, 1.5250524418124588e-11, 1.574791090301613e-11, 1.8217976285434213e-11, 1.4783194733152176e-11], [1.5851022056400862e-11, 1.5835746518168344e-11, 1.5557819856372395e-11, 1.5544148578202e-11, 1.8221869584055095e-11, 1.819796963287283e-11, 1.9447179303828378e-11, 1.4542283273189138e-11, 1.4558560491973167e-11, 1.9418030965034588e-11, 1.5185743857541863e-11, 1.8916893675388244e-11, 1.8925987858094856e-11, 1.5180150903248144e-11, 1.4278056369872905e-11, 1.6900374451867162e-11, 1.6917340857236961e-11, 1.4240323588069697e-11, 1.5958288886504319e-11, 1.5171229644211695e-11, 1.4489896270221157e-11, 2.0579159864375604e-11, 2.0597102108682637e-11, 1.4498003059479654e-11, 1.5172766735209181e-11, 1.5921031111878096e-11, 1.7831648500539919e-11, 1.7127758729008657e-11, 1.5572846740654153e-11, 2.0636892440522469e-11, 2.0662204429279201e-11, 1.5562554074707066e-11, 1.7154267769204533e-11, 1.7809255122043734e-11, 1.5933764977952162e-11, 1.4926131185465344e-11, 1.4180222844149625e-11, 1.8241215412291348e-11, 1.8259631887419162e-11, 1.4172644750343026e-11, 1.4930686496539712e-11, 1.5901164112389312e-11, 1.4814720567381525e-11, 1.82212206645448e-11, 1.5771065988322661e-11, 1.5258092253419522e-11, 1.5250586915011508e-11, 1.5747971323278267e-11, 1.8217972465803044e-11, 1.478329672412173e-11], [1.5850967934936886e-11, 1.5835643440981952e-11, 1.5557827919000622e-11, 1.5544095470332516e-11, 1.8221830536021693e-11, 1.8197918949510462e-11, 1.9447163196421276e-11, 1.454232847423837e-11, 1.4558503085461177e-11, 1.941793086028217e-11, 1.5185801270167619e-11, 1.8916892348980027e-11, 1.8925933525694115e-11, 1.5180085704625685e-11, 1.4278019567441806e-11, 1.690042590779709e-11, 1.6917330165391514e-11, 1.4240201772814938e-11, 1.595834724593959e-11, 1.5171208753152042e-11, 1.4489853541422859e-11, 2.0579254608545937e-11, 2.059708873455257e-11, 1.4497991595971495e-11, 1.5172692989523462e-11, 1.5920889964753086e-11, 1.7831673941229094e-11, 1.7127766264775515e-11, 1.557284268831728e-11, 2.0636963302802579e-11, 2.0662199461087633e-11, 1.5562550912893547e-11, 1.7154286530352274e-11, 1.7809217111289644e-11, 1.5933781025693989e-11, 1.4926005908426433e-11, 1.4180270911110508e-11, 1.8241354543371994e-11, 1.8259626662029199e-11, 1.4172587961259139e-11, 1.4930692821172628e-11, 1.5900981055270708e-11, 1.4814688543479725e-11, 1.82211939518319e-11, 1.5770994252105909e-11, 1.5257990032221723e-11, 1.5250528055724095e-11, 1.5747869275819722e-11, 1.8218026544731379e-11, 1.4783145030867478e-11], [1.5850934796129236e-11, 1.5835762711044781e-11, 1.5557815171922467e-11, 1.5544102209406231e-11, 1.8221858468496548e-11, 1.8197967645984853e-11, 1.9447195411209029e-11, 1.4542285403018243e-11, 1.4558568180055325e-11, 1.9418048222826524e-11, 1.5185769675364424e-11, 1.8916865354165523e-11, 1.8925992764313002e-11, 1.5180143469076287e-11, 1.4278039484076672e-11, 1.6900338507232624e-11, 1.6917332597034754e-11, 1.424031826966513e-11, 1.5958287144498545e-11, 1.5171241861803537e-11, 1.4489900627813181e-11, 2.0579146183868931e-11, 2.0597078503831781e-11, 1.4498000192895741e-11, 1.5172740181701982e-11, 1.5921040217396718e-11, 1.7831637854196467e-11, 1.7127755024040285e-11, 1.5572858013167261e-11, 2.0636892928726654e-11, 2.0662210675672873e-11, 1.5562544988091764e-11, 1.7154275805344837e-11, 1.7809254555048673e-11, 1.5933750290530188e-11, 1.4926129304416145e-11, 1.4180230945048039e-11, 1.8241221640826207e-11, 1.8259624080383376e-11, 1.4172618498221905e-11, 1.4930675884632066e-11, 1.590117492731061e-11, 1.4814701569558534e-11, 1.8221219889746905e-11, 1.5771028633707536e-11, 1.5258080647564237e-11, 1.5250582905312586e-11, 1.5748001126765765e-11, 1.8217904090749599e-11, 1.4783287047981358e-11], [1.5850961721876728e-11, 1.5835632738085873e-11, 1.5557811134074903e-11, 1.5544085641871959e-11, 1.8221817753695666e-11, 1.8197939982952026e-11, 1.9447205971431325e-11, 1.4542320524601637e-11, 1.455852533401212e-11, 1.9418000575037219e-11, 1.5185798755790327e-11, 1.8916863867859726e-11, 1.8925938312212544e-11, 1.5180054749109521e-11, 1.4278026108806946e-11, 1.690037030346319e-11, 1.6917328209170574e-11, 1.4240229904174618e-11, 1.5958343703271182e-11, 1.5171213295766784e-11, 1.4489776492860596e-11, 2.0579263558504614e-11, 2.0597082303706329e-11, 1.4497993675623949e-11, 1.5172677940896293e-11, 1.5920951852013044e-11, 1.7831691289157496e-11, 1.7127771428784259e-11, 1.5572834717171406e-11, 2.0636931236644232e-11, 2.066223582665653e-11, 1.556255069844412e-11, 1.7154269535688478e-11, 1.7809214885257819e-11, 1.5933797100882755e-11, 1.4925990125801614e-11, 1.4180233577377874e-11, 1.8241395181948212e-11, 1.8259648578557292e-11, 1.4172614453458444e-11, 1.4930653308962996e-11, 1.5901023466543172e-11, 1.4814650225280831e-11, 1.8221240134380242e-11, 1.577098313464825e-11, 1.5258003181945573e-11, 1.5250519747311091e-11, 1.5747911372068389e-11, 1.8217986427134888e-11, 1.4783197936268368e-11], [1.5850978105834975e-11, 1.5835666117430821e-11, 1.5557838015371053e-11, 1.5544070890304619e-11, 1.8221849410481433e-11, 1.8197910423481475e-11, 1.9447166795735513e-11, 1.4542336619423479e-11, 1.4558493455633514e-11, 1.9417937892362549e-11, 1.518581713521885e-11, 1.8916888450658868e-11, 1.8925935770167918e-11, 1.51801131825316e-11, 1.4278010732742032e-11, 1.6900429065909557e-11, 1.6917355660899131e-11, 1.424020410407486e-11, 1.5958337958451105e-11, 1.5171194700794781e-11, 1.4489865200815824e-11, 2.0579272236905104e-11, 2.0597096351981179e-11, 1.4497991749287895e-11, 1.5172697024949341e-11, 1.5920901863554806e-11, 1.7831651576726286e-11, 1.7127766970246517e-11, 1.5572842778460793e-11, 2.0636963992193e-11, 2.0662195826095219e-11, 1.5562529667621523e-11, 1.7154289771121197e-11, 1.7809222943313266e-11, 1.5933760094782784e-11, 1.4926068980618017e-11, 1.4180249961360857e-11, 1.8241333472678942e-11, 1.8259668670400721e-11, 1.4172617330615544e-11, 1.4930720070360144e-11, 1.5900974000753023e-11, 1.4814718094567347e-11, 1.8221193325258946e-11, 1.5771000364892203e-11, 1.52580201758157e-11, 1.5250539894137494e-11, 1.5747923525476278e-11, 1.8218032542185566e-11, 1.4783207533129039e-11]]
g: [[0.0593522118478177, 0.059040495260986141, 0.063013569572033898, 0.063143650630214113, -0.0060715566826409816, -0.0056442072931474499, 0.03909154053074787, 0.01829822957641505, 0.017843464863759047, 0.039136879283152841, 0.013254699836620421, 0.040468913932667709, 0.039878525481986907, 0.013102693996819627, 0.11071082505629744, 0.011599492205042217, 0.010977909600932902, 0.11075602131164151, 0.070208297810612941, 0.0751243036927704, -0.012123948316290496, 0.022203579041107046, 0.021818043672470647, -0.012452734144209433, 0.074602368383189982, 0.070212599338600745, 0.013973315066308124, 0.017934489780134167, -0.018137763864336024, 0.01163986613136676, 0.011292293997721409, -0.017858207023995647, 0.017180076131917809, 0.014016451743657078, 0.086026200450505894, 0.021085109533373805, 0.081612355617221147, 0.037298985525785942, 0.037032034365027063, 0.081475161150064007, 0.020851873061704183, 0.086104193792118519, 0.076216302019916499, 0.035096320563180419, 0.085613640602993327, 0.017170311241344577, 0.017685357186420315, 0.085327944492242999, 0.035622236623859098, 0.076172564508247498], [0.059351480875981168, 0.059039537758113936, 0.063014527599548356, 0.063141703066177363, -0.0060710460139644148, -0.005645505995164498, 0.039092574467707884, 0.018299406705946358, 0.017843013604518728, 0.039136282545373276, 0.013251285852597385, 0.040468582328081204, 0.039878056514063391, 0.013103108277307748, 0.1107099143294925, 0.011599596810736763, 0.010978539588335095, 0.11075434284287998, 0.070206864784899431, 0.075122913702709987, -0.01212474957226764, 0.022204952160883321, 0.021818138247985709, -0.012452890373158934, 0.074601077447253153, 0.070210612538450165, 0.013974355164324204, 0.017934011666151196, -0.018137526061812095, 0.011640874778452973, 0.011291249108758249, -0.017859423794621909, 0.017181360519213939, 0.014016409207658649, 0.086026168968136585, 0.021083938535422918, 0.081612635936937655, 0.037299167619088261, 0.037033305820458967, 0.081475799794928361, 0.020852018536163159, 0.086101895650664992, 0.07621619072384922, 0.035095422614926423, 0.085612554640819419, 0.017169129300469453, 0.017684070700067198, 0.085327254777209163, 0.035623324093304508, 0.076170431257781099], [0.059353900308674691, 0.059040606753164533, 0.063014517083484878, 0.06314070848795364, -0.0060679582649644922, -0.0056440591794256799, 0.039091490155182151, 0.018299107177190594, 0.017842369812782984, 0.039135833484873296, 0.013254436898466702, 0.040470993859613433, 0.039879158874125242, 0.013104762915388124, 0.11071120710239883, 0.011601293606340221, 0.010979506160834882, 0.11075508046334971, 0.070208291071359341, 0.075123969338243141, -0.012124719771097003, 0.022204822395262783, 0.021818062774342444, -0.012452766966926456, 0.074603100097950237, 0.07021077414435109, 0.013973668208048672, 0.017932716058244282, -0.018138049794437495, 0.011640399960260492, 0.011290466849793302, -0.017858938412244472, 0.017179510072535993, 0.014016450967571328, 0.086026422317809811, 0.021084110687216644, 0.081612695807194602, 0.03729625486705794, 0.037032444532764518, 0.081475849589378466, 0.020852652395847941, 0.086102564496281564, 0.076217881780758917, 0.035095930581206386, 0.085614257390311407, 0.017170889121181938, 0.017684516403419167, 0.085328938971815468, 0.035624216692922824, 0.076171056501575587], [0.059350802989282421, 0.059039748919575627, 0.063013687261690807, 0.063143146000513989, -0.0060715868516446597, -0.0056447752613341621, 0.039091783126498858, 0.018298529618802364, 0.017843515609011075, 0.039137088883238205, 0.013254170644175034, 0.040468549830817255, 0.039878551362762103, 0.013103240189792562, 0.11071065738810944, 0.011599453386639383, 0.010978105884731771, 0.11075678673364234, 0.070208376608565048, 0.07512415332921886, -0.012124395518369798, 0.022203046611631201, 0.02181805121301323, -0.012452710715677794, 0.074600977930462734, 0.07021094656145567, 0.013974173971969933, 0.017934596098158354, -0.018137749183705761, 0.011640286945499338, 0.011291554495317395, -0.017858670334800944, 0.017180697774297482, 0.014016613036419094, 0.086025830901362205, 0.021084717132116744, 0.081612630433510969, 0.037299119225508798, 0.03703274565526065, 0.081474530034499448, 0.020851044948473483, 0.086103848248682877, 0.076216181130569077, 0.035095920900218201, 0.085612986923680162, 0.017170031072252082, 0.017684141909873451, 0.085327679385529334, 0.035622054407294691, 0.076171070925396392], [0.059354509428971421, 0.059042128702208214, 0.063014497911462006, 0.0631412045912879, -0.0060687089804429281, -0.005644129828494996, 0.039090949568936849, 0.01829852144389266, 0.017842807047877222, 0.039136121265665215, 0.013254716822066605, 0.040470536766576776, 0.039879130591781435, 0.013104968181218254, 0.11071082213788955, 0.011601825258278882, 0.010978632387369482, 0.11075543995040665, 0.070208794713226108, 0.075123652988268771, -0.01212283977002245, 0.022204639504679279, 0.021817803699325223, -0.012452791907964214, 0.074603207510606798, 0.070210876306189968, 0.013973690108881822, 0.01793299697728112, -0.018138018079115272, 0.011639987826591437, 0.011290784366408969, -0.017859144057347769, 0.01717949949502812, 0.014016466439480317, 0.086026319555154968, 0.021084618458859766, 0.081612504951683415, 0.037296283598073271, 0.037031508840186009, 0.08147620128291598, 0.020852628273702097, 0.086103273949220807, 0.076218101848084849, 0.035096217523445203, 0.085614329432846525, 0.017171069257490738, 0.017687181546022696, 0.085328591758003378, 0.035624210041745326, 0.076172801967384837], [0.059352063812555561, 0.059040149484810074, 0.063014734480295473, 0.063141698898142709, -0.0060706741610683599, -0.0056455403771375487, 0.039092672277150187, 0.018299500845448312, 0.017842957757359217, 0.039136112403219153, 0.013252079717817587, 0.04046868138240077, 0.039877984866838335, 0.013103138891573029, 0.11070978349371306, 0.01159987999741283, 0.01097854541868391, 0.11075434786479846, 0.070206507702731971, 0.075122712967143332, -0.012124708376031005, 0.022205524110357935, 0.021818134339758315, -0.012452822730036825, 0.074601443288997135, 0.070210510784361899, 0.013974321401232951, 0.017933814332872243, -0.018137405067003322, 0.011640905449693432, 0.011291180033098267, -0.017859478322476634, 0.017181337951424843, 0.014016401319470063, 0.086026379046092949, 0.021083925817823788, 0.081612662773714248, 0.037299232689516133, 0.037033247758487202, 0.081475950757035911, 0.020852164933089081, 0.086101238618591369, 0.076216080477653589, 0.035095342204368947, 0.085612100555469389, 0.017169114399441961, 0.017684305387563031, 0.085327204584871544, 0.035623763263713401, 0.076170968875921174], [0.059354226285150476, 0.059042306498828856, 0.0630139368418835, 0.063141781722580462, -0.006070911223013657, -0.005643867399017578, 0.039091587807547588, 0.018298533828750217, 0.01784341337124435, 0.039137675181893067, 0.01325506982245714, 0.040469700201347159, 0.039878981669402701, 0.013104271310997518, 0.11071097011095543, 0.011599769939779091, 0.010978896938739335, 0.11075569709299904, 0.070209114410766466, 0.07512369028160977, -0.012123234300500852, 0.022204605596643952, 0.021818114255616545, -0.012452394856084358, 0.074602808347643906, 0.070211244867714961, 0.013973410782663972, 0.017933678988842135, -0.01813775453461557, 0.011639277193462402, 0.011291591014264416, -0.017859115960295519, 0.017179325760822588, 0.014016315978491841, 0.086025868569853725, 0.021086067437117779, 0.081611785904108142, 0.037296991165482608, 0.037032378317062936, 0.081476473006213038, 0.020851949383946754, 0.086104572961618775, 0.076218104966519887, 0.035096850934234106, 0.085614357389723714, 0.01717179564403187, 0.017687323959215517, 0.085328891301533108, 0.035623314225429706, 0.076174030066572029], [0.059353917491626711, 0.059039613690994863, 0.063015073459499471, 0.063141818025905821, -0.0060703819645313893, -0.0056454310695483899, 0.039092573520139354, 0.018299655131265583, 0.017842970811433614, 0.039135822528871267, 0.013251844665225873, 0.040469208291859245, 0.039877926930310149, 0.013103263801288231, 0.11071021210334096, 0.011600149858223207, 0.010978530697823131, 0.11075460894641743, 0.070206574233484212, 0.075122496210648051, -0.012124909954157638, 0.022205910825728464, 0.021818066187117451, -0.012452816248758469, 0.074602127431734347, 0.07021024878070968, 0.013974263082242807, 0.017933795157222415, -0.018137384807874815, 0.011640929781453969, 0.011290967284243062, -0.017859189756745063, 0.017180300761976797, 0.014016263509129124, 0.08602684924441914, 0.021083846351480348, 0.081612573724524615, 0.037299165600212465, 0.03703321398598166, 0.081476365747655599, 0.020852356142411557, 0.086101216408999467, 0.076216570317056337, 0.035095262565764965, 0.085612771818557615, 0.017169172660151263, 0.017684926462823502, 0.085326354223394504, 0.035624831918981109, 0.076171055542310823], [0.059354671661869834, 0.059042667245256385, 0.063014507867284866, 0.063141411649058329, -0.0060692606400318712, -0.005644086346860055, 0.0390911331765528, 0.018298471445460034, 0.017842637179170423, 0.039136319941774814, 0.013254776611104494, 0.040470439811902029, 0.039879092070907764, 0.013105154860828801, 0.11071068862868162, 0.011601850745432546, 0.010978694667495927, 0.11075556684877996, 0.07020887791256418, 0.075123655338139431, -0.01212196461265702, 0.022204590306422974, 0.021817847020383183, -0.012452309080458157, 0.074603185936207989, 0.070210867738949231, 0.013973676508548673, 0.017933162227095463, -0.018137862012116104, 0.011639817945520178, 0.011290879825601556, -0.017859204440596736, 0.017179476914082153, 0.014016406224990681, 0.086025589694042878, 0.021084954498318636, 0.081612559463462311, 0.037296358432983713, 0.037031662823023753, 0.081476387202010683, 0.020852613598515844, 0.086103503267816225, 0.0762182087123143, 0.035096334305749148, 0.085614452745919056, 0.017171341451389325, 0.017687389931768847, 0.085328583213707884, 0.035624054980226715, 0.076172729681315318], [0.059353663730900279, 0.059041577596352056, 0.063013805711990084, 0.063142483026005738, -0.0060714586650868676, -0.005644041524880814, 0.039091688040819722, 0.01829825930543915, 0.017844612097041902, 0.039137459809344806, 0.013255018448478076, 0.040469277644182074, 0.039878910608538889, 0.013103848634143893, 0.11071087937426265, 0.011599437006730414, 0.010978183787399207, 0.11075602346439831, 0.07020897884016325, 0.075123983158363342, -0.012123562924147999, 0.022204383417968522, 0.021818114644091238, -0.012452605966631081, 0.074602855329339079, 0.070211864800538995, 0.013972992884168117, 0.017933937580031874, -0.018137753917613957, 0.011639308273232507, 0.011291926550581054, -0.017858311354332145, 0.017179108150089231, 0.014016348383531545, 0.086026263746759563, 0.021084877467085841, 0.081611880633545811, 0.037297206301114723, 0.03703146043493652, 0.081476014759370524, 0.020850564147061049, 0.086104536898235357, 0.076217488962040891, 0.035096725127826189, 0.085614053894886313, 0.017170846444060438, 0.017686333019029006, 0.085328240434336122, 0.035622813582956617, 0.076172813366436984]]
w: [[0.41853273352974385, 3.1813327066089996, 0.52717313293737755, 1.6244493105269455, 0.96214362692603717, 0.53591869737416742, 0.5848572519801285, 0.42116491178429333, 1.492230803180246, 1.3789146742677152, 0.51333869783647845, 0.45069513425424618, 3.4501706884430909, 0.82004054657628311, 0.39682265389933064, 0.57762665591261564, 0.88343606906354044, -6.4466652714945951, 0.45241548902767964, 0.38055953247747792, 0.60058684107044069, 0.68654264457943492, 0.96927674086864968, 0.57775477662200259, -10.233765069166923, 2.9318890275875122, 0.59183001619594022, 0.41527224684574821, 0.8194225648184944, 0.64906481791839044, 0.96981701444676038, 0.47877907764231759, 2.5750395417051544, 0.89040608181254965, 0.47126744257181724, 0.83225809740718715, 0.42922578965212371, 1.0273389479660926, 0.65779593159407168, 5.0277807111982691, 0.57411059003355602, 4.5220242897882867, 0.41490044369161838, 1.8853894148960497, 0.38932528124191879, 1.0346167076375741, 0.46781022987217508, -9.4328508257340999, 0.4780775919952685, 3.6871849474301257], [0.41849354924372584, 3.1813044978607339, 0.52718579060119442, 1.6245961683297092, 0.9621574189344303, 0.53590971399182863, 0.58484327183309415, 0.42119617963626205, 1.4921823971741734, 1.3788937349498209, 0.51340235660891442, 0.45067357932214841, 3.4488122367676231, 0.81994689019750056, 0.39680327310659819, 0.5775636828542543, 0.88357378949806109, -6.4475444198147605, 0.45238266272656247, 0.38054996373071798, 0.60056785965754789, 0.68642359264439345, 0.96931497335233274, 0.5777968805095941, -10.242735758256909, 2.932617899517274, 0.59191591012079459, 0.41527818738610389, 0.81943211323736254, 0.64908668970553618, 0.96995128721309032, 0.47877228696566748, 2.5760960822345154, 0.8904198378579824, 0.47126532710250191, 0.83210177563406418, 0.42922358306892305, 1.0274326775396847, 0.65785063401271071, 5.0276949013915395, 0.57413513943004801, 4.5234678230101446, 0.41486305004734814, 1.8854351802744891, 0.38930211771130135, 1.0346835223732638, 0.46778500948050267, -9.4317974134901892, 0.47806847352573734, 3.6881250297469421], [0.41851880322342527, 3.1775940125679627, 0.5272120074422102, 1.6249673935779405, 0.9619733803946291, 0.53588725601690901, 0.58487985411866839, 0.42120425001130396, 1.4921539286161094, 1.379339986037742, 0.51330755545062978, 0.45069172085334741, 3.4491789905185262, 0.82008333603181593, 0.39681084083244766, 0.57745057501813846, 0.88349643615522677, -6.4478746751934777, 0.45235414821803099, 0.38052720577375132, 0.60042257049226155, 0.686553620168739, 0.9693054792446002, 0.57781266355900629, -10.227307954149078, 2.9330159792611901, 0.59196172081850806, 0.41524972428662987, 0.8193200229672829, 0.64908683595022898, 0.96979426607121189, 0.4787658745106162, 2.576484435080411, 0.89031336458557631, 0.47127722027915331, 0.83206594228113651, 0.42922754516934702, 1.0273808186879243, 0.65788932441504411, 5.0310388998777622, 0.57416438920414625, 4.5266718271270214, 0.41485354027567656, 1.884759451276822, 0.38930381395425379, 1.0343670010838208, 0.46784122786292892, -9.4344971479801156, 0.47810055657217404, 3.6897981397247412], [0.41852820539438845, 3.1809290017331504, 0.52717476240615091, 1.6249563130103679, 0.96215202332046845, 0.53591327734892558, 0.58483938804436775, 0.42117283447574078, 1.4921854989371777, 1.3788312036839889, 0.5133988876917821, 0.45068732161091973, 3.4491297429610372, 0.81999863741191625, 0.39682044900983332, 0.5776147440761833, 0.88350583294754537, -6.4434388490501924, 0.45240997677119976, 0.38055886367378389, 0.60057514317635008, 0.68645304185408296, 0.96928938077984428, 0.57777992613150886, -10.241376778918202, 2.932250466856567, 0.59182887779166971, 0.4152764751879619, 0.81941381486740161, 0.64905849928432002, 0.96993367863078594, 0.47877418398999394, 2.5759349030939522, 0.8904156680406945, 0.47125801225512498, 0.83223914790587072, 0.42922829118390887, 1.0272478401902196, 0.65781621438607507, 5.0316719891843791, 0.57409164514588018, 4.5238738418463056, 0.41489812752886968, 1.8853806799286246, 0.3893199539467555, 1.0346017873140145, 0.46781801527698202, -9.431827380063357, 0.47808566237175315, 3.6883779624044504], [0.41851274180994502, 3.1789324090192705, 0.5272165581148619, 1.6249635121380139, 0.96234190327105762, 0.53588391062546503, 0.58490371717809508, 0.42118544343993813, 1.4923858597195374, 1.3793466116785578, 0.51330400149786337, 0.45068790188053864, 3.4495888936298744, 0.8200568870917242, 0.39680946889245067, 0.57752586752662183, 0.88345180871157936, -6.4478471206553891, 0.45235520596466144, 0.38053760049460045, 0.60046139555718281, 0.68655465389198611, 0.96925390042359094, 0.57781557562084296, -10.22734822605903, 2.9331471843890258, 0.59195435651424644, 0.41524395671295111, 0.81935305896826593, 0.64907154510102238, 0.96981521826360373, 0.47877200301742057, 2.5765621423733251, 0.89041624681251919, 0.47128571099963917, 0.83200257756756879, 0.42922703742576829, 1.0273857896152943, 0.65783178850245072, 5.0294092622234201, 0.57416439522316498, 4.5259569798774377, 0.41487218372769252, 1.884827506589186, 0.38931314657396321, 1.0341706230437611, 0.46781348374951853, -9.4285686323745619, 0.47808605370912122, 3.6881331556216588], [0.4184840154727521, 3.1816372492608784, 0.52718935901693831, 1.6247816120198282, 0.96218886704972639, 0.53590853043716213, 0.58484604215099312, 0.42120050974073808, 1.4921918765189022, 1.3788989650362373, 0.51339850975225398, 0.45067204171866798, 3.4486660317972233, 0.81994163816008236, 0.39679753572691329, 0.57756194373014846, 0.8835849598487554, -6.4482286852521193, 0.45237433593975485, 0.38055071796543022, 0.60058051187321548, 0.6864930753823334, 0.96932234148951935, 0.57779511190793864, -10.242528176863891, 2.9327414189533512, 0.59192889576426599, 0.41527699053793699, 0.81945101257404684, 0.64909183060313302, 0.96995260899509539, 0.47877325540827831, 2.5758971783021933, 0.89042569763498247, 0.47126649615785743, 0.83209358140412049, 0.42922357323802146, 1.0274678940611397, 0.65785847185754587, 5.0273599401278197, 0.57414268903413546, 4.5231618863978298, 0.41485615586658803, 1.8853730399701287, 0.38929337500848871, 1.0346607597938311, 0.46777490273422001, -9.4328215854866375, 0.47806727885479694, 3.6881450075439246], [0.41851743037398975, 3.1813460409994363, 0.52717875833842098, 1.6248601314012181, 0.96236757201452927, 0.53589885257219472, 0.58487996125645125, 0.42118099512530155, 1.4918770228113423, 1.3792757289310975, 0.51329690506022019, 0.45069409717329811, 3.450658648320287, 0.81998507852292979, 0.39681535163762066, 0.57762227948478329, 0.88347468279640695, -6.444737882804807, 0.45238732612795185, 0.38054657340610082, 0.60059306943158663, 0.68657086099578601, 0.96928075119655632, 0.57774931383435979, -10.223089659789588, 2.9319722021850416, 0.59194447009170104, 0.41524807381056122, 0.81944459286084703, 0.64904779394253886, 0.96979387183747734, 0.4787822050801937, 2.5759956942949414, 0.89042322425171216, 0.47129550628507777, 0.83211953975926134, 0.4292159294837663, 1.0273903084999221, 0.65779258266707286, 5.0235102695177494, 0.57411771430956393, 4.5254000090353079, 0.4148765529709158, 1.8852667984847127, 0.38931688413353305, 1.0344467858950317, 0.46780050665197459, -9.4370175118789703, 0.47809042203558028, 3.6870856300884185], [0.41846013536744114, 3.1823363467108527, 0.52718882712433768, 1.6248304461489664, 0.96217005164946134, 0.53590388512286169, 0.58485442804658772, 0.42120791182665573, 1.4921463615523549, 1.3789140291671922, 0.51337681855479866, 0.45066338064376121, 3.4483043155305078, 0.81994004679704258, 0.39679170076741105, 0.57755965871365977, 0.88359639042339333, -6.4493908448890434, 0.4523466552041352, 0.38055378117954947, 0.60058640539289609, 0.68652652604166886, 0.96938885758973392, 0.57779800053179386, -10.238249135565917, 2.9329518656468503, 0.59195128762344285, 0.41527453762685779, 0.81956936460680807, 0.64909343286337051, 0.96995808202143996, 0.47878168772844537, 2.5762909522444777, 0.89045795946199147, 0.47126403199475914, 0.83212752657780142, 0.42921247758526315, 1.0275412341843431, 0.65787612276001384, 5.028023916362736, 0.57415568113143034, 4.5240648228751974, 0.41483232797205705, 1.8851472482740239, 0.38928321725725057, 1.0345935513534079, 0.46773876315146212, -9.4350215859427156, 0.47807472586850946, 3.6877965490040201], [0.4185104397051102, 3.1794846448219798, 0.52721789113647988, 1.6249530122134648, 0.96242301658339868, 0.53588529507541693, 0.58490403538501456, 0.42117519825109961, 1.4921623914260111, 1.3793400696494846, 0.51330457381968553, 0.45068953469516493, 3.4498084226775876, 0.82003838128235251, 0.39681679662425207, 0.57755720023940182, 0.88344114330871282, -6.4469656960260249, 0.45236007025800967, 0.38053934804824535, 0.60048077084716078, 0.68655557336667017, 0.96925664893960262, 0.57779274747678733, -10.226956162258569, 2.9327510464393214, 0.59194967851290636, 0.41524202235978325, 0.81937540614145521, 0.64906545934694038, 0.96982312573874363, 0.47877435843971583, 2.576442719716959, 0.89042686827340645, 0.47128773384998218, 0.83200014500654385, 0.42922689004747805, 1.0273875880326317, 0.65783063139480202, 5.028649305734584, 0.57416405137447135, 4.5254906318554609, 0.41487298689049956, 1.8848875789719903, 0.38931301464182366, 1.0341957332703262, 0.46780956380374922, -9.4345871115244737, 0.47808949838687942, 3.6876117674477884], [0.41852420260605683, 3.1817343440317205, 0.52717266127507456, 1.6244066417918261, 0.96229925358075719, 0.53591106071511829, 0.5848589279137687, 0.4211690567903788, 1.4918659786906758, 1.3791841821208217, 0.51330623786436758, 0.45070296703903862, 3.4507070543212861, 0.81999686613240164, 0.39682217498582223, 0.57761632835468013, 0.88340971875977636, -6.4474964985082641, 0.45240516706441208, 0.38055462814178037, 0.60059732552067402, 0.68656534603459807, 0.96926705697349091, 0.57774295174804735, -10.227684631156432, 2.9321860850353745, 0.59190484455583259, 0.41526326611777492, 0.81943795509516437, 0.64904472799750779, 0.96981686391461974, 0.47878664539653654, 2.5749478678932261, 0.89041095685103888, 0.47128305329113068, 0.83223022000253999, 0.42921874604618898, 1.0273714553029858, 0.65777111878337258, 5.0246546740584614, 0.57405844777302728, 4.5252843447248603, 0.41487820233128148, 1.8853957533197823, 0.38931751016180899, 1.0346018591355561, 0.46782126989633721, -9.4344792732676144, 0.47809121126853266, 3.6873582498000075]]
