number of elements: 408
number of scatterers: 8
number of waves: 14
number of Gauss points: 10
assembly time (mins): 0.049720768133799234
Cext avg: 1.901197136296122e-11
Csca avg: 1.0779717129175531e-11
Cbsca avg: 1.4582287958314258e-11
g avg: 0.04129138064576279
w avg: 0.5669379546954224
solver time phi (mins): [[0.09906863371531169, 0.1016492247581482, 0.08532817761103312, 0.0854740301767985, 0.08483665386835734, 0.08821051120758057, 0.09955714146296184, 0.10003530581792196, 0.09748173952102661, 0.0995355765024821, 0.097111709912618, 0.09934457143147786, 0.09568329652150472, 0.09890358050664266], [0.09888344208399455, 0.09757184584935506, 0.09518047173817952, 0.09593103329340617, 0.09507542848587036, 0.09711798826853434, 0.09862345059712728, 0.09891930421193441, 0.09873087803522745, 0.09850587447484334, 0.0967823624610901, 0.09623183409372965, 0.09262022177378336, 0.09607268571853637], [0.09613300561904907, 0.0868360201517741, 0.10016475915908814, 0.09883081912994385, 0.09507317940394083, 0.0984254519144694, 0.1003425677617391, 0.10018247365951538, 0.09427504936854045, 0.09831654230753581, 0.097526216506958, 0.09827346404393514, 0.09622631072998047, 0.09419826269149781], [0.09816864331563314, 0.10033008257548014, 0.09919880628585816, 0.0978984554608663, 0.1000531792640686, 0.09638967911402384, 0.0879037062327067, 0.0989357074101766, 0.09645531574885051, 0.09630130529403687, 0.10057910680770873, 0.0981503407160441, 0.09840568701426188, 0.08643961747487386], [0.09948229392369588, 0.09896184603373209, 0.08851139545440674, 0.10111823081970214, 0.09608366886774698, 0.10020897785822551, 0.09992587963740031, 0.09694978793462118, 0.09484002192815146, 0.09732276201248169, 0.09965975284576416, 0.09914472103118896, 0.09880634148915608, 0.10019779205322266], [0.0983546773592631, 0.09821893771489461, 0.09397684733072917, 0.09551457564036052, 0.0934176246325175, 0.09325114885965984, 0.09639989932378133, 0.09769810835520426, 0.09639349381128946, 0.09862285057703654, 0.09343173503875732, 0.09597320159276326, 0.08556492726008097, 0.09378560384114583], [0.09815617005030314, 0.09846014579137166, 0.09723434845606486, 0.09789783159891764, 0.09668266773223877, 0.1005502978960673, 0.0958211620648702, 0.0991652528444926, 0.09515532255172729, 0.09805262486139933, 0.09595363140106201, 0.0966810941696167, 0.09892677466074626, 0.08268807331720988], [0.09366569519042969, 0.09877976179122924, 0.09621035655339559, 0.09386728604634603, 0.10058236519495646, 0.09522723356882731, 0.09672259092330933, 0.09831261237462362, 0.09831243753433228, 0.0963353157043457, 0.09964664379755656, 0.097433606783549, 0.0940525730450948, 0.09964629411697387], [0.09994688034057617, 0.0997445782025655, 0.08671158154805501, 0.09582332770029704, 0.09876856803894044, 0.09892935355504354, 0.10168555974960328, 0.09584009647369385, 0.09526384274164836, 0.09582907358805338, 0.09889122247695922, 0.09833330710728963, 0.10066492160161336, 0.0988904078801473], [0.0995573083559672, 0.10030295451482137, 0.08024798234303793, 0.08594608306884766, 0.08554736773173015, 0.08736952940622965, 0.09927766720453898, 0.1013903538386027, 0.10011396408081055, 0.09975843826929728, 0.09645946025848388, 0.09719566504160564, 0.10028664668401083, 0.10075875520706176]]
solver time theta (mins): [[0.09853341976801554, 0.0995302677154541, 0.09634276231129964, 0.09634155829747518, 0.09694103797276815, 0.09850924412409465, 0.08200467824935913, 0.09662202199300131, 0.09628456433614095, 0.094106658299764, 0.08403902053833008, 0.09640693664550781, 0.09610471725463868, 0.08162970542907715], [0.09499251842498779, 0.09807517925898233, 0.0980193575223287, 0.09503875176111858, 0.0980178952217102, 0.09553025166193645, 0.09253336985905965, 0.09758049249649048, 0.10136958360671997, 0.09493187665939332, 0.0980668306350708, 0.09806583722432455, 0.09628780285517374, 0.09754750728607178], [0.09560897350311279, 0.09797730445861816, 0.08610497315724691, 0.09569588104883829, 0.09320650895436605, 0.09562029441197713, 0.09569716056187948, 0.09323531786600749, 0.08126943111419678, 0.09329172770182291, 0.09569642941157024, 0.09570841789245606, 0.09560997486114502, 0.09560693899790446], [0.09920513232549032, 0.0965483029683431, 0.08189910252888997, 0.08944516976674398, 0.08518282572428386, 0.0954997460047404, 0.09796905120213827, 0.09682114521662394, 0.09492154518763224, 0.09655794302622477, 0.09383861621220907, 0.09430644909540813, 0.09430652856826782, 0.09530736605326334], [0.09853623310724895, 0.09498469829559326, 0.09932590325673421, 0.0974931796391805, 0.09696432749430338, 0.09751332998275757, 0.09851264158884684, 0.09894873698552449, 0.09650121927261353, 0.09749179283777873, 0.09587725400924682, 0.09842955271402995, 0.09750392039616902, 0.09498441616694132], [0.09647670189539591, 0.09644672473271688, 0.0959990421930949, 0.09403834342956544, 0.09599958260854086, 0.09358685811360677, 0.09354948997497559, 0.09645642836888631, 0.09605355660120646, 0.09397199551264444, 0.09605471293131511, 0.09645310242970785, 0.09643242756525676, 0.09600191116333008], [0.09595253070195515, 0.09589850902557373, 0.07899123032887777, 0.08138277530670165, 0.08149891297022502, 0.09391154448191324, 0.09587719440460205, 0.09334880113601685, 0.09352539380391439, 0.09410027662913005, 0.09595249891281128, 0.0959444522857666, 0.09587349096934, 0.09838592608769735], [0.09576741456985474, 0.09586768547693889, 0.09576604763666789, 0.09330877463022867, 0.09309988419214885, 0.09332493940989177, 0.09564495881398519, 0.09564578533172607, 0.09323893388112386, 0.09567345380783081, 0.09318079551060994, 0.08345306714375814, 0.08132550716400147, 0.09565828641255697], [0.09659653902053833, 0.0963527242342631, 0.09899872541427612, 0.09646432002385458, 0.09354364077250163, 0.09592774311701456, 0.09677409728368123, 0.09644515514373779, 0.09363886515299479, 0.09694320758183797, 0.093284539381663, 0.09642178217569987, 0.0965932289759318, 0.09354457457860312], [0.09861506223678589, 0.09849166870117188, 0.09827584028244019, 0.09931063652038574, 0.09899879296620687, 0.09910550117492675, 0.08344633976618449, 0.09793155193328858, 0.09591509501139323, 0.09538245598475138, 0.086818794409434, 0.0997246265411377, 0.09793245792388916, 0.08424801031748454]]
Iterations phi: [[40, 40, 34, 34, 33, 35, 40, 40, 39, 40, 39, 39, 39, 39], [40, 40, 39, 39, 39, 39, 40, 40, 40, 40, 39, 39, 38, 39], [40, 36, 40, 40, 39, 40, 40, 40, 39, 40, 39, 40, 40, 39], [40, 40, 40, 40, 40, 39, 35, 40, 39, 39, 40, 40, 40, 35], [40, 40, 35, 40, 39, 40, 40, 39, 38, 39, 40, 40, 40, 40], [40, 40, 39, 39, 39, 39, 40, 40, 40, 40, 39, 39, 35, 39], [40, 40, 40, 40, 39, 40, 38, 40, 39, 39, 39, 39, 40, 34], [39, 40, 40, 39, 40, 39, 39, 40, 40, 39, 40, 40, 39, 40], [40, 40, 35, 39, 40, 40, 40, 39, 39, 39, 40, 40, 40, 40], [40, 40, 32, 34, 34, 35, 40, 40, 39, 40, 39, 39, 40, 40]]
Iterations theta: [[40, 40, 40, 40, 40, 40, 34, 40, 39, 39, 35, 40, 40, 34], [39, 40, 40, 39, 40, 39, 38, 40, 40, 39, 40, 40, 39, 40], [40, 40, 36, 40, 39, 40, 40, 39, 34, 39, 40, 40, 40, 40], [40, 40, 34, 37, 35, 39, 40, 40, 39, 40, 39, 39, 39, 39], [40, 39, 40, 40, 39, 40, 40, 40, 39, 40, 39, 40, 40, 39], [39, 40, 40, 39, 40, 39, 39, 40, 40, 39, 40, 40, 39, 40], [40, 40, 33, 34, 34, 39, 40, 39, 39, 39, 40, 40, 40, 40], [40, 40, 40, 39, 39, 39, 40, 40, 39, 40, 39, 35, 34, 40], [40, 40, 40, 40, 39, 40, 40, 40, 39, 40, 39, 40, 40, 39], [40, 40, 40, 40, 40, 40, 34, 40, 39, 39, 35, 40, 40, 34]]
Total parallel time (mins): 2.85390020608902
Cext: [[1.9136537539471048e-11, 1.8689063267236007e-11, 1.8937580511601231e-11, 1.8355395198387198e-11, 1.9647711458268203e-11, 1.9301618130204879e-11, 1.9564477517883901e-11, 1.8825376170921507e-11, 1.7706701723577034e-11, 2.0393874381983328e-11, 2.1082692491865215e-11, 1.7412913075869448e-11, 1.8656996187541214e-11, 1.8456427101063563e-11], [1.9136003923348748e-11, 1.8689294516138083e-11, 1.893633988881218e-11, 1.8350635193235383e-11, 1.9643540079164895e-11, 1.9301719410785522e-11, 1.9562334187228145e-11, 1.8825268362903783e-11, 1.7706446597020324e-11, 2.0394717055711567e-11, 2.1083601174557693e-11, 1.7416148565812379e-11, 1.8657252906886644e-11, 1.845578021976319e-11], [1.9138579230523868e-11, 1.8685746945967731e-11, 1.8944677262162041e-11, 1.8351450078198705e-11, 1.9644053014953445e-11, 1.9302066364526797e-11, 1.9563355813742533e-11, 1.8825708203184631e-11, 1.7706579550548531e-11, 2.0393342136616423e-11, 2.1085472941191613e-11, 1.7414920783971132e-11, 1.8659496711265386e-11, 1.8459750555046315e-11], [1.9136757079618292e-11, 1.868892850048701e-11, 1.8937344361699945e-11, 1.8354241903440954e-11, 1.9646113792373437e-11, 1.9302582730563989e-11, 1.9562807745987575e-11, 1.8825393921126695e-11, 1.7707418437406153e-11, 2.0394960629996268e-11, 2.1082235639816459e-11, 1.7413987027737262e-11, 1.8656108932225719e-11, 1.8454024582690653e-11], [1.9138748410627803e-11, 1.8685157291488274e-11, 1.8943582181061885e-11, 1.8350113810851961e-11, 1.9645086871208378e-11, 1.9302272576526608e-11, 1.9563321493239239e-11, 1.8825654879830022e-11, 1.7705314622685205e-11, 2.0393011219488353e-11, 2.1085274474916082e-11, 1.741503622128105e-11, 1.8659842568347077e-11, 1.845966249196718e-11], [1.9136275793410825e-11, 1.8689503175202514e-11, 1.8936216266153144e-11, 1.8350737924443823e-11, 1.9643301695711959e-11, 1.9301637452502862e-11, 1.9562843190823159e-11, 1.8825257884975085e-11, 1.7706223068576924e-11, 2.0394438074691401e-11, 2.1083927491475873e-11, 1.741642587040599e-11, 1.8657245745534535e-11, 1.8456423474009275e-11], [1.9138356272264811e-11, 1.8689586001784541e-11, 1.8938639256593227e-11, 1.8349659510505886e-11, 1.964898598598421e-11, 1.9302869231601649e-11, 1.9560284143593585e-11, 1.8824947107956856e-11, 1.7705203440982275e-11, 2.039246158739082e-11, 2.1085283633204322e-11, 1.7414196793570506e-11, 1.8659041369747242e-11, 1.8459145461285228e-11], [1.9136760433933093e-11, 1.8690112866938553e-11, 1.8937680499810127e-11, 1.8351028857418994e-11, 1.9642889039730968e-11, 1.9301684891131981e-11, 1.9562925463853843e-11, 1.8825315089402241e-11, 1.7706726584759721e-11, 2.0393772090435327e-11, 2.1084467447096e-11, 1.7416745243860362e-11, 1.8659025918479738e-11, 1.8455862817062416e-11], [1.9138788155181642e-11, 1.8687569917315383e-11, 1.8942735026738177e-11, 1.8347477572255242e-11, 1.9644107750859251e-11, 1.9302309477073926e-11, 1.9563259550935823e-11, 1.8825601250668969e-11, 1.7705879276223926e-11, 2.0392893254925261e-11, 2.1085211438719746e-11, 1.7414863069837906e-11, 1.8659861072651035e-11, 1.8459599081812759e-11], [1.9137285560641391e-11, 1.8689514864371273e-11, 1.893781649654058e-11, 1.835285675949466e-11, 1.9646868011537308e-11, 1.9302168345859638e-11, 1.9561985392147917e-11, 1.8825369714796817e-11, 1.7705384001337293e-11, 2.0393368552442905e-11, 2.1084136582372981e-11, 1.741233000267543e-11, 1.8658035762839991e-11, 1.8456492551915188e-11]]
Csca: [[1.0743237015358544e-11, 1.0743700099206288e-11, 1.0485900046022655e-11, 1.0487050873566637e-11, 1.1108520560078952e-11, 1.110638820330734e-11, 1.0781297231268299e-11, 1.057587592528519e-11, 9.8513306556870195e-12, 1.1911224975130613e-11, 1.1912053527324642e-11, 9.851472450534763e-12, 1.0577286390087914e-11, 1.0780176550422199e-11], [1.0743264725022205e-11, 1.0743684388633187e-11, 1.0485888694583259e-11, 1.0487057767207837e-11, 1.1108505363508637e-11, 1.1106401591521083e-11, 1.0781398761262806e-11, 1.0575872868060666e-11, 9.8513649894948739e-12, 1.1911230848876681e-11, 1.1912103610939268e-11, 9.8514839804979155e-12, 1.0577217690370889e-11, 1.078018821179386e-11], [1.0743228421714647e-11, 1.0743554033128134e-11, 1.0485851841466277e-11, 1.048707428686363e-11, 1.1108489967772651e-11, 1.1106420958104037e-11, 1.0781334605297838e-11, 1.0575872123394182e-11, 9.8513915798876162e-12, 1.1911214364434507e-11, 1.1912164415024109e-11, 9.8515118908546465e-12, 1.0577273336010636e-11, 1.0780202949232276e-11], [1.0743233552578142e-11, 1.0743694586836687e-11, 1.0485902700597955e-11, 1.0487065671314187e-11, 1.1108525539583384e-11, 1.1106392867536031e-11, 1.0781310289649283e-11, 1.0575876684778731e-11, 9.8513369892375302e-12, 1.1911229181093215e-11, 1.1912053926985416e-11, 9.8514718906705466e-12, 1.0577276115444394e-11, 1.07801977905133e-11], [1.0743223651448152e-11, 1.0743673892276215e-11, 1.0485863961125711e-11, 1.048707999406832e-11, 1.110849528906136e-11, 1.1106423511535994e-11, 1.078133751032653e-11, 1.0575857266953831e-11, 9.8514032409779306e-12, 1.1911210230752896e-11, 1.1912163941957322e-11, 9.8515110413776358e-12, 1.057727759689667e-11, 1.0780206095881025e-11], [1.0743263639737259e-11, 1.074368334678604e-11, 1.0485887062498528e-11, 1.0487053902754446e-11, 1.1108502308420704e-11, 1.1106404334010797e-11, 1.0781371686634368e-11, 1.0575871489079273e-11, 9.8513669490703582e-12, 1.1911232272932561e-11, 1.1912111874823349e-11, 9.8514867889189874e-12, 1.0577187941824658e-11, 1.0780188653844087e-11], [1.0743222881314341e-11, 1.0743695233606594e-11, 1.0485902641682782e-11, 1.0487052052073904e-11, 1.1108499699957857e-11, 1.1106430756105563e-11, 1.0781338207899892e-11, 1.0575860231657672e-11, 9.851326978382262e-12, 1.1911211402771542e-11, 1.1912142710041386e-11, 9.8514905308194809e-12, 1.0577286602495457e-11, 1.0780232828978429e-11], [1.0743260940562299e-11, 1.0743682472355856e-11, 1.0485898365100421e-11, 1.0487049254519282e-11, 1.1108497595610149e-11, 1.1106411179816202e-11, 1.0781365941965313e-11, 1.0575868238272836e-11, 9.8513731541617101e-12, 1.1911235696708173e-11, 1.1912126440917014e-11, 9.8514885221951428e-12, 1.0577227362355717e-11, 1.0780186232560952e-11], [1.0743222344768471e-11, 1.0743683278218903e-11, 1.048586955422558e-11, 1.0487089595342321e-11, 1.1108509566267079e-11, 1.1106424941889354e-11, 1.0781339901383364e-11, 1.0575852527674611e-11, 9.8513690868240377e-12, 1.1911207858408932e-11, 1.1912162405151528e-11, 9.8515094777488892e-12, 1.0577278880272171e-11, 1.0780208087376131e-11], [1.0743227791695621e-11, 1.0743704390145331e-11, 1.0485913990601289e-11, 1.0487039591714509e-11, 1.1108514078404029e-11, 1.1106412306381727e-11, 1.0781335309185837e-11, 1.0575867712613609e-11, 9.8513216010916334e-12, 1.19112207644976e-11, 1.1912113954054301e-11, 9.8514844494924206e-12, 1.0577293413546849e-11, 1.0780200314271819e-11]]
Cbsca: [[1.4367075755858828e-11, 1.4368360026166708e-11, 1.3473917298508362e-11, 1.3472952111763618e-11, 1.5884893255468488e-11, 1.5879108445151967e-11, 1.4403084539605825e-11, 1.3505964302455736e-11, 1.2735745445217792e-11, 1.7703287437826836e-11, 1.7706390502054985e-11, 1.2736289027653822e-11, 1.3509365226436113e-11, 1.4400156973655589e-11], [1.43671663520821e-11, 1.4368317482437525e-11, 1.3473806573568561e-11, 1.3472936235170398e-11, 1.5884933069183989e-11, 1.5879110510558435e-11, 1.440325770351191e-11, 1.3505967563667524e-11, 1.2735709892445183e-11, 1.7703303496902792e-11, 1.7706477939078618e-11, 1.2736360480984026e-11, 1.3509248947673886e-11, 1.4400130699730809e-11], [1.4367038040810216e-11, 1.4368207732851511e-11, 1.3473830944739813e-11, 1.3472999112655291e-11, 1.5884909834164416e-11, 1.5879194326649072e-11, 1.4403106790837261e-11, 1.350590849673002e-11, 1.2735768600948415e-11, 1.7703245749324079e-11, 1.7706542647496986e-11, 1.2736378103849134e-11, 1.3509356446276672e-11, 1.4400177151249053e-11], [1.4367080171599226e-11, 1.4368354425983767e-11, 1.3473860162038116e-11, 1.3472931386667251e-11, 1.588492849897636e-11, 1.5879105391718253e-11, 1.4403126176543239e-11, 1.350597029889911e-11, 1.2735734472630116e-11, 1.7703295786178126e-11, 1.7706383917489945e-11, 1.2736303538870438e-11, 1.350935941321615e-11, 1.4400157659321793e-11], [1.436702705373013e-11, 1.4368282034981104e-11, 1.3473849121822101e-11, 1.3473022404819122e-11, 1.5884927558710891e-11, 1.5879201630508184e-11, 1.4403111271093717e-11, 1.3505869177580078e-11, 1.273577188536917e-11, 1.7703249762433411e-11, 1.7706548285311202e-11, 1.2736383848244039e-11, 1.3509371087249648e-11, 1.4400173950397887e-11], [1.4367158557281244e-11, 1.4368311961981499e-11, 1.3473806898291888e-11, 1.3472928935088753e-11, 1.5884928361826916e-11, 1.5879119139076497e-11, 1.4403198883377546e-11, 1.3505967492519682e-11, 1.2735716438520275e-11, 1.7703304533209565e-11, 1.7706490996764854e-11, 1.2736374989830154e-11, 1.3509257253373153e-11, 1.4400140988411283e-11], [1.4367019239597832e-11, 1.4368291659325777e-11, 1.3473947005863939e-11, 1.3473070873770382e-11, 1.5884907134901177e-11, 1.5879218191699296e-11, 1.4403079683511997e-11, 1.3505894405202383e-11, 1.2735726758201583e-11, 1.7703305509923033e-11, 1.7706485224851307e-11, 1.2736339630195874e-11, 1.350938453360546e-11, 1.440024071125709e-11], [1.4367135757735798e-11, 1.4368304543394363e-11, 1.3473905435551026e-11, 1.3472920711708128e-11, 1.5884918967571635e-11, 1.587914170826007e-11, 1.4403178796919905e-11, 1.3505970093107387e-11, 1.2735745413207983e-11, 1.7703308175982705e-11, 1.7706508071469303e-11, 1.2736433913065643e-11, 1.3509304938008295e-11, 1.4400126835864158e-11], [1.4367022824271006e-11, 1.4368268771183372e-11, 1.3473861607780993e-11, 1.3473063522345372e-11, 1.5884941249212839e-11, 1.5879205989585836e-11, 1.4403115740116325e-11, 1.350586103124369e-11, 1.2735747387307728e-11, 1.7703254831165751e-11, 1.7706545803818158e-11, 1.2736383954874924e-11, 1.3509374973008248e-11, 1.4400174923416778e-11], [1.4367036082507393e-11, 1.4368332697019718e-11, 1.347398938792906e-11, 1.3473028163247596e-11, 1.5884952570804593e-11, 1.5879208103395841e-11, 1.4403100630868907e-11, 1.350593440713802e-11, 1.2735731888139764e-11, 1.7703311611648176e-11, 1.7706453287404919e-11, 1.2736308030265488e-11, 1.350939049318539e-11, 1.4400202880619143e-11]]
g: [[0.045346462263530486, 0.045322826801064225, 0.053825163234924985, 0.053870645946684427, 0.023328758676479457, 0.023424693084321244, 0.044779433485829544, 0.056538970895345625, 0.050849386936320039, 0.014193613452500815, 0.014122169986451067, 0.050856628848943625, 0.056484796497005843, 0.044842549631564227], [0.045344705016446586, 0.045323396043289998, 0.053828404299707609, 0.053871227737177028, 0.023326842543159105, 0.023425706985422887, 0.044778847824725763, 0.056538699872010316, 0.050852120758587978, 0.014193319955871926, 0.014121332191745186, 0.050854679845883335, 0.05648644590870288, 0.044844100118063501], [0.045347300448734675, 0.045321584051120127, 0.053825217349822027, 0.053869756826416246, 0.023326877549299047, 0.023424279315102079, 0.044780522676504224, 0.056540448555216144, 0.050851429890473046, 0.014194142873835561, 0.014121968428827037, 0.050855424004768092, 0.056484426781220926, 0.044843469394780081], [0.045346125554570259, 0.045322729358114745, 0.053827164964784076, 0.053871922638178582, 0.023328440424751788, 0.023425366395204303, 0.044778652290380472, 0.056538760503474603, 0.050850134454780468, 0.014193532529563476, 0.014122067921114895, 0.050856033001786365, 0.056484620156366606, 0.044843320326608538], [0.045347476178409188, 0.045324179073926128, 0.053825375926622711, 0.053869187822574292, 0.02332655453528833, 0.023424170846901723, 0.044780467642408291, 0.05654120383301104, 0.050851825778699844, 0.014193889432074039, 0.014121857329857846, 0.050855216050409428, 0.056484089981769084, 0.044843661678818515], [0.045344900182448931, 0.045323510984031562, 0.053828314567709104, 0.053871294814054636, 0.023326824418944039, 0.023425606818148658, 0.044779395185183521, 0.056538658745326889, 0.050851946475792081, 0.014193325963950157, 0.014121305384757667, 0.050854361111666337, 0.056485119816595437, 0.044843850129675573], [0.045347731557890195, 0.045324674934458485, 0.053824242403709983, 0.053866440471057105, 0.023327691597222075, 0.023423961841294701, 0.044781081919631399, 0.056540667243967467, 0.050849647696933897, 0.01419266150115055, 0.014122967506063342, 0.050855942002983975, 0.056484016429556826, 0.044842495284230274], [0.04534549582089497, 0.045323673491144995, 0.05382549661721045, 0.053871341405060703, 0.023326867106487074, 0.023425314140486046, 0.044779792365095043, 0.056538479380687214, 0.050851114291807893, 0.014193310911382746, 0.014121430609786058, 0.050852681596111969, 0.056484711308369448, 0.044844136913961656], [0.045347565461754558, 0.045324912989326643, 0.053825302507978422, 0.053868156834264096, 0.023326736626628205, 0.023424103081512909, 0.044780409176562001, 0.056541321357964157, 0.050850944769554457, 0.014193670698472468, 0.014121899019433471, 0.050855168746092631, 0.056484010645363986, 0.044843692259777058], [0.045347401633390551, 0.045323824543874125, 0.053823423969375346, 0.053867459227340028, 0.02332657384576705, 0.023423154411021191, 0.044780537135160788, 0.056539692018227047, 0.050849279824111214, 0.014192797982788217, 0.014122928298588459, 0.050856658764812268, 0.056484120346146569, 0.044842187864829616]]
w: [[0.56139920783472608, 0.57486562839354183, 0.55370853946199483, 0.57133342868521209, 0.56538496016055007, 0.57541228555999047, 0.55106491964393678, 0.56178829199817781, 0.55636169906051225, 0.5840589557447412, 0.56501576029346934, 0.56575671213720036, 0.56693404896288846, 0.58408794353274285], [0.56141631074363629, 0.57485767476969696, 0.55374421647228933, 0.57148200358065504, 0.56550424815183786, 0.57540995986683896, 0.55113048668301379, 0.56179134683152776, 0.55637165455618187, 0.58403511146240328, 0.56499378414129808, 0.56565227055057521, 0.56692256588678691, 0.58410904786620732], [0.56133886911419284, 0.57495983779479187, 0.55349857357610066, 0.57145752745294742, 0.56548869824962533, 0.5754006202421591, 0.55109842646343676, 0.5617781816890759, 0.5563689786479642, 0.58407367878400951, 0.56494651309210386, 0.56569375267684696, 0.56685737561317873, 0.58398421566348346], [0.5613925864179089, 0.57486947882307537, 0.55371558441981406, 0.57137013484322274, 0.56543119198951597, 0.57538377234617455, 0.55111262297512387, 0.56178780263981687, 0.55633953780789458, 0.58402805463495489, 0.5650280231422895, 0.56572178875400414, 0.56696046071931361, 0.58416513656456359], [0.56133365782071776, 0.57498439668850554, 0.55353120972064873, 0.57149945238303812, 0.56545920931211802, 0.57539460535038023, 0.5510995417650516, 0.56177898375715474, 0.55640938615999913, 0.58408295383911135, 0.56495180824553781, 0.56568995414084522, 0.56684709735113403, 0.58398717206081574], [0.56140827795952208, 0.57485120102287712, 0.55374774533184579, 0.57147859371831167, 0.56551095536274532, 0.57541254524862184, 0.55111476289355832, 0.56179158626666903, 0.55637878902324978, 0.58404317046194454, 0.56498543165827886, 0.565643425477936, 0.56692118901613464, 0.5840887141013521], [0.56134511911471485, 0.57484928946958758, 0.55367772201649912, 0.57151207879741106, 0.56534722493474443, 0.57537719511266716, 0.5511851529739159, 0.56180026275810935, 0.55640857283680645, 0.584098753930548, 0.56495055590727683, 0.56571604465023317, 0.56687191977852069, 0.58400497745619095], [0.56139391918772563, 0.57483240196802909, 0.55370552720041688, 0.57146928033299649, 0.56552259563964291, 0.57541148570501022, 0.55111215149727477, 0.56178970646959037, 0.55636331803083483, 0.58406241100902268, 0.5649716536975038, 0.56563315270790482, 0.56686921431842396, 0.584106326505347], [0.56133242385358906, 0.57491066659577306, 0.55355625992891178, 0.57158209100093016, 0.56548812026248341, 0.57539357946161152, 0.55110140890952042, 0.56178033237046265, 0.55638971288213857, 0.58408621618867917, 0.56495342433591511, 0.56569548886154897, 0.56684660400686682, 0.58398928598602584], [0.56137678238917177, 0.57485196743263656, 0.55370237601134098, 0.57141183681331509, 0.56540890242051467, 0.57539713193746334, 0.55113706983512067, 0.56178804840687591, 0.55640259484615306, 0.58407323605549044, 0.56497992732665248, 0.5657763463005081, 0.5669028373615278, 0.5840871597866617]]
