1.416935e-12
1.416933e-12
1.416926e-12
1.416914e-12
1.416898e-12
1.416876e-12
1.416850e-12
1.416820e-12
1.416785e-12
1.416745e-12
1.416700e-12
1.416651e-12
1.416596e-12
1.416538e-12
1.416474e-12
1.416406e-12
1.416333e-12
1.416256e-12
1.416173e-12
1.416086e-12
1.415995e-12
1.415898e-12
1.415797e-12
1.415691e-12
1.415581e-12
1.415466e-12
1.415346e-12
1.415222e-12
1.415092e-12
1.414959e-12
1.414820e-12
1.414677e-12
1.414529e-12
1.414376e-12
1.414219e-12
1.414057e-12
1.413891e-12
1.413719e-12
1.413544e-12
1.413363e-12
1.413178e-12
1.412988e-12
1.412793e-12
1.412594e-12
1.412390e-12
1.412182e-12
1.411969e-12
1.411751e-12
1.411529e-12
1.411302e-12
1.411070e-12
1.410834e-12
1.410593e-12
1.410347e-12
1.410097e-12
1.409842e-12
1.409583e-12
1.409319e-12
1.409050e-12
1.408777e-12
1.408499e-12
1.408217e-12
1.407930e-12
1.407638e-12
1.407342e-12
1.407042e-12
1.406736e-12
1.406426e-12
1.406112e-12
1.405793e-12
1.405469e-12
1.405141e-12
1.404808e-12
1.404471e-12
1.404129e-12
1.403783e-12
1.403432e-12
1.403077e-12
1.402717e-12
1.402353e-12
1.401984e-12
1.401610e-12
1.401232e-12
1.400850e-12
1.400463e-12
1.400071e-12
1.399675e-12
1.399275e-12
1.398870e-12
1.398461e-12
1.398047e-12
1.397629e-12
1.397206e-12
1.396779e-12
1.396347e-12
1.395911e-12
1.395470e-12
1.395025e-12
1.394576e-12
1.394122e-12
1.393664e-12
1.393202e-12
1.392735e-12
1.392263e-12
1.391787e-12
1.391307e-12
1.390823e-12
1.390334e-12
1.389841e-12
1.389343e-12
1.388841e-12
1.388335e-12
1.387824e-12
1.387309e-12
1.386790e-12
1.386266e-12
1.385738e-12
1.385206e-12
1.384670e-12
1.384129e-12
1.383584e-12
1.383035e-12
1.382481e-12
1.381923e-12
1.381361e-12
1.380795e-12
1.380224e-12
1.379649e-12
1.379070e-12
1.378487e-12
1.377900e-12
1.377308e-12
1.376712e-12
1.376112e-12
1.375508e-12
1.374899e-12
1.374287e-12
1.373670e-12
1.373049e-12
1.372424e-12
1.371795e-12
1.371162e-12
1.370525e-12
1.369883e-12
1.369238e-12
1.368588e-12
1.367934e-12
1.367276e-12
1.366615e-12
1.365949e-12
1.365279e-12
1.364605e-12
1.363927e-12
1.363245e-12
1.362559e-12
1.361868e-12
1.361174e-12
1.360476e-12
1.359774e-12
1.359068e-12
1.358358e-12
1.357645e-12
1.356927e-12
1.356205e-12
1.355479e-12
1.354750e-12
1.354016e-12
1.353279e-12
1.352538e-12
1.351792e-12
1.351043e-12
1.350291e-12
1.349534e-12
1.348773e-12
1.348009e-12
1.347241e-12
1.346469e-12
1.345693e-12
1.344913e-12
1.344130e-12
1.343343e-12
1.342552e-12
1.341757e-12
1.340959e-12
1.340157e-12
1.339351e-12
1.338542e-12
1.337728e-12
1.336912e-12
1.336091e-12
1.335267e-12
1.334439e-12
1.333607e-12
1.332772e-12
1.331933e-12
1.331091e-12
1.330245e-12
1.329395e-12
1.328542e-12
1.327686e-12
1.326825e-12
1.325962e-12
1.325094e-12
1.324223e-12
1.323349e-12
1.322471e-12
1.321590e-12
1.320705e-12
1.319817e-12
1.318925e-12
1.318030e-12
1.317131e-12
1.316229e-12
1.315323e-12
1.314414e-12
1.313502e-12
1.312586e-12
1.311667e-12
1.310745e-12
1.309819e-12
1.308890e-12
1.307958e-12
1.307022e-12
1.306083e-12
1.305141e-12
1.304196e-12
1.303247e-12
1.302295e-12
1.301340e-12
1.300381e-12
1.299420e-12
1.298455e-12
1.297487e-12
1.296516e-12
1.295541e-12
1.294564e-12
1.293583e-12
1.292599e-12
1.291612e-12
1.290622e-12
1.289629e-12
1.288633e-12
1.287634e-12
1.286632e-12
1.285626e-12
1.284618e-12
1.283607e-12
1.282593e-12
1.281575e-12
1.280555e-12
1.279532e-12
1.278506e-12
1.277477e-12
1.276445e-12
1.275410e-12
1.274372e-12
1.273331e-12
1.272288e-12
1.271241e-12
1.270192e-12
1.269140e-12
1.268085e-12
1.267027e-12
1.265967e-12
1.264904e-12
1.263838e-12
1.262769e-12
1.261697e-12
1.260623e-12
1.259546e-12
1.258467e-12
1.257384e-12
1.256299e-12
1.255212e-12
1.254122e-12
1.253029e-12
1.251933e-12
1.250835e-12
1.249735e-12
1.248631e-12
1.247526e-12
1.246417e-12
1.245307e-12
1.244193e-12
1.243077e-12
1.241959e-12
1.240838e-12
1.239715e-12
1.238589e-12
1.237461e-12
1.236331e-12
1.235198e-12
1.234062e-12
1.232925e-12
1.231785e-12
1.230642e-12
1.229497e-12
1.228350e-12
1.227201e-12
1.226049e-12
1.224895e-12
1.223739e-12
1.222581e-12
1.221420e-12
1.220257e-12
1.219092e-12
1.217925e-12
1.216756e-12
1.215584e-12
1.214410e-12
1.213235e-12
1.212057e-12
1.210877e-12
1.209695e-12
1.208510e-12
1.207324e-12
1.206136e-12
1.204946e-12
1.203753e-12
1.202559e-12
1.201363e-12
1.200164e-12
1.198964e-12
1.197762e-12
1.196558e-12
1.195352e-12
1.194144e-12
1.192934e-12
1.191723e-12
1.190510e-12
1.189294e-12
1.188077e-12
1.186858e-12
1.185638e-12
1.184415e-12
1.183191e-12
1.181965e-12
1.180738e-12
1.179508e-12
1.178277e-12
1.177044e-12
1.175810e-12
1.174574e-12
1.173336e-12
1.172097e-12
1.170856e-12
1.169614e-12
1.168370e-12
1.167124e-12
1.165877e-12
1.164628e-12
1.163378e-12
1.162127e-12
1.160873e-12
1.159619e-12
1.158363e-12
1.157105e-12
1.155846e-12
1.154586e-12
1.153324e-12
1.152061e-12
1.150797e-12
1.149531e-12
1.148264e-12
1.146996e-12
1.145726e-12
1.144455e-12
1.143183e-12
1.141910e-12
1.140635e-12
1.139359e-12
1.138082e-12
1.136804e-12
1.135524e-12
1.134244e-12
1.132962e-12
1.131679e-12
1.130395e-12
1.129110e-12
1.127824e-12
1.126537e-12
1.125248e-12
1.123959e-12
1.122669e-12
1.121378e-12
1.120085e-12
1.118792e-12
1.117498e-12
1.116203e-12
1.114907e-12
1.113610e-12
1.112312e-12
1.111013e-12
1.109714e-12
1.108414e-12
1.107112e-12
1.105810e-12
1.104508e-12
1.103204e-12
1.101900e-12
1.100595e-12
1.099289e-12
1.097983e-12
1.096675e-12
1.095367e-12
1.094059e-12
1.092750e-12
1.091440e-12
1.090130e-12
1.088819e-12
1.087507e-12
1.086195e-12
1.084882e-12
1.083569e-12
1.082255e-12
1.080941e-12
1.079626e-12
1.078311e-12
1.076995e-12
1.075679e-12
1.074362e-12
1.073045e-12
1.071728e-12
1.070410e-12
1.069092e-12
1.067773e-12
1.066454e-12
1.065135e-12
1.063816e-12
1.062496e-12
1.061176e-12
1.059856e-12
1.058535e-12
1.057215e-12
1.055894e-12
1.054573e-12
1.053251e-12
1.051930e-12
1.050608e-12
1.049287e-12
1.047965e-12
1.046643e-12
1.045321e-12
1.043999e-12
1.042677e-12
1.041355e-12
1.040033e-12
1.038710e-12
1.037388e-12
1.036066e-12
1.034744e-12
1.033422e-12
1.032100e-12
1.030778e-12
1.029457e-12
1.028135e-12
1.026814e-12
1.025492e-12
1.024171e-12
1.022850e-12
1.021530e-12
1.020209e-12
1.018889e-12
1.017569e-12
1.016249e-12
1.014929e-12
1.013610e-12
1.012291e-12
1.010973e-12
1.009655e-12
1.008337e-12
1.007019e-12
1.005702e-12
1.004385e-12
1.003069e-12
1.001753e-12
1.000438e-12
9.991229e-13
9.978085e-13
9.964945e-13
9.951811e-13
9.938682e-13
9.925558e-13
9.912440e-13
9.899328e-13
9.886221e-13
9.873121e-13
9.860027e-13
9.846939e-13
9.833857e-13
9.820783e-13
9.807715e-13
9.794654e-13
9.781600e-13
9.768553e-13
9.755514e-13
9.742482e-13
9.729458e-13
9.716442e-13
9.703434e-13
9.690434e-13
9.677442e-13
9.664459e-13
9.651484e-13
9.638518e-13
9.625561e-13
9.612613e-13
9.599675e-13
9.586745e-13
9.573826e-13
9.560915e-13
9.548015e-13
9.535124e-13
9.522244e-13
9.509374e-13
9.496514e-13
9.483665e-13
9.470827e-13
9.457999e-13
9.445182e-13
9.432377e-13
9.419582e-13
9.406800e-13
9.394028e-13
9.381269e-13
9.368521e-13
9.355785e-13
9.343062e-13
9.330350e-13
9.317651e-13
9.304965e-13
9.292291e-13
9.279631e-13
9.266983e-13
9.254348e-13
9.241727e-13
9.229119e-13
9.216525e-13
9.203945e-13
9.191378e-13
9.178825e-13
9.166287e-13
9.153762e-13
9.141253e-13
9.128757e-13
9.116277e-13
9.103811e-13
9.091361e-13
9.078925e-13
9.066505e-13
9.054100e-13
9.041711e-13
9.029337e-13
9.016979e-13
9.004637e-13
8.992311e-13
8.980002e-13
8.967709e-13
8.955432e-13
8.943172e-13
8.930929e-13
8.918703e-13
8.906494e-13
8.894302e-13
8.882127e-13
8.869970e-13
8.857830e-13
8.845708e-13
8.833604e-13
8.821518e-13
8.809450e-13
8.797400e-13
8.785369e-13
8.773356e-13
8.761362e-13
8.749387e-13
8.737431e-13
8.725494e-13
8.713575e-13
8.701677e-13
8.689797e-13
8.677938e-13
8.666098e-13
8.654277e-13
8.642477e-13
8.630697e-13
8.618937e-13
8.607198e-13
8.595479e-13
8.583780e-13
8.572102e-13
8.560446e-13
8.548810e-13
8.537195e-13
8.525601e-13
8.514029e-13
8.502479e-13
8.490950e-13
8.479442e-13
8.467957e-13
8.456493e-13
8.445052e-13
8.433633e-13
8.422236e-13
8.410862e-13
8.399510e-13
8.388181e-13
8.376875e-13
8.365592e-13
8.354332e-13
8.343095e-13
8.331881e-13
8.320691e-13
8.309525e-13
8.298382e-13
8.287263e-13
8.276168e-13
8.265096e-13
8.254049e-13
8.243027e-13
8.232028e-13
8.221055e-13
8.210105e-13
8.199181e-13
8.188281e-13
8.177407e-13
8.166557e-13
8.155733e-13
8.144934e-13
8.134160e-13
8.123412e-13
8.112689e-13
8.101992e-13
8.091321e-13
8.080677e-13
8.070058e-13
8.059465e-13
8.048899e-13
8.038359e-13
8.027845e-13
8.017359e-13
8.006898e-13
7.996465e-13
7.986059e-13
7.975680e-13
7.965328e-13
7.955003e-13
7.944706e-13
7.934436e-13
7.924194e-13
7.913979e-13
7.903792e-13
7.893633e-13
7.883502e-13
7.873400e-13
7.863325e-13
7.853279e-13
7.843261e-13
7.833272e-13
7.823311e-13
7.813379e-13
7.803476e-13
7.793602e-13
7.783756e-13
7.773940e-13
7.764153e-13
7.754396e-13
7.744668e-13
7.734969e-13
7.725300e-13
7.715661e-13
7.706051e-13
7.696471e-13
7.686922e-13
7.677402e-13
7.667912e-13
7.658453e-13
7.649024e-13
7.639626e-13
7.630258e-13
7.620921e-13
7.611615e-13
7.602339e-13
7.593094e-13
7.583881e-13
7.574698e-13
7.565546e-13
7.556426e-13
7.547337e-13
7.538280e-13
7.529254e-13
7.520260e-13
7.511297e-13
7.502366e-13
7.493468e-13
7.484601e-13
7.475766e-13
7.466963e-13
7.458192e-13
7.449454e-13
7.440748e-13
7.432075e-13
7.423434e-13
7.414826e-13
7.406250e-13
7.397707e-13
7.389197e-13
7.380721e-13
7.372277e-13
7.363866e-13
7.355488e-13
7.347144e-13
7.338833e-13
7.330555e-13
7.322311e-13
7.314100e-13
7.305923e-13
7.297780e-13
7.289671e-13
7.281595e-13
7.273553e-13
7.265546e-13
7.257572e-13
7.249633e-13
7.241728e-13
7.233857e-13
7.226020e-13
7.218218e-13
7.210450e-13
7.202717e-13
7.195019e-13
7.187355e-13
7.179727e-13
7.172132e-13
7.164573e-13
7.157049e-13
7.149560e-13
7.142106e-13
7.134687e-13
7.127304e-13
7.119956e-13
7.112643e-13
7.105365e-13
7.098123e-13
7.090917e-13
7.083746e-13
7.076611e-13
7.069512e-13
7.062448e-13
7.055421e-13
7.048429e-13
7.041473e-13
7.034553e-13
7.027669e-13
7.020822e-13
7.014011e-13
7.007236e-13
7.000497e-13
6.993794e-13
6.987129e-13
6.980499e-13
6.973906e-13
6.967350e-13
6.960830e-13
6.954347e-13
6.947901e-13
6.941491e-13
6.935119e-13
6.928783e-13
6.922484e-13
6.916223e-13
6.909998e-13
6.903810e-13
6.897660e-13
6.891547e-13
6.885471e-13
6.879432e-13
6.873430e-13
6.867466e-13
6.861540e-13
6.855650e-13
6.849799e-13
6.843985e-13
6.838208e-13
6.832469e-13
6.826768e-13
6.821104e-13
6.815479e-13
6.809891e-13
6.804341e-13
6.798828e-13
6.793354e-13
6.787918e-13
6.782519e-13
6.777159e-13
6.771837e-13
6.766553e-13
6.761307e-13
6.756099e-13
6.750929e-13
6.745798e-13
6.740705e-13
6.735650e-13
6.730634e-13
6.725655e-13
6.720716e-13
6.715815e-13
6.710952e-13
6.706128e-13
6.701342e-13
6.696595e-13
6.691886e-13
6.687216e-13
6.682585e-13
6.677992e-13
6.673438e-13
6.668923e-13
6.664447e-13
6.660009e-13
6.655610e-13
6.651250e-13
6.646929e-13
6.642647e-13
6.638403e-13
6.634199e-13
6.630033e-13
6.625907e-13
6.621819e-13
6.617771e-13
6.613761e-13
6.609791e-13
6.605859e-13
6.601967e-13
6.598114e-13
6.594300e-13
6.590525e-13
6.586789e-13
6.583092e-13
6.579435e-13
6.575816e-13
6.572237e-13
6.568697e-13
6.565197e-13
6.561735e-13
6.558313e-13
6.554930e-13
6.551587e-13
6.548283e-13
6.545018e-13
6.541792e-13
6.538606e-13
6.535459e-13
6.532351e-13
6.529283e-13
6.526254e-13
6.523265e-13
6.520315e-13
6.517404e-13
6.514533e-13
6.511701e-13
6.508908e-13
6.506155e-13
6.503441e-13
6.500767e-13
6.498132e-13
6.495537e-13
6.492980e-13
6.490464e-13
6.487987e-13
6.485549e-13
6.483150e-13
6.480791e-13
6.478472e-13
6.476192e-13
6.473951e-13
6.471750e-13
6.469588e-13
6.467465e-13
6.465382e-13
6.463338e-13
6.461334e-13
6.459369e-13
6.457443e-13
6.455557e-13
6.453710e-13
6.451903e-13
6.450135e-13
6.448406e-13
6.446716e-13
6.445066e-13
6.443455e-13
6.441884e-13
6.440352e-13
6.438859e-13
6.437405e-13
6.435991e-13
6.434615e-13
6.433279e-13
6.431983e-13
6.430725e-13
6.429507e-13
6.428328e-13
6.427188e-13
6.426087e-13
6.425025e-13
6.424002e-13
6.423019e-13
6.422074e-13
6.421169e-13
6.420302e-13
6.419475e-13
6.418687e-13
6.417937e-13
6.417227e-13
6.416555e-13
6.415923e-13
6.415329e-13
6.414774e-13
6.414258e-13
6.413781e-13
6.413342e-13
6.412943e-13
6.412582e-13
6.412260e-13
6.411976e-13
6.411732e-13
6.411525e-13
6.411358e-13
6.411229e-13
6.411138e-13
6.411087e-13
6.411073e-13
6.411098e-13
6.411162e-13
6.411264e-13
6.411404e-13
6.411583e-13
6.411800e-13
6.412055e-13
6.412349e-13
6.412681e-13
6.413051e-13
6.413459e-13
6.413905e-13
6.414390e-13
6.414912e-13
6.415472e-13
6.416071e-13
6.416707e-13
6.417381e-13
6.418093e-13
6.418843e-13
6.419631e-13
6.420457e-13
6.421320e-13
6.422221e-13
6.423159e-13
6.424135e-13
6.425149e-13
6.426200e-13
6.427289e-13
6.428415e-13
6.429578e-13
6.430779e-13
6.432017e-13
6.433292e-13
6.434605e-13
6.435955e-13
6.437341e-13
6.438765e-13
6.440226e-13
6.441724e-13
6.443259e-13
6.444831e-13
6.446439e-13
6.448085e-13
6.449767e-13
6.451486e-13
6.453241e-13
6.455033e-13
6.456862e-13
6.458727e-13
6.460628e-13
6.462566e-13
6.464540e-13
6.466551e-13
6.468598e-13
6.470681e-13
6.472800e-13
6.474955e-13
6.477146e-13
6.479373e-13
6.481636e-13
6.483935e-13
6.486270e-13
6.488641e-13
6.491047e-13
6.493488e-13
6.495966e-13
6.498479e-13
6.501027e-13
6.503611e-13
6.506230e-13
6.508884e-13
6.511574e-13
6.514299e-13
6.517058e-13
6.519853e-13
6.522683e-13
6.525548e-13
6.528447e-13
6.531382e-13
6.534351e-13
6.537355e-13
6.540393e-13
6.543466e-13
6.546574e-13
6.549715e-13
6.552892e-13
6.556102e-13
6.559347e-13
6.562625e-13
6.565938e-13
6.569285e-13
6.572666e-13
6.576081e-13
6.579529e-13
6.583012e-13
6.586527e-13
6.590077e-13
6.593660e-13
6.597277e-13
6.600927e-13
6.604610e-13
6.608326e-13
6.612076e-13
6.615859e-13
6.619675e-13
6.623523e-13
6.627405e-13
6.631320e-13
6.635267e-13
6.639247e-13
6.643259e-13
6.647304e-13
6.651382e-13
6.655492e-13
6.659634e-13
6.663808e-13
6.668015e-13
6.672253e-13
6.676524e-13
6.680827e-13
6.685161e-13
6.689527e-13
6.693925e-13
6.698354e-13
6.702815e-13
6.707308e-13
6.711831e-13
6.716386e-13
6.720973e-13
6.725590e-13
6.730238e-13
6.734918e-13
6.739628e-13
6.744369e-13
6.749141e-13
6.753943e-13
6.758776e-13
6.763640e-13
6.768533e-13
6.773458e-13
6.778412e-13
6.783396e-13
6.788411e-13
6.793456e-13
6.798530e-13
6.803634e-13
6.808768e-13
6.813932e-13
6.819125e-13
6.824347e-13
6.829599e-13
6.834880e-13
6.840191e-13
6.845530e-13
6.850899e-13
6.856296e-13
6.861722e-13
6.867177e-13
6.872661e-13
6.878173e-13
6.883714e-13
6.889283e-13
6.894880e-13
6.900506e-13
6.906160e-13
6.911841e-13
6.917551e-13
6.923289e-13
6.929054e-13
6.934847e-13
6.940667e-13
6.946515e-13
6.952391e-13
6.958293e-13
6.964223e-13
6.970180e-13
6.976164e-13
6.982175e-13
6.988213e-13
6.994277e-13
7.000368e-13
7.006486e-13
7.012630e-13
7.018800e-13
7.024997e-13
7.031220e-13
7.037468e-13
7.043743e-13
7.050044e-13
7.056370e-13
7.062722e-13
7.069100e-13
7.075503e-13
7.081931e-13
7.088385e-13
7.094864e-13
7.101368e-13
7.107897e-13
7.114450e-13
7.121029e-13
7.127632e-13
7.134260e-13
7.140912e-13
7.147589e-13
7.154290e-13
7.161015e-13
7.167764e-13
7.174537e-13
7.181334e-13
7.188154e-13
7.194999e-13
7.201867e-13
7.208758e-13
7.215673e-13
7.222611e-13
7.229572e-13
7.236556e-13
7.243563e-13
7.250593e-13
7.257646e-13
7.264721e-13
7.271819e-13
7.278939e-13
7.286081e-13
7.293246e-13
7.300433e-13
7.307642e-13
7.314872e-13
7.322125e-13
7.329399e-13
7.336695e-13
7.344012e-13
7.351350e-13
7.358710e-13
7.366091e-13
7.373493e-13
7.380916e-13
7.388359e-13
7.395824e-13
7.403309e-13
7.410814e-13
7.418340e-13
7.425886e-13
7.433452e-13
7.441039e-13
7.448645e-13
7.456271e-13
7.463917e-13
7.471583e-13
7.479268e-13
7.486972e-13
7.494696e-13
7.502439e-13
7.510201e-13
7.517981e-13
7.525781e-13
7.533600e-13
7.541437e-13
7.549292e-13
7.557166e-13
7.565059e-13
7.572969e-13
7.580898e-13
7.588844e-13
7.596809e-13
7.604791e-13
7.612791e-13
7.620808e-13
7.628842e-13
7.636894e-13
7.644963e-13
7.653050e-13
7.661153e-13
7.669273e-13
7.677409e-13
7.685562e-13
7.693732e-13
7.701918e-13
7.710121e-13
7.718339e-13
7.726574e-13
7.734824e-13
7.743090e-13
7.751372e-13
7.759670e-13
7.767983e-13
7.776311e-13
7.784655e-13
7.793013e-13
7.801387e-13
7.809776e-13
7.818179e-13
7.826597e-13
7.835029e-13
7.843476e-13
7.851938e-13
7.860413e-13
7.868903e-13
7.877406e-13
7.885923e-13
7.894454e-13
7.902999e-13
7.911557e-13
7.920129e-13
7.928713e-13
7.937311e-13
7.945922e-13
7.954546e-13
7.963183e-13
7.971832e-13
7.980494e-13
7.989168e-13
7.997855e-13
8.006554e-13
8.015265e-13
8.023988e-13
8.032722e-13
8.041469e-13
8.050227e-13
8.058996e-13
8.067777e-13
8.076570e-13
8.085373e-13
8.094187e-13
8.103013e-13
8.111849e-13
8.120696e-13
8.129553e-13
8.138421e-13
8.147299e-13
8.156187e-13
8.165085e-13
8.173994e-13
8.182912e-13
8.191840e-13
8.200777e-13
8.209724e-13
8.218681e-13
8.227646e-13
8.236621e-13
8.245605e-13
8.254597e-13
8.263599e-13
8.272609e-13
8.281627e-13
8.290654e-13
8.299690e-13
8.308733e-13
8.317784e-13
8.326844e-13
8.335911e-13
8.344986e-13
8.354069e-13
8.363159e-13
8.372256e-13
8.381361e-13
8.390472e-13
8.399591e-13
8.408716e-13
8.417849e-13
8.426988e-13
8.436133e-13
8.445285e-13
8.454443e-13
8.463607e-13
8.472777e-13
8.481953e-13
8.491135e-13
8.500323e-13
8.509516e-13
8.518714e-13
8.527918e-13
8.537127e-13
8.546341e-13
8.555561e-13
8.564784e-13
8.574013e-13
8.583246e-13
8.592484e-13
8.601726e-13
8.610972e-13
8.620223e-13
8.629477e-13
8.638735e-13
8.647997e-13
8.657263e-13
8.666532e-13
8.675804e-13
8.685080e-13
8.694359e-13
8.703641e-13
8.712926e-13
8.722214e-13
8.731504e-13
8.740797e-13
8.750093e-13
8.759390e-13
8.768690e-13
8.777992e-13
8.787296e-13
8.796602e-13
8.805910e-13
8.815219e-13
8.824530e-13
8.833842e-13
8.843155e-13
8.852470e-13
8.861785e-13
8.871102e-13
8.880419e-13
8.889737e-13
8.899055e-13
8.908374e-13
8.917693e-13
8.927012e-13
8.936331e-13
8.945651e-13
8.954970e-13
8.964289e-13
8.973607e-13
8.982925e-13
8.992242e-13
9.001559e-13
9.010875e-13
9.020189e-13
9.029503e-13
9.038815e-13
9.048126e-13
9.057436e-13
9.066744e-13
9.076050e-13
9.085354e-13
9.094657e-13
9.103957e-13
9.113256e-13
9.122552e-13
9.131845e-13
9.141137e-13
9.150425e-13
9.159711e-13
9.168994e-13
9.178274e-13
9.187551e-13
9.196824e-13
9.206095e-13
9.215361e-13
9.224625e-13
9.233884e-13
9.243140e-13
9.252392e-13
9.261640e-13
9.270884e-13
9.280123e-13
9.289359e-13
9.298589e-13
9.307815e-13
9.317037e-13
9.326253e-13
9.335465e-13
9.344672e-13
9.353873e-13
9.363069e-13
9.372260e-13
9.381445e-13
9.390625e-13
9.399799e-13
9.408967e-13
9.418129e-13
9.427285e-13
9.436435e-13
9.445578e-13
9.454715e-13
9.463846e-13
9.472970e-13
9.482087e-13
9.491197e-13
9.500300e-13
9.509397e-13
9.518486e-13
9.527567e-13
9.536642e-13
9.545709e-13
9.554768e-13
9.563819e-13
9.572862e-13
9.581898e-13
9.590925e-13
9.599945e-13
9.608955e-13
9.617958e-13
9.626952e-13
9.635937e-13
9.644914e-13
9.653881e-13
9.662840e-13
9.671790e-13
9.680730e-13
9.689661e-13
9.698583e-13
9.707495e-13
9.716398e-13
9.725290e-13
9.734173e-13
9.743046e-13
9.751909e-13
9.760762e-13
9.769605e-13
9.778437e-13
9.787258e-13
9.796069e-13
9.804870e-13
9.813659e-13
9.822438e-13
9.831205e-13
9.839962e-13
9.848707e-13
9.857441e-13
9.866163e-13
9.874874e-13
9.883573e-13
9.892260e-13
9.900936e-13
9.909599e-13
9.918251e-13
9.926890e-13
9.935517e-13
9.944131e-13
9.952733e-13
9.961323e-13
9.969899e-13
9.978463e-13
9.987014e-13
9.995552e-13
1.000408e-12
1.001259e-12
1.002109e-12
1.002957e-12
1.003804e-12
1.004650e-12
1.005494e-12
1.006337e-12
1.007179e-12
1.008019e-12
1.008858e-12
1.009695e-12
1.010531e-12
1.011366e-12
1.012199e-12
1.013031e-12
1.013861e-12
1.014689e-12
1.015516e-12
1.016342e-12
1.017166e-12
1.017989e-12
1.018810e-12
1.019629e-12
1.020447e-12
1.021264e-12
1.022078e-12
1.022892e-12
1.023703e-12
1.024513e-12
1.025322e-12
1.026129e-12
1.026934e-12
1.027737e-12
1.028539e-12
1.029339e-12
1.030138e-12
1.030935e-12
1.031730e-12
1.032523e-12
1.033315e-12
1.034105e-12
1.034894e-12
1.035680e-12
1.036465e-12
1.037248e-12
1.038030e-12
1.038809e-12
1.039587e-12
1.040363e-12
1.041137e-12
1.041909e-12
1.042680e-12
1.043449e-12
1.044216e-12
1.044981e-12
1.045744e-12
1.046505e-12
1.047265e-12
1.048022e-12
1.048778e-12
1.049532e-12
1.050284e-12
1.051034e-12
1.051782e-12
1.052528e-12
1.053272e-12
1.054014e-12
1.054754e-12
1.055493e-12
1.056229e-12
1.056963e-12
1.057695e-12
1.058426e-12
1.059154e-12
1.059880e-12
1.060604e-12
1.061327e-12
1.062047e-12
1.062765e-12
1.063481e-12
1.064195e-12
1.064907e-12
1.065616e-12
1.066324e-12
1.067030e-12
1.067733e-12
1.068434e-12
1.069134e-12
1.069831e-12
1.070526e-12
1.071218e-12
1.071909e-12
1.072597e-12
1.073284e-12
1.073968e-12
1.074649e-12
1.075329e-12
1.076007e-12
1.076682e-12
1.077355e-12
1.078025e-12
1.078694e-12
1.079360e-12
1.080024e-12
1.080686e-12
1.081345e-12
1.082002e-12
1.082657e-12
1.083310e-12
1.083960e-12
1.084608e-12
1.085254e-12
1.085897e-12
1.086538e-12
1.087177e-12
1.087813e-12
1.088447e-12
1.089078e-12
1.089707e-12
1.090334e-12
1.090959e-12
1.091581e-12
1.092200e-12
1.092817e-12
1.093432e-12
1.094044e-12
1.094654e-12
1.095262e-12
1.095867e-12
1.096469e-12
1.097070e-12
1.097667e-12
1.098262e-12
1.098855e-12
1.099445e-12
1.100033e-12
1.100618e-12
1.101201e-12
1.101781e-12
1.102359e-12
1.102934e-12
1.103506e-12
1.104077e-12
1.104644e-12
1.105209e-12
1.105771e-12
1.106331e-12
1.106888e-12
1.107443e-12
1.107995e-12
1.108545e-12
1.109092e-12
1.109636e-12
1.110178e-12
1.110717e-12
1.111253e-12
1.111787e-12
1.112318e-12
1.112846e-12
1.113372e-12
1.113896e-12
1.114416e-12
1.114934e-12
1.115449e-12
1.115962e-12
1.116472e-12
1.116979e-12
1.117483e-12
1.117985e-12
1.118484e-12
1.118980e-12
1.119474e-12
1.119965e-12
1.120453e-12
1.120938e-12
1.121421e-12
1.121901e-12
1.122378e-12
1.122852e-12
1.123324e-12
1.123793e-12
1.124259e-12
1.124722e-12
1.125183e-12
1.125640e-12
1.126095e-12
1.126547e-12
1.126997e-12
1.127443e-12
1.127887e-12
1.128328e-12
1.128766e-12
1.129201e-12
1.129633e-12
1.130063e-12
1.130489e-12
1.130913e-12
1.131334e-12
1.131752e-12
1.132168e-12
1.132580e-12
1.132989e-12
1.133396e-12
1.133800e-12
1.134200e-12
1.134598e-12
1.134993e-12
1.135385e-12
1.135775e-12
1.136161e-12
1.136544e-12
1.136925e-12
1.137302e-12
1.137677e-12
1.138048e-12
1.138417e-12
1.138783e-12
1.139146e-12
1.139505e-12
1.139862e-12
1.140216e-12
1.140567e-12
1.140915e-12
1.141260e-12
1.141602e-12
1.141941e-12
1.142277e-12
1.142611e-12
1.142941e-12
1.143268e-12
1.143592e-12
1.143913e-12
1.144231e-12
1.144546e-12
1.144858e-12
1.145167e-12
1.145473e-12
1.145776e-12
1.146076e-12
1.146373e-12
1.146667e-12
1.146958e-12
1.147246e-12
1.147530e-12
1.147812e-12
1.148091e-12
1.148366e-12
1.148639e-12
1.148908e-12
1.149175e-12
1.149438e-12
1.149698e-12
1.149956e-12
1.150210e-12
1.150461e-12
1.150709e-12
1.150954e-12
1.151195e-12
1.151434e-12
1.151670e-12
1.151902e-12
1.152132e-12
1.152358e-12
1.152581e-12
1.152801e-12
1.153018e-12
1.153232e-12
1.153443e-12
1.153651e-12
1.153855e-12
1.154057e-12
1.154255e-12
1.154450e-12
1.154642e-12
1.154831e-12
1.155017e-12
1.155199e-12
1.155379e-12
1.155555e-12
1.155728e-12
1.155898e-12
1.156065e-12
1.156229e-12
1.156390e-12
1.156547e-12
1.156702e-12
1.156853e-12
1.157001e-12
1.157146e-12
1.157287e-12
1.157426e-12
1.157561e-12
1.157693e-12
1.157822e-12
1.157948e-12
1.158071e-12
1.158191e-12
1.158307e-12
1.158420e-12
1.158530e-12
1.158637e-12
1.158741e-12
1.158841e-12
1.158938e-12
1.159033e-12
1.159123e-12
1.159211e-12
1.159296e-12
1.159377e-12
1.159455e-12
1.159530e-12
1.159602e-12
1.159671e-12
1.159736e-12
1.159799e-12
1.159858e-12
1.159914e-12
1.159966e-12
1.160016e-12
1.160062e-12
1.160105e-12
1.160145e-12
1.160182e-12
1.160216e-12
1.160246e-12
1.160273e-12
1.160297e-12
1.160318e-12
1.160336e-12
1.160350e-12
1.160361e-12
1.160369e-12
1.160374e-12
1.160375e-12
