1.416935e-12
1.416933e-12
1.416926e-12
1.416914e-12
1.416898e-12
1.416876e-12
1.416851e-12
1.416820e-12
1.416785e-12
1.416745e-12
1.416700e-12
1.416651e-12
1.416597e-12
1.416538e-12
1.416474e-12
1.416406e-12
1.416333e-12
1.416256e-12
1.416173e-12
1.416086e-12
1.415995e-12
1.415898e-12
1.415797e-12
1.415692e-12
1.415581e-12
1.415466e-12
1.415346e-12
1.415222e-12
1.415093e-12
1.414959e-12
1.414820e-12
1.414677e-12
1.414529e-12
1.414376e-12
1.414219e-12
1.414057e-12
1.413891e-12
1.413720e-12
1.413544e-12
1.413363e-12
1.413178e-12
1.412988e-12
1.412794e-12
1.412594e-12
1.412391e-12
1.412182e-12
1.411969e-12
1.411751e-12
1.411529e-12
1.411302e-12
1.411070e-12
1.410834e-12
1.410593e-12
1.410347e-12
1.410097e-12
1.409842e-12
1.409583e-12
1.409319e-12
1.409050e-12
1.408777e-12
1.408499e-12
1.408217e-12
1.407930e-12
1.407639e-12
1.407342e-12
1.407042e-12
1.406736e-12
1.406426e-12
1.406112e-12
1.405793e-12
1.405469e-12
1.405141e-12
1.404809e-12
1.404471e-12
1.404130e-12
1.403783e-12
1.403432e-12
1.403077e-12
1.402717e-12
1.402353e-12
1.401984e-12
1.401610e-12
1.401232e-12
1.400850e-12
1.400463e-12
1.400071e-12
1.399675e-12
1.399275e-12
1.398870e-12
1.398461e-12
1.398047e-12
1.397629e-12
1.397206e-12
1.396779e-12
1.396347e-12
1.395911e-12
1.395470e-12
1.395026e-12
1.394576e-12
1.394122e-12
1.393664e-12
1.393202e-12
1.392735e-12
1.392263e-12
1.391787e-12
1.391307e-12
1.390823e-12
1.390334e-12
1.389841e-12
1.389343e-12
1.388841e-12
1.388335e-12
1.387824e-12
1.387309e-12
1.386790e-12
1.386266e-12
1.385739e-12
1.385206e-12
1.384670e-12
1.384129e-12
1.383584e-12
1.383035e-12
1.382481e-12
1.381923e-12
1.381361e-12
1.380795e-12
1.380224e-12
1.379649e-12
1.379070e-12
1.378487e-12
1.377900e-12
1.377308e-12
1.376712e-12
1.376112e-12
1.375508e-12
1.374899e-12
1.374287e-12
1.373670e-12
1.373049e-12
1.372424e-12
1.371795e-12
1.371162e-12
1.370525e-12
1.369883e-12
1.369238e-12
1.368588e-12
1.367934e-12
1.367276e-12
1.366615e-12
1.365949e-12
1.365279e-12
1.364605e-12
1.363927e-12
1.363245e-12
1.362559e-12
1.361869e-12
1.361175e-12
1.360476e-12
1.359774e-12
1.359068e-12
1.358359e-12
1.357645e-12
1.356927e-12
1.356205e-12
1.355479e-12
1.354750e-12
1.354016e-12
1.353279e-12
1.352538e-12
1.351792e-12
1.351043e-12
1.350291e-12
1.349534e-12
1.348773e-12
1.348009e-12
1.347241e-12
1.346469e-12
1.345693e-12
1.344913e-12
1.344130e-12
1.343343e-12
1.342552e-12
1.341757e-12
1.340959e-12
1.340157e-12
1.339351e-12
1.338542e-12
1.337728e-12
1.336912e-12
1.336091e-12
1.335267e-12
1.334439e-12
1.333607e-12
1.332772e-12
1.331934e-12
1.331091e-12
1.330245e-12
1.329396e-12
1.328542e-12
1.327686e-12
1.326825e-12
1.325962e-12
1.325094e-12
1.324223e-12
1.323349e-12
1.322471e-12
1.321590e-12
1.320705e-12
1.319817e-12
1.318925e-12
1.318030e-12
1.317131e-12
1.316229e-12
1.315323e-12
1.314415e-12
1.313502e-12
1.312587e-12
1.311668e-12
1.310745e-12
1.309820e-12
1.308890e-12
1.307958e-12
1.307022e-12
1.306084e-12
1.305141e-12
1.304196e-12
1.303247e-12
1.302295e-12
1.301340e-12
1.300381e-12
1.299420e-12
1.298455e-12
1.297487e-12
1.296516e-12
1.295541e-12
1.294564e-12
1.293583e-12
1.292599e-12
1.291612e-12
1.290622e-12
1.289629e-12
1.288633e-12
1.287634e-12
1.286632e-12
1.285627e-12
1.284618e-12
1.283607e-12
1.282593e-12
1.281575e-12
1.280555e-12
1.279532e-12
1.278506e-12
1.277477e-12
1.276445e-12
1.275410e-12
1.274372e-12
1.273331e-12
1.272288e-12
1.271241e-12
1.270192e-12
1.269140e-12
1.268085e-12
1.267027e-12
1.265967e-12
1.264904e-12
1.263838e-12
1.262769e-12
1.261697e-12
1.260623e-12
1.259546e-12
1.258467e-12
1.257384e-12
1.256300e-12
1.255212e-12
1.254122e-12
1.253029e-12
1.251933e-12
1.250835e-12
1.249735e-12
1.248631e-12
1.247526e-12
1.246417e-12
1.245307e-12
1.244193e-12
1.243077e-12
1.241959e-12
1.240838e-12
1.239715e-12
1.238589e-12
1.237461e-12
1.236331e-12
1.235198e-12
1.234062e-12
1.232925e-12
1.231785e-12
1.230642e-12
1.229497e-12
1.228350e-12
1.227201e-12
1.226049e-12
1.224896e-12
1.223739e-12
1.222581e-12
1.221420e-12
1.220257e-12
1.219092e-12
1.217925e-12
1.216756e-12
1.215584e-12
1.214411e-12
1.213235e-12
1.212057e-12
1.210877e-12
1.209695e-12
1.208510e-12
1.207324e-12
1.206136e-12
1.204946e-12
1.203753e-12
1.202559e-12
1.201363e-12
1.200164e-12
1.198964e-12
1.197762e-12
1.196558e-12
1.195352e-12
1.194144e-12
1.192935e-12
1.191723e-12
1.190510e-12
1.189294e-12
1.188077e-12
1.186858e-12
1.185638e-12
1.184415e-12
1.183191e-12
1.181965e-12
1.180738e-12
1.179508e-12
1.178277e-12
1.177045e-12
1.175810e-12
1.174574e-12
1.173336e-12
1.172097e-12
1.170856e-12
1.169614e-12
1.168370e-12
1.167124e-12
1.165877e-12
1.164628e-12
1.163378e-12
1.162127e-12
1.160874e-12
1.159619e-12
1.158363e-12
1.157105e-12
1.155847e-12
1.154586e-12
1.153325e-12
1.152061e-12
1.150797e-12
1.149531e-12
1.148264e-12
1.146996e-12
1.145726e-12
1.144455e-12
1.143183e-12
1.141910e-12
1.140635e-12
1.139359e-12
1.138082e-12
1.136804e-12
1.135524e-12
1.134244e-12
1.132962e-12
1.131679e-12
1.130395e-12
1.129110e-12
1.127824e-12
1.126537e-12
1.125248e-12
1.123959e-12
1.122669e-12
1.121378e-12
1.120085e-12
1.118792e-12
1.117498e-12
1.116203e-12
1.114907e-12
1.113610e-12
1.112312e-12
1.111014e-12
1.109714e-12
1.108414e-12
1.107112e-12
1.105810e-12
1.104508e-12
1.103204e-12
1.101900e-12
1.100595e-12
1.099289e-12
1.097983e-12
1.096675e-12
1.095368e-12
1.094059e-12
1.092750e-12
1.091440e-12
1.090130e-12
1.088819e-12
1.087507e-12
1.086195e-12
1.084882e-12
1.083569e-12
1.082255e-12
1.080941e-12
1.079626e-12
1.078311e-12
1.076995e-12
1.075679e-12
1.074362e-12
1.073045e-12
1.071728e-12
1.070410e-12
1.069092e-12
1.067773e-12
1.066454e-12
1.065135e-12
1.063816e-12
1.062496e-12
1.061176e-12
1.059856e-12
1.058535e-12
1.057215e-12
1.055894e-12
1.054573e-12
1.053251e-12
1.051930e-12
1.050608e-12
1.049287e-12
1.047965e-12
1.046643e-12
1.045321e-12
1.043999e-12
1.042677e-12
1.041355e-12
1.040033e-12
1.038710e-12
1.037388e-12
1.036066e-12
1.034744e-12
1.033422e-12
1.032100e-12
1.030778e-12
1.029457e-12
1.028135e-12
1.026814e-12
1.025492e-12
1.024171e-12
1.022850e-12
1.021529e-12
1.020209e-12
1.018889e-12
1.017569e-12
1.016249e-12
1.014929e-12
1.013610e-12
1.012291e-12
1.010973e-12
1.009654e-12
1.008337e-12
1.007019e-12
1.005702e-12
1.004385e-12
1.003069e-12
1.001753e-12
1.000438e-12
9.991229e-13
9.978084e-13
9.964945e-13
9.951810e-13
9.938681e-13
9.925557e-13
9.912439e-13
9.899327e-13
9.886220e-13
9.873120e-13
9.860026e-13
9.846938e-13
9.833856e-13
9.820782e-13
9.807714e-13
9.794653e-13
9.781599e-13
9.768552e-13
9.755513e-13
9.742481e-13
9.729457e-13
9.716441e-13
9.703432e-13
9.690432e-13
9.677441e-13
9.664458e-13
9.651483e-13
9.638517e-13
9.625560e-13
9.612612e-13
9.599673e-13
9.586744e-13
9.573824e-13
9.560914e-13
9.548014e-13
9.535123e-13
9.522243e-13
9.509373e-13
9.496513e-13
9.483664e-13
9.470825e-13
9.457997e-13
9.445181e-13
9.432375e-13
9.419581e-13
9.406798e-13
9.394027e-13
9.381267e-13
9.368519e-13
9.355783e-13
9.343060e-13
9.330349e-13
9.317650e-13
9.304963e-13
9.292290e-13
9.279629e-13
9.266981e-13
9.254347e-13
9.241725e-13
9.229117e-13
9.216523e-13
9.203943e-13
9.191376e-13
9.178823e-13
9.166285e-13
9.153760e-13
9.141251e-13
9.128755e-13
9.116275e-13
9.103809e-13
9.091358e-13
9.078923e-13
9.066503e-13
9.054098e-13
9.041708e-13
9.029335e-13
9.016977e-13
9.004635e-13
8.992309e-13
8.980000e-13
8.967707e-13
8.955430e-13
8.943170e-13
8.930927e-13
8.918700e-13
8.906491e-13
8.894299e-13
8.882124e-13
8.869967e-13
8.857827e-13
8.845706e-13
8.833601e-13
8.821515e-13
8.809447e-13
8.797398e-13
8.785367e-13
8.773354e-13
8.761360e-13
8.749384e-13
8.737428e-13
8.725491e-13
8.713573e-13
8.701674e-13
8.689795e-13
8.677935e-13
8.666095e-13
8.654275e-13
8.642474e-13
8.630694e-13
8.618934e-13
8.607195e-13
8.595476e-13
8.583777e-13
8.572099e-13
8.560442e-13
8.548807e-13
8.537192e-13
8.525598e-13
8.514026e-13
8.502475e-13
8.490946e-13
8.479439e-13
8.467953e-13
8.456490e-13
8.445049e-13
8.433629e-13
8.422233e-13
8.410858e-13
8.399507e-13
8.388178e-13
8.376871e-13
8.365588e-13
8.354328e-13
8.343091e-13
8.331878e-13
8.320688e-13
8.309521e-13
8.298378e-13
8.287259e-13
8.276164e-13
8.265093e-13
8.254046e-13
8.243023e-13
8.232025e-13
8.221051e-13
8.210101e-13
8.199177e-13
8.188277e-13
8.177403e-13
8.166553e-13
8.155729e-13
8.144929e-13
8.134156e-13
8.123408e-13
8.112685e-13
8.101988e-13
8.091317e-13
8.080672e-13
8.070053e-13
8.059461e-13
8.048894e-13
8.038354e-13
8.027841e-13
8.017354e-13
8.006894e-13
7.996461e-13
7.986055e-13
7.975675e-13
7.965323e-13
7.954999e-13
7.944701e-13
7.934431e-13
7.924189e-13
7.913974e-13
7.903788e-13
7.893629e-13
7.883498e-13
7.873395e-13
7.863320e-13
7.853274e-13
7.843256e-13
7.833267e-13
7.823306e-13
7.813374e-13
7.803471e-13
7.793597e-13
7.783751e-13
7.773935e-13
7.764148e-13
7.754391e-13
7.744663e-13
7.734964e-13
7.725295e-13
7.715655e-13
7.706046e-13
7.696466e-13
7.686916e-13
7.677397e-13
7.667907e-13
7.658448e-13
7.649019e-13
7.639621e-13
7.630253e-13
7.620916e-13
7.611609e-13
7.602334e-13
7.593089e-13
7.583875e-13
7.574692e-13
7.565541e-13
7.556421e-13
7.547332e-13
7.538274e-13
7.529248e-13
7.520254e-13
7.511292e-13
7.502361e-13
7.493462e-13
7.484595e-13
7.475760e-13
7.466957e-13
7.458187e-13
7.449448e-13
7.440742e-13
7.432069e-13
7.423428e-13
7.414820e-13
7.406244e-13
7.397701e-13
7.389192e-13
7.380715e-13
7.372271e-13
7.363860e-13
7.355482e-13
7.347138e-13
7.338827e-13
7.330549e-13
7.322305e-13
7.314094e-13
7.305917e-13
7.297774e-13
7.289664e-13
7.281589e-13
7.273547e-13
7.265539e-13
7.257566e-13
7.249626e-13
7.241721e-13
7.233850e-13
7.226014e-13
7.218212e-13
7.210444e-13
7.202711e-13
7.195013e-13
7.187349e-13
7.179720e-13
7.172126e-13
7.164567e-13
7.157043e-13
7.149554e-13
7.142100e-13
7.134681e-13
7.127297e-13
7.119949e-13
7.112636e-13
7.105359e-13
7.098117e-13
7.090910e-13
7.083739e-13
7.076604e-13
7.069505e-13
7.062441e-13
7.055414e-13
7.048422e-13
7.041466e-13
7.034546e-13
7.027663e-13
7.020815e-13
7.014004e-13
7.007229e-13
7.000490e-13
6.993787e-13
6.987121e-13
6.980492e-13
6.973899e-13
6.967343e-13
6.960823e-13
6.954340e-13
6.947894e-13
6.941484e-13
6.935112e-13
6.928776e-13
6.922477e-13
6.916215e-13
6.909991e-13
6.903803e-13
6.897653e-13
6.891539e-13
6.885463e-13
6.879424e-13
6.873423e-13
6.867459e-13
6.861532e-13
6.855643e-13
6.849791e-13
6.843977e-13
6.838201e-13
6.832462e-13
6.826760e-13
6.821097e-13
6.815471e-13
6.809883e-13
6.804333e-13
6.798821e-13
6.793347e-13
6.787910e-13
6.782512e-13
6.777151e-13
6.771829e-13
6.766545e-13
6.761299e-13
6.756091e-13
6.750921e-13
6.745790e-13
6.740697e-13
6.735642e-13
6.730626e-13
6.725648e-13
6.720708e-13
6.715807e-13
6.710944e-13
6.706120e-13
6.701334e-13
6.696587e-13
6.691878e-13
6.687208e-13
6.682577e-13
6.677984e-13
6.673431e-13
6.668915e-13
6.664439e-13
6.660001e-13
6.655602e-13
6.651242e-13
6.646921e-13
6.642639e-13
6.638395e-13
6.634191e-13
6.630025e-13
6.625899e-13
6.621811e-13
6.617763e-13
6.613753e-13
6.609783e-13
6.605851e-13
6.601959e-13
6.598106e-13
6.594291e-13
6.590516e-13
6.586781e-13
6.583084e-13
6.579426e-13
6.575808e-13
6.572229e-13
6.568689e-13
6.565189e-13
6.561727e-13
6.558305e-13
6.554922e-13
6.551579e-13
6.548274e-13
6.545010e-13
6.541784e-13
6.538598e-13
6.535451e-13
6.532343e-13
6.529275e-13
6.526246e-13
6.523257e-13
6.520306e-13
6.517396e-13
6.514524e-13
6.511692e-13
6.508900e-13
6.506147e-13
6.503433e-13
6.500759e-13
6.498124e-13
6.495528e-13
6.492972e-13
6.490455e-13
6.487978e-13
6.485540e-13
6.483142e-13
6.480783e-13
6.478463e-13
6.476183e-13
6.473943e-13
6.471741e-13
6.469579e-13
6.467457e-13
6.465374e-13
6.463330e-13
6.461326e-13
6.459361e-13
6.457435e-13
6.455549e-13
6.453702e-13
6.451894e-13
6.450126e-13
6.448398e-13
6.446708e-13
6.445058e-13
6.443447e-13
6.441876e-13
6.440343e-13
6.438850e-13
6.437397e-13
6.435982e-13
6.434607e-13
6.433271e-13
6.431974e-13
6.430717e-13
6.429499e-13
6.428319e-13
6.427179e-13
6.426078e-13
6.425017e-13
6.423994e-13
6.423010e-13
6.422066e-13
6.421161e-13
6.420294e-13
6.419467e-13
6.418678e-13
6.417929e-13
6.417219e-13
6.416547e-13
6.415914e-13
6.415321e-13
6.414766e-13
6.414250e-13
6.413773e-13
6.413334e-13
6.412935e-13
6.412574e-13
6.412252e-13
6.411968e-13
6.411723e-13
6.411517e-13
6.411350e-13
6.411221e-13
6.411130e-13
6.411078e-13
6.411065e-13
6.411090e-13
6.411154e-13
6.411256e-13
6.411396e-13
6.411575e-13
6.411792e-13
6.412047e-13
6.412341e-13
6.412673e-13
6.413043e-13
6.413451e-13
6.413897e-13
6.414381e-13
6.414904e-13
6.415464e-13
6.416063e-13
6.416699e-13
6.417373e-13
6.418085e-13
6.418835e-13
6.419623e-13
6.420449e-13
6.421312e-13
6.422213e-13
6.423151e-13
6.424127e-13
6.425141e-13
6.426192e-13
6.427281e-13
6.428407e-13
6.429570e-13
6.430771e-13
6.432009e-13
6.433284e-13
6.434597e-13
6.435947e-13
6.437334e-13
6.438757e-13
6.440218e-13
6.441716e-13
6.443251e-13
6.444823e-13
6.446432e-13
6.448077e-13
6.449759e-13
6.451478e-13
6.453233e-13
6.455025e-13
6.456854e-13
6.458719e-13
6.460621e-13
6.462559e-13
6.464533e-13
6.466543e-13
6.468590e-13
6.470673e-13
6.472792e-13
6.474948e-13
6.477139e-13
6.479366e-13
6.481629e-13
6.483928e-13
6.486263e-13
6.488633e-13
6.491039e-13
6.493481e-13
6.495959e-13
6.498471e-13
6.501020e-13
6.503604e-13
6.506223e-13
6.508877e-13
6.511567e-13
6.514291e-13
6.517051e-13
6.519846e-13
6.522676e-13
6.525541e-13
6.528440e-13
6.531375e-13
6.534344e-13
6.537348e-13
6.540386e-13
6.543459e-13
6.546567e-13
6.549708e-13
6.552885e-13
6.556095e-13
6.559340e-13
6.562619e-13
6.565931e-13
6.569278e-13
6.572659e-13
6.576074e-13
6.579523e-13
6.583005e-13
6.586521e-13
6.590070e-13
6.593653e-13
6.597270e-13
6.600920e-13
6.604603e-13
6.608320e-13
6.612069e-13
6.615852e-13
6.619668e-13
6.623517e-13
6.627399e-13
6.631313e-13
6.635260e-13
6.639240e-13
6.643253e-13
6.647298e-13
6.651376e-13
6.655485e-13
6.659628e-13
6.663802e-13
6.668009e-13
6.672247e-13
6.676518e-13
6.680820e-13
6.685155e-13
6.689521e-13
6.693919e-13
6.698348e-13
6.702809e-13
6.707302e-13
6.711825e-13
6.716380e-13
6.720967e-13
6.725584e-13
6.730232e-13
6.734912e-13
6.739622e-13
6.744363e-13
6.749135e-13
6.753937e-13
6.758770e-13
6.763634e-13
6.768528e-13
6.773452e-13
6.778406e-13
6.783391e-13
6.788405e-13
6.793450e-13
6.798524e-13
6.803629e-13
6.808763e-13
6.813926e-13
6.819119e-13
6.824342e-13
6.829594e-13
6.834875e-13
6.840185e-13
6.845525e-13
6.850893e-13
6.856291e-13
6.861717e-13
6.867172e-13
6.872656e-13
6.878168e-13
6.883709e-13
6.889278e-13
6.894875e-13
6.900501e-13
6.906155e-13
6.911836e-13
6.917546e-13
6.923284e-13
6.929049e-13
6.934842e-13
6.940663e-13
6.946511e-13
6.952386e-13
6.958289e-13
6.964219e-13
6.970176e-13
6.976160e-13
6.982170e-13
6.988208e-13
6.994273e-13
7.000364e-13
7.006481e-13
7.012625e-13
7.018796e-13
7.024992e-13
7.031215e-13
7.037464e-13
7.043739e-13
7.050039e-13
7.056366e-13
7.062718e-13
7.069095e-13
7.075498e-13
7.081927e-13
7.088381e-13
7.094860e-13
7.101363e-13
7.107892e-13
7.114446e-13
7.121025e-13
7.127628e-13
7.134256e-13
7.140908e-13
7.147585e-13
7.154286e-13
7.161011e-13
7.167760e-13
7.174533e-13
7.181330e-13
7.188151e-13
7.194995e-13
7.201863e-13
7.208754e-13
7.215669e-13
7.222607e-13
7.229568e-13
7.236552e-13
7.243560e-13
7.250590e-13
7.257642e-13
7.264717e-13
7.271815e-13
7.278935e-13
7.286078e-13
7.293243e-13
7.300430e-13
7.307638e-13
7.314869e-13
7.322122e-13
7.329396e-13
7.336691e-13
7.344009e-13
7.351347e-13
7.358707e-13
7.366088e-13
7.373490e-13
7.380913e-13
7.388356e-13
7.395821e-13
7.403306e-13
7.410811e-13
7.418337e-13
7.425883e-13
7.433450e-13
7.441036e-13
7.448642e-13
7.456269e-13
7.463914e-13
7.471580e-13
7.479265e-13
7.486969e-13
7.494693e-13
7.502436e-13
7.510198e-13
7.517979e-13
7.525779e-13
7.533597e-13
7.541434e-13
7.549290e-13
7.557164e-13
7.565056e-13
7.572967e-13
7.580896e-13
7.588842e-13
7.596807e-13
7.604789e-13
7.612788e-13
7.620806e-13
7.628840e-13
7.636892e-13
7.644961e-13
7.653048e-13
7.661151e-13
7.669271e-13
7.677407e-13
7.685561e-13
7.693730e-13
7.701916e-13
7.710119e-13
7.718337e-13
7.726572e-13
7.734822e-13
7.743089e-13
7.751371e-13
7.759668e-13
7.767981e-13
7.776310e-13
7.784653e-13
7.793012e-13
7.801385e-13
7.809774e-13
7.818177e-13
7.826595e-13
7.835028e-13
7.843475e-13
7.851936e-13
7.860412e-13
7.868901e-13
7.877405e-13
7.885922e-13
7.894453e-13
7.902998e-13
7.911556e-13
7.920127e-13
7.928712e-13
7.937310e-13
7.945921e-13
7.954545e-13
7.963182e-13
7.971831e-13
7.980493e-13
7.989167e-13
7.997854e-13
8.006553e-13
8.015264e-13
8.023987e-13
8.032721e-13
8.041468e-13
8.050226e-13
8.058996e-13
8.067777e-13
8.076569e-13
8.085372e-13
8.094187e-13
8.103012e-13
8.111848e-13
8.120695e-13
8.129552e-13
8.138420e-13
8.147298e-13
8.156187e-13
8.165085e-13
8.173993e-13
8.182911e-13
8.191839e-13
8.200777e-13
8.209724e-13
8.218680e-13
8.227646e-13
8.236621e-13
8.245604e-13
8.254597e-13
8.263598e-13
8.272608e-13
8.281627e-13
8.290654e-13
8.299689e-13
8.308733e-13
8.317784e-13
8.326844e-13
8.335911e-13
8.344986e-13
8.354069e-13
8.363159e-13
8.372256e-13
8.381361e-13
8.390472e-13
8.399591e-13
8.408717e-13
8.417849e-13
8.426988e-13
8.436133e-13
8.445285e-13
8.454443e-13
8.463607e-13
8.472777e-13
8.481954e-13
8.491135e-13
8.500323e-13
8.509516e-13
8.518715e-13
8.527919e-13
8.537128e-13
8.546342e-13
8.555561e-13
8.564785e-13
8.574013e-13
8.583247e-13
8.592484e-13
8.601726e-13
8.610973e-13
8.620223e-13
8.629477e-13
8.638736e-13
8.647998e-13
8.657263e-13
8.666532e-13
8.675805e-13
8.685081e-13
8.694360e-13
8.703642e-13
8.712927e-13
8.722215e-13
8.731505e-13
8.740798e-13
8.750094e-13
8.759391e-13
8.768691e-13
8.777993e-13
8.787297e-13
8.796603e-13
8.805911e-13
8.815220e-13
8.824531e-13
8.833843e-13
8.843156e-13
8.852471e-13
8.861786e-13
8.871103e-13
8.880420e-13
8.889738e-13
8.899056e-13
8.908375e-13
8.917694e-13
8.927013e-13
8.936333e-13
8.945652e-13
8.954971e-13
8.964290e-13
8.973608e-13
8.982926e-13
8.992244e-13
9.001560e-13
9.010876e-13
9.020191e-13
9.029504e-13
9.038816e-13
9.048127e-13
9.057437e-13
9.066745e-13
9.076051e-13
9.085356e-13
9.094658e-13
9.103959e-13
9.113257e-13
9.122553e-13
9.131847e-13
9.141138e-13
9.150427e-13
9.159712e-13
9.168995e-13
9.178275e-13
9.187552e-13
9.196826e-13
9.206096e-13
9.215363e-13
9.224626e-13
9.233886e-13
9.243142e-13
9.252394e-13
9.261642e-13
9.270886e-13
9.280125e-13
9.289360e-13
9.298591e-13
9.307817e-13
9.317039e-13
9.326255e-13
9.335467e-13
9.344673e-13
9.353875e-13
9.363071e-13
9.372262e-13
9.381447e-13
9.390627e-13
9.399801e-13
9.408969e-13
9.418131e-13
9.427287e-13
9.436436e-13
9.445580e-13
9.454717e-13
9.463848e-13
9.472972e-13
9.482089e-13
9.491199e-13
9.500302e-13
9.509399e-13
9.518488e-13
9.527569e-13
9.536644e-13
9.545711e-13
9.554770e-13
9.563821e-13
9.572865e-13
9.581900e-13
9.590927e-13
9.599947e-13
9.608958e-13
9.617960e-13
9.626954e-13
9.635939e-13
9.644916e-13
9.653883e-13
9.662842e-13
9.671792e-13
9.680732e-13
9.689663e-13
9.698585e-13
9.707497e-13
9.716400e-13
9.725293e-13
9.734176e-13
9.743049e-13
9.751912e-13
9.760764e-13
9.769607e-13
9.778439e-13
9.787261e-13
9.796072e-13
9.804872e-13
9.813661e-13
9.822440e-13
9.831207e-13
9.839964e-13
9.848709e-13
9.857443e-13
9.866165e-13
9.874876e-13
9.883575e-13
9.892263e-13
9.900938e-13
9.909602e-13
9.918253e-13
9.926892e-13
9.935519e-13
9.944134e-13
9.952736e-13
9.961325e-13
9.969902e-13
9.978466e-13
9.987017e-13
9.995555e-13
1.000408e-12
1.001259e-12
1.002109e-12
1.002957e-12
1.003805e-12
1.004650e-12
1.005495e-12
1.006338e-12
1.007179e-12
1.008020e-12
1.008858e-12
1.009696e-12
1.010532e-12
1.011366e-12
1.012199e-12
1.013031e-12
1.013861e-12
1.014690e-12
1.015517e-12
1.016342e-12
1.017166e-12
1.017989e-12
1.018810e-12
1.019630e-12
1.020447e-12
1.021264e-12
1.022079e-12
1.022892e-12
1.023704e-12
1.024514e-12
1.025322e-12
1.026129e-12
1.026934e-12
1.027738e-12
1.028539e-12
1.029340e-12
1.030138e-12
1.030935e-12
1.031730e-12
1.032524e-12
1.033315e-12
1.034106e-12
1.034894e-12
1.035680e-12
1.036465e-12
1.037248e-12
1.038030e-12
1.038809e-12
1.039587e-12
1.040363e-12
1.041137e-12
1.041910e-12
1.042680e-12
1.043449e-12
1.044216e-12
1.044981e-12
1.045744e-12
1.046505e-12
1.047265e-12
1.048023e-12
1.048778e-12
1.049532e-12
1.050284e-12
1.051034e-12
1.051782e-12
1.052528e-12
1.053272e-12
1.054014e-12
1.054755e-12
1.055493e-12
1.056229e-12
1.056963e-12
1.057696e-12
1.058426e-12
1.059154e-12
1.059881e-12
1.060605e-12
1.061327e-12
1.062047e-12
1.062765e-12
1.063481e-12
1.064195e-12
1.064907e-12
1.065617e-12
1.066324e-12
1.067030e-12
1.067733e-12
1.068435e-12
1.069134e-12
1.069831e-12
1.070526e-12
1.071219e-12
1.071909e-12
1.072598e-12
1.073284e-12
1.073968e-12
1.074650e-12
1.075329e-12
1.076007e-12
1.076682e-12
1.077355e-12
1.078026e-12
1.078694e-12
1.079360e-12
1.080024e-12
1.080686e-12
1.081346e-12
1.082003e-12
1.082658e-12
1.083310e-12
1.083960e-12
1.084608e-12
1.085254e-12
1.085897e-12
1.086538e-12
1.087177e-12
1.087813e-12
1.088447e-12
1.089079e-12
1.089708e-12
1.090334e-12
1.090959e-12
1.091581e-12
1.092200e-12
1.092818e-12
1.093432e-12
1.094045e-12
1.094655e-12
1.095262e-12
1.095867e-12
1.096470e-12
1.097070e-12
1.097668e-12
1.098263e-12
1.098855e-12
1.099446e-12
1.100033e-12
1.100618e-12
1.101201e-12
1.101781e-12
1.102359e-12
1.102934e-12
1.103507e-12
1.104077e-12
1.104644e-12
1.105209e-12
1.105772e-12
1.106332e-12
1.106889e-12
1.107443e-12
1.107996e-12
1.108545e-12
1.109092e-12
1.109636e-12
1.110178e-12
1.110717e-12
1.111253e-12
1.111787e-12
1.112318e-12
1.112847e-12
1.113373e-12
1.113896e-12
1.114416e-12
1.114934e-12
1.115449e-12
1.115962e-12
1.116472e-12
1.116979e-12
1.117483e-12
1.117985e-12
1.118484e-12
1.118980e-12
1.119474e-12
1.119965e-12
1.120453e-12
1.120938e-12
1.121421e-12
1.121901e-12
1.122378e-12
1.122853e-12
1.123324e-12
1.123793e-12
1.124259e-12
1.124722e-12
1.125183e-12
1.125641e-12
1.126096e-12
1.126548e-12
1.126997e-12
1.127444e-12
1.127887e-12
1.128328e-12
1.128766e-12
1.129201e-12
1.129634e-12
1.130063e-12
1.130490e-12
1.130914e-12
1.131335e-12
1.131753e-12
1.132168e-12
1.132580e-12
1.132990e-12
1.133396e-12
1.133800e-12
1.134201e-12
1.134599e-12
1.134994e-12
1.135386e-12
1.135775e-12
1.136161e-12
1.136545e-12
1.136925e-12
1.137302e-12
1.137677e-12
1.138049e-12
1.138417e-12
1.138783e-12
1.139146e-12
1.139506e-12
1.139863e-12
1.140217e-12
1.140568e-12
1.140916e-12
1.141261e-12
1.141603e-12
1.141942e-12
1.142278e-12
1.142611e-12
1.142941e-12
1.143268e-12
1.143592e-12
1.143913e-12
1.144231e-12
1.144546e-12
1.144858e-12
1.145167e-12
1.145473e-12
1.145776e-12
1.146076e-12
1.146373e-12
1.146667e-12
1.146958e-12
1.147246e-12
1.147531e-12
1.147812e-12
1.148091e-12
1.148367e-12
1.148639e-12
1.148909e-12
1.149175e-12
1.149438e-12
1.149699e-12
1.149956e-12
1.150210e-12
1.150461e-12
1.150709e-12
1.150954e-12
1.151196e-12
1.151435e-12
1.151670e-12
1.151903e-12
1.152132e-12
1.152358e-12
1.152582e-12
1.152802e-12
1.153019e-12
1.153233e-12
1.153443e-12
1.153651e-12
1.153855e-12
1.154057e-12
1.154255e-12
1.154450e-12
1.154642e-12
1.154831e-12
1.155017e-12
1.155200e-12
1.155379e-12
1.155555e-12
1.155729e-12
1.155899e-12
1.156066e-12
1.156229e-12
1.156390e-12
1.156548e-12
1.156702e-12
1.156853e-12
1.157001e-12
1.157146e-12
1.157288e-12
1.157426e-12
1.157561e-12
1.157694e-12
1.157823e-12
1.157949e-12
1.158071e-12
1.158191e-12
1.158307e-12
1.158420e-12
1.158530e-12
1.158637e-12
1.158741e-12
1.158841e-12
1.158939e-12
1.159033e-12
1.159124e-12
1.159212e-12
1.159296e-12
1.159378e-12
1.159456e-12
1.159531e-12
1.159603e-12
1.159671e-12
1.159737e-12
1.159799e-12
1.159858e-12
1.159914e-12
1.159967e-12
1.160016e-12
1.160063e-12
1.160106e-12
1.160146e-12
1.160182e-12
1.160216e-12
1.160246e-12
1.160274e-12
1.160297e-12
1.160318e-12
1.160336e-12
1.160350e-12
1.160361e-12
1.160369e-12
1.160374e-12
1.160376e-12
