1.422944e-12
1.422942e-12
1.422935e-12
1.422923e-12
1.422906e-12
1.422885e-12
1.422859e-12
1.422828e-12
1.422793e-12
1.422752e-12
1.422707e-12
1.422658e-12
1.422603e-12
1.422544e-12
1.422480e-12
1.422412e-12
1.422339e-12
1.422261e-12
1.422178e-12
1.422090e-12
1.421998e-12
1.421901e-12
1.421800e-12
1.421693e-12
1.421582e-12
1.421467e-12
1.421346e-12
1.421221e-12
1.421091e-12
1.420957e-12
1.420817e-12
1.420673e-12
1.420525e-12
1.420371e-12
1.420213e-12
1.420050e-12
1.419883e-12
1.419711e-12
1.419534e-12
1.419352e-12
1.419166e-12
1.418975e-12
1.418779e-12
1.418579e-12
1.418374e-12
1.418165e-12
1.417950e-12
1.417731e-12
1.417508e-12
1.417279e-12
1.417047e-12
1.416809e-12
1.416567e-12
1.416320e-12
1.416068e-12
1.415812e-12
1.415551e-12
1.415286e-12
1.415016e-12
1.414741e-12
1.414462e-12
1.414178e-12
1.413889e-12
1.413596e-12
1.413298e-12
1.412996e-12
1.412689e-12
1.412377e-12
1.412061e-12
1.411740e-12
1.411415e-12
1.411085e-12
1.410751e-12
1.410411e-12
1.410068e-12
1.409720e-12
1.409367e-12
1.409009e-12
1.408648e-12
1.408281e-12
1.407910e-12
1.407535e-12
1.407155e-12
1.406770e-12
1.406381e-12
1.405987e-12
1.405589e-12
1.405187e-12
1.404780e-12
1.404368e-12
1.403952e-12
1.403531e-12
1.403106e-12
1.402677e-12
1.402243e-12
1.401804e-12
1.401361e-12
1.400914e-12
1.400462e-12
1.400006e-12
1.399545e-12
1.399080e-12
1.398610e-12
1.398136e-12
1.397658e-12
1.397175e-12
1.396688e-12
1.396197e-12
1.395701e-12
1.395200e-12
1.394696e-12
1.394187e-12
1.393673e-12
1.393155e-12
1.392633e-12
1.392107e-12
1.391576e-12
1.391041e-12
1.390502e-12
1.389958e-12
1.389410e-12
1.388857e-12
1.388301e-12
1.387740e-12
1.387175e-12
1.386605e-12
1.386032e-12
1.385454e-12
1.384871e-12
1.384285e-12
1.383694e-12
1.383099e-12
1.382500e-12
1.381897e-12
1.381289e-12
1.380678e-12
1.380062e-12
1.379442e-12
1.378818e-12
1.378189e-12
1.377557e-12
1.376920e-12
1.376279e-12
1.375634e-12
1.374985e-12
1.374332e-12
1.373675e-12
1.373013e-12
1.372348e-12
1.371678e-12
1.371005e-12
1.370327e-12
1.369645e-12
1.368960e-12
1.368270e-12
1.367576e-12
1.366878e-12
1.366176e-12
1.365470e-12
1.364761e-12
1.364047e-12
1.363329e-12
1.362607e-12
1.361882e-12
1.361152e-12
1.360418e-12
1.359681e-12
1.358940e-12
1.358194e-12
1.357445e-12
1.356692e-12
1.355935e-12
1.355174e-12
1.354410e-12
1.353641e-12
1.352869e-12
1.352093e-12
1.351313e-12
1.350529e-12
1.349741e-12
1.348950e-12
1.348155e-12
1.347356e-12
1.346553e-12
1.345747e-12
1.344937e-12
1.344123e-12
1.343305e-12
1.342484e-12
1.341659e-12
1.340830e-12
1.339998e-12
1.339162e-12
1.338322e-12
1.337479e-12
1.336632e-12
1.335781e-12
1.334927e-12
1.334069e-12
1.333208e-12
1.332343e-12
1.331475e-12
1.330603e-12
1.329727e-12
1.328848e-12
1.327965e-12
1.327079e-12
1.326190e-12
1.325297e-12
1.324400e-12
1.323500e-12
1.322597e-12
1.321690e-12
1.320779e-12
1.319866e-12
1.318948e-12
1.318028e-12
1.317104e-12
1.316177e-12
1.315246e-12
1.314312e-12
1.313375e-12
1.312434e-12
1.311490e-12
1.310543e-12
1.309592e-12
1.308638e-12
1.307681e-12
1.306721e-12
1.305757e-12
1.304790e-12
1.303820e-12
1.302847e-12
1.301871e-12
1.300891e-12
1.299909e-12
1.298923e-12
1.297934e-12
1.296941e-12
1.295946e-12
1.294948e-12
1.293946e-12
1.292942e-12
1.291934e-12
1.290924e-12
1.289910e-12
1.288893e-12
1.287874e-12
1.286851e-12
1.285825e-12
1.284797e-12
1.283765e-12
1.282730e-12
1.281693e-12
1.280653e-12
1.279609e-12
1.278563e-12
1.277514e-12
1.276462e-12
1.275407e-12
1.274350e-12
1.273289e-12
1.272226e-12
1.271160e-12
1.270091e-12
1.269019e-12
1.267945e-12
1.266868e-12
1.265788e-12
1.264705e-12
1.263620e-12
1.262532e-12
1.261441e-12
1.260348e-12
1.259252e-12
1.258153e-12
1.257052e-12
1.255948e-12
1.254842e-12
1.253733e-12
1.252621e-12
1.251507e-12
1.250390e-12
1.249271e-12
1.248149e-12
1.247025e-12
1.245898e-12
1.244769e-12
1.243638e-12
1.242504e-12
1.241367e-12
1.240228e-12
1.239087e-12
1.237943e-12
1.236797e-12
1.235649e-12
1.234498e-12
1.233345e-12
1.232190e-12
1.231032e-12
1.229872e-12
1.228710e-12
1.227545e-12
1.226379e-12
1.225210e-12
1.224039e-12
1.222865e-12
1.221690e-12
1.220512e-12
1.219332e-12
1.218150e-12
1.216966e-12
1.215780e-12
1.214592e-12
1.213401e-12
1.212209e-12
1.211015e-12
1.209818e-12
1.208620e-12
1.207419e-12
1.206217e-12
1.205012e-12
1.203806e-12
1.202597e-12
1.201387e-12
1.200175e-12
1.198961e-12
1.197745e-12
1.196527e-12
1.195307e-12
1.194086e-12
1.192862e-12
1.191637e-12
1.190410e-12
1.189181e-12
1.187951e-12
1.186719e-12
1.185485e-12
1.184249e-12
1.183012e-12
1.181773e-12
1.180532e-12
1.179289e-12
1.178045e-12
1.176800e-12
1.175552e-12
1.174304e-12
1.173053e-12
1.171801e-12
1.170548e-12
1.169293e-12
1.168036e-12
1.166778e-12
1.165518e-12
1.164257e-12
1.162995e-12
1.161731e-12
1.160466e-12
1.159199e-12
1.157931e-12
1.156661e-12
1.155390e-12
1.154118e-12
1.152845e-12
1.151570e-12
1.150294e-12
1.149016e-12
1.147737e-12
1.146457e-12
1.145176e-12
1.143894e-12
1.142610e-12
1.141325e-12
1.140039e-12
1.138752e-12
1.137464e-12
1.136175e-12
1.134884e-12
1.133593e-12
1.132300e-12
1.131006e-12
1.129712e-12
1.128416e-12
1.127119e-12
1.125821e-12
1.124522e-12
1.123223e-12
1.121922e-12
1.120620e-12
1.119318e-12
1.118014e-12
1.116710e-12
1.115405e-12
1.114099e-12
1.112792e-12
1.111484e-12
1.110175e-12
1.108866e-12
1.107556e-12
1.106245e-12
1.104933e-12
1.103621e-12
1.102308e-12
1.100994e-12
1.099680e-12
1.098365e-12
1.097049e-12
1.095733e-12
1.094416e-12
1.093098e-12
1.091780e-12
1.090461e-12
1.089142e-12
1.087822e-12
1.086502e-12
1.085181e-12
1.083859e-12
1.082538e-12
1.081215e-12
1.079893e-12
1.078569e-12
1.077246e-12
1.075922e-12
1.074598e-12
1.073273e-12
1.071948e-12
1.070623e-12
1.069297e-12
1.067971e-12
1.066645e-12
1.065318e-12
1.063991e-12
1.062664e-12
1.061337e-12
1.060010e-12
1.058682e-12
1.057354e-12
1.056026e-12
1.054698e-12
1.053370e-12
1.052041e-12
1.050713e-12
1.049385e-12
1.048056e-12
1.046727e-12
1.045399e-12
1.044070e-12
1.042741e-12
1.041413e-12
1.040084e-12
1.038756e-12
1.037427e-12
1.036099e-12
1.034770e-12
1.033442e-12
1.032114e-12
1.030786e-12
1.029458e-12
1.028131e-12
1.026803e-12
1.025476e-12
1.024149e-12
1.022823e-12
1.021496e-12
1.020170e-12
1.018844e-12
1.017518e-12
1.016193e-12
1.014868e-12
1.013543e-12
1.012219e-12
1.010895e-12
1.009572e-12
1.008249e-12
1.006926e-12
1.005604e-12
1.004282e-12
1.002961e-12
1.001640e-12
1.000320e-12
9.989999e-13
9.976807e-13
9.963620e-13
9.950438e-13
9.937263e-13
9.924093e-13
9.910930e-13
9.897772e-13
9.884622e-13
9.871477e-13
9.858340e-13
9.845209e-13
9.832085e-13
9.818969e-13
9.805859e-13
9.792758e-13
9.779663e-13
9.766577e-13
9.753499e-13
9.740428e-13
9.727366e-13
9.714313e-13
9.701267e-13
9.688231e-13
9.675203e-13
9.662184e-13
9.649175e-13
9.636175e-13
9.623184e-13
9.610203e-13
9.597231e-13
9.584269e-13
9.571318e-13
9.558376e-13
9.545445e-13
9.532525e-13
9.519615e-13
9.506715e-13
9.493827e-13
9.480950e-13
9.468084e-13
9.455229e-13
9.442386e-13
9.429554e-13
9.416735e-13
9.403927e-13
9.391131e-13
9.378348e-13
9.365577e-13
9.352818e-13
9.340072e-13
9.327339e-13
9.314619e-13
9.301912e-13
9.289218e-13
9.276538e-13
9.263871e-13
9.251218e-13
9.238579e-13
9.225953e-13
9.213342e-13
9.200745e-13
9.188163e-13
9.175595e-13
9.163041e-13
9.150503e-13
9.137979e-13
9.125470e-13
9.112977e-13
9.100499e-13
9.088037e-13
9.075590e-13
9.063159e-13
9.050744e-13
9.038345e-13
9.025963e-13
9.013596e-13
9.001246e-13
8.988913e-13
8.976596e-13
8.964297e-13
8.952014e-13
8.939749e-13
8.927501e-13
8.915270e-13
8.903057e-13
8.890862e-13
8.878684e-13
8.866525e-13
8.854383e-13
8.842260e-13
8.830155e-13
8.818069e-13
8.806001e-13
8.793953e-13
8.781923e-13
8.769912e-13
8.757920e-13
8.745948e-13
8.733995e-13
8.722062e-13
8.710148e-13
8.698254e-13
8.686380e-13
8.674527e-13
8.662693e-13
8.650880e-13
8.639087e-13
8.627315e-13
8.615564e-13
8.603833e-13
8.592124e-13
8.580435e-13
8.568768e-13
8.557123e-13
8.545498e-13
8.533896e-13
8.522315e-13
8.510756e-13
8.499219e-13
8.487704e-13
8.476211e-13
8.464741e-13
8.453293e-13
8.441868e-13
8.430466e-13
8.419086e-13
8.407729e-13
8.396396e-13
8.385086e-13
8.373799e-13
8.362535e-13
8.351295e-13
8.340079e-13
8.328887e-13
8.317718e-13
8.306574e-13
8.295454e-13
8.284358e-13
8.273286e-13
8.262239e-13
8.251217e-13
8.240219e-13
8.229247e-13
8.218299e-13
8.207376e-13
8.196479e-13
8.185607e-13
8.174760e-13
8.163939e-13
8.153144e-13
8.142374e-13
8.131631e-13
8.120913e-13
8.110221e-13
8.099556e-13
8.088917e-13
8.078305e-13
8.067719e-13
8.057159e-13
8.046627e-13
8.036121e-13
8.025643e-13
8.015191e-13
8.004767e-13
7.994370e-13
7.984000e-13
7.973658e-13
7.963344e-13
7.953057e-13
7.942798e-13
7.932568e-13
7.922365e-13
7.912190e-13
7.902044e-13
7.891926e-13
7.881836e-13
7.871775e-13
7.861743e-13
7.851740e-13
7.841765e-13
7.831819e-13
7.821903e-13
7.812015e-13
7.802157e-13
7.792328e-13
7.782529e-13
7.772759e-13
7.763019e-13
7.753309e-13
7.743629e-13
7.733978e-13
7.724358e-13
7.714767e-13
7.705207e-13
7.695678e-13
7.686178e-13
7.676710e-13
7.667271e-13
7.657864e-13
7.648487e-13
7.639142e-13
7.629827e-13
7.620543e-13
7.611290e-13
7.602069e-13
7.592879e-13
7.583721e-13
7.574594e-13
7.565498e-13
7.556435e-13
7.547403e-13
7.538402e-13
7.529434e-13
7.520498e-13
7.511594e-13
7.502723e-13
7.493883e-13
7.485076e-13
7.476301e-13
7.467559e-13
7.458850e-13
7.450173e-13
7.441529e-13
7.432918e-13
7.424340e-13
7.415795e-13
7.407283e-13
7.398804e-13
7.390358e-13
7.381946e-13
7.373567e-13
7.365222e-13
7.356910e-13
7.348632e-13
7.340388e-13
7.332178e-13
7.324001e-13
7.315858e-13
7.307750e-13
7.299675e-13
7.291635e-13
7.283629e-13
7.275657e-13
7.267720e-13
7.259817e-13
7.251948e-13
7.244114e-13
7.236315e-13
7.228551e-13
7.220821e-13
7.213127e-13
7.205467e-13
7.197842e-13
7.190253e-13
7.182698e-13
7.175179e-13
7.167695e-13
7.160246e-13
7.152833e-13
7.145455e-13
7.138113e-13
7.130806e-13
7.123535e-13
7.116300e-13
7.109101e-13
7.101937e-13
7.094810e-13
7.087718e-13
7.080662e-13
7.073643e-13
7.066659e-13
7.059712e-13
7.052801e-13
7.045926e-13
7.039088e-13
7.032286e-13
7.025521e-13
7.018792e-13
7.012100e-13
7.005444e-13
6.998825e-13
6.992243e-13
6.985698e-13
6.979189e-13
6.972718e-13
6.966283e-13
6.959886e-13
6.953525e-13
6.947202e-13
6.940916e-13
6.934667e-13
6.928455e-13
6.922280e-13
6.916143e-13
6.910044e-13
6.903981e-13
6.897957e-13
6.891970e-13
6.886020e-13
6.880108e-13
6.874234e-13
6.868397e-13
6.862598e-13
6.856837e-13
6.851114e-13
6.845429e-13
6.839782e-13
6.834172e-13
6.828601e-13
6.823068e-13
6.817572e-13
6.812115e-13
6.806696e-13
6.801316e-13
6.795973e-13
6.790669e-13
6.785403e-13
6.780175e-13
6.774986e-13
6.769835e-13
6.764723e-13
6.759649e-13
6.754614e-13
6.749617e-13
6.744659e-13
6.739739e-13
6.734858e-13
6.730016e-13
6.725212e-13
6.720447e-13
6.715721e-13
6.711034e-13
6.706385e-13
6.701775e-13
6.697205e-13
6.692673e-13
6.688180e-13
6.683725e-13
6.679310e-13
6.674934e-13
6.670597e-13
6.666299e-13
6.662040e-13
6.657820e-13
6.653639e-13
6.649497e-13
6.645395e-13
6.641331e-13
6.637307e-13
6.633322e-13
6.629376e-13
6.625470e-13
6.621603e-13
6.617775e-13
6.613986e-13
6.610236e-13
6.606526e-13
6.602856e-13
6.599224e-13
6.595632e-13
6.592080e-13
6.588567e-13
6.585093e-13
6.581658e-13
6.578263e-13
6.574908e-13
6.571592e-13
6.568315e-13
6.565078e-13
6.561881e-13
6.558723e-13
6.555604e-13
6.552525e-13
6.549485e-13
6.546485e-13
6.543525e-13
6.540604e-13
6.537722e-13
6.534881e-13
6.532078e-13
6.529316e-13
6.526592e-13
6.523909e-13
6.521265e-13
6.518660e-13
6.516095e-13
6.513570e-13
6.511084e-13
6.508638e-13
6.506231e-13
6.503864e-13
6.501537e-13
6.499249e-13
6.497000e-13
6.494792e-13
6.492622e-13
6.490493e-13
6.488402e-13
6.486352e-13
6.484341e-13
6.482369e-13
6.480437e-13
6.478545e-13
6.476692e-13
6.474878e-13
6.473104e-13
6.471370e-13
6.469675e-13
6.468019e-13
6.466403e-13
6.464826e-13
6.463289e-13
6.461791e-13
6.460333e-13
6.458914e-13
6.457534e-13
6.456194e-13
6.454893e-13
6.453632e-13
6.452410e-13
6.451227e-13
6.450083e-13
6.448979e-13
6.447914e-13
6.446888e-13
6.445902e-13
6.444954e-13
6.444046e-13
6.443177e-13
6.442348e-13
6.441557e-13
6.440805e-13
6.440093e-13
6.439420e-13
6.438785e-13
6.438190e-13
6.437634e-13
6.437116e-13
6.436638e-13
6.436198e-13
6.435798e-13
6.435436e-13
6.435114e-13
6.434830e-13
6.434584e-13
6.434378e-13
6.434210e-13
6.434082e-13
6.433991e-13
6.433940e-13
6.433927e-13
6.433953e-13
6.434017e-13
6.434120e-13
6.434261e-13
6.434441e-13
6.434659e-13
6.434916e-13
6.435211e-13
6.435544e-13
6.435916e-13
6.436326e-13
6.436774e-13
6.437261e-13
6.437785e-13
6.438348e-13
6.438949e-13
6.439588e-13
6.440265e-13
6.440980e-13
6.441733e-13
6.442524e-13
6.443353e-13
6.444219e-13
6.445123e-13
6.446066e-13
6.447045e-13
6.448063e-13
6.449118e-13
6.450211e-13
6.451341e-13
6.452509e-13
6.453714e-13
6.454957e-13
6.456237e-13
6.457554e-13
6.458909e-13
6.460301e-13
6.461730e-13
6.463196e-13
6.464699e-13
6.466240e-13
6.467817e-13
6.469432e-13
6.471083e-13
6.472771e-13
6.474496e-13
6.476257e-13
6.478056e-13
6.479891e-13
6.481763e-13
6.483671e-13
6.485615e-13
6.487597e-13
6.489614e-13
6.491668e-13
6.493758e-13
6.495885e-13
6.498047e-13
6.500246e-13
6.502481e-13
6.504752e-13
6.507059e-13
6.509401e-13
6.511780e-13
6.514194e-13
6.516644e-13
6.519130e-13
6.521651e-13
6.524208e-13
6.526801e-13
6.529429e-13
6.532092e-13
6.534791e-13
6.537525e-13
6.540294e-13
6.543098e-13
6.545937e-13
6.548811e-13
6.551721e-13
6.554665e-13
6.557644e-13
6.560658e-13
6.563706e-13
6.566789e-13
6.569907e-13
6.573059e-13
6.576246e-13
6.579467e-13
6.582722e-13
6.586011e-13
6.589335e-13
6.592693e-13
6.596085e-13
6.599511e-13
6.602970e-13
6.606464e-13
6.609991e-13
6.613552e-13
6.617147e-13
6.620775e-13
6.624437e-13
6.628132e-13
6.631860e-13
6.635622e-13
6.639417e-13
6.643245e-13
6.647106e-13
6.651000e-13
6.654927e-13
6.658887e-13
6.662879e-13
6.666905e-13
6.670962e-13
6.675053e-13
6.679176e-13
6.683331e-13
6.687518e-13
6.691738e-13
6.695990e-13
6.700274e-13
6.704590e-13
6.708938e-13
6.713318e-13
6.717729e-13
6.722173e-13
6.726647e-13
6.731154e-13
6.735691e-13
6.740261e-13
6.744861e-13
6.749493e-13
6.754155e-13
6.758849e-13
6.763574e-13
6.768330e-13
6.773116e-13
6.777933e-13
6.782781e-13
6.787659e-13
6.792568e-13
6.797507e-13
6.802477e-13
6.807477e-13
6.812506e-13
6.817566e-13
6.822656e-13
6.827776e-13
6.832925e-13
6.838104e-13
6.843313e-13
6.848551e-13
6.853819e-13
6.859116e-13
6.864442e-13
6.869798e-13
6.875182e-13
6.880596e-13
6.886039e-13
6.891510e-13
6.897010e-13
6.902538e-13
6.908096e-13
6.913681e-13
6.919295e-13
6.924938e-13
6.930608e-13
6.936307e-13
6.942033e-13
6.947788e-13
6.953570e-13
6.959380e-13
6.965218e-13
6.971083e-13
6.976975e-13
6.982895e-13
6.988843e-13
6.994817e-13
7.000818e-13
7.006847e-13
7.012902e-13
7.018984e-13
7.025093e-13
7.031228e-13
7.037390e-13
7.043578e-13
7.049793e-13
7.056033e-13
7.062300e-13
7.068593e-13
7.074912e-13
7.081256e-13
7.087627e-13
7.094022e-13
7.100444e-13
7.106891e-13
7.113363e-13
7.119860e-13
7.126383e-13
7.132930e-13
7.139502e-13
7.146100e-13
7.152722e-13
7.159368e-13
7.166039e-13
7.172735e-13
7.179455e-13
7.186199e-13
7.192967e-13
7.199759e-13
7.206575e-13
7.213415e-13
7.220278e-13
7.227166e-13
7.234076e-13
7.241010e-13
7.247968e-13
7.254948e-13
7.261952e-13
7.268978e-13
7.276028e-13
7.283100e-13
7.290195e-13
7.297312e-13
7.304452e-13
7.311614e-13
7.318799e-13
7.326005e-13
7.333234e-13
7.340485e-13
7.347757e-13
7.355051e-13
7.362367e-13
7.369704e-13
7.377063e-13
7.384442e-13
7.391844e-13
7.399266e-13
7.406709e-13
7.414173e-13
7.421657e-13
7.429163e-13
7.436688e-13
7.444235e-13
7.451801e-13
7.459388e-13
7.466995e-13
7.474621e-13
7.482268e-13
7.489935e-13
7.497621e-13
7.505326e-13
7.513051e-13
7.520796e-13
7.528559e-13
7.536342e-13
7.544144e-13
7.551964e-13
7.559803e-13
7.567661e-13
7.575538e-13
7.583433e-13
7.591346e-13
7.599278e-13
7.607227e-13
7.615195e-13
7.623180e-13
7.631183e-13
7.639204e-13
7.647242e-13
7.655298e-13
7.663371e-13
7.671461e-13
7.679569e-13
7.687693e-13
7.695834e-13
7.703992e-13
7.712166e-13
7.720357e-13
7.728565e-13
7.736788e-13
7.745028e-13
7.753284e-13
7.761556e-13
7.769844e-13
7.778147e-13
7.786466e-13
7.794800e-13
7.803150e-13
7.811515e-13
7.819895e-13
7.828291e-13
7.836701e-13
7.845125e-13
7.853565e-13
7.862019e-13
7.870488e-13
7.878970e-13
7.887467e-13
7.895979e-13
7.904504e-13
7.913043e-13
7.921595e-13
7.930162e-13
7.938741e-13
7.947335e-13
7.955941e-13
7.964561e-13
7.973193e-13
7.981839e-13
7.990497e-13
7.999168e-13
8.007852e-13
8.016548e-13
8.025257e-13
8.033977e-13
8.042710e-13
8.051455e-13
8.060211e-13
8.068979e-13
8.077759e-13
8.086551e-13
8.095353e-13
8.104168e-13
8.112993e-13
8.121829e-13
8.130676e-13
8.139534e-13
8.148403e-13
8.157282e-13
8.166172e-13
8.175072e-13
8.183982e-13
8.192902e-13
8.201832e-13
8.210772e-13
8.219722e-13
8.228681e-13
8.237650e-13
8.246628e-13
8.255616e-13
8.264612e-13
8.273618e-13
8.282632e-13
8.291656e-13
8.300688e-13
8.309728e-13
8.318777e-13
8.327834e-13
8.336899e-13
8.345973e-13
8.355054e-13
8.364143e-13
8.373240e-13
8.382344e-13
8.391456e-13
8.400576e-13
8.409702e-13
8.418835e-13
8.427976e-13
8.437123e-13
8.446277e-13
8.455438e-13
8.464605e-13
8.473779e-13
8.482959e-13
8.492145e-13
8.501337e-13
8.510535e-13
8.519738e-13
8.528948e-13
8.538162e-13
8.547383e-13
8.556608e-13
8.565839e-13
8.575075e-13
8.584316e-13
8.593561e-13
8.602812e-13
8.612067e-13
8.621326e-13
8.630590e-13
8.639857e-13
8.649129e-13
8.658405e-13
8.667685e-13
8.676969e-13
8.686256e-13
8.695547e-13
8.704841e-13
8.714138e-13
8.723439e-13
8.732742e-13
8.742049e-13
8.751358e-13
8.760670e-13
8.769985e-13
8.779301e-13
8.788621e-13
8.797942e-13
8.807266e-13
8.816591e-13
8.825918e-13
8.835247e-13
8.844578e-13
8.853910e-13
8.863243e-13
8.872578e-13
8.881914e-13
8.891250e-13
8.900588e-13
8.909926e-13
8.919265e-13
8.928605e-13
8.937945e-13
8.947285e-13
8.956626e-13
8.965966e-13
8.975307e-13
8.984647e-13
8.993987e-13
9.003326e-13
9.012665e-13
9.022004e-13
9.031341e-13
9.040678e-13
9.050014e-13
9.059348e-13
9.068681e-13
9.078013e-13
9.087344e-13
9.096673e-13
9.106000e-13
9.115325e-13
9.124648e-13
9.133970e-13
9.143289e-13
9.152605e-13
9.161920e-13
9.171232e-13
9.180541e-13
9.189847e-13
9.199151e-13
9.208451e-13
9.217749e-13
9.227043e-13
9.236334e-13
9.245621e-13
9.254905e-13
9.264185e-13
9.273461e-13
9.282733e-13
9.292002e-13
9.301266e-13
9.310526e-13
9.319781e-13
9.329032e-13
9.338279e-13
9.347520e-13
9.356757e-13
9.365989e-13
9.375215e-13
9.384437e-13
9.393653e-13
9.402864e-13
9.412069e-13
9.421269e-13
9.430463e-13
9.439651e-13
9.448833e-13
9.458009e-13
9.467178e-13
9.476342e-13
9.485499e-13
9.494649e-13
9.503793e-13
9.512929e-13
9.522059e-13
9.531182e-13
9.540298e-13
9.549407e-13
9.558508e-13
9.567602e-13
9.576688e-13
9.585767e-13
9.594838e-13
9.603900e-13
9.612955e-13
9.622002e-13
9.631041e-13
9.640071e-13
9.649093e-13
9.658106e-13
9.667110e-13
9.676106e-13
9.685093e-13
9.694070e-13
9.703039e-13
9.711998e-13
9.720949e-13
9.729889e-13
9.738820e-13
9.747742e-13
9.756653e-13
9.765555e-13
9.774447e-13
9.783329e-13
9.792200e-13
9.801061e-13
9.809912e-13
9.818752e-13
9.827582e-13
9.836401e-13
9.845209e-13
9.854006e-13
9.862792e-13
9.871567e-13
9.880330e-13
9.889082e-13
9.897823e-13
9.906552e-13
9.915269e-13
9.923975e-13
9.932668e-13
9.941350e-13
9.950020e-13
9.958677e-13
9.967322e-13
9.975954e-13
9.984574e-13
9.993182e-13
1.000178e-12
1.001036e-12
1.001893e-12
1.002748e-12
1.003602e-12
1.004455e-12
1.005307e-12
1.006157e-12
1.007006e-12
1.007854e-12
1.008700e-12
1.009545e-12
1.010388e-12
1.011230e-12
1.012070e-12
1.012909e-12
1.013747e-12
1.014583e-12
1.015418e-12
1.016251e-12
1.017083e-12
1.017914e-12
1.018742e-12
1.019570e-12
1.020395e-12
1.021220e-12
1.022042e-12
1.022864e-12
1.023683e-12
1.024501e-12
1.025318e-12
1.026133e-12
1.026946e-12
1.027758e-12
1.028568e-12
1.029376e-12
1.030183e-12
1.030988e-12
1.031792e-12
1.032594e-12
1.033394e-12
1.034192e-12
1.034989e-12
1.035784e-12
1.036578e-12
1.037369e-12
1.038159e-12
1.038947e-12
1.039734e-12
1.040518e-12
1.041301e-12
1.042083e-12
1.042862e-12
1.043639e-12
1.044415e-12
1.045189e-12
1.045961e-12
1.046732e-12
1.047500e-12
1.048267e-12
1.049031e-12
1.049794e-12
1.050555e-12
1.051314e-12
1.052071e-12
1.052827e-12
1.053580e-12
1.054332e-12
1.055081e-12
1.055829e-12
1.056574e-12
1.057318e-12
1.058060e-12
1.058799e-12
1.059537e-12
1.060273e-12
1.061007e-12
1.061739e-12
1.062468e-12
1.063196e-12
1.063922e-12
1.064645e-12
1.065367e-12
1.066086e-12
1.066804e-12
1.067519e-12
1.068232e-12
1.068944e-12
1.069653e-12
1.070360e-12
1.071064e-12
1.071767e-12
1.072468e-12
1.073166e-12
1.073863e-12
1.074557e-12
1.075249e-12
1.075938e-12
1.076626e-12
1.077311e-12
1.077995e-12
1.078675e-12
1.079354e-12
1.080031e-12
1.080705e-12
1.081377e-12
1.082047e-12
1.082715e-12
1.083380e-12
1.084043e-12
1.084704e-12
1.085362e-12
1.086018e-12
1.086672e-12
1.087324e-12
1.087973e-12
1.088620e-12
1.089264e-12
1.089906e-12
1.090546e-12
1.091184e-12
1.091819e-12
1.092452e-12
1.093082e-12
1.093710e-12
1.094336e-12
1.094959e-12
1.095580e-12
1.096198e-12
1.096814e-12
1.097428e-12
1.098039e-12
1.098647e-12
1.099254e-12
1.099857e-12
1.100459e-12
1.101057e-12
1.101654e-12
1.102248e-12
1.102839e-12
1.103428e-12
1.104014e-12
1.104598e-12
1.105179e-12
1.105758e-12
1.106334e-12
1.106908e-12
1.107479e-12
1.108048e-12
1.108614e-12
1.109177e-12
1.109738e-12
1.110297e-12
1.110852e-12
1.111406e-12
1.111956e-12
1.112504e-12
1.113049e-12
1.113592e-12
1.114132e-12
1.114670e-12
1.115205e-12
1.115737e-12
1.116266e-12
1.116793e-12
1.117317e-12
1.117839e-12
1.118358e-12
1.118874e-12
1.119387e-12
1.119898e-12
1.120406e-12
1.120912e-12
1.121415e-12
1.121915e-12
1.122412e-12
1.122906e-12
1.123398e-12
1.123887e-12
1.124374e-12
1.124857e-12
1.125338e-12
1.125816e-12
1.126291e-12
1.126764e-12
1.127234e-12
1.127701e-12
1.128165e-12
1.128626e-12
1.129085e-12
1.129541e-12
1.129994e-12
1.130444e-12
1.130891e-12
1.131336e-12
1.131777e-12
1.132216e-12
1.132652e-12
1.133085e-12
1.133516e-12
1.133943e-12
1.134368e-12
1.134790e-12
1.135209e-12
1.135625e-12
1.136038e-12
1.136448e-12
1.136855e-12
1.137260e-12
1.137661e-12
1.138060e-12
1.138456e-12
1.138849e-12
1.139239e-12
1.139626e-12
1.140010e-12
1.140391e-12
1.140769e-12
1.141144e-12
1.141517e-12
1.141886e-12
1.142252e-12
1.142616e-12
1.142977e-12
1.143334e-12
1.143689e-12
1.144040e-12
1.144389e-12
1.144735e-12
1.145077e-12
1.145417e-12
1.145754e-12
1.146088e-12
1.146418e-12
1.146746e-12
1.147071e-12
1.147392e-12
1.147711e-12
1.148027e-12
1.148339e-12
1.148649e-12
1.148956e-12
1.149259e-12
1.149560e-12
1.149857e-12
1.150152e-12
1.150443e-12
1.150731e-12
1.151017e-12
1.151299e-12
1.151578e-12
1.151854e-12
1.152127e-12
1.152397e-12
1.152664e-12
1.152928e-12
1.153189e-12
1.153447e-12
1.153701e-12
1.153953e-12
1.154201e-12
1.154447e-12
1.154689e-12
1.154928e-12
1.155164e-12
1.155397e-12
1.155627e-12
1.155854e-12
1.156077e-12
1.156298e-12
1.156515e-12
1.156729e-12
1.156941e-12
1.157149e-12
1.157354e-12
1.157555e-12
1.157754e-12
1.157950e-12
1.158142e-12
1.158331e-12
1.158517e-12
1.158700e-12
1.158880e-12
1.159057e-12
1.159230e-12
1.159401e-12
1.159568e-12
1.159732e-12
1.159893e-12
1.160051e-12
1.160205e-12
1.160357e-12
1.160505e-12
1.160650e-12
1.160792e-12
1.160931e-12
1.161067e-12
1.161199e-12
1.161328e-12
1.161454e-12
1.161577e-12
1.161697e-12
1.161814e-12
1.161927e-12
1.162037e-12
1.162144e-12
1.162248e-12
1.162349e-12
1.162446e-12
1.162541e-12
1.162632e-12
1.162720e-12
1.162805e-12
1.162886e-12
1.162964e-12
1.163040e-12
1.163112e-12
1.163180e-12
1.163246e-12
1.163308e-12
1.163368e-12
1.163424e-12
1.163476e-12
1.163526e-12
1.163572e-12
1.163616e-12
1.163656e-12
1.163693e-12
1.163726e-12
1.163757e-12
1.163784e-12
1.163808e-12
1.163829e-12
1.163846e-12
1.163861e-12
1.163872e-12
1.163880e-12
1.163885e-12
1.163886e-12
