1.599814e-12
1.599812e-12
1.599804e-12
1.599791e-12
1.599772e-12
1.599749e-12
1.599720e-12
1.599686e-12
1.599646e-12
1.599602e-12
1.599552e-12
1.599497e-12
1.599437e-12
1.599371e-12
1.599300e-12
1.599224e-12
1.599143e-12
1.599057e-12
1.598965e-12
1.598868e-12
1.598766e-12
1.598659e-12
1.598546e-12
1.598428e-12
1.598305e-12
1.598177e-12
1.598043e-12
1.597905e-12
1.597761e-12
1.597611e-12
1.597457e-12
1.597297e-12
1.597133e-12
1.596963e-12
1.596787e-12
1.596607e-12
1.596421e-12
1.596231e-12
1.596035e-12
1.595833e-12
1.595627e-12
1.595415e-12
1.595198e-12
1.594977e-12
1.594749e-12
1.594517e-12
1.594280e-12
1.594037e-12
1.593789e-12
1.593536e-12
1.593278e-12
1.593015e-12
1.592746e-12
1.592472e-12
1.592194e-12
1.591910e-12
1.591621e-12
1.591326e-12
1.591027e-12
1.590723e-12
1.590413e-12
1.590098e-12
1.589778e-12
1.589453e-12
1.589123e-12
1.588788e-12
1.588448e-12
1.588103e-12
1.587752e-12
1.587396e-12
1.587036e-12
1.586670e-12
1.586299e-12
1.585923e-12
1.585543e-12
1.585157e-12
1.584766e-12
1.584369e-12
1.583968e-12
1.583562e-12
1.583151e-12
1.582735e-12
1.582313e-12
1.581887e-12
1.581456e-12
1.581020e-12
1.580578e-12
1.580132e-12
1.579681e-12
1.579224e-12
1.578763e-12
1.578297e-12
1.577826e-12
1.577350e-12
1.576868e-12
1.576382e-12
1.575891e-12
1.575395e-12
1.574895e-12
1.574389e-12
1.573878e-12
1.573362e-12
1.572842e-12
1.572316e-12
1.571786e-12
1.571251e-12
1.570711e-12
1.570166e-12
1.569616e-12
1.569061e-12
1.568502e-12
1.567938e-12
1.567368e-12
1.566794e-12
1.566216e-12
1.565632e-12
1.565043e-12
1.564450e-12
1.563852e-12
1.563249e-12
1.562642e-12
1.562029e-12
1.561412e-12
1.560790e-12
1.560164e-12
1.559532e-12
1.558896e-12
1.558256e-12
1.557610e-12
1.556960e-12
1.556305e-12
1.555645e-12
1.554981e-12
1.554312e-12
1.553639e-12
1.552960e-12
1.552277e-12
1.551590e-12
1.550898e-12
1.550201e-12
1.549500e-12
1.548794e-12
1.548083e-12
1.547368e-12
1.546648e-12
1.545924e-12
1.545195e-12
1.544462e-12
1.543724e-12
1.542981e-12
1.542234e-12
1.541483e-12
1.540727e-12
1.539967e-12
1.539202e-12
1.538432e-12
1.537658e-12
1.536880e-12
1.536097e-12
1.535310e-12
1.534519e-12
1.533723e-12
1.532922e-12
1.532117e-12
1.531308e-12
1.530495e-12
1.529677e-12
1.528855e-12
1.528028e-12
1.527197e-12
1.526362e-12
1.525522e-12
1.524679e-12
1.523831e-12
1.522978e-12
1.522122e-12
1.521261e-12
1.520396e-12
1.519526e-12
1.518653e-12
1.517775e-12
1.516893e-12
1.516007e-12
1.515117e-12
1.514222e-12
1.513323e-12
1.512421e-12
1.511514e-12
1.510603e-12
1.509688e-12
1.508768e-12
1.507845e-12
1.506918e-12
1.505986e-12
1.505051e-12
1.504111e-12
1.503168e-12
1.502220e-12
1.501269e-12
1.500313e-12
1.499354e-12
1.498390e-12
1.497423e-12
1.496452e-12
1.495476e-12
1.494497e-12
1.493514e-12
1.492527e-12
1.491536e-12
1.490542e-12
1.489543e-12
1.488541e-12
1.487534e-12
1.486524e-12
1.485511e-12
1.484493e-12
1.483472e-12
1.482446e-12
1.481418e-12
1.480385e-12
1.479349e-12
1.478308e-12
1.477265e-12
1.476217e-12
1.475166e-12
1.474111e-12
1.473053e-12
1.471991e-12
1.470925e-12
1.469856e-12
1.468783e-12
1.467707e-12
1.466627e-12
1.465543e-12
1.464456e-12
1.463365e-12
1.462271e-12
1.461174e-12
1.460073e-12
1.458968e-12
1.457860e-12
1.456749e-12
1.455634e-12
1.454515e-12
1.453394e-12
1.452269e-12
1.451140e-12
1.450008e-12
1.448873e-12
1.447735e-12
1.446593e-12
1.445448e-12
1.444300e-12
1.443148e-12
1.441993e-12
1.440835e-12
1.439674e-12
1.438509e-12
1.437342e-12
1.436171e-12
1.434997e-12
1.433819e-12
1.432639e-12
1.431455e-12
1.430269e-12
1.429079e-12
1.427886e-12
1.426690e-12
1.425492e-12
1.424290e-12
1.423085e-12
1.421877e-12
1.420666e-12
1.419452e-12
1.418235e-12
1.417015e-12
1.415793e-12
1.414567e-12
1.413338e-12
1.412107e-12
1.410873e-12
1.409636e-12
1.408396e-12
1.407153e-12
1.405907e-12
1.404659e-12
1.403408e-12
1.402154e-12
1.400897e-12
1.399638e-12
1.398375e-12
1.397111e-12
1.395843e-12
1.394573e-12
1.393300e-12
1.392025e-12
1.390747e-12
1.389466e-12
1.388183e-12
1.386897e-12
1.385609e-12
1.384318e-12
1.383025e-12
1.381729e-12
1.380430e-12
1.379129e-12
1.377826e-12
1.376520e-12
1.375212e-12
1.373902e-12
1.372589e-12
1.371273e-12
1.369955e-12
1.368635e-12
1.367313e-12
1.365988e-12
1.364661e-12
1.363332e-12
1.362000e-12
1.360667e-12
1.359331e-12
1.357992e-12
1.356652e-12
1.355309e-12
1.353965e-12
1.352618e-12
1.351269e-12
1.349918e-12
1.348564e-12
1.347209e-12
1.345852e-12
1.344492e-12
1.343131e-12
1.341767e-12
1.340402e-12
1.339034e-12
1.337665e-12
1.336294e-12
1.334920e-12
1.333545e-12
1.332168e-12
1.330789e-12
1.329408e-12
1.328026e-12
1.326641e-12
1.325255e-12
1.323867e-12
1.322477e-12
1.321085e-12
1.319692e-12
1.318297e-12
1.316900e-12
1.315502e-12
1.314101e-12
1.312700e-12
1.311296e-12
1.309891e-12
1.308484e-12
1.307076e-12
1.305666e-12
1.304255e-12
1.302842e-12
1.301428e-12
1.300012e-12
1.298594e-12
1.297175e-12
1.295755e-12
1.294333e-12
1.292910e-12
1.291485e-12
1.290059e-12
1.288632e-12
1.287203e-12
1.285773e-12
1.284342e-12
1.282909e-12
1.281476e-12
1.280040e-12
1.278604e-12
1.277166e-12
1.275728e-12
1.274288e-12
1.272846e-12
1.271404e-12
1.269961e-12
1.268516e-12
1.267070e-12
1.265623e-12
1.264176e-12
1.262727e-12
1.261277e-12
1.259826e-12
1.258374e-12
1.256921e-12
1.255467e-12
1.254012e-12
1.252557e-12
1.251100e-12
1.249642e-12
1.248184e-12
1.246725e-12
1.245265e-12
1.243804e-12
1.242342e-12
1.240879e-12
1.239416e-12
1.237952e-12
1.236487e-12
1.235022e-12
1.233556e-12
1.232089e-12
1.230621e-12
1.229153e-12
1.227684e-12
1.226215e-12
1.224745e-12
1.223274e-12
1.221803e-12
1.220331e-12
1.218859e-12
1.217386e-12
1.215913e-12
1.214440e-12
1.212965e-12
1.211491e-12
1.210016e-12
1.208541e-12
1.207065e-12
1.205589e-12
1.204112e-12
1.202635e-12
1.201158e-12
1.199681e-12
1.198203e-12
1.196725e-12
1.195247e-12
1.193769e-12
1.192290e-12
1.190811e-12
1.189332e-12
1.187853e-12
1.186374e-12
1.184895e-12
1.183415e-12
1.181936e-12
1.180456e-12
1.178976e-12
1.177497e-12
1.176017e-12
1.174537e-12
1.173058e-12
1.171578e-12
1.170099e-12
1.168619e-12
1.167140e-12
1.165660e-12
1.164181e-12
1.162702e-12
1.161223e-12
1.159745e-12
1.158266e-12
1.156788e-12
1.155310e-12
1.153832e-12
1.152354e-12
1.150877e-12
1.149400e-12
1.147924e-12
1.146447e-12
1.144971e-12
1.143496e-12
1.142021e-12
1.140546e-12
1.139071e-12
1.137598e-12
1.136124e-12
1.134651e-12
1.133179e-12
1.131707e-12
1.130235e-12
1.128764e-12
1.127294e-12
1.125824e-12
1.124355e-12
1.122886e-12
1.121418e-12
1.119951e-12
1.118484e-12
1.117018e-12
1.115553e-12
1.114088e-12
1.112625e-12
1.111162e-12
1.109699e-12
1.108238e-12
1.106777e-12
1.105317e-12
1.103858e-12
1.102400e-12
1.100942e-12
1.099486e-12
1.098030e-12
1.096575e-12
1.095121e-12
1.093669e-12
1.092217e-12
1.090766e-12
1.089316e-12
1.087867e-12
1.086419e-12
1.084972e-12
1.083527e-12
1.082082e-12
1.080639e-12
1.079196e-12
1.077755e-12
1.076315e-12
1.074876e-12
1.073438e-12
1.072001e-12
1.070566e-12
1.069132e-12
1.067699e-12
1.066267e-12
1.064837e-12
1.063408e-12
1.061980e-12
1.060553e-12
1.059128e-12
1.057704e-12
1.056282e-12
1.054861e-12
1.053441e-12
1.052023e-12
1.050607e-12
1.049191e-12
1.047778e-12
1.046365e-12
1.044954e-12
1.043545e-12
1.042137e-12
1.040731e-12
1.039327e-12
1.037923e-12
1.036522e-12
1.035122e-12
1.033724e-12
1.032327e-12
1.030933e-12
1.029539e-12
1.028148e-12
1.026758e-12
1.025370e-12
1.023984e-12
1.022599e-12
1.021216e-12
1.019835e-12
1.018456e-12
1.017078e-12
1.015703e-12
1.014329e-12
1.012957e-12
1.011587e-12
1.010219e-12
1.008853e-12
1.007488e-12
1.006126e-12
1.004766e-12
1.003407e-12
1.002051e-12
1.000696e-12
9.993439e-13
9.979935e-13
9.966451e-13
9.952988e-13
9.939545e-13
9.926124e-13
9.912723e-13
9.899344e-13
9.885986e-13
9.872649e-13
9.859334e-13
9.846041e-13
9.832770e-13
9.819520e-13
9.806293e-13
9.793088e-13
9.779906e-13
9.766746e-13
9.753609e-13
9.740495e-13
9.727404e-13
9.714336e-13
9.701292e-13
9.688271e-13
9.675274e-13
9.662300e-13
9.649350e-13
9.636424e-13
9.623523e-13
9.610646e-13
9.597793e-13
9.584965e-13
9.572161e-13
9.559382e-13
9.546629e-13
9.533900e-13
9.521197e-13
9.508519e-13
9.495867e-13
9.483240e-13
9.470640e-13
9.458065e-13
9.445516e-13
9.432994e-13
9.420497e-13
9.408028e-13
9.395585e-13
9.383168e-13
9.370779e-13
9.358416e-13
9.346081e-13
9.333773e-13
9.321492e-13
9.309239e-13
9.297014e-13
9.284816e-13
9.272647e-13
9.260505e-13
9.248391e-13
9.236306e-13
9.224249e-13
9.212221e-13
9.200222e-13
9.188251e-13
9.176309e-13
9.164396e-13
9.152513e-13
9.140658e-13
9.128834e-13
9.117038e-13
9.105273e-13
9.093537e-13
9.081831e-13
9.070155e-13
9.058509e-13
9.046894e-13
9.035309e-13
9.023754e-13
9.012230e-13
9.000737e-13
8.989274e-13
8.977843e-13
8.966443e-13
8.955074e-13
8.943736e-13
8.932430e-13
8.921155e-13
8.909912e-13
8.898701e-13
8.887522e-13
8.876374e-13
8.865259e-13
8.854176e-13
8.843126e-13
8.832108e-13
8.821122e-13
8.810169e-13
8.799249e-13
8.788362e-13
8.777508e-13
8.766687e-13
8.755899e-13
8.745145e-13
8.734424e-13
8.723737e-13
8.713083e-13
8.702463e-13
8.691877e-13
8.681325e-13
8.670807e-13
8.660323e-13
8.649873e-13
8.639458e-13
8.629078e-13
8.618732e-13
8.608420e-13
8.598144e-13
8.587902e-13
8.577695e-13
8.567524e-13
8.557387e-13
8.547286e-13
8.537220e-13
8.527190e-13
8.517196e-13
8.507237e-13
8.497313e-13
8.487426e-13
8.477575e-13
8.467760e-13
8.457980e-13
8.448238e-13
8.438531e-13
8.428861e-13
8.419227e-13
8.409630e-13
8.400070e-13
8.390547e-13
8.381060e-13
8.371611e-13
8.362198e-13
8.352823e-13
8.343485e-13
8.334184e-13
8.324920e-13
8.315694e-13
8.306506e-13
8.297356e-13
8.288243e-13
8.279168e-13
8.270131e-13
8.261131e-13
8.252170e-13
8.243248e-13
8.234363e-13
8.225517e-13
8.216709e-13
8.207940e-13
8.199209e-13
8.190517e-13
8.181863e-13
8.173249e-13
8.164673e-13
8.156136e-13
8.147639e-13
8.139180e-13
8.130761e-13
8.122380e-13
8.114040e-13
8.105738e-13
8.097476e-13
8.089254e-13
8.081071e-13
8.072928e-13
8.064825e-13
8.056761e-13
8.048738e-13
8.040754e-13
8.032811e-13
8.024907e-13
8.017044e-13
8.009221e-13
8.001439e-13
7.993696e-13
7.985995e-13
7.978333e-13
7.970713e-13
7.963133e-13
7.955593e-13
7.948095e-13
7.940637e-13
7.933220e-13
7.925844e-13
7.918509e-13
7.911215e-13
7.903962e-13
7.896751e-13
7.889581e-13
7.882452e-13
7.875364e-13
7.868318e-13
7.861313e-13
7.854350e-13
7.847428e-13
7.840548e-13
7.833710e-13
7.826913e-13
7.820159e-13
7.813446e-13
7.806775e-13
7.800146e-13
7.793559e-13
7.787014e-13
7.780511e-13
7.774050e-13
7.767631e-13
7.761255e-13
7.754921e-13
7.748630e-13
7.742380e-13
7.736174e-13
7.730009e-13
7.723887e-13
7.717808e-13
7.711772e-13
7.705778e-13
7.699826e-13
7.693918e-13
7.688052e-13
7.682229e-13
7.676449e-13
7.670712e-13
7.665018e-13
7.659366e-13
7.653758e-13
7.648193e-13
7.642671e-13
7.637192e-13
7.631756e-13
7.626364e-13
7.621014e-13
7.615708e-13
7.610445e-13
7.605226e-13
7.600050e-13
7.594917e-13
7.589828e-13
7.584782e-13
7.579779e-13
7.574821e-13
7.569905e-13
7.565034e-13
7.560205e-13
7.555421e-13
7.550680e-13
7.545983e-13
7.541330e-13
7.536720e-13
7.532154e-13
7.527632e-13
7.523153e-13
7.518719e-13
7.514328e-13
7.509981e-13
7.505678e-13
7.501419e-13
7.497204e-13
7.493033e-13
7.488906e-13
7.484823e-13
7.480784e-13
7.476788e-13
7.472837e-13
7.468930e-13
7.465067e-13
7.461248e-13
7.457474e-13
7.453743e-13
7.450056e-13
7.446414e-13
7.442816e-13
7.439262e-13
7.435752e-13
7.432286e-13
7.428865e-13
7.425487e-13
7.422154e-13
7.418865e-13
7.415621e-13
7.412420e-13
7.409264e-13
7.406152e-13
7.403085e-13
7.400061e-13
7.397082e-13
7.394147e-13
7.391257e-13
7.388410e-13
7.385608e-13
7.382851e-13
7.380137e-13
7.377468e-13
7.374843e-13
7.372263e-13
7.369727e-13
7.367235e-13
7.364787e-13
7.362383e-13
7.360024e-13
7.357709e-13
7.355439e-13
7.353212e-13
7.351030e-13
7.348892e-13
7.346799e-13
7.344750e-13
7.342744e-13
7.340783e-13
7.338867e-13
7.336994e-13
7.335166e-13
7.333382e-13
7.331642e-13
7.329946e-13
7.328295e-13
7.326687e-13
7.325124e-13
7.323605e-13
7.322130e-13
7.320699e-13
7.319312e-13
7.317969e-13
7.316670e-13
7.315415e-13
7.314204e-13
7.313037e-13
7.311914e-13
7.310836e-13
7.309801e-13
7.308809e-13
7.307862e-13
7.306959e-13
7.306100e-13
7.305284e-13
7.304512e-13
7.303784e-13
7.303100e-13
7.302459e-13
7.301863e-13
7.301309e-13
7.300800e-13
7.300334e-13
7.299912e-13
7.299533e-13
7.299198e-13
7.298907e-13
7.298659e-13
7.298454e-13
7.298293e-13
7.298175e-13
7.298101e-13
7.298070e-13
7.298082e-13
7.298138e-13
7.298237e-13
7.298379e-13
7.298564e-13
7.298793e-13
7.299064e-13
7.299379e-13
7.299737e-13
7.300138e-13
7.300581e-13
7.301068e-13
7.301597e-13
7.302170e-13
7.302785e-13
7.303443e-13
7.304144e-13
7.304887e-13
7.305673e-13
7.306502e-13
7.307374e-13
7.308287e-13
7.309244e-13
7.310243e-13
7.311284e-13
7.312367e-13
7.313493e-13
7.314662e-13
7.315872e-13
7.317125e-13
7.318419e-13
7.319756e-13
7.321135e-13
7.322556e-13
7.324019e-13
7.325524e-13
7.327070e-13
7.328659e-13
7.330289e-13
7.331961e-13
7.333674e-13
7.335429e-13
7.337226e-13
7.339064e-13
7.340943e-13
7.342864e-13
7.344827e-13
7.346830e-13
7.348875e-13
7.350961e-13
7.353088e-13
7.355256e-13
7.357465e-13
7.359715e-13
7.362006e-13
7.364338e-13
7.366710e-13
7.369124e-13
7.371577e-13
7.374072e-13
7.376607e-13
7.379182e-13
7.381798e-13
7.384454e-13
7.387151e-13
7.389887e-13
7.392664e-13
7.395481e-13
7.398338e-13
7.401235e-13
7.404172e-13
7.407148e-13
7.410164e-13
7.413221e-13
7.416316e-13
7.419451e-13
7.422626e-13
7.425840e-13
7.429094e-13
7.432387e-13
7.435719e-13
7.439090e-13
7.442500e-13
7.445949e-13
7.449438e-13
7.452965e-13
7.456530e-13
7.460135e-13
7.463778e-13
7.467460e-13
7.471180e-13
7.474939e-13
7.478736e-13
7.482572e-13
7.486445e-13
7.490357e-13
7.494306e-13
7.498294e-13
7.502320e-13
7.506383e-13
7.510484e-13
7.514623e-13
7.518800e-13
7.523013e-13
7.527265e-13
7.531553e-13
7.535879e-13
7.540243e-13
7.544643e-13
7.549080e-13
7.553554e-13
7.558065e-13
7.562613e-13
7.567198e-13
7.571819e-13
7.576476e-13
7.581170e-13
7.585901e-13
7.590668e-13
7.595470e-13
7.600309e-13
7.605184e-13
7.610095e-13
7.615042e-13
7.620025e-13
7.625043e-13
7.630097e-13
7.635186e-13
7.640311e-13
7.645470e-13
7.650666e-13
7.655896e-13
7.661161e-13
7.666462e-13
7.671797e-13
7.677167e-13
7.682571e-13
7.688011e-13
7.693484e-13
7.698992e-13
7.704535e-13
7.710111e-13
7.715722e-13
7.721367e-13
7.727045e-13
7.732758e-13
7.738504e-13
7.744284e-13
7.750097e-13
7.755944e-13
7.761824e-13
7.767738e-13
7.773685e-13
7.779664e-13
7.785677e-13
7.791723e-13
7.797801e-13
7.803912e-13
7.810055e-13
7.816231e-13
7.822440e-13
7.828680e-13
7.834953e-13
7.841258e-13
7.847595e-13
7.853964e-13
7.860364e-13
7.866796e-13
7.873260e-13
7.879755e-13
7.886281e-13
7.892839e-13
7.899428e-13
7.906048e-13
7.912699e-13
7.919381e-13
7.926093e-13
7.932836e-13
7.939610e-13
7.946413e-13
7.953248e-13
7.960112e-13
7.967007e-13
7.973931e-13
7.980886e-13
7.987870e-13
7.994884e-13
8.001927e-13
8.009000e-13
8.016102e-13
8.023233e-13
8.030394e-13
8.037583e-13
8.044801e-13
8.052049e-13
8.059324e-13
8.066629e-13
8.073962e-13
8.081323e-13
8.088712e-13
8.096130e-13
8.103575e-13
8.111048e-13
8.118550e-13
8.126078e-13
8.133635e-13
8.141219e-13
8.148830e-13
8.156468e-13
8.164134e-13
8.171826e-13
8.179545e-13
8.187291e-13
8.195064e-13
8.202863e-13
8.210689e-13
8.218541e-13
8.226419e-13
8.234323e-13
8.242253e-13
8.250209e-13
8.258190e-13
8.266197e-13
8.274230e-13
8.282288e-13
8.290371e-13
8.298479e-13
8.306613e-13
8.314771e-13
8.322954e-13
8.331161e-13
8.339393e-13
8.347650e-13
8.355930e-13
8.364235e-13
8.372564e-13
8.380917e-13
8.389294e-13
8.397694e-13
8.406118e-13
8.414565e-13
8.423036e-13
8.431530e-13
8.440046e-13
8.448586e-13
8.457149e-13
8.465734e-13
8.474342e-13
8.482972e-13
8.491625e-13
8.500300e-13
8.508997e-13
8.517715e-13
8.526456e-13
8.535219e-13
8.544003e-13
8.552808e-13
8.561635e-13
8.570483e-13
8.579352e-13
8.588242e-13
8.597153e-13
8.606084e-13
8.615036e-13
8.624009e-13
8.633002e-13
8.642015e-13
8.651048e-13
8.660101e-13
8.669174e-13
8.678267e-13
8.687379e-13
8.696511e-13
8.705662e-13
8.714832e-13
8.724021e-13
8.733229e-13
8.742456e-13
8.751701e-13
8.760966e-13
8.770248e-13
8.779549e-13
8.788868e-13
8.798205e-13
8.807560e-13
8.816932e-13
8.826323e-13
8.835730e-13
8.845155e-13
8.854598e-13
8.864057e-13
8.873534e-13
8.883027e-13
8.892537e-13
8.902064e-13
8.911607e-13
8.921167e-13
8.930742e-13
8.940334e-13
8.949942e-13
8.959565e-13
8.969204e-13
8.978859e-13
8.988529e-13
8.998214e-13
9.007915e-13
9.017631e-13
9.027361e-13
9.037106e-13
9.046866e-13
9.056640e-13
9.066429e-13
9.076232e-13
9.086049e-13
9.095880e-13
9.105725e-13
9.115583e-13
9.125455e-13
9.135341e-13
9.145239e-13
9.155151e-13
9.165076e-13
9.175014e-13
9.184964e-13
9.194928e-13
9.204903e-13
9.214891e-13
9.224892e-13
9.234904e-13
9.244928e-13
9.254964e-13
9.265012e-13
9.275072e-13
9.285142e-13
9.295225e-13
9.305318e-13
9.315422e-13
9.325537e-13
9.335663e-13
9.345800e-13
9.355946e-13
9.366104e-13
9.376271e-13
9.386449e-13
9.396636e-13
9.406834e-13
9.417041e-13
9.427257e-13
9.437483e-13
9.447718e-13
9.457963e-13
9.468216e-13
9.478478e-13
9.488749e-13
9.499028e-13
9.509316e-13
9.519613e-13
9.529917e-13
9.540230e-13
9.550550e-13
9.560878e-13
9.571214e-13
9.581557e-13
9.591908e-13
9.602266e-13
9.612631e-13
9.623003e-13
9.633381e-13
9.643767e-13
9.654159e-13
9.664557e-13
9.674962e-13
9.685373e-13
9.695790e-13
9.706212e-13
9.716641e-13
9.727075e-13
9.737515e-13
9.747960e-13
9.758410e-13
9.768865e-13
9.779325e-13
9.789790e-13
9.800259e-13
9.810733e-13
9.821212e-13
9.831695e-13
9.842181e-13
9.852672e-13
9.863167e-13
9.873665e-13
9.884167e-13
9.894672e-13
9.905181e-13
9.915693e-13
9.926208e-13
9.936725e-13
9.947246e-13
9.957769e-13
9.968295e-13
9.978823e-13
9.989353e-13
9.999885e-13
1.001042e-12
1.002096e-12
1.003149e-12
1.004203e-12
1.005257e-12
1.006312e-12
1.007366e-12
1.008420e-12
1.009475e-12
1.010529e-12
1.011584e-12
1.012639e-12
1.013693e-12
1.014748e-12
1.015803e-12
1.016858e-12
1.017912e-12
1.018967e-12
1.020022e-12
1.021076e-12
1.022131e-12
1.023185e-12
1.024239e-12
1.025293e-12
1.026348e-12
1.027401e-12
1.028455e-12
1.029509e-12
1.030562e-12
1.031616e-12
1.032669e-12
1.033721e-12
1.034774e-12
1.035826e-12
1.036878e-12
1.037930e-12
1.038982e-12
1.040033e-12
1.041084e-12
1.042134e-12
1.043184e-12
1.044234e-12
1.045284e-12
1.046333e-12
1.047382e-12
1.048430e-12
1.049478e-12
1.050525e-12
1.051572e-12
1.052619e-12
1.053665e-12
1.054711e-12
1.055756e-12
1.056800e-12
1.057844e-12
1.058888e-12
1.059931e-12
1.060973e-12
1.062015e-12
1.063056e-12
1.064097e-12
1.065137e-12
1.066177e-12
1.067215e-12
1.068253e-12
1.069291e-12
1.070328e-12
1.071364e-12
1.072399e-12
1.073434e-12
1.074468e-12
1.075501e-12
1.076533e-12
1.077565e-12
1.078596e-12
1.079626e-12
1.080655e-12
1.081684e-12
1.082711e-12
1.083738e-12
1.084764e-12
1.085789e-12
1.086813e-12
1.087836e-12
1.088859e-12
1.089880e-12
1.090901e-12
1.091920e-12
1.092939e-12
1.093956e-12
1.094973e-12
1.095989e-12
1.097003e-12
1.098017e-12
1.099029e-12
1.100041e-12
1.101051e-12
1.102061e-12
1.103069e-12
1.104076e-12
1.105082e-12
1.106087e-12
1.107091e-12
1.108094e-12
1.109095e-12
1.110096e-12
1.111095e-12
1.112093e-12
1.113090e-12
1.114085e-12
1.115079e-12
1.116073e-12
1.117064e-12
1.118055e-12
1.119044e-12
1.120032e-12
1.121019e-12
1.122004e-12
1.122988e-12
1.123971e-12
1.124952e-12
1.125932e-12
1.126911e-12
1.127888e-12
1.128864e-12
1.129838e-12
1.130811e-12
1.131783e-12
1.132753e-12
1.133721e-12
1.134688e-12
1.135654e-12
1.136618e-12
1.137581e-12
1.138542e-12
1.139502e-12
1.140460e-12
1.141416e-12
1.142371e-12
1.143324e-12
1.144276e-12
1.145226e-12
1.146175e-12
1.147122e-12
1.148067e-12
1.149011e-12
1.149953e-12
1.150893e-12
1.151832e-12
1.152769e-12
1.153704e-12
1.154638e-12
1.155569e-12
1.156499e-12
1.157428e-12
1.158354e-12
1.159279e-12
1.160202e-12
1.161123e-12
1.162043e-12
1.162960e-12
1.163876e-12
1.164790e-12
1.165702e-12
1.166612e-12
1.167521e-12
1.168427e-12
1.169332e-12
1.170235e-12
1.171135e-12
1.172034e-12
1.172931e-12
1.173826e-12
1.174719e-12
1.175610e-12
1.176499e-12
1.177386e-12
1.178271e-12
1.179155e-12
1.180036e-12
1.180915e-12
1.181792e-12
1.182666e-12
1.183539e-12
1.184410e-12
1.185279e-12
1.186145e-12
1.187010e-12
1.187872e-12
1.188733e-12
1.189591e-12
1.190447e-12
1.191301e-12
1.192152e-12
1.193002e-12
1.193849e-12
1.194694e-12
1.195537e-12
1.196378e-12
1.197216e-12
1.198052e-12
1.198886e-12
1.199718e-12
1.200548e-12
1.201375e-12
1.202200e-12
1.203022e-12
1.203842e-12
1.204660e-12
1.205476e-12
1.206289e-12
1.207100e-12
1.207909e-12
1.208715e-12
1.209519e-12
1.210321e-12
1.211120e-12
1.211916e-12
1.212711e-12
1.213503e-12
1.214292e-12
1.215079e-12
1.215863e-12
1.216646e-12
1.217425e-12
1.218202e-12
1.218977e-12
1.219749e-12
1.220519e-12
1.221286e-12
1.222051e-12
1.222813e-12
1.223572e-12
1.224329e-12
1.225084e-12
1.225835e-12
1.226585e-12
1.227331e-12
1.228076e-12
1.228817e-12
1.229556e-12
1.230292e-12
1.231026e-12
1.231757e-12
1.232485e-12
1.233211e-12
1.233934e-12
1.234654e-12
1.235372e-12
1.236087e-12
1.236799e-12
1.237509e-12
1.238216e-12
1.238920e-12
1.239621e-12
1.240320e-12
1.241016e-12
1.241709e-12
1.242400e-12
1.243087e-12
1.243772e-12
1.244454e-12
1.245133e-12
1.245810e-12
1.246484e-12
1.247154e-12
1.247822e-12
1.248488e-12
1.249150e-12
1.249809e-12
1.250466e-12
1.251120e-12
1.251771e-12
1.252419e-12
1.253064e-12
1.253706e-12
1.254345e-12
1.254982e-12
1.255615e-12
1.256246e-12
1.256873e-12
1.257498e-12
1.258120e-12
1.258738e-12
1.259354e-12
1.259967e-12
1.260577e-12
1.261184e-12
1.261788e-12
1.262388e-12
1.262986e-12
1.263581e-12
1.264173e-12
1.264762e-12
1.265347e-12
1.265930e-12
1.266510e-12
1.267086e-12
1.267660e-12
1.268230e-12
1.268798e-12
1.269362e-12
1.269923e-12
1.270482e-12
1.271037e-12
1.271589e-12
1.272137e-12
1.272683e-12
1.273226e-12
1.273765e-12
1.274301e-12
1.274834e-12
1.275364e-12
1.275891e-12
1.276415e-12
1.276935e-12
1.277453e-12
1.277967e-12
1.278478e-12
1.278986e-12
1.279490e-12
1.279991e-12
1.280490e-12
1.280984e-12
1.281476e-12
1.281965e-12
1.282450e-12
1.282932e-12
1.283410e-12
1.283886e-12
1.284358e-12
1.284827e-12
1.285293e-12
1.285755e-12
1.286214e-12
1.286670e-12
1.287123e-12
1.287572e-12
1.288018e-12
1.288461e-12
1.288900e-12
1.289336e-12
1.289769e-12
1.290198e-12
1.290624e-12
1.291047e-12
1.291466e-12
1.291882e-12
1.292295e-12
1.292704e-12
1.293110e-12
1.293512e-12
1.293912e-12
1.294307e-12
1.294700e-12
1.295089e-12
1.295475e-12
1.295857e-12
1.296236e-12
1.296611e-12
1.296983e-12
1.297352e-12
1.297717e-12
1.298079e-12
1.298437e-12
1.298792e-12
1.299144e-12
1.299492e-12
1.299837e-12
1.300178e-12
1.300516e-12
1.300850e-12
1.301181e-12
1.301508e-12
1.301832e-12
1.302153e-12
1.302470e-12
1.302783e-12
1.303093e-12
1.303400e-12
1.303703e-12
1.304003e-12
1.304299e-12
1.304591e-12
1.304880e-12
1.305166e-12
1.305448e-12
1.305727e-12
1.306002e-12
1.306273e-12
1.306541e-12
1.306806e-12
1.307067e-12
1.307324e-12
1.307578e-12
1.307829e-12
1.308076e-12
1.308319e-12
1.308559e-12
1.308795e-12
1.309028e-12
1.309257e-12
1.309482e-12
1.309704e-12
1.309923e-12
1.310138e-12
1.310349e-12
1.310557e-12
1.310761e-12
1.310962e-12
1.311159e-12
1.311352e-12
1.311542e-12
1.311728e-12
1.311911e-12
1.312090e-12
1.312266e-12
1.312438e-12
1.312606e-12
1.312771e-12
1.312932e-12
1.313090e-12
1.313244e-12
1.313394e-12
1.313541e-12
1.313684e-12
1.313824e-12
1.313960e-12
1.314092e-12
1.314221e-12
1.314346e-12
1.314468e-12
1.314586e-12
1.314700e-12
1.314811e-12
1.314918e-12
1.315022e-12
1.315121e-12
1.315218e-12
1.315310e-12
1.315399e-12
1.315485e-12
1.315566e-12
1.315645e-12
1.315719e-12
1.315790e-12
1.315857e-12
1.315921e-12
1.315981e-12
1.316037e-12
1.316090e-12
1.316139e-12
1.316184e-12
1.316226e-12
1.316264e-12
1.316299e-12
1.316330e-12
1.316357e-12
1.316381e-12
1.316401e-12
1.316417e-12
1.316430e-12
1.316439e-12
1.316444e-12
1.316446e-12
