1.416942e-12
1.416939e-12
1.416932e-12
1.416920e-12
1.416904e-12
1.416883e-12
1.416857e-12
1.416826e-12
1.416791e-12
1.416751e-12
1.416706e-12
1.416657e-12
1.416603e-12
1.416544e-12
1.416481e-12
1.416412e-12
1.416339e-12
1.416262e-12
1.416180e-12
1.416093e-12
1.416001e-12
1.415905e-12
1.415804e-12
1.415698e-12
1.415587e-12
1.415472e-12
1.415352e-12
1.415228e-12
1.415099e-12
1.414965e-12
1.414826e-12
1.414683e-12
1.414535e-12
1.414383e-12
1.414225e-12
1.414064e-12
1.413897e-12
1.413726e-12
1.413550e-12
1.413369e-12
1.413184e-12
1.412994e-12
1.412800e-12
1.412601e-12
1.412397e-12
1.412188e-12
1.411975e-12
1.411757e-12
1.411535e-12
1.411308e-12
1.411076e-12
1.410840e-12
1.410599e-12
1.410353e-12
1.410103e-12
1.409849e-12
1.409589e-12
1.409325e-12
1.409057e-12
1.408783e-12
1.408506e-12
1.408223e-12
1.407936e-12
1.407645e-12
1.407348e-12
1.407048e-12
1.406742e-12
1.406432e-12
1.406118e-12
1.405799e-12
1.405475e-12
1.405147e-12
1.404814e-12
1.404477e-12
1.404135e-12
1.403789e-12
1.403438e-12
1.403083e-12
1.402723e-12
1.402358e-12
1.401990e-12
1.401616e-12
1.401238e-12
1.400856e-12
1.400469e-12
1.400077e-12
1.399681e-12
1.399281e-12
1.398876e-12
1.398467e-12
1.398053e-12
1.397634e-12
1.397212e-12
1.396784e-12
1.396353e-12
1.395917e-12
1.395476e-12
1.395031e-12
1.394582e-12
1.394128e-12
1.393670e-12
1.393207e-12
1.392740e-12
1.392269e-12
1.391793e-12
1.391313e-12
1.390828e-12
1.390339e-12
1.389846e-12
1.389349e-12
1.388847e-12
1.388340e-12
1.387830e-12
1.387315e-12
1.386795e-12
1.386272e-12
1.385744e-12
1.385212e-12
1.384675e-12
1.384134e-12
1.383589e-12
1.383040e-12
1.382486e-12
1.381929e-12
1.381366e-12
1.380800e-12
1.380229e-12
1.379655e-12
1.379076e-12
1.378492e-12
1.377905e-12
1.377313e-12
1.376717e-12
1.376117e-12
1.375513e-12
1.374905e-12
1.374292e-12
1.373675e-12
1.373054e-12
1.372429e-12
1.371800e-12
1.371167e-12
1.370530e-12
1.369888e-12
1.369243e-12
1.368593e-12
1.367939e-12
1.367281e-12
1.366620e-12
1.365954e-12
1.365284e-12
1.364610e-12
1.363932e-12
1.363249e-12
1.362563e-12
1.361873e-12
1.361179e-12
1.360481e-12
1.359779e-12
1.359073e-12
1.358363e-12
1.357649e-12
1.356931e-12
1.356210e-12
1.355484e-12
1.354754e-12
1.354021e-12
1.353283e-12
1.352542e-12
1.351797e-12
1.351048e-12
1.350295e-12
1.349538e-12
1.348778e-12
1.348013e-12
1.347245e-12
1.346473e-12
1.345697e-12
1.344918e-12
1.344134e-12
1.343347e-12
1.342556e-12
1.341762e-12
1.340963e-12
1.340161e-12
1.339355e-12
1.338546e-12
1.337733e-12
1.336916e-12
1.336095e-12
1.335271e-12
1.334443e-12
1.333612e-12
1.332776e-12
1.331938e-12
1.331095e-12
1.330249e-12
1.329400e-12
1.328546e-12
1.327690e-12
1.326829e-12
1.325966e-12
1.325098e-12
1.324227e-12
1.323353e-12
1.322475e-12
1.321594e-12
1.320709e-12
1.319820e-12
1.318929e-12
1.318033e-12
1.317135e-12
1.316233e-12
1.315327e-12
1.314418e-12
1.313506e-12
1.312590e-12
1.311671e-12
1.310749e-12
1.309823e-12
1.308894e-12
1.307962e-12
1.307026e-12
1.306087e-12
1.305145e-12
1.304199e-12
1.303251e-12
1.302299e-12
1.301343e-12
1.300385e-12
1.299423e-12
1.298458e-12
1.297490e-12
1.296519e-12
1.295545e-12
1.294567e-12
1.293586e-12
1.292603e-12
1.291616e-12
1.290626e-12
1.289633e-12
1.288636e-12
1.287637e-12
1.286635e-12
1.285630e-12
1.284621e-12
1.283610e-12
1.282596e-12
1.281578e-12
1.280558e-12
1.279535e-12
1.278509e-12
1.277480e-12
1.276448e-12
1.275413e-12
1.274375e-12
1.273334e-12
1.272291e-12
1.271244e-12
1.270195e-12
1.269143e-12
1.268088e-12
1.267030e-12
1.265970e-12
1.264906e-12
1.263840e-12
1.262772e-12
1.261700e-12
1.260626e-12
1.259549e-12
1.258469e-12
1.257387e-12
1.256302e-12
1.255215e-12
1.254124e-12
1.253031e-12
1.251936e-12
1.250838e-12
1.249737e-12
1.248634e-12
1.247528e-12
1.246420e-12
1.245309e-12
1.244196e-12
1.243080e-12
1.241961e-12
1.240841e-12
1.239717e-12
1.238592e-12
1.237464e-12
1.236333e-12
1.235200e-12
1.234065e-12
1.232927e-12
1.231787e-12
1.230644e-12
1.229500e-12
1.228353e-12
1.227203e-12
1.226052e-12
1.224898e-12
1.223742e-12
1.222583e-12
1.221422e-12
1.220260e-12
1.219095e-12
1.217927e-12
1.216758e-12
1.215586e-12
1.214413e-12
1.213237e-12
1.212059e-12
1.210879e-12
1.209697e-12
1.208512e-12
1.207326e-12
1.206138e-12
1.204948e-12
1.203755e-12
1.202561e-12
1.201365e-12
1.200166e-12
1.198966e-12
1.197764e-12
1.196560e-12
1.195354e-12
1.194146e-12
1.192936e-12
1.191725e-12
1.190511e-12
1.189296e-12
1.188079e-12
1.186860e-12
1.185640e-12
1.184417e-12
1.183193e-12
1.181967e-12
1.180739e-12
1.179510e-12
1.178279e-12
1.177046e-12
1.175812e-12
1.174576e-12
1.173338e-12
1.172099e-12
1.170858e-12
1.169615e-12
1.168371e-12
1.167126e-12
1.165879e-12
1.164630e-12
1.163380e-12
1.162128e-12
1.160875e-12
1.159620e-12
1.158364e-12
1.157107e-12
1.155848e-12
1.154588e-12
1.153326e-12
1.152063e-12
1.150799e-12
1.149533e-12
1.148266e-12
1.146997e-12
1.145728e-12
1.144457e-12
1.143184e-12
1.141911e-12
1.140636e-12
1.139360e-12
1.138083e-12
1.136805e-12
1.135526e-12
1.134245e-12
1.132963e-12
1.131680e-12
1.130396e-12
1.129111e-12
1.127825e-12
1.126538e-12
1.125250e-12
1.123960e-12
1.122670e-12
1.121379e-12
1.120087e-12
1.118793e-12
1.117499e-12
1.116204e-12
1.114908e-12
1.113611e-12
1.112313e-12
1.111015e-12
1.109715e-12
1.108415e-12
1.107114e-12
1.105812e-12
1.104509e-12
1.103205e-12
1.101901e-12
1.100596e-12
1.099290e-12
1.097984e-12
1.096677e-12
1.095369e-12
1.094060e-12
1.092751e-12
1.091441e-12
1.090131e-12
1.088820e-12
1.087508e-12
1.086196e-12
1.084883e-12
1.083570e-12
1.082256e-12
1.080942e-12
1.079627e-12
1.078312e-12
1.076996e-12
1.075680e-12
1.074363e-12
1.073046e-12
1.071729e-12
1.070411e-12
1.069093e-12
1.067774e-12
1.066456e-12
1.065136e-12
1.063817e-12
1.062497e-12
1.061177e-12
1.059857e-12
1.058536e-12
1.057216e-12
1.055895e-12
1.054574e-12
1.053252e-12
1.051931e-12
1.050609e-12
1.049288e-12
1.047966e-12
1.046644e-12
1.045322e-12
1.044000e-12
1.042678e-12
1.041356e-12
1.040034e-12
1.038711e-12
1.037389e-12
1.036067e-12
1.034745e-12
1.033423e-12
1.032101e-12
1.030779e-12
1.029458e-12
1.028136e-12
1.026815e-12
1.025493e-12
1.024172e-12
1.022851e-12
1.021530e-12
1.020210e-12
1.018890e-12
1.017570e-12
1.016250e-12
1.014930e-12
1.013611e-12
1.012292e-12
1.010974e-12
1.009655e-12
1.008338e-12
1.007020e-12
1.005703e-12
1.004386e-12
1.003070e-12
1.001754e-12
1.000439e-12
9.991239e-13
9.978094e-13
9.964955e-13
9.951820e-13
9.938691e-13
9.925568e-13
9.912449e-13
9.899337e-13
9.886231e-13
9.873130e-13
9.860036e-13
9.846948e-13
9.833867e-13
9.820792e-13
9.807724e-13
9.794663e-13
9.781609e-13
9.768562e-13
9.755523e-13
9.742491e-13
9.729467e-13
9.716451e-13
9.703443e-13
9.690443e-13
9.677451e-13
9.664468e-13
9.651493e-13
9.638528e-13
9.625571e-13
9.612623e-13
9.599684e-13
9.586755e-13
9.573835e-13
9.560925e-13
9.548024e-13
9.535134e-13
9.522253e-13
9.509383e-13
9.496524e-13
9.483674e-13
9.470836e-13
9.458008e-13
9.445192e-13
9.432386e-13
9.419592e-13
9.406809e-13
9.394038e-13
9.381278e-13
9.368530e-13
9.355795e-13
9.343071e-13
9.330360e-13
9.317661e-13
9.304974e-13
9.292301e-13
9.279640e-13
9.266993e-13
9.254358e-13
9.241737e-13
9.229129e-13
9.216535e-13
9.203954e-13
9.191387e-13
9.178835e-13
9.166296e-13
9.153772e-13
9.141262e-13
9.128767e-13
9.116287e-13
9.103821e-13
9.091370e-13
9.078935e-13
9.066514e-13
9.054110e-13
9.041720e-13
9.029347e-13
9.016989e-13
9.004647e-13
8.992321e-13
8.980012e-13
8.967719e-13
8.955442e-13
8.943182e-13
8.930939e-13
8.918713e-13
8.906503e-13
8.894311e-13
8.882137e-13
8.869980e-13
8.857840e-13
8.845718e-13
8.833614e-13
8.821528e-13
8.809460e-13
8.797410e-13
8.785379e-13
8.773367e-13
8.761372e-13
8.749397e-13
8.737441e-13
8.725504e-13
8.713586e-13
8.701687e-13
8.689808e-13
8.677948e-13
8.666108e-13
8.654288e-13
8.642487e-13
8.630707e-13
8.618947e-13
8.607208e-13
8.595489e-13
8.583790e-13
8.572113e-13
8.560456e-13
8.548820e-13
8.537205e-13
8.525612e-13
8.514040e-13
8.502489e-13
8.490960e-13
8.479453e-13
8.467967e-13
8.456504e-13
8.445062e-13
8.433643e-13
8.422246e-13
8.410872e-13
8.399520e-13
8.388191e-13
8.376885e-13
8.365602e-13
8.354342e-13
8.343105e-13
8.331892e-13
8.320702e-13
8.309535e-13
8.298392e-13
8.287273e-13
8.276178e-13
8.265107e-13
8.254060e-13
8.243037e-13
8.232039e-13
8.221065e-13
8.210116e-13
8.199191e-13
8.188292e-13
8.177417e-13
8.166567e-13
8.155743e-13
8.144944e-13
8.134170e-13
8.123422e-13
8.112700e-13
8.102003e-13
8.091332e-13
8.080687e-13
8.070068e-13
8.059475e-13
8.048909e-13
8.038369e-13
8.027856e-13
8.017369e-13
8.006909e-13
7.996476e-13
7.986069e-13
7.975690e-13
7.965338e-13
7.955013e-13
7.944716e-13
7.934446e-13
7.924204e-13
7.913989e-13
7.903802e-13
7.893643e-13
7.883513e-13
7.873410e-13
7.863335e-13
7.853289e-13
7.843271e-13
7.833282e-13
7.823321e-13
7.813389e-13
7.803486e-13
7.793612e-13
7.783766e-13
7.773950e-13
7.764163e-13
7.754406e-13
7.744677e-13
7.734979e-13
7.725310e-13
7.715670e-13
7.706061e-13
7.696481e-13
7.686931e-13
7.677412e-13
7.667922e-13
7.658463e-13
7.649034e-13
7.639636e-13
7.630268e-13
7.620931e-13
7.611624e-13
7.602348e-13
7.593104e-13
7.583890e-13
7.574707e-13
7.565556e-13
7.556435e-13
7.547347e-13
7.538289e-13
7.529263e-13
7.520269e-13
7.511306e-13
7.502375e-13
7.493477e-13
7.484610e-13
7.475775e-13
7.466972e-13
7.458201e-13
7.449463e-13
7.440757e-13
7.432083e-13
7.423443e-13
7.414834e-13
7.406259e-13
7.397716e-13
7.389206e-13
7.380729e-13
7.372285e-13
7.363874e-13
7.355496e-13
7.347152e-13
7.338841e-13
7.330563e-13
7.322319e-13
7.314108e-13
7.305931e-13
7.297788e-13
7.289678e-13
7.281603e-13
7.273561e-13
7.265553e-13
7.257580e-13
7.249640e-13
7.241735e-13
7.233864e-13
7.226027e-13
7.218225e-13
7.210457e-13
7.202724e-13
7.195026e-13
7.187362e-13
7.179733e-13
7.172139e-13
7.164580e-13
7.157056e-13
7.149567e-13
7.142113e-13
7.134694e-13
7.127310e-13
7.119962e-13
7.112649e-13
7.105371e-13
7.098129e-13
7.090923e-13
7.083752e-13
7.076617e-13
7.069517e-13
7.062454e-13
7.055426e-13
7.048434e-13
7.041478e-13
7.034558e-13
7.027675e-13
7.020827e-13
7.014015e-13
7.007240e-13
7.000502e-13
6.993799e-13
6.987133e-13
6.980503e-13
6.973910e-13
6.967354e-13
6.960834e-13
6.954351e-13
6.947905e-13
6.941495e-13
6.935123e-13
6.928787e-13
6.922488e-13
6.916226e-13
6.910001e-13
6.903813e-13
6.897663e-13
6.891550e-13
6.885473e-13
6.879434e-13
6.873433e-13
6.867469e-13
6.861542e-13
6.855653e-13
6.849801e-13
6.843987e-13
6.838210e-13
6.832471e-13
6.826770e-13
6.821106e-13
6.815480e-13
6.809892e-13
6.804342e-13
6.798830e-13
6.793355e-13
6.787919e-13
6.782520e-13
6.777160e-13
6.771837e-13
6.766553e-13
6.761307e-13
6.756099e-13
6.750929e-13
6.745798e-13
6.740704e-13
6.735650e-13
6.730633e-13
6.725655e-13
6.720715e-13
6.715814e-13
6.710951e-13
6.706126e-13
6.701340e-13
6.696593e-13
6.691885e-13
6.687214e-13
6.682583e-13
6.677990e-13
6.673436e-13
6.668921e-13
6.664444e-13
6.660007e-13
6.655608e-13
6.651247e-13
6.646926e-13
6.642644e-13
6.638400e-13
6.634195e-13
6.630030e-13
6.625903e-13
6.621815e-13
6.617767e-13
6.613757e-13
6.609786e-13
6.605855e-13
6.601962e-13
6.598109e-13
6.594294e-13
6.590519e-13
6.586783e-13
6.583086e-13
6.579429e-13
6.575810e-13
6.572231e-13
6.568691e-13
6.565190e-13
6.561729e-13
6.558307e-13
6.554924e-13
6.551580e-13
6.548275e-13
6.545010e-13
6.541785e-13
6.538598e-13
6.535451e-13
6.532343e-13
6.529275e-13
6.526246e-13
6.523256e-13
6.520306e-13
6.517395e-13
6.514524e-13
6.511691e-13
6.508899e-13
6.506145e-13
6.503431e-13
6.500757e-13
6.498122e-13
6.495526e-13
6.492970e-13
6.490453e-13
6.487976e-13
6.485538e-13
6.483139e-13
6.480780e-13
6.478460e-13
6.476180e-13
6.473939e-13
6.471737e-13
6.469575e-13
6.467453e-13
6.465369e-13
6.463325e-13
6.461321e-13
6.459356e-13
6.457430e-13
6.455544e-13
6.453696e-13
6.451889e-13
6.450120e-13
6.448391e-13
6.446702e-13
6.445051e-13
6.443440e-13
6.441869e-13
6.440336e-13
6.438843e-13
6.437389e-13
6.435975e-13
6.434599e-13
6.433263e-13
6.431966e-13
6.430708e-13
6.429490e-13
6.428310e-13
6.427170e-13
6.426069e-13
6.425007e-13
6.423984e-13
6.423001e-13
6.422056e-13
6.421150e-13
6.420284e-13
6.419456e-13
6.418667e-13
6.417918e-13
6.417207e-13
6.416535e-13
6.415903e-13
6.415309e-13
6.414754e-13
6.414237e-13
6.413760e-13
6.413321e-13
6.412921e-13
6.412560e-13
6.412238e-13
6.411954e-13
6.411709e-13
6.411503e-13
6.411335e-13
6.411206e-13
6.411115e-13
6.411063e-13
6.411050e-13
6.411075e-13
6.411138e-13
6.411240e-13
6.411380e-13
6.411558e-13
6.411775e-13
6.412030e-13
6.412324e-13
6.412655e-13
6.413025e-13
6.413433e-13
6.413879e-13
6.414363e-13
6.414885e-13
6.415446e-13
6.416044e-13
6.416680e-13
6.417354e-13
6.418066e-13
6.418815e-13
6.419603e-13
6.420428e-13
6.421291e-13
6.422192e-13
6.423130e-13
6.424106e-13
6.425119e-13
6.426170e-13
6.427259e-13
6.428385e-13
6.429548e-13
6.430748e-13
6.431986e-13
6.433261e-13
6.434574e-13
6.435923e-13
6.437310e-13
6.438733e-13
6.440194e-13
6.441692e-13
6.443226e-13
6.444798e-13
6.446406e-13
6.448051e-13
6.449733e-13
6.451452e-13
6.453207e-13
6.454999e-13
6.456827e-13
6.458692e-13
6.460593e-13
6.462531e-13
6.464505e-13
6.466515e-13
6.468562e-13
6.470645e-13
6.472764e-13
6.474919e-13
6.477110e-13
6.479336e-13
6.481599e-13
6.483898e-13
6.486233e-13
6.488603e-13
6.491009e-13
6.493450e-13
6.495927e-13
6.498440e-13
6.500988e-13
6.503572e-13
6.506191e-13
6.508845e-13
6.511534e-13
6.514259e-13
6.517018e-13
6.519813e-13
6.522642e-13
6.525507e-13
6.528406e-13
6.531341e-13
6.534309e-13
6.537313e-13
6.540351e-13
6.543424e-13
6.546531e-13
6.549673e-13
6.552849e-13
6.556059e-13
6.559303e-13
6.562582e-13
6.565895e-13
6.569241e-13
6.572622e-13
6.576036e-13
6.579485e-13
6.582967e-13
6.586482e-13
6.590032e-13
6.593615e-13
6.597231e-13
6.600881e-13
6.604564e-13
6.608280e-13
6.612029e-13
6.615812e-13
6.619628e-13
6.623476e-13
6.627358e-13
6.631272e-13
6.635219e-13
6.639199e-13
6.643211e-13
6.647256e-13
6.651333e-13
6.655443e-13
6.659585e-13
6.663759e-13
6.667965e-13
6.672204e-13
6.676474e-13
6.680776e-13
6.685111e-13
6.689476e-13
6.693874e-13
6.698303e-13
6.702764e-13
6.707256e-13
6.711780e-13
6.716334e-13
6.720921e-13
6.725538e-13
6.730186e-13
6.734865e-13
6.739575e-13
6.744316e-13
6.749088e-13
6.753890e-13
6.758723e-13
6.763586e-13
6.768479e-13
6.773403e-13
6.778358e-13
6.783342e-13
6.788356e-13
6.793401e-13
6.798475e-13
6.803579e-13
6.808713e-13
6.813876e-13
6.819069e-13
6.824291e-13
6.829543e-13
6.834824e-13
6.840134e-13
6.845473e-13
6.850842e-13
6.856239e-13
6.861665e-13
6.867120e-13
6.872603e-13
6.878115e-13
6.883656e-13
6.889225e-13
6.894822e-13
6.900447e-13
6.906101e-13
6.911783e-13
6.917492e-13
6.923230e-13
6.928995e-13
6.934788e-13
6.940608e-13
6.946456e-13
6.952331e-13
6.958233e-13
6.964163e-13
6.970120e-13
6.976104e-13
6.982115e-13
6.988152e-13
6.994216e-13
7.000307e-13
7.006425e-13
7.012569e-13
7.018739e-13
7.024935e-13
7.031158e-13
7.037406e-13
7.043681e-13
7.049982e-13
7.056308e-13
7.062660e-13
7.069037e-13
7.075440e-13
7.081868e-13
7.088322e-13
7.094801e-13
7.101305e-13
7.107833e-13
7.114387e-13
7.120965e-13
7.127569e-13
7.134196e-13
7.140848e-13
7.147525e-13
7.154226e-13
7.160951e-13
7.167700e-13
7.174473e-13
7.181269e-13
7.188090e-13
7.194934e-13
7.201802e-13
7.208693e-13
7.215608e-13
7.222546e-13
7.229507e-13
7.236491e-13
7.243498e-13
7.250528e-13
7.257580e-13
7.264656e-13
7.271753e-13
7.278874e-13
7.286016e-13
7.293181e-13
7.300367e-13
7.307576e-13
7.314807e-13
7.322059e-13
7.329333e-13
7.336629e-13
7.343946e-13
7.351284e-13
7.358644e-13
7.366025e-13
7.373427e-13
7.380850e-13
7.388293e-13
7.395758e-13
7.403243e-13
7.410748e-13
7.418274e-13
7.425820e-13
7.433386e-13
7.440973e-13
7.448579e-13
7.456205e-13
7.463851e-13
7.471517e-13
7.479202e-13
7.486906e-13
7.494630e-13
7.502373e-13
7.510134e-13
7.517915e-13
7.525715e-13
7.533534e-13
7.541371e-13
7.549226e-13
7.557101e-13
7.564993e-13
7.572903e-13
7.580832e-13
7.588779e-13
7.596743e-13
7.604725e-13
7.612725e-13
7.620742e-13
7.628777e-13
7.636829e-13
7.644898e-13
7.652984e-13
7.661088e-13
7.669208e-13
7.677344e-13
7.685498e-13
7.693667e-13
7.701854e-13
7.710056e-13
7.718275e-13
7.726509e-13
7.734760e-13
7.743026e-13
7.751308e-13
7.759606e-13
7.767919e-13
7.776247e-13
7.784591e-13
7.792950e-13
7.801324e-13
7.809712e-13
7.818116e-13
7.826534e-13
7.834967e-13
7.843414e-13
7.851875e-13
7.860351e-13
7.868840e-13
7.877344e-13
7.885862e-13
7.894393e-13
7.902938e-13
7.911496e-13
7.920068e-13
7.928653e-13
7.937251e-13
7.945862e-13
7.954486e-13
7.963123e-13
7.971772e-13
7.980434e-13
7.989109e-13
7.997796e-13
8.006495e-13
8.015206e-13
8.023929e-13
8.032664e-13
8.041411e-13
8.050169e-13
8.058939e-13
8.067720e-13
8.076513e-13
8.085316e-13
8.094131e-13
8.102956e-13
8.111793e-13
8.120640e-13
8.129497e-13
8.138366e-13
8.147244e-13
8.156132e-13
8.165031e-13
8.173940e-13
8.182858e-13
8.191786e-13
8.200724e-13
8.209672e-13
8.218628e-13
8.227594e-13
8.236569e-13
8.245553e-13
8.254546e-13
8.263548e-13
8.272558e-13
8.281577e-13
8.290605e-13
8.299640e-13
8.308684e-13
8.317736e-13
8.326796e-13
8.335863e-13
8.344939e-13
8.354022e-13
8.363112e-13
8.372210e-13
8.381315e-13
8.390427e-13
8.399546e-13
8.408672e-13
8.417805e-13
8.426944e-13
8.436090e-13
8.445242e-13
8.454400e-13
8.463565e-13
8.472736e-13
8.481912e-13
8.491095e-13
8.500283e-13
8.509476e-13
8.518675e-13
8.527880e-13
8.537089e-13
8.546304e-13
8.555523e-13
8.564748e-13
8.573977e-13
8.583211e-13
8.592449e-13
8.601691e-13
8.610938e-13
8.620189e-13
8.629444e-13
8.638703e-13
8.647965e-13
8.657231e-13
8.666501e-13
8.675774e-13
8.685051e-13
8.694330e-13
8.703613e-13
8.712898e-13
8.722187e-13
8.731478e-13
8.740771e-13
8.750067e-13
8.759366e-13
8.768666e-13
8.777969e-13
8.787274e-13
8.796580e-13
8.805888e-13
8.815198e-13
8.824509e-13
8.833822e-13
8.843136e-13
8.852451e-13
8.861767e-13
8.871084e-13
8.880402e-13
8.889721e-13
8.899040e-13
8.908359e-13
8.917679e-13
8.926999e-13
8.936319e-13
8.945639e-13
8.954959e-13
8.964279e-13
8.973598e-13
8.982916e-13
8.992235e-13
9.001552e-13
9.010868e-13
9.020184e-13
9.029498e-13
9.038811e-13
9.048123e-13
9.057433e-13
9.066742e-13
9.076049e-13
9.085354e-13
9.094658e-13
9.103959e-13
9.113258e-13
9.122555e-13
9.131849e-13
9.141141e-13
9.150431e-13
9.159717e-13
9.169001e-13
9.178282e-13
9.187560e-13
9.196834e-13
9.206105e-13
9.215373e-13
9.224637e-13
9.233898e-13
9.243154e-13
9.252407e-13
9.261656e-13
9.270901e-13
9.280141e-13
9.289377e-13
9.298609e-13
9.307836e-13
9.317058e-13
9.326276e-13
9.335488e-13
9.344696e-13
9.353898e-13
9.363095e-13
9.372287e-13
9.381473e-13
9.390654e-13
9.399829e-13
9.408998e-13
9.418161e-13
9.427318e-13
9.436469e-13
9.445613e-13
9.454751e-13
9.463883e-13
9.473008e-13
9.482126e-13
9.491237e-13
9.500342e-13
9.509439e-13
9.518529e-13
9.527612e-13
9.536687e-13
9.545755e-13
9.554815e-13
9.563867e-13
9.572912e-13
9.581949e-13
9.590977e-13
9.599997e-13
9.609009e-13
9.618013e-13
9.627008e-13
9.635994e-13
9.644972e-13
9.653941e-13
9.662900e-13
9.671851e-13
9.680793e-13
9.689725e-13
9.698648e-13
9.707561e-13
9.716465e-13
9.725359e-13
9.734243e-13
9.743117e-13
9.751981e-13
9.760835e-13
9.769679e-13
9.778512e-13
9.787335e-13
9.796147e-13
9.804948e-13
9.813739e-13
9.822519e-13
9.831288e-13
9.840045e-13
9.848792e-13
9.857527e-13
9.866250e-13
9.874962e-13
9.883663e-13
9.892351e-13
9.901028e-13
9.909693e-13
9.918345e-13
9.926986e-13
9.935614e-13
9.944230e-13
9.952833e-13
9.961424e-13
9.970002e-13
9.978567e-13
9.987119e-13
9.995658e-13
1.000418e-12
1.001270e-12
1.002120e-12
1.002968e-12
1.003816e-12
1.004661e-12
1.005506e-12
1.006349e-12
1.007191e-12
1.008031e-12
1.008870e-12
1.009708e-12
1.010544e-12
1.011378e-12
1.012212e-12
1.013043e-12
1.013873e-12
1.014702e-12
1.015529e-12
1.016355e-12
1.017179e-12
1.018002e-12
1.018823e-12
1.019643e-12
1.020461e-12
1.021278e-12
1.022093e-12
1.022906e-12
1.023718e-12
1.024528e-12
1.025336e-12
1.026143e-12
1.026949e-12
1.027752e-12
1.028554e-12
1.029355e-12
1.030153e-12
1.030950e-12
1.031746e-12
1.032539e-12
1.033331e-12
1.034122e-12
1.034910e-12
1.035697e-12
1.036482e-12
1.037265e-12
1.038046e-12
1.038826e-12
1.039604e-12
1.040380e-12
1.041155e-12
1.041927e-12
1.042698e-12
1.043467e-12
1.044234e-12
1.044999e-12
1.045762e-12
1.046524e-12
1.047283e-12
1.048041e-12
1.048797e-12
1.049551e-12
1.050303e-12
1.051053e-12
1.051801e-12
1.052547e-12
1.053292e-12
1.054034e-12
1.054774e-12
1.055513e-12
1.056249e-12
1.056984e-12
1.057716e-12
1.058447e-12
1.059175e-12
1.059901e-12
1.060626e-12
1.061348e-12
1.062068e-12
1.062787e-12
1.063503e-12
1.064217e-12
1.064929e-12
1.065639e-12
1.066347e-12
1.067052e-12
1.067756e-12
1.068457e-12
1.069157e-12
1.069854e-12
1.070549e-12
1.071242e-12
1.071933e-12
1.072621e-12
1.073307e-12
1.073992e-12
1.074674e-12
1.075353e-12
1.076031e-12
1.076706e-12
1.077379e-12
1.078050e-12
1.078719e-12
1.079385e-12
1.080050e-12
1.080711e-12
1.081371e-12
1.082028e-12
1.082683e-12
1.083336e-12
1.083986e-12
1.084634e-12
1.085280e-12
1.085924e-12
1.086565e-12
1.087204e-12
1.087840e-12
1.088474e-12
1.089106e-12
1.089735e-12
1.090362e-12
1.090986e-12
1.091609e-12
1.092228e-12
1.092846e-12
1.093461e-12
1.094073e-12
1.094683e-12
1.095291e-12
1.095896e-12
1.096499e-12
1.097099e-12
1.097697e-12
1.098292e-12
1.098885e-12
1.099475e-12
1.100063e-12
1.100648e-12
1.101231e-12
1.101811e-12
1.102389e-12
1.102965e-12
1.103537e-12
1.104107e-12
1.104675e-12
1.105240e-12
1.105803e-12
1.106363e-12
1.106920e-12
1.107475e-12
1.108027e-12
1.108577e-12
1.109124e-12
1.109668e-12
1.110210e-12
1.110749e-12
1.111286e-12
1.111820e-12
1.112351e-12
1.112880e-12
1.113406e-12
1.113929e-12
1.114450e-12
1.114968e-12
1.115483e-12
1.115996e-12
1.116505e-12
1.117013e-12
1.117517e-12
1.118019e-12
1.118518e-12
1.119015e-12
1.119509e-12
1.120000e-12
1.120488e-12
1.120973e-12
1.121456e-12
1.121936e-12
1.122413e-12
1.122888e-12
1.123360e-12
1.123829e-12
1.124295e-12
1.124758e-12
1.125219e-12
1.125677e-12
1.126132e-12
1.126584e-12
1.127033e-12
1.127480e-12
1.127924e-12
1.128365e-12
1.128803e-12
1.129238e-12
1.129671e-12
1.130100e-12
1.130527e-12
1.130951e-12
1.131372e-12
1.131790e-12
1.132206e-12
1.132618e-12
1.133028e-12
1.133434e-12
1.133838e-12
1.134239e-12
1.134637e-12
1.135032e-12
1.135424e-12
1.135814e-12
1.136200e-12
1.136584e-12
1.136964e-12
1.137342e-12
1.137716e-12
1.138088e-12
1.138457e-12
1.138823e-12
1.139186e-12
1.139546e-12
1.139903e-12
1.140257e-12
1.140608e-12
1.140956e-12
1.141301e-12
1.141643e-12
1.141982e-12
1.142318e-12
1.142652e-12
1.142982e-12
1.143309e-12
1.143633e-12
1.143954e-12
1.144272e-12
1.144588e-12
1.144900e-12
1.145209e-12
1.145515e-12
1.145818e-12
1.146118e-12
1.146415e-12
1.146709e-12
1.147000e-12
1.147288e-12
1.147573e-12
1.147855e-12
1.148133e-12
1.148409e-12
1.148682e-12
1.148951e-12
1.149218e-12
1.149481e-12
1.149741e-12
1.149999e-12
1.150253e-12
1.150504e-12
1.150752e-12
1.150997e-12
1.151239e-12
1.151478e-12
1.151713e-12
1.151946e-12
1.152175e-12
1.152402e-12
1.152625e-12
1.152845e-12
1.153062e-12
1.153276e-12
1.153487e-12
1.153695e-12
1.153899e-12
1.154101e-12
1.154299e-12
1.154494e-12
1.154686e-12
1.154875e-12
1.155061e-12
1.155244e-12
1.155423e-12
1.155600e-12
1.155773e-12
1.155943e-12
1.156110e-12
1.156274e-12
1.156435e-12
1.156592e-12
1.156747e-12
1.156898e-12
1.157046e-12
1.157191e-12
1.157332e-12
1.157471e-12
1.157606e-12
1.157739e-12
1.157868e-12
1.157994e-12
1.158116e-12
1.158236e-12
1.158352e-12
1.158466e-12
1.158576e-12
1.158683e-12
1.158786e-12
1.158887e-12
1.158984e-12
1.159078e-12
1.159169e-12
1.159257e-12
1.159342e-12
1.159423e-12
1.159501e-12
1.159576e-12
1.159648e-12
1.159717e-12
1.159782e-12
1.159845e-12
1.159904e-12
1.159960e-12
1.160012e-12
1.160062e-12
1.160108e-12
1.160151e-12
1.160191e-12
1.160228e-12
1.160262e-12
1.160292e-12
1.160319e-12
1.160343e-12
1.160364e-12
1.160382e-12
1.160396e-12
1.160407e-12
1.160415e-12
1.160420e-12
1.160422e-12
