1.422938e-12
1.422936e-12
1.422929e-12
1.422917e-12
1.422901e-12
1.422879e-12
1.422853e-12
1.422823e-12
1.422787e-12
1.422747e-12
1.422702e-12
1.422652e-12
1.422598e-12
1.422539e-12
1.422475e-12
1.422406e-12
1.422333e-12
1.422255e-12
1.422172e-12
1.422085e-12
1.421993e-12
1.421896e-12
1.421794e-12
1.421688e-12
1.421577e-12
1.421461e-12
1.421341e-12
1.421215e-12
1.421086e-12
1.420951e-12
1.420812e-12
1.420668e-12
1.420519e-12
1.420366e-12
1.420208e-12
1.420045e-12
1.419877e-12
1.419705e-12
1.419528e-12
1.419347e-12
1.419161e-12
1.418970e-12
1.418774e-12
1.418574e-12
1.418369e-12
1.418159e-12
1.417945e-12
1.417726e-12
1.417502e-12
1.417274e-12
1.417041e-12
1.416804e-12
1.416561e-12
1.416314e-12
1.416063e-12
1.415807e-12
1.415546e-12
1.415281e-12
1.415011e-12
1.414736e-12
1.414456e-12
1.414173e-12
1.413884e-12
1.413591e-12
1.413293e-12
1.412991e-12
1.412684e-12
1.412372e-12
1.412056e-12
1.411735e-12
1.411410e-12
1.411080e-12
1.410745e-12
1.410406e-12
1.410063e-12
1.409714e-12
1.409362e-12
1.409004e-12
1.408642e-12
1.408276e-12
1.407905e-12
1.407530e-12
1.407150e-12
1.406765e-12
1.406376e-12
1.405982e-12
1.405584e-12
1.405182e-12
1.404775e-12
1.404363e-12
1.403947e-12
1.403526e-12
1.403101e-12
1.402672e-12
1.402238e-12
1.401799e-12
1.401356e-12
1.400909e-12
1.400457e-12
1.400001e-12
1.399540e-12
1.399075e-12
1.398606e-12
1.398132e-12
1.397653e-12
1.397171e-12
1.396683e-12
1.396192e-12
1.395696e-12
1.395196e-12
1.394691e-12
1.394182e-12
1.393668e-12
1.393151e-12
1.392629e-12
1.392102e-12
1.391571e-12
1.391036e-12
1.390497e-12
1.389953e-12
1.389405e-12
1.388853e-12
1.388296e-12
1.387735e-12
1.387170e-12
1.386601e-12
1.386027e-12
1.385449e-12
1.384867e-12
1.384281e-12
1.383690e-12
1.383095e-12
1.382496e-12
1.381893e-12
1.381285e-12
1.380673e-12
1.380058e-12
1.379438e-12
1.378813e-12
1.378185e-12
1.377552e-12
1.376916e-12
1.376275e-12
1.375630e-12
1.374981e-12
1.374328e-12
1.373671e-12
1.373009e-12
1.372344e-12
1.371674e-12
1.371001e-12
1.370323e-12
1.369641e-12
1.368956e-12
1.368266e-12
1.367572e-12
1.366874e-12
1.366172e-12
1.365467e-12
1.364757e-12
1.364043e-12
1.363325e-12
1.362603e-12
1.361878e-12
1.361148e-12
1.360415e-12
1.359677e-12
1.358936e-12
1.358191e-12
1.357441e-12
1.356688e-12
1.355931e-12
1.355171e-12
1.354406e-12
1.353638e-12
1.352865e-12
1.352089e-12
1.351309e-12
1.350525e-12
1.349738e-12
1.348946e-12
1.348151e-12
1.347352e-12
1.346550e-12
1.345743e-12
1.344933e-12
1.344119e-12
1.343302e-12
1.342480e-12
1.341655e-12
1.340827e-12
1.339994e-12
1.339158e-12
1.338319e-12
1.337476e-12
1.336629e-12
1.335778e-12
1.334924e-12
1.334066e-12
1.333205e-12
1.332340e-12
1.331472e-12
1.330600e-12
1.329724e-12
1.328845e-12
1.327962e-12
1.327076e-12
1.326187e-12
1.325294e-12
1.324397e-12
1.323497e-12
1.322594e-12
1.321687e-12
1.320776e-12
1.319863e-12
1.318946e-12
1.318025e-12
1.317101e-12
1.316174e-12
1.315243e-12
1.314309e-12
1.313372e-12
1.312431e-12
1.311487e-12
1.310540e-12
1.309589e-12
1.308636e-12
1.307679e-12
1.306718e-12
1.305755e-12
1.304788e-12
1.303818e-12
1.302845e-12
1.301868e-12
1.300889e-12
1.299906e-12
1.298920e-12
1.297931e-12
1.296939e-12
1.295944e-12
1.294946e-12
1.293944e-12
1.292940e-12
1.291932e-12
1.290921e-12
1.289908e-12
1.288891e-12
1.287871e-12
1.286849e-12
1.285823e-12
1.284794e-12
1.283763e-12
1.282728e-12
1.281691e-12
1.280650e-12
1.279607e-12
1.278561e-12
1.277512e-12
1.276460e-12
1.275405e-12
1.274348e-12
1.273287e-12
1.272224e-12
1.271158e-12
1.270089e-12
1.269017e-12
1.267943e-12
1.266866e-12
1.265786e-12
1.264703e-12
1.263618e-12
1.262530e-12
1.261439e-12
1.260346e-12
1.259250e-12
1.258152e-12
1.257050e-12
1.255947e-12
1.254840e-12
1.253731e-12
1.252620e-12
1.251505e-12
1.250389e-12
1.249270e-12
1.248148e-12
1.247024e-12
1.245897e-12
1.244768e-12
1.243636e-12
1.242502e-12
1.241366e-12
1.240227e-12
1.239086e-12
1.237942e-12
1.236796e-12
1.235648e-12
1.234497e-12
1.233344e-12
1.232188e-12
1.231031e-12
1.229871e-12
1.228709e-12
1.227544e-12
1.226378e-12
1.225209e-12
1.224038e-12
1.222864e-12
1.221689e-12
1.220511e-12
1.219331e-12
1.218149e-12
1.216965e-12
1.215779e-12
1.214591e-12
1.213400e-12
1.212208e-12
1.211014e-12
1.209817e-12
1.208619e-12
1.207418e-12
1.206216e-12
1.205011e-12
1.203805e-12
1.202596e-12
1.201386e-12
1.200174e-12
1.198960e-12
1.197744e-12
1.196526e-12
1.195306e-12
1.194085e-12
1.192862e-12
1.191636e-12
1.190409e-12
1.189181e-12
1.187950e-12
1.186718e-12
1.185484e-12
1.184248e-12
1.183011e-12
1.181772e-12
1.180531e-12
1.179289e-12
1.178045e-12
1.176799e-12
1.175552e-12
1.174303e-12
1.173053e-12
1.171801e-12
1.170547e-12
1.169292e-12
1.168036e-12
1.166778e-12
1.165518e-12
1.164257e-12
1.162994e-12
1.161731e-12
1.160465e-12
1.159199e-12
1.157930e-12
1.156661e-12
1.155390e-12
1.154118e-12
1.152844e-12
1.151569e-12
1.150293e-12
1.149016e-12
1.147737e-12
1.146457e-12
1.145176e-12
1.143894e-12
1.142610e-12
1.141325e-12
1.140039e-12
1.138752e-12
1.137464e-12
1.136175e-12
1.134884e-12
1.133593e-12
1.132300e-12
1.131006e-12
1.129711e-12
1.128416e-12
1.127119e-12
1.125821e-12
1.124522e-12
1.123223e-12
1.121922e-12
1.120620e-12
1.119318e-12
1.118014e-12
1.116710e-12
1.115405e-12
1.114099e-12
1.112792e-12
1.111484e-12
1.110176e-12
1.108866e-12
1.107556e-12
1.106245e-12
1.104934e-12
1.103621e-12
1.102308e-12
1.100995e-12
1.099680e-12
1.098365e-12
1.097049e-12
1.095733e-12
1.094416e-12
1.093098e-12
1.091780e-12
1.090461e-12
1.089142e-12
1.087822e-12
1.086502e-12
1.085181e-12
1.083860e-12
1.082538e-12
1.081216e-12
1.079893e-12
1.078570e-12
1.077246e-12
1.075922e-12
1.074598e-12
1.073273e-12
1.071948e-12
1.070623e-12
1.069297e-12
1.067971e-12
1.066645e-12
1.065318e-12
1.063992e-12
1.062665e-12
1.061337e-12
1.060010e-12
1.058682e-12
1.057355e-12
1.056027e-12
1.054698e-12
1.053370e-12
1.052042e-12
1.050714e-12
1.049385e-12
1.048056e-12
1.046728e-12
1.045399e-12
1.044071e-12
1.042742e-12
1.041413e-12
1.040085e-12
1.038756e-12
1.037428e-12
1.036099e-12
1.034771e-12
1.033443e-12
1.032115e-12
1.030787e-12
1.029459e-12
1.028131e-12
1.026804e-12
1.025477e-12
1.024150e-12
1.022823e-12
1.021497e-12
1.020171e-12
1.018845e-12
1.017519e-12
1.016194e-12
1.014869e-12
1.013544e-12
1.012220e-12
1.010896e-12
1.009572e-12
1.008249e-12
1.006927e-12
1.005604e-12
1.004283e-12
1.002961e-12
1.001641e-12
1.000320e-12
9.990006e-13
9.976813e-13
9.963626e-13
9.950445e-13
9.937269e-13
9.924100e-13
9.910936e-13
9.897779e-13
9.884628e-13
9.871484e-13
9.858346e-13
9.845216e-13
9.832092e-13
9.818975e-13
9.805866e-13
9.792764e-13
9.779670e-13
9.766584e-13
9.753506e-13
9.740435e-13
9.727373e-13
9.714319e-13
9.701274e-13
9.688238e-13
9.675210e-13
9.662191e-13
9.649182e-13
9.636182e-13
9.623191e-13
9.610210e-13
9.597238e-13
9.584276e-13
9.571325e-13
9.558383e-13
9.545452e-13
9.532532e-13
9.519622e-13
9.506722e-13
9.493834e-13
9.480957e-13
9.468091e-13
9.455236e-13
9.442393e-13
9.429561e-13
9.416742e-13
9.403934e-13
9.391138e-13
9.378355e-13
9.365584e-13
9.352825e-13
9.340079e-13
9.327346e-13
9.314626e-13
9.301919e-13
9.289225e-13
9.276545e-13
9.263878e-13
9.251225e-13
9.238586e-13
9.225960e-13
9.213349e-13
9.200752e-13
9.188170e-13
9.175602e-13
9.163048e-13
9.150510e-13
9.137986e-13
9.125477e-13
9.112984e-13
9.100506e-13
9.088044e-13
9.075597e-13
9.063166e-13
9.050751e-13
9.038352e-13
9.025969e-13
9.013603e-13
9.001253e-13
8.988920e-13
8.976603e-13
8.964304e-13
8.952021e-13
8.939756e-13
8.927508e-13
8.915277e-13
8.903064e-13
8.890868e-13
8.878691e-13
8.866531e-13
8.854390e-13
8.842267e-13
8.830162e-13
8.818076e-13
8.806008e-13
8.793959e-13
8.781929e-13
8.769918e-13
8.757927e-13
8.745954e-13
8.734001e-13
8.722068e-13
8.710154e-13
8.698261e-13
8.686387e-13
8.674533e-13
8.662699e-13
8.650886e-13
8.639094e-13
8.627321e-13
8.615570e-13
8.603840e-13
8.592130e-13
8.580442e-13
8.568775e-13
8.557129e-13
8.545505e-13
8.533902e-13
8.522321e-13
8.510762e-13
8.499225e-13
8.487710e-13
8.476217e-13
8.464747e-13
8.453299e-13
8.441874e-13
8.430471e-13
8.419092e-13
8.407735e-13
8.396402e-13
8.385091e-13
8.373804e-13
8.362541e-13
8.351301e-13
8.340085e-13
8.328892e-13
8.317724e-13
8.306580e-13
8.295459e-13
8.284363e-13
8.273292e-13
8.262245e-13
8.251222e-13
8.240225e-13
8.229252e-13
8.218304e-13
8.207382e-13
8.196484e-13
8.185612e-13
8.174766e-13
8.163945e-13
8.153149e-13
8.142380e-13
8.131636e-13
8.120918e-13
8.110227e-13
8.099561e-13
8.088922e-13
8.078310e-13
8.067724e-13
8.057164e-13
8.046632e-13
8.036126e-13
8.025648e-13
8.015196e-13
8.004772e-13
7.994375e-13
7.984005e-13
7.973663e-13
7.963349e-13
7.953062e-13
7.942803e-13
7.932572e-13
7.922370e-13
7.912195e-13
7.902049e-13
7.891931e-13
7.881841e-13
7.871780e-13
7.861748e-13
7.851744e-13
7.841770e-13
7.831824e-13
7.821907e-13
7.812020e-13
7.802162e-13
7.792333e-13
7.782534e-13
7.772764e-13
7.763024e-13
7.753314e-13
7.743633e-13
7.733983e-13
7.724362e-13
7.714772e-13
7.705212e-13
7.695682e-13
7.686183e-13
7.676714e-13
7.667276e-13
7.657868e-13
7.648492e-13
7.639146e-13
7.629831e-13
7.620547e-13
7.611295e-13
7.602074e-13
7.592884e-13
7.583725e-13
7.574598e-13
7.565503e-13
7.556439e-13
7.547407e-13
7.538407e-13
7.529439e-13
7.520503e-13
7.511599e-13
7.502727e-13
7.493887e-13
7.485080e-13
7.476306e-13
7.467564e-13
7.458854e-13
7.450177e-13
7.441533e-13
7.432922e-13
7.424344e-13
7.415799e-13
7.407287e-13
7.398808e-13
7.390363e-13
7.381950e-13
7.373572e-13
7.365226e-13
7.356915e-13
7.348637e-13
7.340392e-13
7.332182e-13
7.324005e-13
7.315863e-13
7.307754e-13
7.299679e-13
7.291639e-13
7.283633e-13
7.275661e-13
7.267724e-13
7.259821e-13
7.251953e-13
7.244119e-13
7.236320e-13
7.228555e-13
7.220826e-13
7.213131e-13
7.205471e-13
7.197847e-13
7.190257e-13
7.182703e-13
7.175183e-13
7.167699e-13
7.160251e-13
7.152838e-13
7.145460e-13
7.138118e-13
7.130811e-13
7.123540e-13
7.116305e-13
7.109105e-13
7.101942e-13
7.094814e-13
7.087723e-13
7.080667e-13
7.073647e-13
7.066664e-13
7.059717e-13
7.052806e-13
7.045931e-13
7.039093e-13
7.032291e-13
7.025526e-13
7.018797e-13
7.012105e-13
7.005449e-13
6.998830e-13
6.992248e-13
6.985703e-13
6.979194e-13
6.972723e-13
6.966288e-13
6.959891e-13
6.953530e-13
6.947207e-13
6.940921e-13
6.934672e-13
6.928460e-13
6.922286e-13
6.916149e-13
6.910049e-13
6.903987e-13
6.897962e-13
6.891975e-13
6.886026e-13
6.880114e-13
6.874240e-13
6.868403e-13
6.862604e-13
6.856843e-13
6.851120e-13
6.845435e-13
6.839788e-13
6.834178e-13
6.828607e-13
6.823074e-13
6.817579e-13
6.812122e-13
6.806703e-13
6.801322e-13
6.795980e-13
6.790675e-13
6.785410e-13
6.780182e-13
6.774993e-13
6.769842e-13
6.764730e-13
6.759656e-13
6.754621e-13
6.749624e-13
6.744666e-13
6.739746e-13
6.734865e-13
6.730023e-13
6.725219e-13
6.720455e-13
6.715729e-13
6.711041e-13
6.706393e-13
6.701783e-13
6.697212e-13
6.692680e-13
6.688187e-13
6.683733e-13
6.679318e-13
6.674942e-13
6.670605e-13
6.666307e-13
6.662048e-13
6.657828e-13
6.653648e-13
6.649506e-13
6.645403e-13
6.641340e-13
6.637316e-13
6.633331e-13
6.629385e-13
6.625479e-13
6.621612e-13
6.617784e-13
6.613995e-13
6.610246e-13
6.606536e-13
6.602865e-13
6.599234e-13
6.595642e-13
6.592090e-13
6.588576e-13
6.585103e-13
6.581669e-13
6.578274e-13
6.574918e-13
6.571602e-13
6.568326e-13
6.565089e-13
6.561891e-13
6.558733e-13
6.555615e-13
6.552536e-13
6.549496e-13
6.546497e-13
6.543536e-13
6.540615e-13
6.537734e-13
6.534892e-13
6.532090e-13
6.529327e-13
6.526604e-13
6.523921e-13
6.521277e-13
6.518672e-13
6.516108e-13
6.513582e-13
6.511097e-13
6.508651e-13
6.506244e-13
6.503877e-13
6.501550e-13
6.499262e-13
6.497014e-13
6.494805e-13
6.492636e-13
6.490506e-13
6.488416e-13
6.486366e-13
6.484355e-13
6.482383e-13
6.480451e-13
6.478559e-13
6.476706e-13
6.474893e-13
6.473119e-13
6.471385e-13
6.469690e-13
6.468034e-13
6.466418e-13
6.464842e-13
6.463305e-13
6.461807e-13
6.460349e-13
6.458930e-13
6.457551e-13
6.456211e-13
6.454910e-13
6.453648e-13
6.452426e-13
6.451244e-13
6.450100e-13
6.448996e-13
6.447931e-13
6.446906e-13
6.445919e-13
6.444972e-13
6.444064e-13
6.443195e-13
6.442366e-13
6.441575e-13
6.440824e-13
6.440112e-13
6.439438e-13
6.438804e-13
6.438209e-13
6.437653e-13
6.437136e-13
6.436657e-13
6.436218e-13
6.435818e-13
6.435456e-13
6.435134e-13
6.434850e-13
6.434605e-13
6.434399e-13
6.434231e-13
6.434102e-13
6.434012e-13
6.433961e-13
6.433948e-13
6.433974e-13
6.434039e-13
6.434142e-13
6.434283e-13
6.434463e-13
6.434681e-13
6.434938e-13
6.435234e-13
6.435567e-13
6.435939e-13
6.436349e-13
6.436798e-13
6.437284e-13
6.437809e-13
6.438372e-13
6.438973e-13
6.439612e-13
6.440290e-13
6.441005e-13
6.441758e-13
6.442549e-13
6.443378e-13
6.444244e-13
6.445149e-13
6.446091e-13
6.447071e-13
6.448089e-13
6.449144e-13
6.450237e-13
6.451368e-13
6.452536e-13
6.453741e-13
6.454984e-13
6.456264e-13
6.457582e-13
6.458937e-13
6.460329e-13
6.461758e-13
6.463224e-13
6.464728e-13
6.466269e-13
6.467846e-13
6.469461e-13
6.471112e-13
6.472800e-13
6.474525e-13
6.476287e-13
6.478086e-13
6.479921e-13
6.481793e-13
6.483701e-13
6.485646e-13
6.487628e-13
6.489645e-13
6.491700e-13
6.493790e-13
6.495917e-13
6.498079e-13
6.500278e-13
6.502513e-13
6.504784e-13
6.507091e-13
6.509434e-13
6.511813e-13
6.514228e-13
6.516678e-13
6.519164e-13
6.521686e-13
6.524243e-13
6.526835e-13
6.529463e-13
6.532127e-13
6.534826e-13
6.537560e-13
6.540329e-13
6.543134e-13
6.545973e-13
6.548848e-13
6.551757e-13
6.554701e-13
6.557681e-13
6.560695e-13
6.563743e-13
6.566826e-13
6.569944e-13
6.573097e-13
6.576284e-13
6.579505e-13
6.582760e-13
6.586050e-13
6.589374e-13
6.592732e-13
6.596124e-13
6.599550e-13
6.603010e-13
6.606504e-13
6.610031e-13
6.613592e-13
6.617187e-13
6.620816e-13
6.624478e-13
6.628173e-13
6.631901e-13
6.635663e-13
6.639458e-13
6.643287e-13
6.647148e-13
6.651042e-13
6.654969e-13
6.658929e-13
6.662922e-13
6.666948e-13
6.671006e-13
6.675096e-13
6.679219e-13
6.683375e-13
6.687563e-13
6.691783e-13
6.696035e-13
6.700319e-13
6.704635e-13
6.708983e-13
6.713363e-13
6.717775e-13
6.722218e-13
6.726693e-13
6.731200e-13
6.735738e-13
6.740307e-13
6.744908e-13
6.749540e-13
6.754203e-13
6.758897e-13
6.763622e-13
6.768378e-13
6.773164e-13
6.777982e-13
6.782830e-13
6.787708e-13
6.792617e-13
6.797556e-13
6.802526e-13
6.807526e-13
6.812556e-13
6.817616e-13
6.822706e-13
6.827826e-13
6.832976e-13
6.838155e-13
6.843364e-13
6.848602e-13
6.853870e-13
6.859168e-13
6.864494e-13
6.869850e-13
6.875234e-13
6.880648e-13
6.886091e-13
6.891562e-13
6.897063e-13
6.902591e-13
6.908149e-13
6.913735e-13
6.919349e-13
6.924991e-13
6.930662e-13
6.936361e-13
6.942087e-13
6.947842e-13
6.953625e-13
6.959435e-13
6.965273e-13
6.971138e-13
6.977031e-13
6.982951e-13
6.988898e-13
6.994873e-13
7.000874e-13
7.006903e-13
7.012958e-13
7.019041e-13
7.025149e-13
7.031285e-13
7.037447e-13
7.043635e-13
7.049850e-13
7.056091e-13
7.062358e-13
7.068651e-13
7.074970e-13
7.081314e-13
7.087685e-13
7.094081e-13
7.100502e-13
7.106949e-13
7.113422e-13
7.119919e-13
7.126442e-13
7.132989e-13
7.139562e-13
7.146159e-13
7.152781e-13
7.159428e-13
7.166099e-13
7.172795e-13
7.179515e-13
7.186259e-13
7.193027e-13
7.199819e-13
7.206636e-13
7.213476e-13
7.220339e-13
7.227227e-13
7.234137e-13
7.241071e-13
7.248029e-13
7.255010e-13
7.262013e-13
7.269040e-13
7.276090e-13
7.283162e-13
7.290257e-13
7.297374e-13
7.304514e-13
7.311677e-13
7.318861e-13
7.326068e-13
7.333297e-13
7.340547e-13
7.347820e-13
7.355114e-13
7.362430e-13
7.369767e-13
7.377126e-13
7.384506e-13
7.391907e-13
7.399329e-13
7.406772e-13
7.414236e-13
7.421721e-13
7.429226e-13
7.436752e-13
7.444298e-13
7.451865e-13
7.459452e-13
7.467058e-13
7.474685e-13
7.482332e-13
7.489998e-13
7.497685e-13
7.505390e-13
7.513115e-13
7.520860e-13
7.528623e-13
7.536406e-13
7.544208e-13
7.552028e-13
7.559867e-13
7.567725e-13
7.575602e-13
7.583497e-13
7.591410e-13
7.599342e-13
7.607291e-13
7.615259e-13
7.623244e-13
7.631247e-13
7.639268e-13
7.647306e-13
7.655362e-13
7.663435e-13
7.671525e-13
7.679632e-13
7.687757e-13
7.695898e-13
7.704056e-13
7.712230e-13
7.720421e-13
7.728628e-13
7.736852e-13
7.745092e-13
7.753348e-13
7.761619e-13
7.769907e-13
7.778210e-13
7.786529e-13
7.794863e-13
7.803213e-13
7.811578e-13
7.819958e-13
7.828353e-13
7.836763e-13
7.845188e-13
7.853627e-13
7.862081e-13
7.870550e-13
7.879032e-13
7.887529e-13
7.896040e-13
7.904565e-13
7.913104e-13
7.921657e-13
7.930223e-13
7.938803e-13
7.947396e-13
7.956002e-13
7.964621e-13
7.973254e-13
7.981899e-13
7.990558e-13
7.999228e-13
8.007912e-13
8.016608e-13
8.025316e-13
8.034036e-13
8.042769e-13
8.051513e-13
8.060270e-13
8.069038e-13
8.077818e-13
8.086609e-13
8.095411e-13
8.104225e-13
8.113050e-13
8.121886e-13
8.130733e-13
8.139591e-13
8.148459e-13
8.157338e-13
8.166228e-13
8.175127e-13
8.184037e-13
8.192957e-13
8.201887e-13
8.210827e-13
8.219776e-13
8.228735e-13
8.237704e-13
8.246682e-13
8.255669e-13
8.264665e-13
8.273671e-13
8.282685e-13
8.291708e-13
8.300739e-13
8.309779e-13
8.318828e-13
8.327885e-13
8.336950e-13
8.346023e-13
8.355104e-13
8.364192e-13
8.373289e-13
8.382393e-13
8.391504e-13
8.400623e-13
8.409749e-13
8.418882e-13
8.428023e-13
8.437170e-13
8.446323e-13
8.455483e-13
8.464650e-13
8.473823e-13
8.483003e-13
8.492188e-13
8.501380e-13
8.510577e-13
8.519781e-13
8.528990e-13
8.538204e-13
8.547424e-13
8.556649e-13
8.565879e-13
8.575115e-13
8.584355e-13
8.593600e-13
8.602850e-13
8.612104e-13
8.621363e-13
8.630626e-13
8.639894e-13
8.649165e-13
8.658441e-13
8.667720e-13
8.677003e-13
8.686290e-13
8.695580e-13
8.704873e-13
8.714170e-13
8.723470e-13
8.732773e-13
8.742079e-13
8.751388e-13
8.760699e-13
8.770013e-13
8.779329e-13
8.788648e-13
8.797969e-13
8.807292e-13
8.816616e-13
8.825943e-13
8.835271e-13
8.844601e-13
8.853933e-13
8.863266e-13
8.872599e-13
8.881935e-13
8.891271e-13
8.900608e-13
8.909945e-13
8.919284e-13
8.928623e-13
8.937962e-13
8.947302e-13
8.956641e-13
8.965981e-13
8.975321e-13
8.984660e-13
8.994000e-13
9.003338e-13
9.012677e-13
9.022014e-13
9.031351e-13
9.040687e-13
9.050022e-13
9.059356e-13
9.068688e-13
9.078019e-13
9.087349e-13
9.096677e-13
9.106003e-13
9.115328e-13
9.124650e-13
9.133971e-13
9.143289e-13
9.152605e-13
9.161918e-13
9.171229e-13
9.180538e-13
9.189843e-13
9.199146e-13
9.208446e-13
9.217742e-13
9.227036e-13
9.236326e-13
9.245612e-13
9.254895e-13
9.264174e-13
9.273450e-13
9.282721e-13
9.291988e-13
9.301252e-13
9.310511e-13
9.319765e-13
9.329015e-13
9.338261e-13
9.347501e-13
9.356737e-13
9.365968e-13
9.375194e-13
9.384414e-13
9.393630e-13
9.402839e-13
9.412044e-13
9.421242e-13
9.430435e-13
9.439622e-13
9.448803e-13
9.457978e-13
9.467147e-13
9.476309e-13
9.485465e-13
9.494614e-13
9.503757e-13
9.512893e-13
9.522022e-13
9.531143e-13
9.540258e-13
9.549366e-13
9.558466e-13
9.567559e-13
9.576644e-13
9.585721e-13
9.594791e-13
9.603853e-13
9.612907e-13
9.621952e-13
9.630990e-13
9.640019e-13
9.649039e-13
9.658051e-13
9.667055e-13
9.676049e-13
9.685035e-13
9.694012e-13
9.702979e-13
9.711937e-13
9.720886e-13
9.729826e-13
9.738756e-13
9.747676e-13
9.756587e-13
9.765487e-13
9.774378e-13
9.783258e-13
9.792129e-13
9.800988e-13
9.809838e-13
9.818677e-13
9.827505e-13
9.836323e-13
9.845130e-13
9.853926e-13
9.862710e-13
9.871484e-13
9.880246e-13
9.888997e-13
9.897736e-13
9.906464e-13
9.915180e-13
9.923885e-13
9.932577e-13
9.941257e-13
9.949926e-13
9.958581e-13
9.967225e-13
9.975856e-13
9.984475e-13
9.993081e-13
1.000167e-12
1.001025e-12
1.001882e-12
1.002738e-12
1.003592e-12
1.004445e-12
1.005296e-12
1.006146e-12
1.006995e-12
1.007842e-12
1.008688e-12
1.009533e-12
1.010376e-12
1.011218e-12
1.012058e-12
1.012897e-12
1.013735e-12
1.014571e-12
1.015405e-12
1.016239e-12
1.017070e-12
1.017900e-12
1.018729e-12
1.019556e-12
1.020382e-12
1.021206e-12
1.022029e-12
1.022850e-12
1.023669e-12
1.024487e-12
1.025304e-12
1.026118e-12
1.026931e-12
1.027743e-12
1.028553e-12
1.029361e-12
1.030168e-12
1.030973e-12
1.031776e-12
1.032578e-12
1.033378e-12
1.034176e-12
1.034973e-12
1.035768e-12
1.036561e-12
1.037353e-12
1.038142e-12
1.038931e-12
1.039717e-12
1.040501e-12
1.041284e-12
1.042065e-12
1.042844e-12
1.043622e-12
1.044397e-12
1.045171e-12
1.045943e-12
1.046713e-12
1.047482e-12
1.048248e-12
1.049013e-12
1.049775e-12
1.050536e-12
1.051295e-12
1.052052e-12
1.052807e-12
1.053561e-12
1.054312e-12
1.055061e-12
1.055809e-12
1.056554e-12
1.057298e-12
1.058039e-12
1.058779e-12
1.059516e-12
1.060252e-12
1.060986e-12
1.061717e-12
1.062447e-12
1.063174e-12
1.063900e-12
1.064623e-12
1.065345e-12
1.066064e-12
1.066781e-12
1.067497e-12
1.068210e-12
1.068921e-12
1.069630e-12
1.070337e-12
1.071041e-12
1.071744e-12
1.072444e-12
1.073142e-12
1.073839e-12
1.074533e-12
1.075224e-12
1.075914e-12
1.076601e-12
1.077287e-12
1.077970e-12
1.078651e-12
1.079329e-12
1.080006e-12
1.080680e-12
1.081352e-12
1.082021e-12
1.082689e-12
1.083354e-12
1.084017e-12
1.084677e-12
1.085336e-12
1.085992e-12
1.086645e-12
1.087297e-12
1.087946e-12
1.088592e-12
1.089237e-12
1.089879e-12
1.090519e-12
1.091156e-12
1.091791e-12
1.092424e-12
1.093054e-12
1.093682e-12
1.094307e-12
1.094930e-12
1.095551e-12
1.096169e-12
1.096785e-12
1.097398e-12
1.098009e-12
1.098618e-12
1.099224e-12
1.099827e-12
1.100429e-12
1.101027e-12
1.101623e-12
1.102217e-12
1.102808e-12
1.103397e-12
1.103983e-12
1.104567e-12
1.105148e-12
1.105727e-12
1.106303e-12
1.106876e-12
1.107447e-12
1.108016e-12
1.108582e-12
1.109145e-12
1.109706e-12
1.110264e-12
1.110820e-12
1.111373e-12
1.111923e-12
1.112471e-12
1.113016e-12
1.113559e-12
1.114099e-12
1.114636e-12
1.115171e-12
1.115703e-12
1.116232e-12
1.116759e-12
1.117283e-12
1.117804e-12
1.118323e-12
1.118839e-12
1.119353e-12
1.119863e-12
1.120371e-12
1.120876e-12
1.121379e-12
1.121879e-12
1.122376e-12
1.122870e-12
1.123362e-12
1.123851e-12
1.124337e-12
1.124821e-12
1.125301e-12
1.125779e-12
1.126255e-12
1.126727e-12
1.127197e-12
1.127663e-12
1.128127e-12
1.128589e-12
1.129047e-12
1.129503e-12
1.129956e-12
1.130406e-12
1.130853e-12
1.131297e-12
1.131739e-12
1.132178e-12
1.132614e-12
1.133047e-12
1.133477e-12
1.133904e-12
1.134329e-12
1.134750e-12
1.135169e-12
1.135585e-12
1.135998e-12
1.136408e-12
1.136815e-12
1.137220e-12
1.137621e-12
1.138020e-12
1.138415e-12
1.138808e-12
1.139198e-12
1.139585e-12
1.139969e-12
1.140350e-12
1.140728e-12
1.141103e-12
1.141475e-12
1.141845e-12
1.142211e-12
1.142574e-12
1.142935e-12
1.143292e-12
1.143647e-12
1.143998e-12
1.144347e-12
1.144693e-12
1.145035e-12
1.145375e-12
1.145711e-12
1.146045e-12
1.146376e-12
1.146703e-12
1.147028e-12
1.147349e-12
1.147668e-12
1.147984e-12
1.148296e-12
1.148606e-12
1.148912e-12
1.149216e-12
1.149516e-12
1.149814e-12
1.150108e-12
1.150399e-12
1.150688e-12
1.150973e-12
1.151255e-12
1.151534e-12
1.151810e-12
1.152083e-12
1.152353e-12
1.152620e-12
1.152884e-12
1.153144e-12
1.153402e-12
1.153656e-12
1.153908e-12
1.154156e-12
1.154402e-12
1.154644e-12
1.154883e-12
1.155119e-12
1.155352e-12
1.155581e-12
1.155808e-12
1.156032e-12
1.156252e-12
1.156469e-12
1.156684e-12
1.156895e-12
1.157103e-12
1.157308e-12
1.157509e-12
1.157708e-12
1.157903e-12
1.158096e-12
1.158285e-12
1.158471e-12
1.158654e-12
1.158834e-12
1.159010e-12
1.159184e-12
1.159354e-12
1.159521e-12
1.159685e-12
1.159846e-12
1.160004e-12
1.160158e-12
1.160310e-12
1.160458e-12
1.160603e-12
1.160745e-12
1.160884e-12
1.161019e-12
1.161152e-12
1.161281e-12
1.161407e-12
1.161530e-12
1.161650e-12
1.161766e-12
1.161880e-12
1.161990e-12
1.162097e-12
1.162201e-12
1.162301e-12
1.162399e-12
1.162493e-12
1.162584e-12
1.162672e-12
1.162757e-12
1.162838e-12
1.162917e-12
1.162992e-12
1.163064e-12
1.163133e-12
1.163198e-12
1.163261e-12
1.163320e-12
1.163376e-12
1.163429e-12
1.163478e-12
1.163525e-12
1.163568e-12
1.163608e-12
1.163645e-12
1.163678e-12
1.163709e-12
1.163736e-12
1.163760e-12
1.163781e-12
1.163798e-12
1.163813e-12
1.163824e-12
1.163832e-12
1.163837e-12
1.163838e-12
