1.599822e-12
1.599819e-12
1.599811e-12
1.599798e-12
1.599780e-12
1.599756e-12
1.599728e-12
1.599694e-12
1.599654e-12
1.599610e-12
1.599560e-12
1.599505e-12
1.599445e-12
1.599379e-12
1.599308e-12
1.599232e-12
1.599151e-12
1.599065e-12
1.598973e-12
1.598876e-12
1.598774e-12
1.598666e-12
1.598554e-12
1.598436e-12
1.598313e-12
1.598185e-12
1.598051e-12
1.597912e-12
1.597768e-12
1.597619e-12
1.597465e-12
1.597305e-12
1.597141e-12
1.596970e-12
1.596795e-12
1.596615e-12
1.596429e-12
1.596238e-12
1.596042e-12
1.595841e-12
1.595635e-12
1.595423e-12
1.595206e-12
1.594984e-12
1.594757e-12
1.594525e-12
1.594287e-12
1.594045e-12
1.593797e-12
1.593544e-12
1.593286e-12
1.593022e-12
1.592754e-12
1.592480e-12
1.592202e-12
1.591918e-12
1.591629e-12
1.591334e-12
1.591035e-12
1.590730e-12
1.590421e-12
1.590106e-12
1.589786e-12
1.589461e-12
1.589131e-12
1.588796e-12
1.588456e-12
1.588111e-12
1.587760e-12
1.587404e-12
1.587044e-12
1.586678e-12
1.586307e-12
1.585931e-12
1.585551e-12
1.585165e-12
1.584774e-12
1.584377e-12
1.583976e-12
1.583570e-12
1.583159e-12
1.582743e-12
1.582321e-12
1.581895e-12
1.581464e-12
1.581028e-12
1.580586e-12
1.580140e-12
1.579689e-12
1.579232e-12
1.578771e-12
1.578305e-12
1.577834e-12
1.577358e-12
1.576877e-12
1.576390e-12
1.575899e-12
1.575404e-12
1.574903e-12
1.574397e-12
1.573886e-12
1.573371e-12
1.572850e-12
1.572325e-12
1.571794e-12
1.571259e-12
1.570719e-12
1.570174e-12
1.569624e-12
1.569070e-12
1.568510e-12
1.567946e-12
1.567377e-12
1.566803e-12
1.566224e-12
1.565640e-12
1.565052e-12
1.564458e-12
1.563860e-12
1.563258e-12
1.562650e-12
1.562038e-12
1.561421e-12
1.560799e-12
1.560172e-12
1.559541e-12
1.558905e-12
1.558264e-12
1.557618e-12
1.556968e-12
1.556313e-12
1.555654e-12
1.554989e-12
1.554320e-12
1.553647e-12
1.552969e-12
1.552286e-12
1.551598e-12
1.550906e-12
1.550209e-12
1.549508e-12
1.548802e-12
1.548091e-12
1.547376e-12
1.546657e-12
1.545932e-12
1.545203e-12
1.544470e-12
1.543732e-12
1.542990e-12
1.542243e-12
1.541491e-12
1.540735e-12
1.539975e-12
1.539210e-12
1.538441e-12
1.537667e-12
1.536888e-12
1.536106e-12
1.535319e-12
1.534527e-12
1.533731e-12
1.532931e-12
1.532126e-12
1.531317e-12
1.530503e-12
1.529685e-12
1.528863e-12
1.528036e-12
1.527206e-12
1.526370e-12
1.525531e-12
1.524687e-12
1.523839e-12
1.522987e-12
1.522130e-12
1.521269e-12
1.520404e-12
1.519535e-12
1.518661e-12
1.517783e-12
1.516901e-12
1.516015e-12
1.515125e-12
1.514230e-12
1.513332e-12
1.512429e-12
1.511522e-12
1.510611e-12
1.509696e-12
1.508777e-12
1.507854e-12
1.506926e-12
1.505995e-12
1.505059e-12
1.504120e-12
1.503176e-12
1.502229e-12
1.501277e-12
1.500322e-12
1.499362e-12
1.498399e-12
1.497431e-12
1.496460e-12
1.495485e-12
1.494506e-12
1.493522e-12
1.492535e-12
1.491545e-12
1.490550e-12
1.489551e-12
1.488549e-12
1.487543e-12
1.486533e-12
1.485519e-12
1.484501e-12
1.483480e-12
1.482455e-12
1.481426e-12
1.480393e-12
1.479357e-12
1.478317e-12
1.477273e-12
1.476225e-12
1.475174e-12
1.474119e-12
1.473061e-12
1.471999e-12
1.470933e-12
1.469864e-12
1.468791e-12
1.467715e-12
1.466635e-12
1.465551e-12
1.464464e-12
1.463373e-12
1.462279e-12
1.461182e-12
1.460081e-12
1.458976e-12
1.457868e-12
1.456757e-12
1.455642e-12
1.454523e-12
1.453402e-12
1.452277e-12
1.451148e-12
1.450016e-12
1.448881e-12
1.447743e-12
1.446601e-12
1.445456e-12
1.444308e-12
1.443156e-12
1.442001e-12
1.440843e-12
1.439682e-12
1.438517e-12
1.437349e-12
1.436178e-12
1.435004e-12
1.433827e-12
1.432647e-12
1.431463e-12
1.430276e-12
1.429087e-12
1.427894e-12
1.426698e-12
1.425499e-12
1.424297e-12
1.423092e-12
1.421884e-12
1.420673e-12
1.419459e-12
1.418242e-12
1.417023e-12
1.415800e-12
1.414574e-12
1.413346e-12
1.412114e-12
1.410880e-12
1.409643e-12
1.408403e-12
1.407160e-12
1.405914e-12
1.404666e-12
1.403415e-12
1.402161e-12
1.400904e-12
1.399645e-12
1.398382e-12
1.397118e-12
1.395850e-12
1.394580e-12
1.393307e-12
1.392032e-12
1.390754e-12
1.389473e-12
1.388190e-12
1.386904e-12
1.385615e-12
1.384325e-12
1.383031e-12
1.381735e-12
1.380437e-12
1.379136e-12
1.377833e-12
1.376527e-12
1.375218e-12
1.373908e-12
1.372595e-12
1.371279e-12
1.369962e-12
1.368642e-12
1.367319e-12
1.365994e-12
1.364667e-12
1.363338e-12
1.362007e-12
1.360673e-12
1.359337e-12
1.357998e-12
1.356658e-12
1.355315e-12
1.353971e-12
1.352624e-12
1.351275e-12
1.349923e-12
1.348570e-12
1.347215e-12
1.345857e-12
1.344498e-12
1.343136e-12
1.341773e-12
1.340407e-12
1.339040e-12
1.337670e-12
1.336299e-12
1.334926e-12
1.333550e-12
1.332173e-12
1.330794e-12
1.329413e-12
1.328031e-12
1.326646e-12
1.325260e-12
1.323872e-12
1.322482e-12
1.321090e-12
1.319697e-12
1.318302e-12
1.316905e-12
1.315506e-12
1.314106e-12
1.312704e-12
1.311301e-12
1.309896e-12
1.308489e-12
1.307081e-12
1.305671e-12
1.304259e-12
1.302846e-12
1.301432e-12
1.300016e-12
1.298598e-12
1.297179e-12
1.295759e-12
1.294337e-12
1.292914e-12
1.291489e-12
1.290063e-12
1.288636e-12
1.287207e-12
1.285777e-12
1.284346e-12
1.282913e-12
1.281479e-12
1.280044e-12
1.278607e-12
1.277170e-12
1.275731e-12
1.274291e-12
1.272849e-12
1.271407e-12
1.269964e-12
1.268519e-12
1.267073e-12
1.265626e-12
1.264178e-12
1.262730e-12
1.261280e-12
1.259829e-12
1.258377e-12
1.256924e-12
1.255470e-12
1.254015e-12
1.252559e-12
1.251102e-12
1.249645e-12
1.248186e-12
1.246727e-12
1.245267e-12
1.243806e-12
1.242344e-12
1.240881e-12
1.239418e-12
1.237954e-12
1.236489e-12
1.235023e-12
1.233557e-12
1.232090e-12
1.230623e-12
1.229154e-12
1.227686e-12
1.226216e-12
1.224746e-12
1.223275e-12
1.221804e-12
1.220332e-12
1.218860e-12
1.217387e-12
1.215914e-12
1.214440e-12
1.212966e-12
1.211492e-12
1.210017e-12
1.208541e-12
1.207065e-12
1.205589e-12
1.204113e-12
1.202636e-12
1.201159e-12
1.199681e-12
1.198203e-12
1.196725e-12
1.195247e-12
1.193769e-12
1.192290e-12
1.190811e-12
1.189332e-12
1.187853e-12
1.186374e-12
1.184894e-12
1.183415e-12
1.181935e-12
1.180456e-12
1.178976e-12
1.177496e-12
1.176016e-12
1.174537e-12
1.173057e-12
1.171577e-12
1.170098e-12
1.168618e-12
1.167139e-12
1.165659e-12
1.164180e-12
1.162701e-12
1.161222e-12
1.159743e-12
1.158265e-12
1.156786e-12
1.155308e-12
1.153830e-12
1.152353e-12
1.150875e-12
1.149398e-12
1.147922e-12
1.146445e-12
1.144969e-12
1.143494e-12
1.142018e-12
1.140544e-12
1.139069e-12
1.137595e-12
1.136122e-12
1.134649e-12
1.133176e-12
1.131704e-12
1.130232e-12
1.128761e-12
1.127291e-12
1.125821e-12
1.124352e-12
1.122883e-12
1.121415e-12
1.119948e-12
1.118481e-12
1.117015e-12
1.115550e-12
1.114085e-12
1.112621e-12
1.111158e-12
1.109696e-12
1.108234e-12
1.106773e-12
1.105313e-12
1.103854e-12
1.102396e-12
1.100938e-12
1.099482e-12
1.098026e-12
1.096571e-12
1.095117e-12
1.093664e-12
1.092212e-12
1.090761e-12
1.089311e-12
1.087863e-12
1.086415e-12
1.084968e-12
1.083522e-12
1.082077e-12
1.080634e-12
1.079191e-12
1.077750e-12
1.076310e-12
1.074871e-12
1.073433e-12
1.071996e-12
1.070560e-12
1.069126e-12
1.067693e-12
1.066262e-12
1.064831e-12
1.063402e-12
1.061974e-12
1.060548e-12
1.059122e-12
1.057699e-12
1.056276e-12
1.054855e-12
1.053435e-12
1.052017e-12
1.050600e-12
1.049185e-12
1.047771e-12
1.046359e-12
1.044948e-12
1.043539e-12
1.042131e-12
1.040725e-12
1.039320e-12
1.037917e-12
1.036515e-12
1.035115e-12
1.033717e-12
1.032321e-12
1.030926e-12
1.029532e-12
1.028141e-12
1.026751e-12
1.025363e-12
1.023976e-12
1.022592e-12
1.021209e-12
1.019828e-12
1.018448e-12
1.017071e-12
1.015695e-12
1.014321e-12
1.012949e-12
1.011579e-12
1.010211e-12
1.008845e-12
1.007481e-12
1.006118e-12
1.004758e-12
1.003399e-12
1.002043e-12
1.000688e-12
9.993356e-13
9.979852e-13
9.966368e-13
9.952904e-13
9.939461e-13
9.926039e-13
9.912638e-13
9.899258e-13
9.885900e-13
9.872563e-13
9.859247e-13
9.845953e-13
9.832682e-13
9.819432e-13
9.806204e-13
9.792999e-13
9.779816e-13
9.766656e-13
9.753519e-13
9.740404e-13
9.727313e-13
9.714244e-13
9.701199e-13
9.688178e-13
9.675180e-13
9.662206e-13
9.649256e-13
9.636330e-13
9.623428e-13
9.610550e-13
9.597697e-13
9.584868e-13
9.572064e-13
9.559285e-13
9.546531e-13
9.533802e-13
9.521099e-13
9.508421e-13
9.495768e-13
9.483141e-13
9.470540e-13
9.457965e-13
9.445416e-13
9.432893e-13
9.420396e-13
9.407926e-13
9.395483e-13
9.383066e-13
9.370676e-13
9.358314e-13
9.345978e-13
9.333670e-13
9.321389e-13
9.309135e-13
9.296910e-13
9.284712e-13
9.272542e-13
9.260400e-13
9.248286e-13
9.236200e-13
9.224143e-13
9.212115e-13
9.200115e-13
9.188144e-13
9.176202e-13
9.164289e-13
9.152405e-13
9.140550e-13
9.128725e-13
9.116930e-13
9.105164e-13
9.093428e-13
9.081722e-13
9.070045e-13
9.058399e-13
9.046784e-13
9.035198e-13
9.023644e-13
9.012120e-13
9.000626e-13
8.989164e-13
8.977732e-13
8.966332e-13
8.954962e-13
8.943625e-13
8.932318e-13
8.921043e-13
8.909800e-13
8.898589e-13
8.887409e-13
8.876262e-13
8.865147e-13
8.854064e-13
8.843013e-13
8.831995e-13
8.821009e-13
8.810056e-13
8.799136e-13
8.788249e-13
8.777395e-13
8.766573e-13
8.755786e-13
8.745031e-13
8.734310e-13
8.723623e-13
8.712969e-13
8.702349e-13
8.691763e-13
8.681211e-13
8.670692e-13
8.660209e-13
8.649759e-13
8.639344e-13
8.628963e-13
8.618617e-13
8.608306e-13
8.598029e-13
8.587787e-13
8.577581e-13
8.567409e-13
8.557273e-13
8.547172e-13
8.537106e-13
8.527076e-13
8.517081e-13
8.507122e-13
8.497199e-13
8.487312e-13
8.477461e-13
8.467645e-13
8.457866e-13
8.448123e-13
8.438417e-13
8.428747e-13
8.419113e-13
8.409517e-13
8.399956e-13
8.390433e-13
8.380947e-13
8.371497e-13
8.362085e-13
8.352710e-13
8.343372e-13
8.334071e-13
8.324808e-13
8.315582e-13
8.306394e-13
8.297243e-13
8.288131e-13
8.279056e-13
8.270019e-13
8.261020e-13
8.252059e-13
8.243136e-13
8.234252e-13
8.225406e-13
8.216598e-13
8.207829e-13
8.199098e-13
8.190407e-13
8.181753e-13
8.173139e-13
8.164564e-13
8.156027e-13
8.147530e-13
8.139071e-13
8.130652e-13
8.122272e-13
8.113932e-13
8.105631e-13
8.097369e-13
8.089147e-13
8.080964e-13
8.072822e-13
8.064719e-13
8.056656e-13
8.048632e-13
8.040649e-13
8.032706e-13
8.024803e-13
8.016940e-13
8.009117e-13
8.001335e-13
7.993593e-13
7.985892e-13
7.978231e-13
7.970610e-13
7.963031e-13
7.955492e-13
7.947993e-13
7.940536e-13
7.933119e-13
7.925744e-13
7.918409e-13
7.911116e-13
7.903864e-13
7.896652e-13
7.889483e-13
7.882354e-13
7.875267e-13
7.868221e-13
7.861217e-13
7.854254e-13
7.847333e-13
7.840453e-13
7.833615e-13
7.826819e-13
7.820065e-13
7.813353e-13
7.806682e-13
7.800054e-13
7.793467e-13
7.786922e-13
7.780420e-13
7.773960e-13
7.767542e-13
7.761166e-13
7.754833e-13
7.748542e-13
7.742293e-13
7.736087e-13
7.729923e-13
7.723802e-13
7.717723e-13
7.711687e-13
7.705693e-13
7.699743e-13
7.693835e-13
7.687970e-13
7.682147e-13
7.676368e-13
7.670631e-13
7.664938e-13
7.659287e-13
7.653679e-13
7.648115e-13
7.642593e-13
7.637115e-13
7.631680e-13
7.626288e-13
7.620939e-13
7.615633e-13
7.610371e-13
7.605152e-13
7.599977e-13
7.594845e-13
7.589756e-13
7.584711e-13
7.579709e-13
7.574751e-13
7.569837e-13
7.564966e-13
7.560138e-13
7.555354e-13
7.550614e-13
7.545918e-13
7.541265e-13
7.536656e-13
7.532091e-13
7.527569e-13
7.523092e-13
7.518658e-13
7.514268e-13
7.509922e-13
7.505620e-13
7.501361e-13
7.497147e-13
7.492977e-13
7.488850e-13
7.484768e-13
7.480729e-13
7.476735e-13
7.472785e-13
7.468878e-13
7.465016e-13
7.461198e-13
7.457424e-13
7.453694e-13
7.450008e-13
7.446367e-13
7.442769e-13
7.439216e-13
7.435707e-13
7.432242e-13
7.428821e-13
7.425445e-13
7.422113e-13
7.418825e-13
7.415581e-13
7.412381e-13
7.409226e-13
7.406115e-13
7.403048e-13
7.400026e-13
7.397048e-13
7.394114e-13
7.391224e-13
7.388378e-13
7.385577e-13
7.382821e-13
7.380108e-13
7.377440e-13
7.374816e-13
7.372236e-13
7.369701e-13
7.367210e-13
7.364763e-13
7.362360e-13
7.360002e-13
7.357688e-13
7.355418e-13
7.353193e-13
7.351012e-13
7.348875e-13
7.346782e-13
7.344734e-13
7.342730e-13
7.340770e-13
7.338854e-13
7.336982e-13
7.335155e-13
7.333372e-13
7.331633e-13
7.329938e-13
7.328287e-13
7.326681e-13
7.325119e-13
7.323600e-13
7.322126e-13
7.320696e-13
7.319310e-13
7.317968e-13
7.316670e-13
7.315416e-13
7.314207e-13
7.313041e-13
7.311919e-13
7.310841e-13
7.309807e-13
7.308817e-13
7.307871e-13
7.306968e-13
7.306110e-13
7.305295e-13
7.304525e-13
7.303798e-13
7.303114e-13
7.302475e-13
7.301879e-13
7.301327e-13
7.300819e-13
7.300354e-13
7.299933e-13
7.299555e-13
7.299221e-13
7.298931e-13
7.298684e-13
7.298480e-13
7.298320e-13
7.298203e-13
7.298130e-13
7.298100e-13
7.298113e-13
7.298170e-13
7.298270e-13
7.298413e-13
7.298600e-13
7.298829e-13
7.299102e-13
7.299417e-13
7.299776e-13
7.300178e-13
7.300623e-13
7.301110e-13
7.301641e-13
7.302215e-13
7.302831e-13
7.303490e-13
7.304192e-13
7.304936e-13
7.305723e-13
7.306553e-13
7.307426e-13
7.308341e-13
7.309298e-13
7.310298e-13
7.311340e-13
7.312425e-13
7.313552e-13
7.314721e-13
7.315933e-13
7.317186e-13
7.318482e-13
7.319820e-13
7.321200e-13
7.322622e-13
7.324086e-13
7.325592e-13
7.327140e-13
7.328729e-13
7.330360e-13
7.332033e-13
7.333748e-13
7.335504e-13
7.337302e-13
7.339141e-13
7.341022e-13
7.342944e-13
7.344907e-13
7.346912e-13
7.348957e-13
7.351044e-13
7.353173e-13
7.355342e-13
7.357552e-13
7.359803e-13
7.362095e-13
7.364428e-13
7.366802e-13
7.369216e-13
7.371671e-13
7.374166e-13
7.376702e-13
7.379279e-13
7.381896e-13
7.384553e-13
7.387250e-13
7.389988e-13
7.392766e-13
7.395584e-13
7.398442e-13
7.401340e-13
7.404278e-13
7.407256e-13
7.410273e-13
7.413330e-13
7.416427e-13
7.419563e-13
7.422739e-13
7.425954e-13
7.429209e-13
7.432503e-13
7.435836e-13
7.439208e-13
7.442619e-13
7.446070e-13
7.449559e-13
7.453087e-13
7.456654e-13
7.460260e-13
7.463904e-13
7.467587e-13
7.471308e-13
7.475068e-13
7.478866e-13
7.482702e-13
7.486577e-13
7.490490e-13
7.494440e-13
7.498429e-13
7.502456e-13
7.506520e-13
7.510622e-13
7.514762e-13
7.518940e-13
7.523155e-13
7.527407e-13
7.531697e-13
7.536024e-13
7.540388e-13
7.544789e-13
7.549227e-13
7.553703e-13
7.558215e-13
7.562763e-13
7.567349e-13
7.571971e-13
7.576630e-13
7.581325e-13
7.586056e-13
7.590824e-13
7.595628e-13
7.600468e-13
7.605344e-13
7.610256e-13
7.615203e-13
7.620187e-13
7.625206e-13
7.630261e-13
7.635351e-13
7.640477e-13
7.645638e-13
7.650834e-13
7.656065e-13
7.661331e-13
7.666633e-13
7.671969e-13
7.677340e-13
7.682745e-13
7.688185e-13
7.693660e-13
7.699169e-13
7.704712e-13
7.710290e-13
7.715901e-13
7.721547e-13
7.727226e-13
7.732940e-13
7.738687e-13
7.744468e-13
7.750282e-13
7.756130e-13
7.762011e-13
7.767925e-13
7.773873e-13
7.779853e-13
7.785867e-13
7.791913e-13
7.797992e-13
7.804104e-13
7.810249e-13
7.816425e-13
7.822635e-13
7.828876e-13
7.835150e-13
7.841456e-13
7.847793e-13
7.854163e-13
7.860564e-13
7.866997e-13
7.873461e-13
7.879957e-13
7.886485e-13
7.893043e-13
7.899633e-13
7.906253e-13
7.912905e-13
7.919588e-13
7.926301e-13
7.933044e-13
7.939819e-13
7.946623e-13
7.953458e-13
7.960324e-13
7.967219e-13
7.974144e-13
7.981099e-13
7.988084e-13
7.995099e-13
8.002143e-13
8.009216e-13
8.016319e-13
8.023451e-13
8.030612e-13
8.037802e-13
8.045021e-13
8.052269e-13
8.059545e-13
8.066850e-13
8.074184e-13
8.081546e-13
8.088936e-13
8.096354e-13
8.103800e-13
8.111274e-13
8.118776e-13
8.126305e-13
8.133862e-13
8.141446e-13
8.149058e-13
8.156697e-13
8.164363e-13
8.172056e-13
8.179776e-13
8.187522e-13
8.195295e-13
8.203095e-13
8.210921e-13
8.218774e-13
8.226652e-13
8.234557e-13
8.242487e-13
8.250444e-13
8.258426e-13
8.266433e-13
8.274466e-13
8.282525e-13
8.290608e-13
8.298717e-13
8.306851e-13
8.315009e-13
8.323193e-13
8.331401e-13
8.339633e-13
8.347890e-13
8.356171e-13
8.364476e-13
8.372806e-13
8.381159e-13
8.389536e-13
8.397936e-13
8.406361e-13
8.414808e-13
8.423279e-13
8.431773e-13
8.440290e-13
8.448830e-13
8.457393e-13
8.465979e-13
8.474587e-13
8.483218e-13
8.491870e-13
8.500545e-13
8.509243e-13
8.517962e-13
8.526703e-13
8.535465e-13
8.544249e-13
8.553055e-13
8.561882e-13
8.570730e-13
8.579599e-13
8.588490e-13
8.597401e-13
8.606332e-13
8.615284e-13
8.624257e-13
8.633250e-13
8.642263e-13
8.651297e-13
8.660350e-13
8.669423e-13
8.678516e-13
8.687628e-13
8.696759e-13
8.705910e-13
8.715081e-13
8.724270e-13
8.733478e-13
8.742705e-13
8.751950e-13
8.761214e-13
8.770497e-13
8.779798e-13
8.789116e-13
8.798453e-13
8.807808e-13
8.817181e-13
8.826571e-13
8.835979e-13
8.845404e-13
8.854846e-13
8.864305e-13
8.873782e-13
8.883275e-13
8.892785e-13
8.902311e-13
8.911854e-13
8.921413e-13
8.930989e-13
8.940580e-13
8.950188e-13
8.959811e-13
8.969450e-13
8.979104e-13
8.988774e-13
8.998459e-13
9.008160e-13
9.017875e-13
9.027605e-13
9.037350e-13
9.047109e-13
9.056883e-13
9.066672e-13
9.076474e-13
9.086291e-13
9.096121e-13
9.105966e-13
9.115824e-13
9.125695e-13
9.135580e-13
9.145479e-13
9.155390e-13
9.165315e-13
9.175252e-13
9.185202e-13
9.195165e-13
9.205140e-13
9.215127e-13
9.225127e-13
9.235139e-13
9.245163e-13
9.255198e-13
9.265245e-13
9.275304e-13
9.285374e-13
9.295456e-13
9.305549e-13
9.315652e-13
9.325767e-13
9.335892e-13
9.346028e-13
9.356174e-13
9.366331e-13
9.376497e-13
9.386674e-13
9.396861e-13
9.407058e-13
9.417264e-13
9.427480e-13
9.437705e-13
9.447939e-13
9.458183e-13
9.468435e-13
9.478696e-13
9.488967e-13
9.499245e-13
9.509532e-13
9.519828e-13
9.530131e-13
9.540443e-13
9.550762e-13
9.561089e-13
9.571424e-13
9.581767e-13
9.592116e-13
9.602473e-13
9.612837e-13
9.623208e-13
9.633586e-13
9.643970e-13
9.654361e-13
9.664759e-13
9.675163e-13
9.685572e-13
9.695988e-13
9.706410e-13
9.716837e-13
9.727270e-13
9.737709e-13
9.748152e-13
9.758601e-13
9.769055e-13
9.779514e-13
9.789978e-13
9.800446e-13
9.810919e-13
9.821396e-13
9.831878e-13
9.842363e-13
9.852853e-13
9.863346e-13
9.873843e-13
9.884344e-13
9.894848e-13
9.905355e-13
9.915866e-13
9.926379e-13
9.936896e-13
9.947415e-13
9.957937e-13
9.968461e-13
9.978988e-13
9.989516e-13
1.000005e-12
1.001058e-12
1.002111e-12
1.003165e-12
1.004219e-12
1.005273e-12
1.006327e-12
1.007381e-12
1.008435e-12
1.009490e-12
1.010544e-12
1.011598e-12
1.012653e-12
1.013708e-12
1.014762e-12
1.015817e-12
1.016871e-12
1.017926e-12
1.018980e-12
1.020035e-12
1.021089e-12
1.022144e-12
1.023198e-12
1.024252e-12
1.025306e-12
1.026360e-12
1.027414e-12
1.028467e-12
1.029521e-12
1.030574e-12
1.031627e-12
1.032680e-12
1.033732e-12
1.034785e-12
1.035837e-12
1.036889e-12
1.037940e-12
1.038992e-12
1.040043e-12
1.041093e-12
1.042144e-12
1.043194e-12
1.044243e-12
1.045293e-12
1.046342e-12
1.047390e-12
1.048438e-12
1.049486e-12
1.050533e-12
1.051580e-12
1.052626e-12
1.053672e-12
1.054718e-12
1.055763e-12
1.056807e-12
1.057851e-12
1.058894e-12
1.059937e-12
1.060979e-12
1.062021e-12
1.063062e-12
1.064102e-12
1.065142e-12
1.066181e-12
1.067220e-12
1.068258e-12
1.069295e-12
1.070332e-12
1.071367e-12
1.072403e-12
1.073437e-12
1.074471e-12
1.075504e-12
1.076536e-12
1.077567e-12
1.078598e-12
1.079628e-12
1.080657e-12
1.081685e-12
1.082712e-12
1.083739e-12
1.084765e-12
1.085789e-12
1.086813e-12
1.087836e-12
1.088859e-12
1.089880e-12
1.090900e-12
1.091919e-12
1.092938e-12
1.093955e-12
1.094971e-12
1.095987e-12
1.097001e-12
1.098014e-12
1.099027e-12
1.100038e-12
1.101048e-12
1.102057e-12
1.103065e-12
1.104072e-12
1.105078e-12
1.106083e-12
1.107086e-12
1.108089e-12
1.109090e-12
1.110090e-12
1.111089e-12
1.112087e-12
1.113083e-12
1.114079e-12
1.115073e-12
1.116066e-12
1.117057e-12
1.118047e-12
1.119036e-12
1.120024e-12
1.121010e-12
1.121996e-12
1.122979e-12
1.123962e-12
1.124943e-12
1.125922e-12
1.126901e-12
1.127878e-12
1.128853e-12
1.129827e-12
1.130800e-12
1.131771e-12
1.132741e-12
1.133709e-12
1.134676e-12
1.135642e-12
1.136605e-12
1.137568e-12
1.138529e-12
1.139488e-12
1.140446e-12
1.141402e-12
1.142357e-12
1.143310e-12
1.144261e-12
1.145211e-12
1.146159e-12
1.147106e-12
1.148051e-12
1.148994e-12
1.149936e-12
1.150876e-12
1.151815e-12
1.152751e-12
1.153686e-12
1.154619e-12
1.155551e-12
1.156481e-12
1.157409e-12
1.158335e-12
1.159260e-12
1.160182e-12
1.161103e-12
1.162022e-12
1.162940e-12
1.163855e-12
1.164769e-12
1.165681e-12
1.166590e-12
1.167499e-12
1.168405e-12
1.169309e-12
1.170211e-12
1.171112e-12
1.172010e-12
1.172907e-12
1.173802e-12
1.174694e-12
1.175585e-12
1.176474e-12
1.177361e-12
1.178246e-12
1.179128e-12
1.180009e-12
1.180888e-12
1.181764e-12
1.182639e-12
1.183512e-12
1.184382e-12
1.185251e-12
1.186117e-12
1.186981e-12
1.187843e-12
1.188703e-12
1.189561e-12
1.190417e-12
1.191270e-12
1.192121e-12
1.192971e-12
1.193818e-12
1.194662e-12
1.195505e-12
1.196345e-12
1.197184e-12
1.198019e-12
1.198853e-12
1.199685e-12
1.200514e-12
1.201341e-12
1.202165e-12
1.202987e-12
1.203807e-12
1.204625e-12
1.205440e-12
1.206253e-12
1.207064e-12
1.207872e-12
1.208678e-12
1.209482e-12
1.210283e-12
1.211082e-12
1.211878e-12
1.212672e-12
1.213464e-12
1.214253e-12
1.215040e-12
1.215824e-12
1.216606e-12
1.217385e-12
1.218162e-12
1.218936e-12
1.219708e-12
1.220477e-12
1.221244e-12
1.222008e-12
1.222770e-12
1.223529e-12
1.224286e-12
1.225040e-12
1.225792e-12
1.226541e-12
1.227287e-12
1.228031e-12
1.228772e-12
1.229511e-12
1.230247e-12
1.230980e-12
1.231711e-12
1.232439e-12
1.233164e-12
1.233887e-12
1.234607e-12
1.235324e-12
1.236039e-12
1.236751e-12
1.237460e-12
1.238167e-12
1.238871e-12
1.239572e-12
1.240270e-12
1.240966e-12
1.241659e-12
1.242349e-12
1.243036e-12
1.243721e-12
1.244403e-12
1.245082e-12
1.245758e-12
1.246431e-12
1.247102e-12
1.247770e-12
1.248434e-12
1.249096e-12
1.249756e-12
1.250412e-12
1.251065e-12
1.251716e-12
1.252364e-12
1.253009e-12
1.253650e-12
1.254289e-12
1.254926e-12
1.255559e-12
1.256189e-12
1.256816e-12
1.257441e-12
1.258062e-12
1.258681e-12
1.259296e-12
1.259909e-12
1.260518e-12
1.261125e-12
1.261728e-12
1.262329e-12
1.262927e-12
1.263521e-12
1.264113e-12
1.264701e-12
1.265287e-12
1.265869e-12
1.266449e-12
1.267025e-12
1.267598e-12
1.268168e-12
1.268736e-12
1.269300e-12
1.269861e-12
1.270418e-12
1.270973e-12
1.271525e-12
1.272073e-12
1.272619e-12
1.273161e-12
1.273700e-12
1.274236e-12
1.274769e-12
1.275299e-12
1.275826e-12
1.276349e-12
1.276869e-12
1.277386e-12
1.277900e-12
1.278411e-12
1.278918e-12
1.279423e-12
1.279924e-12
1.280422e-12
1.280916e-12
1.281408e-12
1.281896e-12
1.282381e-12
1.282863e-12
1.283341e-12
1.283816e-12
1.284288e-12
1.284757e-12
1.285223e-12
1.285685e-12
1.286144e-12
1.286599e-12
1.287052e-12
1.287501e-12
1.287946e-12
1.288389e-12
1.288828e-12
1.289264e-12
1.289696e-12
1.290125e-12
1.290551e-12
1.290974e-12
1.291393e-12
1.291809e-12
1.292221e-12
1.292630e-12
1.293036e-12
1.293438e-12
1.293837e-12
1.294233e-12
1.294625e-12
1.295014e-12
1.295399e-12
1.295782e-12
1.296160e-12
1.296535e-12
1.296907e-12
1.297276e-12
1.297641e-12
1.298003e-12
1.298361e-12
1.298716e-12
1.299067e-12
1.299415e-12
1.299759e-12
1.300100e-12
1.300438e-12
1.300772e-12
1.301103e-12
1.301430e-12
1.301754e-12
1.302074e-12
1.302391e-12
1.302704e-12
1.303014e-12
1.303321e-12
1.303624e-12
1.303923e-12
1.304219e-12
1.304511e-12
1.304800e-12
1.305086e-12
1.305368e-12
1.305646e-12
1.305921e-12
1.306193e-12
1.306460e-12
1.306725e-12
1.306986e-12
1.307243e-12
1.307497e-12
1.307747e-12
1.307994e-12
1.308237e-12
1.308477e-12
1.308713e-12
1.308945e-12
1.309174e-12
1.309400e-12
1.309622e-12
1.309840e-12
1.310055e-12
1.310266e-12
1.310474e-12
1.310678e-12
1.310878e-12
1.311075e-12
1.311269e-12
1.311459e-12
1.311645e-12
1.311828e-12
1.312007e-12
1.312182e-12
1.312354e-12
1.312522e-12
1.312687e-12
1.312848e-12
1.313006e-12
1.313160e-12
1.313310e-12
1.313457e-12
1.313600e-12
1.313739e-12
1.313875e-12
1.314008e-12
1.314136e-12
1.314261e-12
1.314383e-12
1.314501e-12
1.314615e-12
1.314726e-12
1.314833e-12
1.314936e-12
1.315036e-12
1.315132e-12
1.315225e-12
1.315314e-12
1.315399e-12
1.315481e-12
1.315559e-12
1.315633e-12
1.315704e-12
1.315771e-12
1.315835e-12
1.315895e-12
1.315951e-12
1.316004e-12
1.316053e-12
1.316098e-12
1.316140e-12
1.316178e-12
1.316213e-12
1.316244e-12
1.316271e-12
1.316295e-12
1.316315e-12
1.316331e-12
1.316344e-12
1.316353e-12
1.316358e-12
1.316360e-12
