2.768643e-19
-1.861151e-18
-8.274599e-18
-1.896339e-17
-3.392738e-17
-5.316635e-17
-7.668004e-17
-1.044681e-16
-1.365302e-16
-1.728659e-16
-2.134746e-16
-2.583558e-16
-3.075089e-16
-3.609332e-16
-4.186279e-16
-4.805923e-16
-5.468254e-16
-6.173264e-16
-6.920944e-16
-7.711281e-16
-8.544267e-16
-9.419888e-16
-1.033813e-15
-1.129899e-15
-1.230244e-15
-1.334848e-15
-1.443709e-15
-1.556825e-15
-1.674195e-15
-1.795817e-15
-1.921690e-15
-2.051811e-15
-2.186180e-15
-2.324793e-15
-2.467650e-15
-2.614748e-15
-2.766085e-15
-2.921660e-15
-3.081469e-15
-3.245511e-15
-3.413783e-15
-3.586283e-15
-3.763009e-15
-3.943959e-15
-4.129129e-15
-4.318517e-15
-4.512121e-15
-4.709937e-15
-4.911964e-15
-5.118198e-15
-5.328636e-15
-5.543276e-15
-5.762115e-15
-5.985149e-15
-6.212375e-15
-6.443791e-15
-6.679392e-15
-6.919177e-15
-7.163141e-15
-7.411281e-15
-7.663594e-15
-7.920075e-15
-8.180723e-15
-8.445532e-15
-8.714500e-15
-8.987622e-15
-9.264895e-15
-9.546315e-15
-9.831878e-15
-1.012158e-14
-1.041542e-14
-1.071339e-14
-1.101548e-14
-1.132170e-14
-1.163203e-14
-1.194648e-14
-1.226504e-14
-1.258771e-14
-1.291448e-14
-1.324534e-14
-1.358029e-14
-1.391933e-14
-1.426246e-14
-1.460966e-14
-1.496093e-14
-1.531628e-14
-1.567568e-14
-1.603915e-14
-1.640666e-14
-1.677823e-14
-1.715383e-14
-1.753348e-14
-1.791716e-14
-1.830486e-14
-1.869659e-14
-1.909233e-14
-1.949208e-14
-1.989584e-14
-2.030360e-14
-2.071535e-14
-2.113109e-14
-2.155082e-14
-2.197452e-14
-2.240219e-14
-2.283382e-14
-2.326942e-14
-2.370896e-14
-2.415246e-14
-2.459989e-14
-2.505126e-14
-2.550656e-14
-2.596578e-14
-2.642892e-14
-2.689596e-14
-2.736691e-14
-2.784176e-14
-2.832049e-14
-2.880311e-14
-2.928960e-14
-2.977996e-14
-3.027419e-14
-3.077227e-14
-3.127420e-14
-3.177998e-14
-3.228959e-14
-3.280302e-14
-3.332028e-14
-3.384136e-14
-3.436623e-14
-3.489491e-14
-3.542738e-14
-3.596364e-14
-3.650367e-14
-3.704748e-14
-3.759504e-14
-3.814636e-14
-3.870143e-14
-3.926024e-14
-3.982278e-14
-4.038905e-14
-4.095903e-14
-4.153271e-14
-4.211010e-14
-4.269119e-14
-4.327595e-14
-4.386440e-14
-4.445651e-14
-4.505228e-14
-4.565170e-14
-4.625477e-14
-4.686148e-14
-4.747181e-14
-4.808576e-14
-4.870331e-14
-4.932448e-14
-4.994923e-14
-5.057757e-14
-5.120948e-14
-5.184496e-14
-5.248400e-14
-5.312659e-14
-5.377272e-14
-5.442239e-14
-5.507557e-14
-5.573227e-14
-5.639247e-14
-5.705617e-14
-5.772336e-14
-5.839402e-14
-5.906815e-14
-5.974574e-14
-6.042678e-14
-6.111126e-14
-6.179918e-14
-6.249051e-14
-6.318525e-14
-6.388340e-14
-6.458494e-14
-6.528986e-14
-6.599815e-14
-6.670981e-14
-6.742482e-14
-6.814318e-14
-6.886487e-14
-6.958989e-14
-7.031821e-14
-7.104985e-14
-7.178477e-14
-7.252298e-14
-7.326447e-14
-7.400922e-14
-7.475722e-14
-7.550846e-14
-7.626294e-14
-7.702064e-14
-7.778155e-14
-7.854567e-14
-7.931297e-14
-8.008346e-14
-8.085711e-14
-8.163393e-14
-8.241389e-14
-8.319700e-14
-8.398322e-14
-8.477257e-14
-8.556502e-14
-8.636057e-14
-8.715920e-14
-8.796090e-14
-8.876567e-14
-8.957348e-14
-9.038434e-14
-9.119822e-14
-9.201513e-14
-9.283503e-14
-9.365794e-14
-9.448383e-14
-9.531269e-14
-9.614451e-14
-9.697928e-14
-9.781699e-14
-9.865763e-14
-9.950118e-14
-1.003476e-13
-1.011970e-13
-1.020492e-13
-1.029043e-13
-1.037623e-13
-1.046231e-13
-1.054867e-13
-1.063532e-13
-1.072224e-13
-1.080945e-13
-1.089693e-13
-1.098470e-13
-1.107274e-13
-1.116105e-13
-1.124964e-13
-1.133850e-13
-1.142763e-13
-1.151703e-13
-1.160670e-13
-1.169664e-13
-1.178685e-13
-1.187732e-13
-1.196805e-13
-1.205905e-13
-1.215031e-13
-1.224183e-13
-1.233361e-13
-1.242564e-13
-1.251794e-13
-1.261049e-13
-1.270329e-13
-1.279634e-13
-1.288965e-13
-1.298321e-13
-1.307701e-13
-1.317107e-13
-1.326537e-13
-1.335991e-13
-1.345470e-13
-1.354973e-13
-1.364500e-13
-1.374052e-13
-1.383627e-13
-1.393226e-13
-1.402848e-13
-1.412494e-13
-1.422164e-13
-1.431856e-13
-1.441572e-13
-1.451310e-13
-1.461072e-13
-1.470856e-13
-1.480662e-13
-1.490492e-13
-1.500343e-13
-1.510216e-13
-1.520112e-13
-1.530029e-13
-1.539968e-13
-1.549929e-13
-1.559911e-13
-1.569915e-13
-1.579940e-13
-1.589986e-13
-1.600052e-13
-1.610140e-13
-1.620248e-13
-1.630377e-13
-1.640526e-13
-1.650696e-13
-1.660885e-13
-1.671095e-13
-1.681324e-13
-1.691573e-13
-1.701842e-13
-1.712130e-13
-1.722437e-13
-1.732763e-13
-1.743109e-13
-1.753473e-13
-1.763856e-13
-1.774258e-13
-1.784678e-13
-1.795116e-13
-1.805573e-13
-1.816047e-13
-1.826540e-13
-1.837050e-13
-1.847578e-13
-1.858123e-13
-1.868686e-13
-1.879265e-13
-1.889862e-13
-1.900476e-13
-1.911106e-13
-1.921753e-13
-1.932416e-13
-1.943096e-13
-1.953792e-13
-1.964504e-13
-1.975231e-13
-1.985975e-13
-1.996734e-13
-2.007509e-13
-2.018298e-13
-2.029103e-13
-2.039923e-13
-2.050758e-13
-2.061608e-13
-2.072472e-13
-2.083350e-13
-2.094243e-13
-2.105150e-13
-2.116071e-13
-2.127006e-13
-2.137955e-13
-2.148917e-13
-2.159892e-13
-2.170881e-13
-2.181882e-13
-2.192897e-13
-2.203925e-13
-2.214965e-13
-2.226018e-13
-2.237083e-13
-2.248160e-13
-2.259249e-13
-2.270351e-13
-2.281464e-13
-2.292588e-13
-2.303725e-13
-2.314872e-13
-2.326031e-13
-2.337200e-13
-2.348381e-13
-2.359572e-13
-2.370774e-13
-2.381986e-13
-2.393209e-13
-2.404442e-13
-2.415684e-13
-2.426937e-13
-2.438199e-13
-2.449471e-13
-2.460752e-13
-2.472042e-13
-2.483342e-13
-2.494650e-13
-2.505967e-13
-2.517293e-13
-2.528627e-13
-2.539969e-13
-2.551320e-13
-2.562679e-13
-2.574045e-13
-2.585419e-13
-2.596801e-13
-2.608191e-13
-2.619587e-13
-2.630991e-13
-2.642401e-13
-2.653819e-13
-2.665243e-13
-2.676673e-13
-2.688110e-13
-2.699553e-13
-2.711002e-13
-2.722457e-13
-2.733918e-13
-2.745385e-13
-2.756856e-13
-2.768334e-13
-2.779816e-13
-2.791303e-13
-2.802795e-13
-2.814292e-13
-2.825793e-13
-2.837299e-13
-2.848809e-13
-2.860323e-13
-2.871841e-13
-2.883362e-13
-2.894887e-13
-2.906416e-13
-2.917948e-13
-2.929483e-13
-2.941022e-13
-2.952563e-13
-2.964106e-13
-2.975653e-13
-2.987201e-13
-2.998752e-13
-3.010305e-13
-3.021860e-13
-3.033417e-13
-3.044975e-13
-3.056535e-13
-3.068096e-13
-3.079659e-13
-3.091222e-13
-3.102786e-13
-3.114351e-13
-3.125917e-13
-3.137483e-13
-3.149049e-13
-3.160615e-13
-3.172182e-13
-3.183748e-13
-3.195313e-13
-3.206879e-13
-3.218443e-13
-3.230007e-13
-3.241570e-13
-3.253132e-13
-3.264692e-13
-3.276251e-13
-3.287809e-13
-3.299365e-13
-3.310919e-13
-3.322471e-13
-3.334020e-13
-3.345568e-13
-3.357113e-13
-3.368655e-13
-3.380195e-13
-3.391732e-13
-3.403265e-13
-3.414796e-13
-3.426323e-13
-3.437846e-13
-3.449366e-13
-3.460882e-13
-3.472394e-13
-3.483902e-13
-3.495406e-13
-3.506905e-13
-3.518400e-13
-3.529890e-13
-3.541375e-13
-3.552855e-13
-3.564330e-13
-3.575800e-13
-3.587264e-13
-3.598723e-13
-3.610175e-13
-3.621622e-13
-3.633063e-13
-3.644498e-13
-3.655926e-13
-3.667348e-13
-3.678763e-13
-3.690171e-13
-3.701572e-13
-3.712966e-13
-3.724353e-13
-3.735733e-13
-3.747105e-13
-3.758469e-13
-3.769826e-13
-3.781174e-13
-3.792515e-13
-3.803847e-13
-3.815171e-13
-3.826486e-13
-3.837792e-13
-3.849090e-13
-3.860378e-13
-3.871658e-13
-3.882928e-13
-3.894189e-13
-3.905440e-13
-3.916681e-13
-3.927913e-13
-3.939134e-13
-3.950345e-13
-3.961546e-13
-3.972737e-13
-3.983917e-13
-3.995086e-13
-4.006244e-13
-4.017391e-13
-4.028528e-13
-4.039652e-13
-4.050766e-13
-4.061867e-13
-4.072957e-13
-4.084036e-13
-4.095102e-13
-4.106156e-13
-4.117197e-13
-4.128226e-13
-4.139243e-13
-4.150247e-13
-4.161238e-13
-4.172216e-13
-4.183180e-13
-4.194132e-13
-4.205070e-13
-4.215994e-13
-4.226905e-13
-4.237802e-13
-4.248685e-13
-4.259554e-13
-4.270408e-13
-4.281249e-13
-4.292074e-13
-4.302885e-13
-4.313681e-13
-4.324462e-13
-4.335228e-13
-4.345979e-13
-4.356715e-13
-4.367434e-13
-4.378139e-13
-4.388827e-13
-4.399500e-13
-4.410157e-13
-4.420797e-13
-4.431421e-13
-4.442029e-13
-4.452620e-13
-4.463194e-13
-4.473752e-13
-4.484292e-13
-4.494815e-13
-4.505322e-13
-4.515810e-13
-4.526282e-13
-4.536735e-13
-4.547171e-13
-4.557589e-13
-4.567989e-13
-4.578370e-13
-4.588734e-13
-4.599079e-13
-4.609405e-13
-4.619713e-13
-4.630002e-13
-4.640272e-13
-4.650522e-13
-4.660754e-13
-4.670966e-13
-4.681159e-13
-4.691332e-13
-4.701486e-13
-4.711620e-13
-4.721733e-13
-4.731827e-13
-4.741900e-13
-4.751953e-13
-4.761986e-13
-4.771998e-13
-4.781989e-13
-4.791959e-13
-4.801908e-13
-4.811837e-13
-4.821744e-13
-4.831629e-13
-4.841494e-13
-4.851336e-13
-4.861157e-13
-4.870956e-13
-4.880733e-13
-4.890488e-13
-4.900221e-13
-4.909932e-13
-4.919620e-13
-4.929285e-13
-4.938928e-13
-4.948548e-13
-4.958145e-13
-4.967719e-13
-4.977270e-13
-4.986798e-13
-4.996302e-13
-5.005782e-13
-5.015239e-13
-5.024673e-13
-5.034082e-13
-5.043468e-13
-5.052829e-13
-5.062166e-13
-5.071479e-13
-5.080767e-13
-5.090031e-13
-5.099270e-13
-5.108485e-13
-5.117674e-13
-5.126839e-13
-5.135978e-13
-5.145092e-13
-5.154181e-13
-5.163245e-13
-5.172282e-13
-5.181295e-13
-5.190281e-13
-5.199241e-13
-5.208176e-13
-5.217084e-13
-5.225966e-13
-5.234822e-13
-5.243651e-13
-5.252454e-13
-5.261230e-13
-5.269980e-13
-5.278702e-13
-5.287398e-13
-5.296066e-13
-5.304708e-13
-5.313322e-13
-5.321908e-13
-5.330467e-13
-5.338999e-13
-5.347503e-13
-5.355979e-13
-5.364427e-13
-5.372847e-13
-5.381239e-13
-5.389603e-13
-5.397939e-13
-5.406246e-13
-5.414524e-13
-5.422774e-13
-5.430996e-13
-5.439188e-13
-5.447352e-13
-5.455486e-13
-5.463592e-13
-5.471668e-13
-5.479715e-13
-5.487732e-13
-5.495721e-13
-5.503679e-13
-5.511608e-13
-5.519507e-13
-5.527376e-13
-5.535215e-13
-5.543025e-13
-5.550804e-13
-5.558553e-13
-5.566271e-13
-5.573959e-13
-5.581617e-13
-5.589244e-13
-5.596840e-13
-5.604405e-13
-5.611940e-13
-5.619444e-13
-5.626916e-13
-5.634358e-13
-5.641768e-13
-5.649147e-13
-5.656494e-13
-5.663810e-13
-5.671095e-13
-5.678348e-13
-5.685569e-13
-5.692758e-13
-5.699915e-13
-5.707041e-13
-5.714134e-13
-5.721195e-13
-5.728224e-13
-5.735221e-13
-5.742185e-13
-5.749116e-13
-5.756015e-13
-5.762882e-13
-5.769716e-13
-5.776516e-13
-5.783285e-13
-5.790020e-13
-5.796722e-13
-5.803390e-13
-5.810026e-13
-5.816629e-13
-5.823198e-13
-5.829733e-13
-5.836236e-13
-5.842704e-13
-5.849139e-13
-5.855540e-13
-5.861908e-13
-5.868241e-13
-5.874541e-13
-5.880807e-13
-5.887038e-13
-5.893235e-13
-5.899399e-13
-5.905527e-13
-5.911622e-13
-5.917682e-13
-5.923708e-13
-5.929699e-13
-5.935655e-13
-5.941577e-13
-5.947463e-13
-5.953315e-13
-5.959133e-13
-5.964915e-13
-5.970662e-13
-5.976374e-13
-5.982051e-13
-5.987693e-13
-5.993299e-13
-5.998870e-13
-6.004405e-13
-6.009906e-13
-6.015370e-13
-6.020799e-13
-6.026193e-13
-6.031550e-13
-6.036872e-13
-6.042158e-13
-6.047408e-13
-6.052622e-13
-6.057800e-13
-6.062943e-13
-6.068049e-13
-6.073118e-13
-6.078152e-13
-6.083149e-13
-6.088110e-13
-6.093035e-13
-6.097923e-13
-6.102775e-13
-6.107590e-13
-6.112368e-13
-6.117110e-13
-6.121815e-13
-6.126483e-13
-6.131115e-13
-6.135710e-13
-6.140267e-13
-6.144788e-13
-6.149272e-13
-6.153719e-13
-6.158128e-13
-6.162501e-13
-6.166836e-13
-6.171134e-13
-6.175395e-13
-6.179619e-13
-6.183805e-13
-6.187954e-13
-6.192065e-13
-6.196139e-13
-6.200175e-13
-6.204174e-13
-6.208135e-13
-6.212058e-13
-6.215944e-13
-6.219792e-13
-6.223602e-13
-6.227374e-13
-6.231108e-13
-6.234805e-13
-6.238464e-13
-6.242084e-13
-6.245667e-13
-6.249212e-13
-6.252718e-13
-6.256187e-13
-6.259617e-13
-6.263009e-13
-6.266363e-13
-6.269678e-13
-6.272956e-13
-6.276195e-13
-6.279396e-13
-6.282558e-13
-6.285682e-13
-6.288767e-13
-6.291814e-13
-6.294823e-13
-6.297793e-13
-6.300724e-13
-6.303617e-13
-6.306472e-13
-6.309287e-13
-6.312064e-13
-6.314803e-13
-6.317502e-13
-6.320163e-13
-6.322785e-13
-6.325369e-13
-6.327913e-13
-6.330419e-13
-6.332886e-13
-6.335314e-13
-6.337703e-13
-6.340054e-13
-6.342365e-13
-6.344638e-13
-6.346871e-13
-6.349066e-13
-6.351221e-13
-6.353337e-13
-6.355415e-13
-6.357453e-13
-6.359453e-13
-6.361413e-13
-6.363334e-13
-6.365216e-13
-6.367059e-13
-6.368863e-13
-6.370627e-13
-6.372353e-13
-6.374039e-13
-6.375686e-13
-6.377294e-13
-6.378863e-13
-6.380392e-13
-6.381883e-13
-6.383334e-13
-6.384745e-13
-6.386118e-13
-6.387451e-13
-6.388745e-13
-6.390000e-13
-6.391216e-13
-6.392392e-13
-6.393529e-13
-6.394626e-13
-6.395684e-13
-6.396703e-13
-6.397683e-13
-6.398624e-13
-6.399525e-13
-6.400386e-13
-6.401209e-13
-6.401992e-13
-6.402736e-13
-6.403440e-13
-6.404105e-13
-6.404731e-13
-6.405318e-13
-6.405865e-13
-6.406373e-13
-6.406842e-13
-6.407271e-13
-6.407661e-13
-6.408012e-13
-6.408324e-13
-6.408596e-13
-6.408829e-13
-6.409022e-13
-6.409177e-13
-6.409292e-13
-6.409368e-13
-6.409405e-13
-6.409402e-13
-6.409361e-13
-6.409280e-13
-6.409159e-13
-6.409000e-13
-6.408802e-13
-6.408564e-13
-6.408287e-13
-6.407971e-13
-6.407616e-13
-6.407222e-13
-6.406789e-13
-6.406317e-13
-6.405805e-13
-6.405255e-13
-6.404665e-13
-6.404037e-13
-6.403369e-13
-6.402663e-13
-6.401918e-13
-6.401133e-13
-6.400310e-13
-6.399448e-13
-6.398547e-13
-6.397607e-13
-6.396628e-13
-6.395611e-13
-6.394554e-13
-6.393459e-13
-6.392325e-13
-6.391152e-13
-6.389941e-13
-6.388691e-13
-6.387402e-13
-6.386075e-13
-6.384709e-13
-6.383305e-13
-6.381862e-13
-6.380380e-13
-6.378860e-13
-6.377301e-13
-6.375704e-13
-6.374069e-13
-6.372395e-13
-6.370683e-13
-6.368932e-13
-6.367144e-13
-6.365317e-13
-6.363451e-13
-6.361548e-13
-6.359606e-13
-6.357626e-13
-6.355608e-13
-6.353552e-13
-6.351458e-13
-6.349326e-13
-6.347156e-13
-6.344949e-13
-6.342703e-13
-6.340419e-13
-6.338098e-13
-6.335738e-13
-6.333341e-13
-6.330907e-13
-6.328434e-13
-6.325924e-13
-6.323377e-13
-6.320792e-13
-6.318169e-13
-6.315509e-13
-6.312811e-13
-6.310076e-13
-6.307304e-13
-6.304495e-13
-6.301648e-13
-6.298764e-13
-6.295842e-13
-6.292884e-13
-6.289889e-13
-6.286856e-13
-6.283787e-13
-6.280680e-13
-6.277537e-13
-6.274357e-13
-6.271140e-13
-6.267886e-13
-6.264596e-13
-6.261269e-13
-6.257905e-13
-6.254505e-13
-6.251068e-13
-6.247595e-13
-6.244086e-13
-6.240540e-13
-6.236957e-13
-6.233339e-13
-6.229684e-13
-6.225993e-13
-6.222266e-13
-6.218503e-13
-6.214705e-13
-6.210870e-13
-6.206999e-13
-6.203092e-13
-6.199150e-13
-6.195172e-13
-6.191158e-13
-6.187109e-13
-6.183024e-13
-6.178903e-13
-6.174748e-13
-6.170557e-13
-6.166330e-13
-6.162068e-13
-6.157771e-13
-6.153439e-13
-6.149072e-13
-6.144670e-13
-6.140233e-13
-6.135761e-13
-6.131255e-13
-6.126713e-13
-6.122137e-13
-6.117526e-13
-6.112881e-13
-6.108201e-13
-6.103486e-13
-6.098738e-13
-6.093955e-13
-6.089137e-13
-6.084286e-13
-6.079400e-13
-6.074481e-13
-6.069527e-13
-6.064540e-13
-6.059518e-13
-6.054463e-13
-6.049375e-13
-6.044252e-13
-6.039096e-13
-6.033907e-13
-6.028684e-13
-6.023427e-13
-6.018138e-13
-6.012815e-13
-6.007459e-13
-6.002070e-13
-5.996648e-13
-5.991193e-13
-5.985705e-13
-5.980185e-13
-5.974631e-13
-5.969045e-13
-5.963427e-13
-5.957776e-13
-5.952093e-13
-5.946377e-13
-5.940629e-13
-5.934849e-13
-5.929037e-13
-5.923192e-13
-5.917316e-13
-5.911408e-13
-5.905468e-13
-5.899497e-13
-5.893493e-13
-5.887459e-13
-5.881392e-13
-5.875295e-13
-5.869166e-13
-5.863005e-13
-5.856814e-13
-5.850591e-13
-5.844338e-13
-5.838054e-13
-5.831738e-13
-5.825392e-13
-5.819016e-13
-5.812609e-13
-5.806171e-13
-5.799703e-13
-5.793204e-13
-5.786676e-13
-5.780117e-13
-5.773528e-13
-5.766909e-13
-5.760260e-13
-5.753581e-13
-5.746873e-13
-5.740135e-13
-5.733367e-13
-5.726570e-13
-5.719744e-13
-5.712888e-13
-5.706003e-13
-5.699089e-13
-5.692146e-13
-5.685174e-13
-5.678173e-13
-5.671143e-13
-5.664084e-13
-5.656997e-13
-5.649882e-13
-5.642738e-13
-5.635566e-13
-5.628365e-13
-5.621137e-13
-5.613880e-13
-5.606596e-13
-5.599283e-13
-5.591943e-13
-5.584575e-13
-5.577180e-13
-5.569757e-13
-5.562307e-13
-5.554829e-13
-5.547324e-13
-5.539793e-13
-5.532234e-13
-5.524648e-13
-5.517035e-13
-5.509396e-13
-5.501730e-13
-5.494038e-13
-5.486319e-13
-5.478573e-13
-5.470802e-13
-5.463004e-13
-5.455181e-13
-5.447331e-13
-5.439455e-13
-5.431554e-13
-5.423627e-13
-5.415675e-13
-5.407697e-13
-5.399694e-13
-5.391666e-13
-5.383612e-13
-5.375533e-13
-5.367430e-13
-5.359301e-13
-5.351148e-13
-5.342970e-13
-5.334768e-13
-5.326541e-13
-5.318290e-13
-5.310014e-13
-5.301715e-13
-5.293391e-13
-5.285044e-13
-5.276672e-13
-5.268277e-13
-5.259859e-13
-5.251417e-13
-5.242951e-13
-5.234462e-13
-5.225950e-13
-5.217415e-13
-5.208857e-13
-5.200276e-13
-5.191672e-13
-5.183045e-13
-5.174396e-13
-5.165725e-13
-5.157031e-13
-5.148315e-13
-5.139576e-13
-5.130816e-13
-5.122034e-13
-5.113230e-13
-5.104404e-13
-5.095556e-13
-5.086688e-13
-5.077797e-13
-5.068886e-13
-5.059953e-13
-5.050999e-13
-5.042025e-13
-5.033029e-13
-5.024013e-13
-5.014976e-13
-5.005918e-13
-4.996841e-13
-4.987743e-13
-4.978624e-13
-4.969486e-13
-4.960328e-13
-4.951149e-13
-4.941951e-13
-4.932734e-13
-4.923497e-13
-4.914240e-13
-4.904965e-13
-4.895670e-13
-4.886356e-13
-4.877023e-13
-4.867671e-13
-4.858301e-13
-4.848912e-13
-4.839504e-13
-4.830078e-13
-4.820634e-13
-4.811171e-13
-4.801691e-13
-4.792192e-13
-4.782676e-13
-4.773142e-13
-4.763591e-13
-4.754022e-13
-4.744435e-13
-4.734832e-13
-4.725211e-13
-4.715573e-13
-4.705919e-13
-4.696247e-13
-4.686559e-13
-4.676855e-13
-4.667133e-13
-4.657396e-13
-4.647643e-13
-4.637873e-13
-4.628087e-13
-4.618286e-13
-4.608469e-13
-4.598636e-13
-4.588787e-13
-4.578924e-13
-4.569045e-13
-4.559150e-13
-4.549241e-13
-4.539317e-13
-4.529378e-13
-4.519425e-13
-4.509457e-13
-4.499474e-13
-4.489477e-13
-4.479466e-13
-4.469441e-13
-4.459402e-13
-4.449349e-13
-4.439282e-13
-4.429202e-13
-4.419108e-13
-4.409001e-13
-4.398880e-13
-4.388747e-13
-4.378600e-13
-4.368441e-13
-4.358269e-13
-4.348084e-13
-4.337886e-13
-4.327677e-13
-4.317454e-13
-4.307220e-13
-4.296974e-13
-4.286715e-13
-4.276445e-13
-4.266164e-13
-4.255870e-13
-4.245566e-13
-4.235249e-13
-4.224922e-13
-4.214584e-13
-4.204234e-13
-4.193874e-13
-4.183503e-13
-4.173122e-13
-4.162730e-13
-4.152327e-13
-4.141915e-13
-4.131492e-13
-4.121059e-13
-4.110617e-13
-4.100164e-13
-4.089702e-13
-4.079231e-13
-4.068750e-13
-4.058260e-13
-4.047761e-13
-4.037253e-13
-4.026735e-13
-4.016210e-13
-4.005675e-13
-3.995132e-13
-3.984581e-13
-3.974021e-13
-3.963453e-13
-3.952877e-13
-3.942293e-13
-3.931701e-13
-3.921102e-13
-3.910495e-13
-3.899881e-13
-3.889259e-13
-3.878631e-13
-3.867995e-13
-3.857352e-13
-3.846703e-13
-3.836047e-13
-3.825384e-13
-3.814715e-13
-3.804039e-13
-3.793357e-13
-3.782670e-13
-3.771976e-13
-3.761276e-13
-3.750571e-13
-3.739860e-13
-3.729144e-13
-3.718423e-13
-3.707696e-13
-3.696964e-13
-3.686227e-13
-3.675486e-13
-3.664739e-13
-3.653988e-13
-3.643233e-13
-3.632473e-13
-3.621709e-13
-3.610941e-13
-3.600169e-13
-3.589394e-13
-3.578614e-13
-3.567831e-13
-3.557044e-13
-3.546254e-13
-3.535461e-13
-3.524665e-13
-3.513866e-13
-3.503064e-13
-3.492259e-13
-3.481451e-13
-3.470641e-13
-3.459829e-13
-3.449015e-13
-3.438198e-13
-3.427379e-13
-3.416559e-13
-3.405737e-13
-3.394913e-13
-3.384087e-13
-3.373261e-13
-3.362433e-13
-3.351604e-13
-3.340773e-13
-3.329942e-13
-3.319111e-13
-3.308278e-13
-3.297445e-13
-3.286612e-13
-3.275779e-13
-3.264945e-13
-3.254111e-13
-3.243278e-13
-3.232444e-13
-3.221611e-13
-3.210779e-13
-3.199947e-13
-3.189115e-13
-3.178285e-13
-3.167456e-13
-3.156627e-13
-3.145800e-13
-3.134974e-13
-3.124150e-13
-3.113327e-13
-3.102506e-13
-3.091687e-13
-3.080869e-13
-3.070054e-13
-3.059241e-13
-3.048430e-13
-3.037622e-13
-3.026816e-13
-3.016013e-13
-3.005212e-13
-2.994415e-13
-2.983621e-13
-2.972829e-13
-2.962041e-13
-2.951257e-13
-2.940476e-13
-2.929699e-13
-2.918925e-13
-2.908155e-13
-2.897389e-13
-2.886628e-13
-2.875870e-13
-2.865118e-13
-2.854369e-13
-2.843625e-13
-2.832886e-13
-2.822152e-13
-2.811422e-13
-2.800698e-13
-2.789979e-13
-2.779265e-13
-2.768557e-13
-2.757855e-13
-2.747158e-13
-2.736466e-13
-2.725781e-13
-2.715102e-13
-2.704429e-13
-2.693762e-13
-2.683102e-13
-2.672448e-13
-2.661801e-13
-2.651160e-13
-2.640527e-13
-2.629900e-13
-2.619281e-13
-2.608669e-13
-2.598064e-13
-2.587467e-13
-2.576877e-13
-2.566295e-13
-2.555721e-13
-2.545155e-13
-2.534596e-13
-2.524046e-13
-2.513505e-13
-2.502971e-13
-2.492446e-13
-2.481930e-13
-2.471423e-13
-2.460924e-13
-2.450435e-13
-2.439955e-13
-2.429483e-13
-2.419022e-13
-2.408569e-13
-2.398127e-13
-2.387693e-13
-2.377270e-13
-2.366857e-13
-2.356454e-13
-2.346060e-13
-2.335677e-13
-2.325305e-13
-2.314943e-13
-2.304592e-13
-2.294251e-13
-2.283921e-13
-2.273602e-13
-2.263294e-13
-2.252998e-13
-2.242713e-13
-2.232439e-13
-2.222176e-13
-2.211925e-13
-2.201686e-13
-2.191459e-13
-2.181244e-13
-2.171041e-13
-2.160850e-13
-2.150672e-13
-2.140505e-13
-2.130352e-13
-2.120211e-13
-2.110083e-13
-2.099967e-13
-2.089865e-13
-2.079776e-13
-2.069700e-13
-2.059637e-13
-2.049588e-13
-2.039552e-13
-2.029530e-13
-2.019521e-13
-2.009527e-13
-1.999546e-13
-1.989580e-13
-1.979628e-13
-1.969690e-13
-1.959766e-13
-1.949857e-13
-1.939963e-13
-1.930083e-13
-1.920218e-13
-1.910368e-13
-1.900533e-13
-1.890714e-13
-1.880909e-13
-1.871120e-13
-1.861347e-13
-1.851589e-13
-1.841847e-13
-1.832120e-13
-1.822410e-13
-1.812715e-13
-1.803037e-13
-1.793375e-13
-1.783729e-13
-1.774100e-13
-1.764487e-13
-1.754891e-13
-1.745311e-13
-1.735749e-13
-1.726203e-13
-1.716675e-13
-1.707163e-13
-1.697669e-13
-1.688193e-13
-1.678734e-13
-1.669292e-13
-1.659868e-13
-1.650462e-13
-1.641074e-13
-1.631703e-13
-1.622351e-13
-1.613017e-13
-1.603702e-13
-1.594405e-13
-1.585126e-13
-1.575866e-13
-1.566624e-13
-1.557402e-13
-1.548198e-13
-1.539013e-13
-1.529848e-13
-1.520701e-13
-1.511574e-13
-1.502466e-13
-1.493378e-13
-1.484310e-13
-1.475261e-13
-1.466232e-13
-1.457222e-13
-1.448233e-13
-1.439264e-13
-1.430315e-13
-1.421386e-13
-1.412478e-13
-1.403590e-13
-1.394723e-13
-1.385876e-13
-1.377050e-13
-1.368245e-13
-1.359461e-13
-1.350698e-13
-1.341956e-13
-1.333236e-13
-1.324537e-13
-1.315859e-13
-1.307202e-13
-1.298568e-13
-1.289954e-13
-1.281363e-13
-1.272794e-13
-1.264246e-13
-1.255721e-13
-1.247218e-13
-1.238737e-13
-1.230279e-13
-1.221842e-13
-1.213429e-13
-1.205038e-13
-1.196670e-13
-1.188324e-13
-1.180002e-13
-1.171702e-13
-1.163425e-13
-1.155172e-13
-1.146942e-13
-1.138735e-13
-1.130552e-13
-1.122392e-13
-1.114256e-13
-1.106143e-13
-1.098054e-13
-1.089989e-13
-1.081948e-13
-1.073931e-13
-1.065939e-13
-1.057970e-13
-1.050026e-13
-1.042106e-13
-1.034210e-13
-1.026339e-13
-1.018493e-13
-1.010671e-13
-1.002874e-13
-9.951023e-14
-9.873553e-14
-9.796333e-14
-9.719365e-14
-9.642649e-14
-9.566185e-14
-9.489976e-14
-9.414021e-14
-9.338321e-14
-9.262878e-14
-9.187691e-14
-9.112763e-14
-9.038093e-14
-8.963682e-14
-8.889532e-14
-8.815642e-14
-8.742014e-14
-8.668649e-14
-8.595547e-14
-8.522710e-14
-8.450137e-14
-8.377830e-14
-8.305789e-14
-8.234016e-14
-8.162510e-14
-8.091273e-14
-8.020306e-14
-7.949609e-14
-7.879183e-14
-7.809029e-14
-7.739147e-14
-7.669539e-14
-7.600204e-14
-7.531144e-14
-7.462360e-14
-7.393852e-14
-7.325621e-14
-7.257667e-14
-7.189992e-14
-7.122596e-14
-7.055480e-14
-6.988645e-14
-6.922090e-14
-6.855818e-14
-6.789828e-14
-6.724122e-14
-6.658699e-14
-6.593562e-14
-6.528709e-14
-6.464143e-14
-6.399864e-14
-6.335872e-14
-6.272169e-14
-6.208754e-14
-6.145629e-14
-6.082794e-14
-6.020250e-14
-5.957998e-14
-5.896037e-14
-5.834370e-14
-5.772996e-14
-5.711916e-14
-5.651131e-14
-5.590642e-14
-5.530448e-14
-5.470552e-14
-5.410953e-14
-5.351651e-14
-5.292649e-14
-5.233945e-14
-5.175542e-14
-5.117439e-14
-5.059637e-14
-5.002137e-14
-4.944939e-14
-4.888044e-14
-4.831453e-14
-4.775165e-14
-4.719183e-14
-4.663506e-14
-4.608135e-14
-4.553070e-14
-4.498312e-14
-4.443862e-14
-4.389721e-14
-4.335888e-14
-4.282365e-14
-4.229151e-14
-4.176248e-14
-4.123656e-14
-4.071376e-14
-4.019408e-14
-3.967753e-14
-3.916411e-14
-3.865382e-14
-3.814668e-14
-3.764270e-14
-3.714186e-14
-3.664419e-14
-3.614968e-14
-3.565833e-14
-3.517017e-14
-3.468519e-14
-3.420339e-14
-3.372478e-14
-3.324937e-14
-3.277716e-14
-3.230815e-14
-3.184235e-14
-3.137977e-14
-3.092042e-14
-3.046428e-14
-3.001138e-14
-2.956171e-14
-2.911528e-14
-2.867210e-14
-2.823216e-14
-2.779548e-14
-2.736206e-14
-2.693190e-14
-2.650501e-14
-2.608138e-14
-2.566104e-14
-2.524398e-14
-2.483020e-14
-2.441971e-14
-2.401252e-14
-2.360862e-14
-2.320802e-14
-2.281074e-14
-2.241676e-14
-2.202610e-14
-2.163876e-14
-2.125474e-14
-2.087405e-14
-2.049669e-14
-2.012266e-14
-1.975197e-14
-1.938463e-14
-1.902064e-14
-1.865999e-14
-1.830270e-14
-1.794877e-14
-1.759820e-14
-1.725099e-14
-1.690716e-14
-1.656670e-14
-1.622961e-14
-1.589591e-14
-1.556559e-14
-1.523865e-14
-1.491511e-14
-1.459496e-14
-1.427821e-14
-1.396486e-14
-1.365491e-14
-1.334837e-14
-1.304524e-14
-1.274552e-14
-1.244922e-14
-1.215634e-14
-1.186689e-14
-1.158086e-14
-1.129826e-14
-1.101909e-14
-1.074335e-14
-1.047106e-14
-1.020220e-14
-9.936791e-15
-9.674825e-15
-9.416309e-15
-9.161244e-15
-8.909635e-15
-8.661482e-15
-8.416789e-15
-8.175558e-15
-7.937792e-15
-7.703494e-15
-7.472665e-15
-7.245308e-15
-7.021427e-15
-6.801022e-15
-6.584096e-15
-6.370652e-15
-6.160692e-15
-5.954218e-15
-5.751232e-15
-5.551737e-15
-5.355734e-15
-5.163225e-15
-4.974213e-15
-4.788699e-15
-4.606686e-15
-4.428175e-15
-4.253168e-15
-4.081668e-15
-3.913675e-15
-3.749192e-15
-3.588220e-15
-3.430761e-15
-3.276817e-15
-3.126389e-15
-2.979479e-15
-2.836089e-15
-2.696219e-15
-2.559872e-15
-2.427049e-15
-2.297751e-15
-2.171979e-15
-2.049736e-15
-1.931021e-15
-1.815837e-15
-1.704185e-15
-1.596065e-15
-1.491479e-15
-1.390429e-15
-1.292914e-15
-1.198937e-15
-1.108498e-15
-1.021597e-15
-9.382371e-16
-8.584177e-16
-7.821400e-16
-7.094047e-16
-6.402126e-16
-5.745646e-16
-5.124612e-16
-4.539031e-16
-3.988909e-16
-3.474252e-16
-2.995065e-16
-2.551354e-16
-2.143123e-16
-1.770377e-16
-1.433118e-16
-1.131352e-16
-8.650802e-17
-6.343063e-17
-4.390326e-17
-2.792611e-17
-1.549935e-17
-6.623107e-18
-1.297481e-18
4.774775e-19
