-3.833572e-20
-2.424118e-18
-9.581403e-18
-2.151009e-17
-3.821002e-17
-5.968096e-17
-8.592262e-17
-1.169346e-16
-1.527166e-16
-1.932680e-16
-2.385882e-16
-2.886768e-16
-3.435329e-16
-4.031558e-16
-4.675447e-16
-5.366988e-16
-6.106170e-16
-6.892983e-16
-7.727418e-16
-8.609462e-16
-9.539102e-16
-1.051633e-15
-1.154112e-15
-1.261348e-15
-1.373337e-15
-1.490080e-15
-1.611573e-15
-1.737816e-15
-1.868806e-15
-2.004542e-15
-2.145023e-15
-2.290245e-15
-2.440208e-15
-2.594908e-15
-2.754345e-15
-2.918515e-15
-3.087417e-15
-3.261047e-15
-3.439405e-15
-3.622487e-15
-3.810291e-15
-4.002814e-15
-4.200054e-15
-4.402007e-15
-4.608672e-15
-4.820045e-15
-5.036123e-15
-5.256904e-15
-5.482384e-15
-5.712560e-15
-5.947430e-15
-6.186990e-15
-6.431236e-15
-6.680165e-15
-6.933775e-15
-7.192060e-15
-7.455019e-15
-7.722647e-15
-7.994940e-15
-8.271895e-15
-8.553509e-15
-8.839776e-15
-9.130694e-15
-9.426258e-15
-9.726464e-15
-1.003131e-14
-1.034079e-14
-1.065489e-14
-1.097363e-14
-1.129698e-14
-1.162495e-14
-1.195754e-14
-1.229473e-14
-1.263652e-14
-1.298291e-14
-1.333390e-14
-1.368947e-14
-1.404963e-14
-1.441436e-14
-1.478367e-14
-1.515755e-14
-1.553599e-14
-1.591899e-14
-1.630655e-14
-1.669865e-14
-1.709529e-14
-1.749648e-14
-1.790219e-14
-1.831243e-14
-1.872719e-14
-1.914646e-14
-1.957024e-14
-1.999853e-14
-2.043132e-14
-2.086859e-14
-2.131035e-14
-2.175659e-14
-2.220730e-14
-2.266248e-14
-2.312213e-14
-2.358622e-14
-2.405477e-14
-2.452775e-14
-2.500517e-14
-2.548702e-14
-2.597329e-14
-2.646398e-14
-2.695908e-14
-2.745858e-14
-2.796247e-14
-2.847075e-14
-2.898341e-14
-2.950045e-14
-3.002186e-14
-3.054762e-14
-3.107774e-14
-3.161220e-14
-3.215100e-14
-3.269414e-14
-3.324159e-14
-3.379336e-14
-3.434945e-14
-3.490983e-14
-3.547450e-14
-3.604346e-14
-3.661670e-14
-3.719421e-14
-3.777598e-14
-3.836200e-14
-3.895228e-14
-3.954678e-14
-4.014552e-14
-4.074848e-14
-4.135566e-14
-4.196703e-14
-4.258261e-14
-4.320237e-14
-4.382632e-14
-4.445443e-14
-4.508671e-14
-4.572314e-14
-4.636372e-14
-4.700844e-14
-4.765728e-14
-4.831024e-14
-4.896731e-14
-4.962849e-14
-5.029375e-14
-5.096310e-14
-5.163652e-14
-5.231401e-14
-5.299555e-14
-5.368114e-14
-5.437077e-14
-5.506442e-14
-5.576209e-14
-5.646377e-14
-5.716945e-14
-5.787912e-14
-5.859276e-14
-5.931038e-14
-6.003196e-14
-6.075749e-14
-6.148695e-14
-6.222035e-14
-6.295767e-14
-6.369890e-14
-6.444403e-14
-6.519305e-14
-6.594595e-14
-6.670272e-14
-6.746335e-14
-6.822783e-14
-6.899614e-14
-6.976829e-14
-7.054425e-14
-7.132402e-14
-7.210759e-14
-7.289494e-14
-7.368606e-14
-7.448095e-14
-7.527960e-14
-7.608198e-14
-7.688810e-14
-7.769794e-14
-7.851149e-14
-7.932874e-14
-8.014967e-14
-8.097428e-14
-8.180256e-14
-8.263449e-14
-8.347006e-14
-8.430927e-14
-8.515209e-14
-8.599852e-14
-8.684855e-14
-8.770217e-14
-8.855935e-14
-8.942010e-14
-9.028440e-14
-9.115224e-14
-9.202361e-14
-9.289849e-14
-9.377687e-14
-9.465875e-14
-9.554410e-14
-9.643292e-14
-9.732520e-14
-9.822091e-14
-9.912006e-14
-1.000226e-13
-1.009286e-13
-1.018380e-13
-1.027507e-13
-1.036668e-13
-1.045863e-13
-1.055091e-13
-1.064353e-13
-1.073648e-13
-1.082976e-13
-1.092336e-13
-1.101730e-13
-1.111156e-13
-1.120615e-13
-1.130106e-13
-1.139630e-13
-1.149185e-13
-1.158773e-13
-1.168393e-13
-1.178044e-13
-1.187727e-13
-1.197442e-13
-1.207188e-13
-1.216965e-13
-1.226774e-13
-1.236613e-13
-1.246483e-13
-1.256384e-13
-1.266316e-13
-1.276278e-13
-1.286270e-13
-1.296293e-13
-1.306345e-13
-1.316428e-13
-1.326540e-13
-1.336682e-13
-1.346854e-13
-1.357055e-13
-1.367285e-13
-1.377544e-13
-1.387832e-13
-1.398149e-13
-1.408495e-13
-1.418869e-13
-1.429271e-13
-1.439702e-13
-1.450161e-13
-1.460648e-13
-1.471163e-13
-1.481705e-13
-1.492275e-13
-1.502873e-13
-1.513497e-13
-1.524149e-13
-1.534828e-13
-1.545533e-13
-1.556266e-13
-1.567025e-13
-1.577810e-13
-1.588621e-13
-1.599459e-13
-1.610323e-13
-1.621212e-13
-1.632127e-13
-1.643068e-13
-1.654034e-13
-1.665025e-13
-1.676041e-13
-1.687082e-13
-1.698148e-13
-1.709239e-13
-1.720354e-13
-1.731494e-13
-1.742657e-13
-1.753845e-13
-1.765056e-13
-1.776292e-13
-1.787551e-13
-1.798833e-13
-1.810139e-13
-1.821467e-13
-1.832819e-13
-1.844194e-13
-1.855591e-13
-1.867011e-13
-1.878453e-13
-1.889917e-13
-1.901404e-13
-1.912912e-13
-1.924442e-13
-1.935994e-13
-1.947567e-13
-1.959161e-13
-1.970777e-13
-1.982413e-13
-1.994071e-13
-2.005749e-13
-2.017447e-13
-2.029166e-13
-2.040905e-13
-2.052664e-13
-2.064443e-13
-2.076242e-13
-2.088060e-13
-2.099898e-13
-2.111755e-13
-2.123631e-13
-2.135526e-13
-2.147440e-13
-2.159372e-13
-2.171323e-13
-2.183292e-13
-2.195280e-13
-2.207285e-13
-2.219308e-13
-2.231349e-13
-2.243407e-13
-2.255482e-13
-2.267575e-13
-2.279685e-13
-2.291811e-13
-2.303955e-13
-2.316114e-13
-2.328291e-13
-2.340483e-13
-2.352691e-13
-2.364916e-13
-2.377156e-13
-2.389411e-13
-2.401682e-13
-2.413968e-13
-2.426270e-13
-2.438586e-13
-2.450917e-13
-2.463262e-13
-2.475622e-13
-2.487996e-13
-2.500384e-13
-2.512786e-13
-2.525202e-13
-2.537631e-13
-2.550074e-13
-2.562530e-13
-2.574999e-13
-2.587481e-13
-2.599976e-13
-2.612484e-13
-2.625004e-13
-2.637536e-13
-2.650080e-13
-2.662636e-13
-2.675204e-13
-2.687783e-13
-2.700374e-13
-2.712977e-13
-2.725590e-13
-2.738214e-13
-2.750849e-13
-2.763494e-13
-2.776150e-13
-2.788817e-13
-2.801493e-13
-2.814179e-13
-2.826875e-13
-2.839581e-13
-2.852296e-13
-2.865020e-13
-2.877753e-13
-2.890496e-13
-2.903247e-13
-2.916006e-13
-2.928774e-13
-2.941550e-13
-2.954335e-13
-2.967127e-13
-2.979927e-13
-2.992734e-13
-3.005549e-13
-3.018371e-13
-3.031200e-13
-3.044036e-13
-3.056879e-13
-3.069729e-13
-3.082584e-13
-3.095446e-13
-3.108314e-13
-3.121188e-13
-3.134068e-13
-3.146953e-13
-3.159843e-13
-3.172739e-13
-3.185639e-13
-3.198545e-13
-3.211455e-13
-3.224370e-13
-3.237289e-13
-3.250212e-13
-3.263140e-13
-3.276071e-13
-3.289005e-13
-3.301944e-13
-3.314885e-13
-3.327830e-13
-3.340778e-13
-3.353729e-13
-3.366682e-13
-3.379638e-13
-3.392596e-13
-3.405556e-13
-3.418518e-13
-3.431482e-13
-3.444448e-13
-3.457415e-13
-3.470383e-13
-3.483353e-13
-3.496323e-13
-3.509294e-13
-3.522266e-13
-3.535238e-13
-3.548211e-13
-3.561184e-13
-3.574156e-13
-3.587129e-13
-3.600101e-13
-3.613072e-13
-3.626043e-13
-3.639013e-13
-3.651982e-13
-3.664949e-13
-3.677915e-13
-3.690880e-13
-3.703842e-13
-3.716803e-13
-3.729762e-13
-3.742719e-13
-3.755673e-13
-3.768624e-13
-3.781573e-13
-3.794519e-13
-3.807461e-13
-3.820401e-13
-3.833337e-13
-3.846269e-13
-3.859198e-13
-3.872123e-13
-3.885043e-13
-3.897960e-13
-3.910872e-13
-3.923779e-13
-3.936681e-13
-3.949579e-13
-3.962471e-13
-3.975359e-13
-3.988240e-13
-4.001117e-13
-4.013987e-13
-4.026851e-13
-4.039710e-13
-4.052562e-13
-4.065407e-13
-4.078247e-13
-4.091079e-13
-4.103904e-13
-4.116722e-13
-4.129533e-13
-4.142337e-13
-4.155133e-13
-4.167921e-13
-4.180701e-13
-4.193473e-13
-4.206237e-13
-4.218993e-13
-4.231740e-13
-4.244478e-13
-4.257207e-13
-4.269927e-13
-4.282638e-13
-4.295340e-13
-4.308032e-13
-4.320714e-13
-4.333386e-13
-4.346049e-13
-4.358701e-13
-4.371342e-13
-4.383974e-13
-4.396594e-13
-4.409204e-13
-4.421802e-13
-4.434390e-13
-4.446966e-13
-4.459530e-13
-4.472083e-13
-4.484624e-13
-4.497153e-13
-4.509670e-13
-4.522175e-13
-4.534667e-13
-4.547146e-13
-4.559613e-13
-4.572067e-13
-4.584508e-13
-4.596935e-13
-4.609349e-13
-4.621749e-13
-4.634136e-13
-4.646509e-13
-4.658867e-13
-4.671212e-13
-4.683542e-13
-4.695858e-13
-4.708159e-13
-4.720445e-13
-4.732716e-13
-4.744972e-13
-4.757212e-13
-4.769437e-13
-4.781647e-13
-4.793841e-13
-4.806019e-13
-4.818180e-13
-4.830326e-13
-4.842455e-13
-4.854568e-13
-4.866664e-13
-4.878743e-13
-4.890805e-13
-4.902850e-13
-4.914877e-13
-4.926887e-13
-4.938880e-13
-4.950855e-13
-4.962811e-13
-4.974750e-13
-4.986671e-13
-4.998573e-13
-5.010457e-13
-5.022322e-13
-5.034168e-13
-5.045995e-13
-5.057803e-13
-5.069592e-13
-5.081362e-13
-5.093112e-13
-5.104842e-13
-5.116552e-13
-5.128243e-13
-5.139913e-13
-5.151563e-13
-5.163192e-13
-5.174801e-13
-5.186389e-13
-5.197957e-13
-5.209503e-13
-5.221028e-13
-5.232532e-13
-5.244014e-13
-5.255475e-13
-5.266914e-13
-5.278331e-13
-5.289727e-13
-5.301100e-13
-5.312450e-13
-5.323778e-13
-5.335084e-13
-5.346367e-13
-5.357627e-13
-5.368864e-13
-5.380078e-13
-5.391268e-13
-5.402436e-13
-5.413579e-13
-5.424699e-13
-5.435795e-13
-5.446867e-13
-5.457915e-13
-5.468939e-13
-5.479938e-13
-5.490913e-13
-5.501863e-13
-5.512788e-13
-5.523688e-13
-5.534564e-13
-5.545414e-13
-5.556238e-13
-5.567038e-13
-5.577811e-13
-5.588559e-13
-5.599281e-13
-5.609977e-13
-5.620647e-13
-5.631290e-13
-5.641908e-13
-5.652498e-13
-5.663062e-13
-5.673599e-13
-5.684110e-13
-5.694593e-13
-5.705049e-13
-5.715478e-13
-5.725879e-13
-5.736253e-13
-5.746599e-13
-5.756917e-13
-5.767207e-13
-5.777470e-13
-5.787704e-13
-5.797909e-13
-5.808087e-13
-5.818235e-13
-5.828355e-13
-5.838446e-13
-5.848509e-13
-5.858542e-13
-5.868546e-13
-5.878521e-13
-5.888466e-13
-5.898382e-13
-5.908268e-13
-5.918124e-13
-5.927950e-13
-5.937746e-13
-5.947513e-13
-5.957249e-13
-5.966954e-13
-5.976629e-13
-5.986273e-13
-5.995887e-13
-6.005470e-13
-6.015022e-13
-6.024543e-13
-6.034032e-13
-6.043490e-13
-6.052917e-13
-6.062312e-13
-6.071676e-13
-6.081008e-13
-6.090308e-13
-6.099576e-13
-6.108812e-13
-6.118015e-13
-6.127187e-13
-6.136326e-13
-6.145432e-13
-6.154506e-13
-6.163547e-13
-6.172555e-13
-6.181530e-13
-6.190472e-13
-6.199381e-13
-6.208257e-13
-6.217099e-13
-6.225907e-13
-6.234682e-13
-6.243424e-13
-6.252131e-13
-6.260805e-13
-6.269444e-13
-6.278050e-13
-6.286621e-13
-6.295158e-13
-6.303660e-13
-6.312128e-13
-6.320561e-13
-6.328960e-13
-6.337323e-13
-6.345652e-13
-6.353946e-13
-6.362204e-13
-6.370428e-13
-6.378616e-13
-6.386768e-13
-6.394885e-13
-6.402967e-13
-6.411013e-13
-6.419023e-13
-6.426997e-13
-6.434935e-13
-6.442837e-13
-6.450703e-13
-6.458532e-13
-6.466325e-13
-6.474082e-13
-6.481802e-13
-6.489486e-13
-6.497133e-13
-6.504743e-13
-6.512316e-13
-6.519852e-13
-6.527351e-13
-6.534813e-13
-6.542238e-13
-6.549625e-13
-6.556975e-13
-6.564288e-13
-6.571563e-13
-6.578800e-13
-6.585999e-13
-6.593161e-13
-6.600285e-13
-6.607370e-13
-6.614418e-13
-6.621427e-13
-6.628399e-13
-6.635331e-13
-6.642226e-13
-6.649082e-13
-6.655899e-13
-6.662678e-13
-6.669418e-13
-6.676120e-13
-6.682782e-13
-6.689406e-13
-6.695990e-13
-6.702536e-13
-6.709042e-13
-6.715509e-13
-6.721937e-13
-6.728325e-13
-6.734674e-13
-6.740983e-13
-6.747253e-13
-6.753483e-13
-6.759673e-13
-6.765824e-13
-6.771934e-13
-6.778005e-13
-6.784036e-13
-6.790026e-13
-6.795977e-13
-6.801887e-13
-6.807757e-13
-6.813587e-13
-6.819376e-13
-6.825125e-13
-6.830833e-13
-6.836501e-13
-6.842128e-13
-6.847714e-13
-6.853259e-13
-6.858764e-13
-6.864228e-13
-6.869651e-13
-6.875032e-13
-6.880373e-13
-6.885673e-13
-6.890931e-13
-6.896148e-13
-6.901324e-13
-6.906458e-13
-6.911551e-13
-6.916603e-13
-6.921613e-13
-6.926581e-13
-6.931508e-13
-6.936393e-13
-6.941236e-13
-6.946038e-13
-6.950797e-13
-6.955515e-13
-6.960191e-13
-6.964825e-13
-6.969417e-13
-6.973966e-13
-6.978474e-13
-6.982939e-13
-6.987363e-13
-6.991743e-13
-6.996082e-13
-7.000378e-13
-7.004632e-13
-7.008843e-13
-7.013012e-13
-7.017138e-13
-7.021222e-13
-7.025263e-13
-7.029262e-13
-7.033217e-13
-7.037130e-13
-7.041000e-13
-7.044828e-13
-7.048612e-13
-7.052354e-13
-7.056052e-13
-7.059708e-13
-7.063321e-13
-7.066890e-13
-7.070417e-13
-7.073900e-13
-7.077340e-13
-7.080738e-13
-7.084091e-13
-7.087402e-13
-7.090669e-13
-7.093893e-13
-7.097074e-13
-7.100211e-13
-7.103305e-13
-7.106355e-13
-7.109362e-13
-7.112326e-13
-7.115246e-13
-7.118122e-13
-7.120955e-13
-7.123744e-13
-7.126490e-13
-7.129192e-13
-7.131850e-13
-7.134465e-13
-7.137036e-13
-7.139563e-13
-7.142047e-13
-7.144486e-13
-7.146882e-13
-7.149234e-13
-7.151542e-13
-7.153807e-13
-7.156027e-13
-7.158204e-13
-7.160336e-13
-7.162425e-13
-7.164470e-13
-7.166471e-13
-7.168428e-13
-7.170341e-13
-7.172209e-13
-7.174034e-13
-7.175815e-13
-7.177552e-13
-7.179244e-13
-7.180893e-13
-7.182498e-13
-7.184058e-13
-7.185575e-13
-7.187047e-13
-7.188475e-13
-7.189859e-13
-7.191199e-13
-7.192495e-13
-7.193746e-13
-7.194954e-13
-7.196117e-13
-7.197236e-13
-7.198311e-13
-7.199342e-13
-7.200329e-13
-7.201271e-13
-7.202170e-13
-7.203024e-13
-7.203834e-13
-7.204600e-13
-7.205321e-13
-7.205999e-13
-7.206632e-13
-7.207221e-13
-7.207766e-13
-7.208267e-13
-7.208724e-13
-7.209136e-13
-7.209504e-13
-7.209829e-13
-7.210109e-13
-7.210344e-13
-7.210536e-13
-7.210684e-13
-7.210787e-13
-7.210847e-13
-7.210862e-13
-7.210833e-13
-7.210761e-13
-7.210644e-13
-7.210483e-13
-7.210278e-13
-7.210029e-13
-7.209736e-13
-7.209399e-13
-7.209018e-13
-7.208593e-13
-7.208124e-13
-7.207611e-13
-7.207054e-13
-7.206453e-13
-7.205808e-13
-7.205120e-13
-7.204387e-13
-7.203611e-13
-7.202791e-13
-7.201927e-13
-7.201020e-13
-7.200068e-13
-7.199073e-13
-7.198034e-13
-7.196951e-13
-7.195825e-13
-7.194655e-13
-7.193442e-13
-7.192185e-13
-7.190884e-13
-7.189540e-13
-7.188152e-13
-7.186721e-13
-7.185246e-13
-7.183728e-13
-7.182166e-13
-7.180561e-13
-7.178913e-13
-7.177221e-13
-7.175486e-13
-7.173708e-13
-7.171886e-13
-7.170021e-13
-7.168114e-13
-7.166163e-13
-7.164168e-13
-7.162131e-13
-7.160051e-13
-7.157928e-13
-7.155761e-13
-7.153552e-13
-7.151300e-13
-7.149005e-13
-7.146668e-13
-7.144287e-13
-7.141864e-13
-7.139398e-13
-7.136889e-13
-7.134338e-13
-7.131744e-13
-7.129108e-13
-7.126429e-13
-7.123707e-13
-7.120944e-13
-7.118137e-13
-7.115289e-13
-7.112398e-13
-7.109465e-13
-7.106490e-13
-7.103472e-13
-7.100413e-13
-7.097311e-13
-7.094168e-13
-7.090982e-13
-7.087755e-13
-7.084485e-13
-7.081174e-13
-7.077821e-13
-7.074426e-13
-7.070990e-13
-7.067512e-13
-7.063992e-13
-7.060431e-13
-7.056829e-13
-7.053185e-13
-7.049499e-13
-7.045773e-13
-7.042005e-13
-7.038196e-13
-7.034345e-13
-7.030454e-13
-7.026522e-13
-7.022548e-13
-7.018534e-13
-7.014479e-13
-7.010383e-13
-7.006246e-13
-7.002069e-13
-6.997851e-13
-6.993592e-13
-6.989293e-13
-6.984953e-13
-6.980573e-13
-6.976153e-13
-6.971693e-13
-6.967192e-13
-6.962651e-13
-6.958070e-13
-6.953449e-13
-6.948788e-13
-6.944087e-13
-6.939347e-13
-6.934566e-13
-6.929746e-13
-6.924886e-13
-6.919987e-13
-6.915049e-13
-6.910070e-13
-6.905053e-13
-6.899996e-13
-6.894900e-13
-6.889765e-13
-6.884591e-13
-6.879378e-13
-6.874126e-13
-6.868835e-13
-6.863505e-13
-6.858136e-13
-6.852729e-13
-6.847284e-13
-6.841800e-13
-6.836277e-13
-6.830716e-13
-6.825117e-13
-6.819479e-13
-6.813804e-13
-6.808090e-13
-6.802339e-13
-6.796550e-13
-6.790722e-13
-6.784857e-13
-6.778955e-13
-6.773015e-13
-6.767037e-13
-6.761022e-13
-6.754970e-13
-6.748880e-13
-6.742753e-13
-6.736589e-13
-6.730388e-13
-6.724150e-13
-6.717876e-13
-6.711564e-13
-6.705216e-13
-6.698831e-13
-6.692410e-13
-6.685953e-13
-6.679459e-13
-6.672928e-13
-6.666362e-13
-6.659759e-13
-6.653121e-13
-6.646446e-13
-6.639736e-13
-6.632990e-13
-6.626208e-13
-6.619391e-13
-6.612539e-13
-6.605651e-13
-6.598727e-13
-6.591769e-13
-6.584775e-13
-6.577746e-13
-6.570683e-13
-6.563584e-13
-6.556451e-13
-6.549283e-13
-6.542081e-13
-6.534844e-13
-6.527573e-13
-6.520267e-13
-6.512928e-13
-6.505554e-13
-6.498146e-13
-6.490704e-13
-6.483229e-13
-6.475720e-13
-6.468177e-13
-6.460601e-13
-6.452991e-13
-6.445348e-13
-6.437672e-13
-6.429962e-13
-6.422220e-13
-6.414444e-13
-6.406636e-13
-6.398795e-13
-6.390922e-13
-6.383016e-13
-6.375077e-13
-6.367106e-13
-6.359103e-13
-6.351068e-13
-6.343001e-13
-6.334902e-13
-6.326771e-13
-6.318608e-13
-6.310414e-13
-6.302188e-13
-6.293931e-13
-6.285643e-13
-6.277323e-13
-6.268972e-13
-6.260590e-13
-6.252178e-13
-6.243734e-13
-6.235260e-13
-6.226756e-13
-6.218221e-13
-6.209655e-13
-6.201060e-13
-6.192434e-13
-6.183778e-13
-6.175093e-13
-6.166377e-13
-6.157632e-13
-6.148857e-13
-6.140053e-13
-6.131219e-13
-6.122357e-13
-6.113465e-13
-6.104544e-13
-6.095594e-13
-6.086615e-13
-6.077607e-13
-6.068571e-13
-6.059507e-13
-6.050414e-13
-6.041293e-13
-6.032144e-13
-6.022966e-13
-6.013761e-13
-6.004528e-13
-5.995268e-13
-5.985979e-13
-5.976664e-13
-5.967321e-13
-5.957950e-13
-5.948553e-13
-5.939129e-13
-5.929678e-13
-5.920200e-13
-5.910695e-13
-5.901164e-13
-5.891607e-13
-5.882023e-13
-5.872413e-13
-5.862777e-13
-5.853115e-13
-5.843427e-13
-5.833714e-13
-5.823975e-13
-5.814211e-13
-5.804421e-13
-5.794606e-13
-5.784766e-13
-5.774901e-13
-5.765011e-13
-5.755097e-13
-5.745157e-13
-5.735194e-13
-5.725206e-13
-5.715193e-13
-5.705157e-13
-5.695097e-13
-5.685012e-13
-5.674904e-13
-5.664773e-13
-5.654617e-13
-5.644439e-13
-5.634237e-13
-5.624012e-13
-5.613764e-13
-5.603493e-13
-5.593200e-13
-5.582884e-13
-5.572545e-13
-5.562184e-13
-5.551800e-13
-5.541395e-13
-5.530967e-13
-5.520518e-13
-5.510047e-13
-5.499554e-13
-5.489040e-13
-5.478504e-13
-5.467947e-13
-5.457369e-13
-5.446770e-13
-5.436150e-13
-5.425510e-13
-5.414848e-13
-5.404167e-13
-5.393465e-13
-5.382742e-13
-5.372000e-13
-5.361238e-13
-5.350455e-13
-5.339654e-13
-5.328832e-13
-5.317991e-13
-5.307131e-13
-5.296252e-13
-5.285353e-13
-5.274436e-13
-5.263500e-13
-5.252545e-13
-5.241572e-13
-5.230580e-13
-5.219570e-13
-5.208542e-13
-5.197495e-13
-5.186431e-13
-5.175350e-13
-5.164250e-13
-5.153133e-13
-5.141999e-13
-5.130848e-13
-5.119679e-13
-5.108494e-13
-5.097292e-13
-5.086073e-13
-5.074837e-13
-5.063586e-13
-5.052317e-13
-5.041033e-13
-5.029733e-13
-5.018417e-13
-5.007085e-13
-4.995737e-13
-4.984374e-13
-4.972996e-13
-4.961602e-13
-4.950194e-13
-4.938770e-13
-4.927332e-13
-4.915879e-13
-4.904411e-13
-4.892930e-13
-4.881433e-13
-4.869923e-13
-4.858399e-13
-4.846861e-13
-4.835309e-13
-4.823744e-13
-4.812165e-13
-4.800573e-13
-4.788967e-13
-4.777349e-13
-4.765718e-13
-4.754074e-13
-4.742417e-13
-4.730748e-13
-4.719067e-13
-4.707373e-13
-4.695668e-13
-4.683950e-13
-4.672221e-13
-4.660480e-13
-4.648727e-13
-4.636963e-13
-4.625188e-13
-4.613402e-13
-4.601604e-13
-4.589796e-13
-4.577978e-13
-4.566148e-13
-4.554308e-13
-4.542458e-13
-4.530598e-13
-4.518728e-13
-4.506848e-13
-4.494958e-13
-4.483059e-13
-4.471150e-13
-4.459232e-13
-4.447305e-13
-4.435369e-13
-4.423424e-13
-4.411470e-13
-4.399507e-13
-4.387536e-13
-4.375557e-13
-4.363570e-13
-4.351574e-13
-4.339571e-13
-4.327559e-13
-4.315541e-13
-4.303514e-13
-4.291481e-13
-4.279440e-13
-4.267392e-13
-4.255337e-13
-4.243275e-13
-4.231207e-13
-4.219132e-13
-4.207051e-13
-4.194963e-13
-4.182870e-13
-4.170770e-13
-4.158665e-13
-4.146554e-13
-4.134437e-13
-4.122315e-13
-4.110188e-13
-4.098056e-13
-4.085918e-13
-4.073776e-13
-4.061629e-13
-4.049478e-13
-4.037322e-13
-4.025162e-13
-4.012998e-13
-4.000830e-13
-3.988658e-13
-3.976482e-13
-3.964302e-13
-3.952120e-13
-3.939934e-13
-3.927744e-13
-3.915552e-13
-3.903357e-13
-3.891159e-13
-3.878959e-13
-3.866756e-13
-3.854551e-13
-3.842343e-13
-3.830134e-13
-3.817923e-13
-3.805710e-13
-3.793495e-13
-3.781279e-13
-3.769061e-13
-3.756843e-13
-3.744623e-13
-3.732402e-13
-3.720181e-13
-3.707959e-13
-3.695736e-13
-3.683513e-13
-3.671290e-13
-3.659067e-13
-3.646844e-13
-3.634621e-13
-3.622398e-13
-3.610176e-13
-3.597955e-13
-3.585734e-13
-3.573514e-13
-3.561295e-13
-3.549078e-13
-3.536861e-13
-3.524647e-13
-3.512433e-13
-3.500222e-13
-3.488012e-13
-3.475805e-13
-3.463599e-13
-3.451396e-13
-3.439195e-13
-3.426997e-13
-3.414802e-13
-3.402609e-13
-3.390419e-13
-3.378233e-13
-3.366050e-13
-3.353870e-13
-3.341693e-13
-3.329521e-13
-3.317352e-13
-3.305187e-13
-3.293026e-13
-3.280869e-13
-3.268717e-13
-3.256569e-13
-3.244426e-13
-3.232288e-13
-3.220155e-13
-3.208026e-13
-3.195903e-13
-3.183785e-13
-3.171673e-13
-3.159566e-13
-3.147465e-13
-3.135370e-13
-3.123280e-13
-3.111197e-13
-3.099121e-13
-3.087050e-13
-3.074986e-13
-3.062929e-13
-3.050879e-13
-3.038836e-13
-3.026799e-13
-3.014770e-13
-3.002749e-13
-2.990734e-13
-2.978728e-13
-2.966729e-13
-2.954738e-13
-2.942755e-13
-2.930781e-13
-2.918814e-13
-2.906856e-13
-2.894907e-13
-2.882966e-13
-2.871035e-13
-2.859112e-13
-2.847198e-13
-2.835294e-13
-2.823398e-13
-2.811513e-13
-2.799637e-13
-2.787771e-13
-2.775914e-13
-2.764068e-13
-2.752232e-13
-2.740407e-13
-2.728591e-13
-2.716787e-13
-2.704993e-13
-2.693209e-13
-2.681437e-13
-2.669676e-13
-2.657926e-13
-2.646188e-13
-2.634461e-13
-2.622745e-13
-2.611042e-13
-2.599350e-13
-2.587670e-13
-2.576002e-13
-2.564347e-13
-2.552704e-13
-2.541074e-13
-2.529456e-13
-2.517851e-13
-2.506259e-13
-2.494680e-13
-2.483114e-13
-2.471562e-13
-2.460023e-13
-2.448497e-13
-2.436985e-13
-2.425488e-13
-2.414003e-13
-2.402534e-13
-2.391078e-13
-2.379636e-13
-2.368209e-13
-2.356797e-13
-2.345399e-13
-2.334017e-13
-2.322649e-13
-2.311296e-13
-2.299959e-13
-2.288636e-13
-2.277330e-13
-2.266039e-13
-2.254763e-13
-2.243504e-13
-2.232260e-13
-2.221032e-13
-2.209821e-13
-2.198626e-13
-2.187448e-13
-2.176286e-13
-2.165141e-13
-2.154012e-13
-2.142901e-13
-2.131806e-13
-2.120729e-13
-2.109670e-13
-2.098627e-13
-2.087602e-13
-2.076595e-13
-2.065606e-13
-2.054635e-13
-2.043681e-13
-2.032746e-13
-2.021829e-13
-2.010931e-13
-2.000051e-13
-1.989190e-13
-1.978348e-13
-1.967524e-13
-1.956719e-13
-1.945934e-13
-1.935168e-13
-1.924421e-13
-1.913694e-13
-1.902986e-13
-1.892298e-13
-1.881630e-13
-1.870982e-13
-1.860354e-13
-1.849746e-13
-1.839158e-13
-1.828591e-13
-1.818045e-13
-1.807519e-13
-1.797014e-13
-1.786529e-13
-1.776066e-13
-1.765624e-13
-1.755203e-13
-1.744803e-13
-1.734425e-13
-1.724069e-13
-1.713734e-13
-1.703421e-13
-1.693130e-13
-1.682860e-13
-1.672614e-13
-1.662389e-13
-1.652186e-13
-1.642007e-13
-1.631849e-13
-1.621715e-13
-1.611603e-13
-1.601514e-13
-1.591448e-13
-1.581405e-13
-1.571386e-13
-1.561390e-13
-1.551417e-13
-1.541468e-13
-1.531543e-13
-1.521641e-13
-1.511764e-13
-1.501910e-13
-1.492081e-13
-1.482275e-13
-1.472494e-13
-1.462738e-13
-1.453006e-13
-1.443298e-13
-1.433616e-13
-1.423958e-13
-1.414325e-13
-1.404718e-13
-1.395135e-13
-1.385578e-13
-1.376046e-13
-1.366540e-13
-1.357059e-13
-1.347604e-13
-1.338175e-13
-1.328772e-13
-1.319394e-13
-1.310043e-13
-1.300718e-13
-1.291419e-13
-1.282147e-13
-1.272901e-13
-1.263682e-13
-1.254490e-13
-1.245324e-13
-1.236185e-13
-1.227074e-13
-1.217989e-13
-1.208932e-13
-1.199902e-13
-1.190899e-13
-1.181924e-13
-1.172976e-13
-1.164056e-13
-1.155164e-13
-1.146300e-13
-1.137464e-13
-1.128656e-13
-1.119876e-13
-1.111124e-13
-1.102401e-13
-1.093706e-13
-1.085040e-13
-1.076402e-13
-1.067793e-13
-1.059213e-13
-1.050662e-13
-1.042140e-13
-1.033647e-13
-1.025183e-13
-1.016749e-13
-1.008344e-13
-9.999684e-14
-9.916224e-14
-9.833061e-14
-9.750195e-14
-9.667628e-14
-9.585360e-14
-9.503392e-14
-9.421725e-14
-9.340360e-14
-9.259299e-14
-9.178540e-14
-9.098087e-14
-9.017939e-14
-8.938097e-14
-8.858563e-14
-8.779336e-14
-8.700419e-14
-8.621811e-14
-8.543514e-14
-8.465529e-14
-8.387855e-14
-8.310495e-14
-8.233449e-14
-8.156718e-14
-8.080302e-14
-8.004203e-14
-7.928421e-14
-7.852957e-14
-7.777812e-14
-7.702987e-14
-7.628482e-14
-7.554299e-14
-7.480438e-14
-7.406899e-14
-7.333685e-14
-7.260795e-14
-7.188230e-14
-7.115991e-14
-7.044080e-14
-6.972496e-14
-6.901240e-14
-6.830313e-14
-6.759716e-14
-6.689451e-14
-6.619516e-14
-6.549914e-14
-6.480644e-14
-6.411709e-14
-6.343107e-14
-6.274841e-14
-6.206911e-14
-6.139318e-14
-6.072061e-14
-6.005143e-14
-5.938564e-14
-5.872324e-14
-5.806425e-14
-5.740866e-14
-5.675649e-14
-5.610775e-14
-5.546243e-14
-5.482055e-14
-5.418212e-14
-5.354713e-14
-5.291561e-14
-5.228755e-14
-5.166296e-14
-5.104185e-14
-5.042422e-14
-4.981009e-14
-4.919945e-14
-4.859232e-14
-4.798870e-14
-4.738860e-14
-4.679202e-14
-4.619897e-14
-4.560946e-14
-4.502349e-14
-4.444107e-14
-4.386220e-14
-4.328690e-14
-4.271517e-14
-4.214701e-14
-4.158243e-14
-4.102143e-14
-4.046403e-14
-3.991023e-14
-3.936003e-14
-3.881344e-14
-3.827046e-14
-3.773111e-14
-3.719539e-14
-3.666330e-14
-3.613484e-14
-3.561004e-14
-3.508888e-14
-3.457138e-14
-3.405754e-14
-3.354736e-14
-3.304086e-14
-3.253804e-14
-3.203890e-14
-3.154344e-14
-3.105169e-14
-3.056363e-14
-3.007927e-14
-2.959862e-14
-2.912169e-14
-2.864848e-14
-2.817899e-14
-2.771323e-14
-2.725121e-14
-2.679293e-14
-2.633839e-14
-2.588760e-14
-2.544056e-14
-2.499729e-14
-2.455777e-14
-2.412203e-14
-2.369006e-14
-2.326186e-14
-2.283745e-14
-2.241683e-14
-2.199999e-14
-2.158695e-14
-2.117771e-14
-2.077228e-14
-2.037066e-14
-1.997284e-14
-1.957885e-14
-1.918868e-14
-1.880233e-14
-1.841981e-14
-1.804113e-14
-1.766628e-14
-1.729528e-14
-1.692812e-14
-1.656481e-14
-1.620536e-14
-1.584976e-14
-1.549803e-14
-1.515016e-14
-1.480615e-14
-1.446603e-14
-1.412977e-14
-1.379740e-14
-1.346891e-14
-1.314431e-14
-1.282359e-14
-1.250677e-14
-1.219385e-14
-1.188483e-14
-1.157971e-14
-1.127850e-14
-1.098120e-14
-1.068781e-14
-1.039833e-14
-1.011278e-14
-9.831152e-15
-9.553447e-15
-9.279671e-15
-9.009826e-15
-8.743915e-15
-8.481942e-15
-8.223908e-15
-7.969817e-15
-7.719672e-15
-7.473474e-15
-7.231227e-15
-6.992933e-15
-6.758595e-15
-6.528215e-15
-6.301796e-15
-6.079340e-15
-5.860850e-15
-5.646327e-15
-5.435774e-15
-5.229194e-15
-5.026588e-15
-4.827959e-15
-4.633309e-15
-4.442640e-15
-4.255953e-15
-4.073252e-15
-3.894537e-15
-3.719811e-15
-3.549076e-15
-3.382333e-15
-3.219584e-15
-3.060831e-15
-2.906076e-15
-2.755320e-15
-2.608565e-15
-2.465813e-15
-2.327064e-15
-2.192321e-15
-2.061585e-15
-1.934856e-15
-1.812138e-15
-1.693431e-15
-1.578735e-15
-1.468053e-15
-1.361386e-15
-1.258734e-15
-1.160099e-15
-1.065483e-15
-9.748844e-16
-8.883061e-16
-8.057486e-16
-7.272127e-16
-6.526993e-16
-5.822091e-16
-5.157430e-16
-4.533015e-16
-3.948855e-16
-3.404954e-16
-2.901319e-16
-2.437956e-16
-2.014868e-16
-1.632061e-16
-1.289539e-16
-9.873051e-17
-7.253628e-17
-5.037147e-17
-3.223633e-17
-1.813106e-17
-8.055791e-18
-2.010645e-18
4.318633e-21
