-2.965922e-19
-2.434213e-18
-8.847205e-18
-1.953548e-17
-3.449889e-17
-5.373723e-17
-7.725022e-17
-1.050376e-16
-1.370988e-16
-1.734336e-16
-2.140414e-16
-2.589216e-16
-3.080736e-16
-3.614968e-16
-4.191903e-16
-4.811535e-16
-5.473853e-16
-6.178850e-16
-6.926515e-16
-7.716838e-16
-8.549807e-16
-9.425413e-16
-1.034364e-15
-1.130448e-15
-1.230792e-15
-1.335394e-15
-1.444252e-15
-1.557367e-15
-1.674734e-15
-1.796355e-15
-1.922225e-15
-2.052345e-15
-2.186711e-15
-2.325322e-15
-2.468177e-15
-2.615272e-15
-2.766607e-15
-2.922179e-15
-3.081985e-15
-3.246024e-15
-3.414294e-15
-3.586792e-15
-3.763515e-15
-3.944461e-15
-4.129628e-15
-4.319013e-15
-4.512614e-15
-4.710428e-15
-4.912451e-15
-5.118682e-15
-5.329117e-15
-5.543754e-15
-5.762589e-15
-5.985619e-15
-6.212842e-15
-6.444254e-15
-6.679852e-15
-6.919633e-15
-7.163593e-15
-7.411730e-15
-7.664038e-15
-7.920516e-15
-8.181160e-15
-8.445965e-15
-8.714929e-15
-8.988047e-15
-9.265316e-15
-9.546731e-15
-9.832290e-15
-1.012199e-14
-1.041582e-14
-1.071378e-14
-1.101587e-14
-1.132209e-14
-1.163242e-14
-1.194686e-14
-1.226542e-14
-1.258808e-14
-1.291484e-14
-1.324570e-14
-1.358065e-14
-1.391969e-14
-1.426280e-14
-1.461000e-14
-1.496127e-14
-1.531661e-14
-1.567601e-14
-1.603947e-14
-1.640698e-14
-1.677854e-14
-1.715414e-14
-1.753378e-14
-1.791745e-14
-1.830515e-14
-1.869687e-14
-1.909261e-14
-1.949236e-14
-1.989611e-14
-2.030386e-14
-2.071561e-14
-2.113134e-14
-2.155106e-14
-2.197475e-14
-2.240242e-14
-2.283405e-14
-2.326964e-14
-2.370918e-14
-2.415267e-14
-2.460010e-14
-2.505146e-14
-2.550675e-14
-2.596597e-14
-2.642910e-14
-2.689613e-14
-2.736708e-14
-2.784191e-14
-2.832064e-14
-2.880325e-14
-2.928974e-14
-2.978010e-14
-3.027432e-14
-3.077239e-14
-3.127432e-14
-3.178008e-14
-3.228969e-14
-3.280312e-14
-3.332037e-14
-3.384143e-14
-3.436631e-14
-3.489498e-14
-3.542744e-14
-3.596369e-14
-3.650372e-14
-3.704752e-14
-3.759507e-14
-3.814639e-14
-3.870145e-14
-3.926025e-14
-3.982278e-14
-4.038904e-14
-4.095901e-14
-4.153269e-14
-4.211008e-14
-4.269115e-14
-4.327591e-14
-4.386435e-14
-4.445645e-14
-4.505222e-14
-4.565163e-14
-4.625469e-14
-4.686139e-14
-4.747171e-14
-4.808565e-14
-4.870321e-14
-4.932436e-14
-4.994911e-14
-5.057744e-14
-5.120934e-14
-5.184482e-14
-5.248385e-14
-5.312643e-14
-5.377255e-14
-5.442221e-14
-5.507539e-14
-5.573208e-14
-5.639227e-14
-5.705596e-14
-5.772314e-14
-5.839380e-14
-5.906792e-14
-5.974550e-14
-6.042654e-14
-6.111101e-14
-6.179891e-14
-6.249024e-14
-6.318497e-14
-6.388311e-14
-6.458464e-14
-6.528955e-14
-6.599784e-14
-6.670949e-14
-6.742450e-14
-6.814284e-14
-6.886453e-14
-6.958953e-14
-7.031785e-14
-7.104948e-14
-7.178440e-14
-7.252260e-14
-7.326408e-14
-7.400882e-14
-7.475681e-14
-7.550805e-14
-7.626252e-14
-7.702021e-14
-7.778111e-14
-7.854522e-14
-7.931251e-14
-8.008299e-14
-8.085664e-14
-8.163345e-14
-8.241340e-14
-8.319650e-14
-8.398272e-14
-8.477205e-14
-8.556450e-14
-8.636003e-14
-8.715866e-14
-8.796035e-14
-8.876511e-14
-8.957292e-14
-9.038376e-14
-9.119764e-14
-9.201453e-14
-9.283443e-14
-9.365733e-14
-9.448321e-14
-9.531206e-14
-9.614388e-14
-9.697864e-14
-9.781634e-14
-9.865697e-14
-9.950051e-14
-1.003470e-13
-1.011963e-13
-1.020485e-13
-1.029036e-13
-1.037616e-13
-1.046224e-13
-1.054860e-13
-1.063524e-13
-1.072217e-13
-1.080937e-13
-1.089686e-13
-1.098462e-13
-1.107266e-13
-1.116097e-13
-1.124956e-13
-1.133842e-13
-1.142755e-13
-1.151695e-13
-1.160662e-13
-1.169656e-13
-1.178676e-13
-1.187723e-13
-1.196797e-13
-1.205896e-13
-1.215022e-13
-1.224174e-13
-1.233352e-13
-1.242555e-13
-1.251785e-13
-1.261039e-13
-1.270320e-13
-1.279625e-13
-1.288956e-13
-1.298311e-13
-1.307692e-13
-1.317097e-13
-1.326527e-13
-1.335981e-13
-1.345460e-13
-1.354963e-13
-1.364491e-13
-1.374042e-13
-1.383617e-13
-1.393216e-13
-1.402838e-13
-1.412484e-13
-1.422153e-13
-1.431846e-13
-1.441561e-13
-1.451300e-13
-1.461061e-13
-1.470845e-13
-1.480652e-13
-1.490481e-13
-1.500332e-13
-1.510205e-13
-1.520101e-13
-1.530018e-13
-1.539957e-13
-1.549918e-13
-1.559900e-13
-1.569903e-13
-1.579928e-13
-1.589974e-13
-1.600040e-13
-1.610128e-13
-1.620236e-13
-1.630365e-13
-1.640514e-13
-1.650683e-13
-1.660873e-13
-1.671082e-13
-1.681311e-13
-1.691560e-13
-1.701829e-13
-1.712117e-13
-1.722424e-13
-1.732751e-13
-1.743096e-13
-1.753460e-13
-1.763843e-13
-1.774245e-13
-1.784665e-13
-1.795103e-13
-1.805559e-13
-1.816034e-13
-1.826526e-13
-1.837036e-13
-1.847564e-13
-1.858109e-13
-1.868672e-13
-1.879251e-13
-1.889848e-13
-1.900462e-13
-1.911092e-13
-1.921739e-13
-1.932402e-13
-1.943082e-13
-1.953777e-13
-1.964489e-13
-1.975217e-13
-1.985960e-13
-1.996719e-13
-2.007494e-13
-2.018284e-13
-2.029089e-13
-2.039908e-13
-2.050743e-13
-2.061593e-13
-2.072457e-13
-2.083335e-13
-2.094228e-13
-2.105135e-13
-2.116056e-13
-2.126991e-13
-2.137939e-13
-2.148901e-13
-2.159876e-13
-2.170865e-13
-2.181867e-13
-2.192881e-13
-2.203909e-13
-2.214949e-13
-2.226002e-13
-2.237067e-13
-2.248144e-13
-2.259233e-13
-2.270335e-13
-2.281448e-13
-2.292572e-13
-2.303708e-13
-2.314856e-13
-2.326014e-13
-2.337184e-13
-2.348364e-13
-2.359556e-13
-2.370757e-13
-2.381970e-13
-2.393192e-13
-2.404425e-13
-2.415667e-13
-2.426920e-13
-2.438182e-13
-2.449454e-13
-2.460735e-13
-2.472025e-13
-2.483324e-13
-2.494632e-13
-2.505949e-13
-2.517275e-13
-2.528609e-13
-2.539952e-13
-2.551302e-13
-2.562661e-13
-2.574027e-13
-2.585402e-13
-2.596783e-13
-2.608173e-13
-2.619569e-13
-2.630973e-13
-2.642383e-13
-2.653800e-13
-2.665224e-13
-2.676655e-13
-2.688092e-13
-2.699535e-13
-2.710984e-13
-2.722439e-13
-2.733900e-13
-2.745366e-13
-2.756838e-13
-2.768315e-13
-2.779797e-13
-2.791284e-13
-2.802776e-13
-2.814273e-13
-2.825774e-13
-2.837280e-13
-2.848790e-13
-2.860303e-13
-2.871821e-13
-2.883343e-13
-2.894868e-13
-2.906397e-13
-2.917929e-13
-2.929464e-13
-2.941002e-13
-2.952543e-13
-2.964087e-13
-2.975633e-13
-2.987181e-13
-2.998732e-13
-3.010285e-13
-3.021840e-13
-3.033397e-13
-3.044955e-13
-3.056515e-13
-3.068076e-13
-3.079638e-13
-3.091202e-13
-3.102766e-13
-3.114331e-13
-3.125896e-13
-3.137462e-13
-3.149028e-13
-3.160595e-13
-3.172161e-13
-3.183727e-13
-3.195293e-13
-3.206858e-13
-3.218422e-13
-3.229986e-13
-3.241549e-13
-3.253111e-13
-3.264671e-13
-3.276230e-13
-3.287788e-13
-3.299343e-13
-3.310897e-13
-3.322449e-13
-3.333999e-13
-3.345547e-13
-3.357092e-13
-3.368634e-13
-3.380173e-13
-3.391710e-13
-3.403244e-13
-3.414774e-13
-3.426301e-13
-3.437825e-13
-3.449345e-13
-3.460861e-13
-3.472373e-13
-3.483881e-13
-3.495384e-13
-3.506883e-13
-3.518378e-13
-3.529868e-13
-3.541353e-13
-3.552833e-13
-3.564308e-13
-3.575778e-13
-3.587242e-13
-3.598700e-13
-3.610153e-13
-3.621600e-13
-3.633041e-13
-3.644475e-13
-3.655903e-13
-3.667325e-13
-3.678740e-13
-3.690148e-13
-3.701549e-13
-3.712944e-13
-3.724331e-13
-3.735710e-13
-3.747082e-13
-3.758446e-13
-3.769803e-13
-3.781151e-13
-3.792492e-13
-3.803824e-13
-3.815147e-13
-3.826463e-13
-3.837769e-13
-3.849066e-13
-3.860355e-13
-3.871634e-13
-3.882904e-13
-3.894165e-13
-3.905416e-13
-3.916657e-13
-3.927889e-13
-3.939110e-13
-3.950322e-13
-3.961522e-13
-3.972713e-13
-3.983893e-13
-3.995062e-13
-4.006220e-13
-4.017367e-13
-4.028503e-13
-4.039628e-13
-4.050742e-13
-4.061843e-13
-4.072933e-13
-4.084011e-13
-4.095077e-13
-4.106131e-13
-4.117173e-13
-4.128202e-13
-4.139218e-13
-4.150222e-13
-4.161213e-13
-4.172191e-13
-4.183156e-13
-4.194107e-13
-4.205045e-13
-4.215970e-13
-4.226880e-13
-4.237777e-13
-4.248660e-13
-4.259529e-13
-4.270383e-13
-4.281223e-13
-4.292049e-13
-4.302860e-13
-4.313656e-13
-4.324437e-13
-4.335203e-13
-4.345954e-13
-4.356689e-13
-4.367409e-13
-4.378113e-13
-4.388802e-13
-4.399474e-13
-4.410131e-13
-4.420771e-13
-4.431395e-13
-4.442003e-13
-4.452594e-13
-4.463168e-13
-4.473726e-13
-4.484266e-13
-4.494789e-13
-4.505295e-13
-4.515784e-13
-4.526255e-13
-4.536709e-13
-4.547145e-13
-4.557563e-13
-4.567962e-13
-4.578344e-13
-4.588707e-13
-4.599052e-13
-4.609379e-13
-4.619686e-13
-4.629975e-13
-4.640245e-13
-4.650496e-13
-4.660727e-13
-4.670940e-13
-4.681132e-13
-4.691306e-13
-4.701459e-13
-4.711593e-13
-4.721706e-13
-4.731800e-13
-4.741873e-13
-4.751926e-13
-4.761959e-13
-4.771970e-13
-4.781962e-13
-4.791932e-13
-4.801881e-13
-4.811809e-13
-4.821716e-13
-4.831602e-13
-4.841466e-13
-4.851309e-13
-4.861130e-13
-4.870929e-13
-4.880706e-13
-4.890461e-13
-4.900193e-13
-4.909904e-13
-4.919592e-13
-4.929257e-13
-4.938900e-13
-4.948520e-13
-4.958117e-13
-4.967691e-13
-4.977242e-13
-4.986769e-13
-4.996274e-13
-5.005754e-13
-5.015211e-13
-5.024644e-13
-5.034054e-13
-5.043439e-13
-5.052801e-13
-5.062138e-13
-5.071451e-13
-5.080739e-13
-5.090003e-13
-5.099242e-13
-5.108456e-13
-5.117646e-13
-5.126810e-13
-5.135949e-13
-5.145064e-13
-5.154152e-13
-5.163216e-13
-5.172253e-13
-5.181266e-13
-5.190252e-13
-5.199212e-13
-5.208147e-13
-5.217055e-13
-5.225937e-13
-5.234793e-13
-5.243622e-13
-5.252425e-13
-5.261201e-13
-5.269950e-13
-5.278673e-13
-5.287368e-13
-5.296037e-13
-5.304678e-13
-5.313292e-13
-5.321879e-13
-5.330438e-13
-5.338969e-13
-5.347473e-13
-5.355949e-13
-5.364397e-13
-5.372817e-13
-5.381209e-13
-5.389573e-13
-5.397909e-13
-5.406216e-13
-5.414494e-13
-5.422744e-13
-5.430965e-13
-5.439158e-13
-5.447321e-13
-5.455456e-13
-5.463561e-13
-5.471638e-13
-5.479685e-13
-5.487702e-13
-5.495690e-13
-5.503649e-13
-5.511577e-13
-5.519477e-13
-5.527346e-13
-5.535185e-13
-5.542994e-13
-5.550773e-13
-5.558522e-13
-5.566240e-13
-5.573928e-13
-5.581586e-13
-5.589213e-13
-5.596809e-13
-5.604375e-13
-5.611909e-13
-5.619413e-13
-5.626885e-13
-5.634327e-13
-5.641737e-13
-5.649116e-13
-5.656463e-13
-5.663779e-13
-5.671064e-13
-5.678317e-13
-5.685538e-13
-5.692727e-13
-5.699884e-13
-5.707010e-13
-5.714103e-13
-5.721164e-13
-5.728193e-13
-5.735189e-13
-5.742153e-13
-5.749085e-13
-5.755984e-13
-5.762851e-13
-5.769684e-13
-5.776485e-13
-5.783253e-13
-5.789988e-13
-5.796690e-13
-5.803359e-13
-5.809995e-13
-5.816597e-13
-5.823166e-13
-5.829702e-13
-5.836204e-13
-5.842673e-13
-5.849108e-13
-5.855509e-13
-5.861876e-13
-5.868210e-13
-5.874509e-13
-5.880775e-13
-5.887006e-13
-5.893204e-13
-5.899367e-13
-5.905496e-13
-5.911590e-13
-5.917650e-13
-5.923676e-13
-5.929667e-13
-5.935623e-13
-5.941545e-13
-5.947432e-13
-5.953284e-13
-5.959101e-13
-5.964883e-13
-5.970630e-13
-5.976342e-13
-5.982019e-13
-5.987661e-13
-5.993267e-13
-5.998838e-13
-6.004374e-13
-6.009874e-13
-6.015339e-13
-6.020768e-13
-6.026161e-13
-6.031518e-13
-6.036840e-13
-6.042126e-13
-6.047376e-13
-6.052591e-13
-6.057769e-13
-6.062911e-13
-6.068017e-13
-6.073087e-13
-6.078120e-13
-6.083118e-13
-6.088079e-13
-6.093003e-13
-6.097891e-13
-6.102743e-13
-6.107558e-13
-6.112337e-13
-6.117078e-13
-6.121784e-13
-6.126452e-13
-6.131083e-13
-6.135678e-13
-6.140236e-13
-6.144757e-13
-6.149241e-13
-6.153687e-13
-6.158097e-13
-6.162470e-13
-6.166805e-13
-6.171103e-13
-6.175364e-13
-6.179588e-13
-6.183774e-13
-6.187922e-13
-6.192034e-13
-6.196108e-13
-6.200144e-13
-6.204143e-13
-6.208104e-13
-6.212027e-13
-6.215913e-13
-6.219761e-13
-6.223571e-13
-6.227343e-13
-6.231078e-13
-6.234774e-13
-6.238433e-13
-6.242054e-13
-6.245636e-13
-6.249181e-13
-6.252688e-13
-6.256156e-13
-6.259586e-13
-6.262979e-13
-6.266333e-13
-6.269648e-13
-6.272926e-13
-6.276165e-13
-6.279365e-13
-6.282528e-13
-6.285652e-13
-6.288737e-13
-6.291785e-13
-6.294793e-13
-6.297763e-13
-6.300695e-13
-6.303588e-13
-6.306442e-13
-6.309258e-13
-6.312035e-13
-6.314773e-13
-6.317473e-13
-6.320134e-13
-6.322756e-13
-6.325340e-13
-6.327884e-13
-6.330390e-13
-6.332857e-13
-6.335285e-13
-6.337675e-13
-6.340025e-13
-6.342337e-13
-6.344609e-13
-6.346843e-13
-6.349037e-13
-6.351193e-13
-6.353309e-13
-6.355387e-13
-6.357425e-13
-6.359425e-13
-6.361385e-13
-6.363306e-13
-6.365188e-13
-6.367031e-13
-6.368835e-13
-6.370600e-13
-6.372326e-13
-6.374012e-13
-6.375659e-13
-6.377267e-13
-6.378836e-13
-6.380366e-13
-6.381856e-13
-6.383307e-13
-6.384719e-13
-6.386092e-13
-6.387425e-13
-6.388719e-13
-6.389974e-13
-6.391189e-13
-6.392366e-13
-6.393503e-13
-6.394600e-13
-6.395659e-13
-6.396678e-13
-6.397658e-13
-6.398598e-13
-6.399499e-13
-6.400361e-13
-6.401184e-13
-6.401967e-13
-6.402711e-13
-6.403416e-13
-6.404081e-13
-6.404707e-13
-6.405294e-13
-6.405841e-13
-6.406349e-13
-6.406818e-13
-6.407247e-13
-6.407638e-13
-6.407989e-13
-6.408300e-13
-6.408573e-13
-6.408806e-13
-6.408999e-13
-6.409154e-13
-6.409269e-13
-6.409345e-13
-6.409382e-13
-6.409380e-13
-6.409338e-13
-6.409258e-13
-6.409138e-13
-6.408978e-13
-6.408780e-13
-6.408543e-13
-6.408266e-13
-6.407950e-13
-6.407595e-13
-6.407201e-13
-6.406768e-13
-6.406296e-13
-6.405785e-13
-6.405235e-13
-6.404645e-13
-6.404017e-13
-6.403350e-13
-6.402643e-13
-6.401898e-13
-6.401114e-13
-6.400291e-13
-6.399429e-13
-6.398528e-13
-6.397588e-13
-6.396610e-13
-6.395592e-13
-6.394536e-13
-6.393441e-13
-6.392307e-13
-6.391135e-13
-6.389923e-13
-6.388674e-13
-6.387385e-13
-6.386058e-13
-6.384692e-13
-6.383288e-13
-6.381845e-13
-6.380364e-13
-6.378844e-13
-6.377285e-13
-6.375688e-13
-6.374053e-13
-6.372379e-13
-6.370667e-13
-6.368917e-13
-6.367129e-13
-6.365302e-13
-6.363437e-13
-6.361533e-13
-6.359592e-13
-6.357612e-13
-6.355594e-13
-6.353539e-13
-6.351445e-13
-6.349313e-13
-6.347143e-13
-6.344936e-13
-6.342690e-13
-6.340406e-13
-6.338085e-13
-6.335726e-13
-6.333329e-13
-6.330895e-13
-6.328423e-13
-6.325913e-13
-6.323365e-13
-6.320781e-13
-6.318158e-13
-6.315498e-13
-6.312801e-13
-6.310066e-13
-6.307294e-13
-6.304485e-13
-6.301638e-13
-6.298754e-13
-6.295833e-13
-6.292875e-13
-6.289880e-13
-6.286848e-13
-6.283778e-13
-6.280672e-13
-6.277529e-13
-6.274349e-13
-6.271133e-13
-6.267879e-13
-6.264589e-13
-6.261262e-13
-6.257899e-13
-6.254499e-13
-6.251062e-13
-6.247589e-13
-6.244080e-13
-6.240534e-13
-6.236952e-13
-6.233334e-13
-6.229679e-13
-6.225989e-13
-6.222262e-13
-6.218499e-13
-6.214700e-13
-6.210866e-13
-6.206995e-13
-6.203089e-13
-6.199146e-13
-6.195169e-13
-6.191155e-13
-6.187106e-13
-6.183021e-13
-6.178901e-13
-6.174746e-13
-6.170555e-13
-6.166328e-13
-6.162067e-13
-6.157770e-13
-6.153439e-13
-6.149072e-13
-6.144670e-13
-6.140233e-13
-6.135761e-13
-6.131255e-13
-6.126713e-13
-6.122138e-13
-6.117527e-13
-6.112882e-13
-6.108202e-13
-6.103488e-13
-6.098739e-13
-6.093957e-13
-6.089140e-13
-6.084288e-13
-6.079403e-13
-6.074484e-13
-6.069530e-13
-6.064543e-13
-6.059522e-13
-6.054467e-13
-6.049379e-13
-6.044256e-13
-6.039101e-13
-6.033911e-13
-6.028688e-13
-6.023432e-13
-6.018143e-13
-6.012820e-13
-6.007465e-13
-6.002076e-13
-5.996654e-13
-5.991199e-13
-5.985712e-13
-5.980192e-13
-5.974638e-13
-5.969053e-13
-5.963435e-13
-5.957784e-13
-5.952101e-13
-5.946385e-13
-5.940637e-13
-5.934858e-13
-5.929046e-13
-5.923201e-13
-5.917325e-13
-5.911418e-13
-5.905478e-13
-5.899507e-13
-5.893504e-13
-5.887469e-13
-5.881403e-13
-5.875305e-13
-5.869177e-13
-5.863017e-13
-5.856826e-13
-5.850603e-13
-5.844350e-13
-5.838066e-13
-5.831751e-13
-5.825405e-13
-5.819029e-13
-5.812622e-13
-5.806184e-13
-5.799716e-13
-5.793218e-13
-5.786690e-13
-5.780131e-13
-5.773542e-13
-5.766923e-13
-5.760275e-13
-5.753596e-13
-5.746888e-13
-5.740150e-13
-5.733383e-13
-5.726586e-13
-5.719760e-13
-5.712904e-13
-5.706019e-13
-5.699105e-13
-5.692163e-13
-5.685191e-13
-5.678190e-13
-5.671160e-13
-5.664102e-13
-5.657015e-13
-5.649900e-13
-5.642756e-13
-5.635584e-13
-5.628384e-13
-5.621156e-13
-5.613899e-13
-5.606615e-13
-5.599303e-13
-5.591963e-13
-5.584595e-13
-5.577200e-13
-5.569777e-13
-5.562327e-13
-5.554850e-13
-5.547345e-13
-5.539814e-13
-5.532255e-13
-5.524669e-13
-5.517057e-13
-5.509418e-13
-5.501752e-13
-5.494060e-13
-5.486341e-13
-5.478596e-13
-5.470825e-13
-5.463027e-13
-5.455204e-13
-5.447354e-13
-5.439479e-13
-5.431578e-13
-5.423651e-13
-5.415699e-13
-5.407721e-13
-5.399718e-13
-5.391690e-13
-5.383637e-13
-5.375558e-13
-5.367455e-13
-5.359326e-13
-5.351173e-13
-5.342996e-13
-5.334793e-13
-5.326567e-13
-5.318316e-13
-5.310041e-13
-5.301741e-13
-5.293418e-13
-5.285070e-13
-5.276699e-13
-5.268304e-13
-5.259886e-13
-5.251444e-13
-5.242978e-13
-5.234490e-13
-5.225978e-13
-5.217443e-13
-5.208885e-13
-5.200304e-13
-5.191700e-13
-5.183074e-13
-5.174425e-13
-5.165753e-13
-5.157060e-13
-5.148344e-13
-5.139605e-13
-5.130845e-13
-5.122063e-13
-5.113259e-13
-5.104434e-13
-5.095586e-13
-5.086718e-13
-5.077827e-13
-5.068916e-13
-5.059983e-13
-5.051030e-13
-5.042055e-13
-5.033060e-13
-5.024044e-13
-5.015007e-13
-5.005949e-13
-4.996872e-13
-4.987774e-13
-4.978656e-13
-4.969517e-13
-4.960359e-13
-4.951181e-13
-4.941983e-13
-4.932766e-13
-4.923529e-13
-4.914273e-13
-4.904997e-13
-4.895702e-13
-4.886388e-13
-4.877055e-13
-4.867704e-13
-4.858333e-13
-4.848944e-13
-4.839537e-13
-4.830111e-13
-4.820667e-13
-4.811204e-13
-4.801724e-13
-4.792226e-13
-4.782709e-13
-4.773176e-13
-4.763624e-13
-4.754055e-13
-4.744469e-13
-4.734865e-13
-4.725245e-13
-4.715607e-13
-4.705953e-13
-4.696281e-13
-4.686593e-13
-4.676889e-13
-4.667168e-13
-4.657430e-13
-4.647677e-13
-4.637907e-13
-4.628122e-13
-4.618320e-13
-4.608503e-13
-4.598670e-13
-4.588822e-13
-4.578958e-13
-4.569079e-13
-4.559185e-13
-4.549276e-13
-4.539352e-13
-4.529413e-13
-4.519460e-13
-4.509491e-13
-4.499509e-13
-4.489512e-13
-4.479501e-13
-4.469476e-13
-4.459437e-13
-4.449384e-13
-4.439317e-13
-4.429237e-13
-4.419143e-13
-4.409036e-13
-4.398916e-13
-4.388782e-13
-4.378635e-13
-4.368476e-13
-4.358304e-13
-4.348119e-13
-4.337921e-13
-4.327712e-13
-4.317490e-13
-4.307255e-13
-4.297009e-13
-4.286751e-13
-4.276481e-13
-4.266199e-13
-4.255905e-13
-4.245601e-13
-4.235284e-13
-4.224957e-13
-4.214619e-13
-4.204269e-13
-4.193909e-13
-4.183538e-13
-4.173157e-13
-4.162765e-13
-4.152362e-13
-4.141950e-13
-4.131527e-13
-4.121094e-13
-4.110651e-13
-4.100199e-13
-4.089737e-13
-4.079266e-13
-4.068785e-13
-4.058295e-13
-4.047795e-13
-4.037287e-13
-4.026770e-13
-4.016244e-13
-4.005709e-13
-3.995166e-13
-3.984615e-13
-3.974055e-13
-3.963487e-13
-3.952911e-13
-3.942327e-13
-3.931736e-13
-3.921136e-13
-3.910529e-13
-3.899915e-13
-3.889293e-13
-3.878664e-13
-3.868029e-13
-3.857386e-13
-3.846736e-13
-3.836080e-13
-3.825417e-13
-3.814748e-13
-3.804072e-13
-3.793391e-13
-3.782703e-13
-3.772009e-13
-3.761309e-13
-3.750604e-13
-3.739893e-13
-3.729177e-13
-3.718455e-13
-3.707729e-13
-3.696997e-13
-3.686260e-13
-3.675518e-13
-3.664772e-13
-3.654021e-13
-3.643265e-13
-3.632505e-13
-3.621741e-13
-3.610973e-13
-3.600201e-13
-3.589425e-13
-3.578646e-13
-3.567862e-13
-3.557076e-13
-3.546286e-13
-3.535492e-13
-3.524696e-13
-3.513897e-13
-3.503094e-13
-3.492289e-13
-3.481482e-13
-3.470672e-13
-3.459860e-13
-3.449045e-13
-3.438228e-13
-3.427409e-13
-3.416589e-13
-3.405766e-13
-3.394942e-13
-3.384117e-13
-3.373290e-13
-3.362462e-13
-3.351633e-13
-3.340803e-13
-3.329971e-13
-3.319140e-13
-3.308307e-13
-3.297474e-13
-3.286641e-13
-3.275807e-13
-3.264973e-13
-3.254139e-13
-3.243306e-13
-3.232472e-13
-3.221639e-13
-3.210806e-13
-3.199974e-13
-3.189143e-13
-3.178312e-13
-3.167483e-13
-3.156654e-13
-3.145827e-13
-3.135001e-13
-3.124176e-13
-3.113353e-13
-3.102532e-13
-3.091713e-13
-3.080895e-13
-3.070080e-13
-3.059267e-13
-3.048456e-13
-3.037647e-13
-3.026841e-13
-3.016038e-13
-3.005237e-13
-2.994440e-13
-2.983645e-13
-2.972854e-13
-2.962066e-13
-2.951281e-13
-2.940500e-13
-2.929722e-13
-2.918949e-13
-2.908179e-13
-2.897413e-13
-2.886651e-13
-2.875894e-13
-2.865141e-13
-2.854392e-13
-2.843648e-13
-2.832909e-13
-2.822174e-13
-2.811445e-13
-2.800720e-13
-2.790001e-13
-2.779287e-13
-2.768579e-13
-2.757876e-13
-2.747179e-13
-2.736488e-13
-2.725802e-13
-2.715123e-13
-2.704450e-13
-2.693783e-13
-2.683122e-13
-2.672468e-13
-2.661821e-13
-2.651180e-13
-2.640547e-13
-2.629920e-13
-2.619301e-13
-2.608688e-13
-2.598083e-13
-2.587486e-13
-2.576896e-13
-2.566314e-13
-2.555739e-13
-2.545173e-13
-2.534615e-13
-2.524064e-13
-2.513523e-13
-2.502989e-13
-2.492464e-13
-2.481948e-13
-2.471440e-13
-2.460942e-13
-2.450452e-13
-2.439971e-13
-2.429500e-13
-2.419038e-13
-2.408586e-13
-2.398143e-13
-2.387710e-13
-2.377286e-13
-2.366873e-13
-2.356469e-13
-2.346076e-13
-2.335693e-13
-2.325320e-13
-2.314958e-13
-2.304606e-13
-2.294266e-13
-2.283936e-13
-2.273617e-13
-2.263309e-13
-2.253012e-13
-2.242726e-13
-2.232452e-13
-2.222190e-13
-2.211939e-13
-2.201700e-13
-2.191473e-13
-2.181257e-13
-2.171054e-13
-2.160863e-13
-2.150684e-13
-2.140518e-13
-2.130364e-13
-2.120223e-13
-2.110095e-13
-2.099979e-13
-2.089877e-13
-2.079787e-13
-2.069711e-13
-2.059648e-13
-2.049599e-13
-2.039563e-13
-2.029541e-13
-2.019532e-13
-2.009537e-13
-1.999557e-13
-1.989590e-13
-1.979638e-13
-1.969700e-13
-1.959776e-13
-1.949867e-13
-1.939972e-13
-1.930092e-13
-1.920227e-13
-1.910377e-13
-1.900542e-13
-1.890723e-13
-1.880918e-13
-1.871129e-13
-1.861355e-13
-1.851597e-13
-1.841855e-13
-1.832128e-13
-1.822418e-13
-1.812723e-13
-1.803045e-13
-1.793383e-13
-1.783737e-13
-1.774107e-13
-1.764494e-13
-1.754898e-13
-1.745319e-13
-1.735756e-13
-1.726210e-13
-1.716682e-13
-1.707170e-13
-1.697676e-13
-1.688199e-13
-1.678740e-13
-1.669298e-13
-1.659874e-13
-1.650468e-13
-1.641080e-13
-1.631709e-13
-1.622357e-13
-1.613023e-13
-1.603707e-13
-1.594410e-13
-1.585131e-13
-1.575871e-13
-1.566629e-13
-1.557407e-13
-1.548203e-13
-1.539018e-13
-1.529852e-13
-1.520706e-13
-1.511579e-13
-1.502471e-13
-1.493383e-13
-1.484314e-13
-1.475265e-13
-1.466236e-13
-1.457226e-13
-1.448237e-13
-1.439268e-13
-1.430319e-13
-1.421390e-13
-1.412482e-13
-1.403594e-13
-1.394726e-13
-1.385880e-13
-1.377054e-13
-1.368249e-13
-1.359464e-13
-1.350701e-13
-1.341959e-13
-1.333239e-13
-1.324539e-13
-1.315861e-13
-1.307205e-13
-1.298570e-13
-1.289957e-13
-1.281366e-13
-1.272796e-13
-1.264249e-13
-1.255723e-13
-1.247220e-13
-1.238739e-13
-1.230281e-13
-1.221844e-13
-1.213431e-13
-1.205040e-13
-1.196671e-13
-1.188326e-13
-1.180003e-13
-1.171704e-13
-1.163427e-13
-1.155174e-13
-1.146944e-13
-1.138737e-13
-1.130553e-13
-1.122393e-13
-1.114257e-13
-1.106144e-13
-1.098056e-13
-1.089991e-13
-1.081950e-13
-1.073933e-13
-1.065940e-13
-1.057971e-13
-1.050027e-13
-1.042107e-13
-1.034211e-13
-1.026340e-13
-1.018494e-13
-1.010672e-13
-1.002875e-13
-9.951031e-14
-9.873560e-14
-9.796340e-14
-9.719372e-14
-9.642655e-14
-9.566192e-14
-9.489982e-14
-9.414027e-14
-9.338327e-14
-9.262883e-14
-9.187697e-14
-9.112768e-14
-9.038098e-14
-8.963687e-14
-8.889536e-14
-8.815647e-14
-8.742019e-14
-8.668653e-14
-8.595552e-14
-8.522714e-14
-8.450141e-14
-8.377834e-14
-8.305793e-14
-8.234019e-14
-8.162514e-14
-8.091277e-14
-8.020310e-14
-7.949612e-14
-7.879186e-14
-7.809032e-14
-7.739150e-14
-7.669542e-14
-7.600207e-14
-7.531148e-14
-7.462363e-14
-7.393855e-14
-7.325624e-14
-7.257671e-14
-7.189996e-14
-7.122600e-14
-7.055484e-14
-6.988648e-14
-6.922094e-14
-6.855821e-14
-6.789832e-14
-6.724125e-14
-6.658703e-14
-6.593566e-14
-6.528714e-14
-6.464148e-14
-6.399869e-14
-6.335877e-14
-6.272174e-14
-6.208759e-14
-6.145634e-14
-6.082800e-14
-6.020256e-14
-5.958003e-14
-5.896043e-14
-5.834376e-14
-5.773002e-14
-5.711923e-14
-5.651138e-14
-5.590649e-14
-5.530456e-14
-5.470559e-14
-5.410960e-14
-5.351659e-14
-5.292657e-14
-5.233954e-14
-5.175551e-14
-5.117448e-14
-5.059646e-14
-5.002146e-14
-4.944949e-14
-4.888054e-14
-4.831463e-14
-4.775176e-14
-4.719194e-14
-4.663517e-14
-4.608146e-14
-4.553082e-14
-4.498325e-14
-4.443875e-14
-4.389734e-14
-4.335901e-14
-4.282378e-14
-4.229165e-14
-4.176263e-14
-4.123671e-14
-4.071391e-14
-4.019424e-14
-3.967769e-14
-3.916427e-14
-3.865399e-14
-3.814686e-14
-3.764287e-14
-3.714204e-14
-3.664437e-14
-3.614986e-14
-3.565853e-14
-3.517037e-14
-3.468539e-14
-3.420359e-14
-3.372499e-14
-3.324958e-14
-3.277737e-14
-3.230837e-14
-3.184258e-14
-3.138000e-14
-3.092065e-14
-3.046452e-14
-3.001162e-14
-2.956196e-14
-2.911553e-14
-2.867235e-14
-2.823242e-14
-2.779574e-14
-2.736233e-14
-2.693217e-14
-2.650528e-14
-2.608166e-14
-2.566132e-14
-2.524427e-14
-2.483049e-14
-2.442001e-14
-2.401282e-14
-2.360893e-14
-2.320834e-14
-2.281105e-14
-2.241708e-14
-2.202642e-14
-2.163909e-14
-2.125507e-14
-2.087438e-14
-2.049703e-14
-2.012301e-14
-1.975233e-14
-1.938499e-14
-1.902099e-14
-1.866035e-14
-1.830307e-14
-1.794914e-14
-1.759857e-14
-1.725137e-14
-1.690754e-14
-1.656709e-14
-1.623001e-14
-1.589630e-14
-1.556599e-14
-1.523906e-14
-1.491552e-14
-1.459537e-14
-1.427863e-14
-1.396528e-14
-1.365533e-14
-1.334880e-14
-1.304567e-14
-1.274596e-14
-1.244967e-14
-1.215679e-14
-1.186734e-14
-1.158131e-14
-1.129872e-14
-1.101955e-14
-1.074382e-14
-1.047153e-14
-1.020268e-14
-9.937268e-15
-9.675306e-15
-9.416793e-15
-9.161733e-15
-8.910126e-15
-8.661977e-15
-8.417287e-15
-8.176060e-15
-7.938298e-15
-7.704002e-15
-7.473177e-15
-7.245824e-15
-7.021945e-15
-6.801544e-15
-6.584621e-15
-6.371181e-15
-6.161224e-15
-5.954753e-15
-5.751770e-15
-5.552277e-15
-5.356277e-15
-5.163771e-15
-4.974762e-15
-4.789251e-15
-4.607240e-15
-4.428732e-15
-4.253728e-15
-4.082230e-15
-3.914240e-15
-3.749759e-15
-3.588789e-15
-3.431333e-15
-3.277391e-15
-3.126966e-15
-2.980058e-15
-2.836670e-15
-2.696802e-15
-2.560457e-15
-2.427636e-15
-2.298339e-15
-2.172570e-15
-2.050328e-15
-1.931615e-15
-1.816433e-15
-1.704782e-15
-1.596664e-15
-1.492080e-15
-1.391031e-15
-1.293517e-15
-1.199541e-15
-1.109103e-15
-1.022204e-15
-9.388451e-16
-8.590267e-16
-7.827500e-16
-7.100157e-16
-6.408245e-16
-5.751773e-16
-5.130746e-16
-4.545172e-16
-3.995057e-16
-3.480406e-16
-3.001224e-16
-2.557518e-16
-2.149291e-16
-1.776547e-16
-1.439292e-16
-1.137527e-16
-8.712566e-17
-6.404833e-17
-4.452097e-17
-2.854376e-17
-1.611687e-17
-7.240447e-18
-1.914568e-18
-1.392942e-19
