4.583916e-20
-2.340047e-18
-9.497441e-18
-2.142625e-17
-3.812630e-17
-5.959737e-17
-8.583916e-17
-1.168513e-16
-1.526334e-16
-1.931849e-16
-2.385054e-16
-2.885941e-16
-3.434503e-16
-4.030734e-16
-4.674625e-16
-5.366168e-16
-6.105352e-16
-6.892167e-16
-7.726604e-16
-8.608650e-16
-9.538293e-16
-1.051552e-15
-1.154032e-15
-1.261267e-15
-1.373257e-15
-1.490000e-15
-1.611493e-15
-1.737736e-15
-1.868727e-15
-2.004463e-15
-2.144944e-15
-2.290167e-15
-2.440130e-15
-2.594830e-15
-2.754267e-15
-2.918438e-15
-3.087340e-15
-3.260971e-15
-3.439329e-15
-3.622411e-15
-3.810215e-15
-4.002738e-15
-4.199978e-15
-4.401932e-15
-4.608597e-15
-4.819970e-15
-5.036049e-15
-5.256830e-15
-5.482310e-15
-5.712487e-15
-5.947357e-15
-6.186917e-15
-6.431163e-15
-6.680093e-15
-6.933703e-15
-7.191989e-15
-7.454948e-15
-7.722576e-15
-7.994869e-15
-8.271825e-15
-8.553438e-15
-8.839706e-15
-9.130624e-15
-9.426188e-15
-9.726394e-15
-1.003124e-14
-1.034072e-14
-1.065483e-14
-1.097356e-14
-1.129691e-14
-1.162488e-14
-1.195747e-14
-1.229466e-14
-1.263645e-14
-1.298284e-14
-1.333383e-14
-1.368940e-14
-1.404956e-14
-1.441429e-14
-1.478360e-14
-1.515748e-14
-1.553593e-14
-1.591893e-14
-1.630648e-14
-1.669858e-14
-1.709523e-14
-1.749641e-14
-1.790212e-14
-1.831236e-14
-1.872712e-14
-1.914639e-14
-1.957018e-14
-1.999846e-14
-2.043125e-14
-2.086852e-14
-2.131028e-14
-2.175652e-14
-2.220724e-14
-2.266242e-14
-2.312206e-14
-2.358615e-14
-2.405470e-14
-2.452768e-14
-2.500510e-14
-2.548695e-14
-2.597322e-14
-2.646391e-14
-2.695900e-14
-2.745850e-14
-2.796240e-14
-2.847068e-14
-2.898334e-14
-2.950038e-14
-3.002178e-14
-3.054754e-14
-3.107766e-14
-3.161212e-14
-3.215092e-14
-3.269406e-14
-3.324151e-14
-3.379328e-14
-3.434936e-14
-3.490974e-14
-3.547442e-14
-3.604338e-14
-3.661661e-14
-3.719412e-14
-3.777589e-14
-3.836191e-14
-3.895218e-14
-3.954669e-14
-4.014543e-14
-4.074839e-14
-4.135556e-14
-4.196694e-14
-4.258251e-14
-4.320227e-14
-4.382621e-14
-4.445433e-14
-4.508660e-14
-4.572303e-14
-4.636361e-14
-4.700832e-14
-4.765716e-14
-4.831012e-14
-4.896719e-14
-4.962836e-14
-5.029363e-14
-5.096297e-14
-5.163639e-14
-5.231388e-14
-5.299542e-14
-5.368100e-14
-5.437063e-14
-5.506428e-14
-5.576195e-14
-5.646362e-14
-5.716930e-14
-5.787896e-14
-5.859261e-14
-5.931022e-14
-6.003180e-14
-6.075732e-14
-6.148679e-14
-6.222018e-14
-6.295750e-14
-6.369872e-14
-6.444385e-14
-6.519287e-14
-6.594576e-14
-6.670253e-14
-6.746315e-14
-6.822763e-14
-6.899594e-14
-6.976808e-14
-7.054404e-14
-7.132381e-14
-7.210737e-14
-7.289471e-14
-7.368584e-14
-7.448072e-14
-7.527936e-14
-7.608174e-14
-7.688786e-14
-7.769769e-14
-7.851124e-14
-7.932848e-14
-8.014941e-14
-8.097402e-14
-8.180229e-14
-8.263421e-14
-8.346978e-14
-8.430898e-14
-8.515180e-14
-8.599822e-14
-8.684825e-14
-8.770185e-14
-8.855904e-14
-8.941978e-14
-9.028407e-14
-9.115191e-14
-9.202327e-14
-9.289814e-14
-9.377652e-14
-9.465839e-14
-9.554373e-14
-9.643255e-14
-9.732482e-14
-9.822053e-14
-9.911967e-14
-1.000222e-13
-1.009282e-13
-1.018376e-13
-1.027503e-13
-1.036664e-13
-1.045859e-13
-1.055087e-13
-1.064348e-13
-1.073643e-13
-1.082971e-13
-1.092332e-13
-1.101725e-13
-1.111151e-13
-1.120610e-13
-1.130101e-13
-1.139624e-13
-1.149180e-13
-1.158768e-13
-1.168387e-13
-1.178039e-13
-1.187722e-13
-1.197436e-13
-1.207182e-13
-1.216959e-13
-1.226768e-13
-1.236607e-13
-1.246477e-13
-1.256378e-13
-1.266310e-13
-1.276272e-13
-1.286264e-13
-1.296286e-13
-1.306339e-13
-1.316421e-13
-1.326533e-13
-1.336675e-13
-1.346847e-13
-1.357047e-13
-1.367277e-13
-1.377536e-13
-1.387824e-13
-1.398141e-13
-1.408487e-13
-1.418861e-13
-1.429263e-13
-1.439694e-13
-1.450153e-13
-1.460640e-13
-1.471154e-13
-1.481697e-13
-1.492266e-13
-1.502864e-13
-1.513488e-13
-1.524140e-13
-1.534819e-13
-1.545524e-13
-1.556256e-13
-1.567015e-13
-1.577800e-13
-1.588611e-13
-1.599449e-13
-1.610312e-13
-1.621202e-13
-1.632117e-13
-1.643057e-13
-1.654023e-13
-1.665014e-13
-1.676030e-13
-1.687071e-13
-1.698137e-13
-1.709228e-13
-1.720343e-13
-1.731482e-13
-1.742645e-13
-1.753833e-13
-1.765044e-13
-1.776280e-13
-1.787538e-13
-1.798820e-13
-1.810126e-13
-1.821455e-13
-1.832806e-13
-1.844181e-13
-1.855578e-13
-1.866997e-13
-1.878439e-13
-1.889903e-13
-1.901390e-13
-1.912898e-13
-1.924428e-13
-1.935979e-13
-1.947552e-13
-1.959147e-13
-1.970762e-13
-1.982398e-13
-1.994055e-13
-2.005733e-13
-2.017432e-13
-2.029150e-13
-2.040889e-13
-2.052648e-13
-2.064427e-13
-2.076226e-13
-2.088044e-13
-2.099881e-13
-2.111738e-13
-2.123614e-13
-2.135509e-13
-2.147422e-13
-2.159354e-13
-2.171305e-13
-2.183274e-13
-2.195261e-13
-2.207266e-13
-2.219289e-13
-2.231330e-13
-2.243388e-13
-2.255463e-13
-2.267555e-13
-2.279665e-13
-2.291791e-13
-2.303934e-13
-2.316094e-13
-2.328270e-13
-2.340462e-13
-2.352670e-13
-2.364894e-13
-2.377134e-13
-2.389390e-13
-2.401660e-13
-2.413946e-13
-2.426247e-13
-2.438563e-13
-2.450894e-13
-2.463239e-13
-2.475599e-13
-2.487973e-13
-2.500360e-13
-2.512762e-13
-2.525178e-13
-2.537607e-13
-2.550050e-13
-2.562506e-13
-2.574974e-13
-2.587456e-13
-2.599951e-13
-2.612458e-13
-2.624978e-13
-2.637510e-13
-2.650054e-13
-2.662610e-13
-2.675177e-13
-2.687757e-13
-2.700347e-13
-2.712949e-13
-2.725562e-13
-2.738186e-13
-2.750821e-13
-2.763466e-13
-2.776122e-13
-2.788788e-13
-2.801464e-13
-2.814150e-13
-2.826846e-13
-2.839551e-13
-2.852266e-13
-2.864990e-13
-2.877723e-13
-2.890465e-13
-2.903216e-13
-2.915975e-13
-2.928743e-13
-2.941519e-13
-2.954303e-13
-2.967095e-13
-2.979894e-13
-2.992701e-13
-3.005516e-13
-3.018338e-13
-3.031167e-13
-3.044003e-13
-3.056845e-13
-3.069694e-13
-3.082550e-13
-3.095411e-13
-3.108279e-13
-3.121153e-13
-3.134032e-13
-3.146917e-13
-3.159807e-13
-3.172702e-13
-3.185603e-13
-3.198508e-13
-3.211418e-13
-3.224332e-13
-3.237251e-13
-3.250174e-13
-3.263101e-13
-3.276032e-13
-3.288967e-13
-3.301905e-13
-3.314846e-13
-3.327791e-13
-3.340738e-13
-3.353688e-13
-3.366641e-13
-3.379597e-13
-3.392555e-13
-3.405515e-13
-3.418476e-13
-3.431440e-13
-3.444406e-13
-3.457372e-13
-3.470340e-13
-3.483310e-13
-3.496280e-13
-3.509251e-13
-3.522222e-13
-3.535194e-13
-3.548167e-13
-3.561139e-13
-3.574112e-13
-3.587084e-13
-3.600055e-13
-3.613027e-13
-3.625997e-13
-3.638967e-13
-3.651935e-13
-3.664902e-13
-3.677868e-13
-3.690832e-13
-3.703795e-13
-3.716755e-13
-3.729714e-13
-3.742670e-13
-3.755624e-13
-3.768575e-13
-3.781523e-13
-3.794469e-13
-3.807411e-13
-3.820351e-13
-3.833286e-13
-3.846218e-13
-3.859147e-13
-3.872071e-13
-3.884991e-13
-3.897907e-13
-3.910819e-13
-3.923726e-13
-3.936628e-13
-3.949526e-13
-3.962418e-13
-3.975305e-13
-3.988186e-13
-4.001062e-13
-4.013932e-13
-4.026796e-13
-4.039654e-13
-4.052506e-13
-4.065351e-13
-4.078190e-13
-4.091022e-13
-4.103847e-13
-4.116665e-13
-4.129476e-13
-4.142279e-13
-4.155075e-13
-4.167863e-13
-4.180643e-13
-4.193414e-13
-4.206178e-13
-4.218933e-13
-4.231680e-13
-4.244418e-13
-4.257147e-13
-4.269866e-13
-4.282577e-13
-4.295278e-13
-4.307970e-13
-4.320652e-13
-4.333324e-13
-4.345986e-13
-4.358638e-13
-4.371279e-13
-4.383910e-13
-4.396530e-13
-4.409140e-13
-4.421738e-13
-4.434325e-13
-4.446901e-13
-4.459465e-13
-4.472018e-13
-4.484558e-13
-4.497087e-13
-4.509604e-13
-4.522108e-13
-4.534600e-13
-4.547079e-13
-4.559545e-13
-4.571999e-13
-4.584439e-13
-4.596866e-13
-4.609280e-13
-4.621680e-13
-4.634066e-13
-4.646439e-13
-4.658797e-13
-4.671141e-13
-4.683471e-13
-4.695787e-13
-4.708087e-13
-4.720373e-13
-4.732644e-13
-4.744899e-13
-4.757140e-13
-4.769365e-13
-4.781574e-13
-4.793767e-13
-4.805945e-13
-4.818106e-13
-4.830251e-13
-4.842380e-13
-4.854493e-13
-4.866588e-13
-4.878667e-13
-4.890729e-13
-4.902773e-13
-4.914801e-13
-4.926810e-13
-4.938803e-13
-4.950777e-13
-4.962734e-13
-4.974672e-13
-4.986592e-13
-4.998494e-13
-5.010378e-13
-5.022243e-13
-5.034088e-13
-5.045915e-13
-5.057723e-13
-5.069512e-13
-5.081281e-13
-5.093031e-13
-5.104761e-13
-5.116471e-13
-5.128161e-13
-5.139831e-13
-5.151480e-13
-5.163110e-13
-5.174718e-13
-5.186306e-13
-5.197873e-13
-5.209419e-13
-5.220944e-13
-5.232447e-13
-5.243930e-13
-5.255390e-13
-5.266829e-13
-5.278246e-13
-5.289640e-13
-5.301013e-13
-5.312364e-13
-5.323691e-13
-5.334997e-13
-5.346279e-13
-5.357539e-13
-5.368776e-13
-5.379989e-13
-5.391180e-13
-5.402347e-13
-5.413490e-13
-5.424609e-13
-5.435705e-13
-5.446777e-13
-5.457824e-13
-5.468848e-13
-5.479847e-13
-5.490821e-13
-5.501771e-13
-5.512696e-13
-5.523596e-13
-5.534471e-13
-5.545321e-13
-5.556145e-13
-5.566944e-13
-5.577717e-13
-5.588465e-13
-5.599187e-13
-5.609882e-13
-5.620552e-13
-5.631195e-13
-5.641812e-13
-5.652402e-13
-5.662966e-13
-5.673503e-13
-5.684013e-13
-5.694496e-13
-5.704952e-13
-5.715380e-13
-5.725781e-13
-5.736155e-13
-5.746500e-13
-5.756818e-13
-5.767108e-13
-5.777370e-13
-5.787604e-13
-5.797809e-13
-5.807986e-13
-5.818135e-13
-5.828254e-13
-5.838345e-13
-5.848407e-13
-5.858440e-13
-5.868444e-13
-5.878418e-13
-5.888363e-13
-5.898279e-13
-5.908164e-13
-5.918020e-13
-5.927846e-13
-5.937642e-13
-5.947408e-13
-5.957144e-13
-5.966849e-13
-5.976524e-13
-5.986168e-13
-5.995781e-13
-6.005364e-13
-6.014915e-13
-6.024436e-13
-6.033925e-13
-6.043383e-13
-6.052810e-13
-6.062205e-13
-6.071568e-13
-6.080900e-13
-6.090199e-13
-6.099467e-13
-6.108703e-13
-6.117906e-13
-6.127077e-13
-6.136216e-13
-6.145322e-13
-6.154395e-13
-6.163436e-13
-6.172444e-13
-6.181419e-13
-6.190360e-13
-6.199269e-13
-6.208144e-13
-6.216986e-13
-6.225794e-13
-6.234569e-13
-6.243310e-13
-6.252017e-13
-6.260691e-13
-6.269330e-13
-6.277935e-13
-6.286506e-13
-6.295043e-13
-6.303545e-13
-6.312012e-13
-6.320445e-13
-6.328843e-13
-6.337207e-13
-6.345535e-13
-6.353829e-13
-6.362087e-13
-6.370310e-13
-6.378498e-13
-6.386650e-13
-6.394767e-13
-6.402848e-13
-6.410893e-13
-6.418903e-13
-6.426877e-13
-6.434815e-13
-6.442716e-13
-6.450582e-13
-6.458411e-13
-6.466204e-13
-6.473960e-13
-6.481680e-13
-6.489364e-13
-6.497010e-13
-6.504620e-13
-6.512193e-13
-6.519729e-13
-6.527228e-13
-6.534689e-13
-6.542114e-13
-6.549501e-13
-6.556850e-13
-6.564163e-13
-6.571437e-13
-6.578674e-13
-6.585873e-13
-6.593035e-13
-6.600158e-13
-6.607243e-13
-6.614291e-13
-6.621300e-13
-6.628271e-13
-6.635203e-13
-6.642098e-13
-6.648953e-13
-6.655770e-13
-6.662549e-13
-6.669289e-13
-6.675990e-13
-6.682652e-13
-6.689275e-13
-6.695859e-13
-6.702405e-13
-6.708911e-13
-6.715377e-13
-6.721805e-13
-6.728193e-13
-6.734541e-13
-6.740850e-13
-6.747120e-13
-6.753349e-13
-6.759540e-13
-6.765690e-13
-6.771800e-13
-6.777871e-13
-6.783901e-13
-6.789891e-13
-6.795841e-13
-6.801751e-13
-6.807621e-13
-6.813450e-13
-6.819239e-13
-6.824988e-13
-6.830696e-13
-6.836363e-13
-6.841990e-13
-6.847576e-13
-6.853121e-13
-6.858625e-13
-6.864089e-13
-6.869511e-13
-6.874892e-13
-6.880233e-13
-6.885532e-13
-6.890790e-13
-6.896007e-13
-6.901182e-13
-6.906316e-13
-6.911409e-13
-6.916460e-13
-6.921470e-13
-6.926438e-13
-6.931364e-13
-6.936249e-13
-6.941092e-13
-6.945893e-13
-6.950653e-13
-6.955370e-13
-6.960046e-13
-6.964679e-13
-6.969271e-13
-6.973820e-13
-6.978327e-13
-6.982792e-13
-6.987215e-13
-6.991596e-13
-6.995934e-13
-7.000230e-13
-7.004483e-13
-7.008694e-13
-7.012863e-13
-7.016989e-13
-7.021072e-13
-7.025113e-13
-7.029111e-13
-7.033066e-13
-7.036979e-13
-7.040849e-13
-7.044676e-13
-7.048460e-13
-7.052201e-13
-7.055900e-13
-7.059555e-13
-7.063167e-13
-7.066736e-13
-7.070263e-13
-7.073746e-13
-7.077186e-13
-7.080582e-13
-7.083936e-13
-7.087246e-13
-7.090513e-13
-7.093737e-13
-7.096917e-13
-7.100054e-13
-7.103147e-13
-7.106198e-13
-7.109204e-13
-7.112167e-13
-7.115087e-13
-7.117963e-13
-7.120796e-13
-7.123584e-13
-7.126330e-13
-7.129031e-13
-7.131689e-13
-7.134304e-13
-7.136874e-13
-7.139401e-13
-7.141884e-13
-7.144324e-13
-7.146719e-13
-7.149071e-13
-7.151379e-13
-7.153643e-13
-7.155863e-13
-7.158039e-13
-7.160171e-13
-7.162260e-13
-7.164304e-13
-7.166304e-13
-7.168261e-13
-7.170173e-13
-7.172042e-13
-7.173866e-13
-7.175647e-13
-7.177383e-13
-7.179076e-13
-7.180724e-13
-7.182328e-13
-7.183888e-13
-7.185404e-13
-7.186876e-13
-7.188304e-13
-7.189688e-13
-7.191027e-13
-7.192323e-13
-7.193574e-13
-7.194781e-13
-7.195944e-13
-7.197063e-13
-7.198137e-13
-7.199168e-13
-7.200154e-13
-7.201096e-13
-7.201994e-13
-7.202848e-13
-7.203658e-13
-7.204423e-13
-7.205144e-13
-7.205821e-13
-7.206454e-13
-7.207043e-13
-7.207588e-13
-7.208088e-13
-7.208544e-13
-7.208956e-13
-7.209324e-13
-7.209648e-13
-7.209928e-13
-7.210163e-13
-7.210355e-13
-7.210502e-13
-7.210605e-13
-7.210664e-13
-7.210679e-13
-7.210650e-13
-7.210577e-13
-7.210459e-13
-7.210298e-13
-7.210093e-13
-7.209843e-13
-7.209550e-13
-7.209212e-13
-7.208831e-13
-7.208406e-13
-7.207936e-13
-7.207423e-13
-7.206866e-13
-7.206265e-13
-7.205620e-13
-7.204931e-13
-7.204198e-13
-7.203421e-13
-7.202601e-13
-7.201736e-13
-7.200828e-13
-7.199877e-13
-7.198881e-13
-7.197842e-13
-7.196759e-13
-7.195632e-13
-7.194462e-13
-7.193248e-13
-7.191990e-13
-7.190689e-13
-7.189345e-13
-7.187957e-13
-7.186525e-13
-7.185050e-13
-7.183531e-13
-7.181969e-13
-7.180364e-13
-7.178715e-13
-7.177023e-13
-7.175287e-13
-7.173509e-13
-7.171687e-13
-7.169822e-13
-7.167914e-13
-7.165962e-13
-7.163968e-13
-7.161930e-13
-7.159849e-13
-7.157726e-13
-7.155559e-13
-7.153350e-13
-7.151097e-13
-7.148802e-13
-7.146464e-13
-7.144083e-13
-7.141659e-13
-7.139193e-13
-7.136684e-13
-7.134132e-13
-7.131538e-13
-7.128901e-13
-7.126222e-13
-7.123500e-13
-7.120736e-13
-7.117929e-13
-7.115081e-13
-7.112189e-13
-7.109256e-13
-7.106280e-13
-7.103263e-13
-7.100203e-13
-7.097101e-13
-7.093957e-13
-7.090771e-13
-7.087543e-13
-7.084273e-13
-7.080962e-13
-7.077608e-13
-7.074213e-13
-7.070776e-13
-7.067298e-13
-7.063778e-13
-7.060217e-13
-7.056614e-13
-7.052969e-13
-7.049284e-13
-7.045557e-13
-7.041788e-13
-7.037979e-13
-7.034128e-13
-7.030236e-13
-7.026304e-13
-7.022330e-13
-7.018315e-13
-7.014260e-13
-7.010163e-13
-7.006026e-13
-7.001849e-13
-6.997630e-13
-6.993371e-13
-6.989072e-13
-6.984732e-13
-6.980352e-13
-6.975931e-13
-6.971470e-13
-6.966969e-13
-6.962428e-13
-6.957846e-13
-6.953225e-13
-6.948564e-13
-6.943863e-13
-6.939122e-13
-6.934341e-13
-6.929521e-13
-6.924660e-13
-6.919761e-13
-6.914822e-13
-6.909843e-13
-6.904826e-13
-6.899768e-13
-6.894672e-13
-6.889537e-13
-6.884362e-13
-6.879149e-13
-6.873896e-13
-6.868605e-13
-6.863275e-13
-6.857906e-13
-6.852499e-13
-6.847053e-13
-6.841568e-13
-6.836045e-13
-6.830484e-13
-6.824885e-13
-6.819247e-13
-6.813571e-13
-6.807857e-13
-6.802106e-13
-6.796316e-13
-6.790489e-13
-6.784623e-13
-6.778720e-13
-6.772780e-13
-6.766802e-13
-6.760787e-13
-6.754734e-13
-6.748644e-13
-6.742517e-13
-6.736353e-13
-6.730152e-13
-6.723914e-13
-6.717639e-13
-6.711327e-13
-6.704978e-13
-6.698593e-13
-6.692172e-13
-6.685714e-13
-6.679220e-13
-6.672689e-13
-6.666122e-13
-6.659520e-13
-6.652881e-13
-6.646206e-13
-6.639496e-13
-6.632750e-13
-6.625968e-13
-6.619150e-13
-6.612297e-13
-6.605409e-13
-6.598485e-13
-6.591527e-13
-6.584533e-13
-6.577504e-13
-6.570440e-13
-6.563341e-13
-6.556208e-13
-6.549040e-13
-6.541837e-13
-6.534600e-13
-6.527329e-13
-6.520023e-13
-6.512683e-13
-6.505309e-13
-6.497901e-13
-6.490460e-13
-6.482984e-13
-6.475474e-13
-6.467931e-13
-6.460355e-13
-6.452745e-13
-6.445102e-13
-6.437425e-13
-6.429716e-13
-6.421973e-13
-6.414198e-13
-6.406389e-13
-6.398548e-13
-6.390675e-13
-6.382768e-13
-6.374830e-13
-6.366859e-13
-6.358856e-13
-6.350820e-13
-6.342753e-13
-6.334654e-13
-6.326523e-13
-6.318360e-13
-6.310165e-13
-6.301940e-13
-6.293682e-13
-6.285394e-13
-6.277074e-13
-6.268723e-13
-6.260341e-13
-6.251929e-13
-6.243485e-13
-6.235011e-13
-6.226506e-13
-6.217971e-13
-6.209406e-13
-6.200810e-13
-6.192184e-13
-6.183528e-13
-6.174843e-13
-6.166127e-13
-6.157382e-13
-6.148607e-13
-6.139803e-13
-6.130969e-13
-6.122106e-13
-6.113214e-13
-6.104293e-13
-6.095343e-13
-6.086364e-13
-6.077357e-13
-6.068321e-13
-6.059256e-13
-6.050163e-13
-6.041042e-13
-6.031893e-13
-6.022715e-13
-6.013510e-13
-6.004277e-13
-5.995017e-13
-5.985728e-13
-5.976413e-13
-5.967070e-13
-5.957700e-13
-5.948302e-13
-5.938878e-13
-5.929427e-13
-5.919949e-13
-5.910445e-13
-5.900913e-13
-5.891356e-13
-5.881772e-13
-5.872162e-13
-5.862527e-13
-5.852865e-13
-5.843177e-13
-5.833464e-13
-5.823725e-13
-5.813960e-13
-5.804171e-13
-5.794356e-13
-5.784516e-13
-5.774651e-13
-5.764761e-13
-5.754847e-13
-5.744908e-13
-5.734944e-13
-5.724956e-13
-5.714944e-13
-5.704908e-13
-5.694847e-13
-5.684763e-13
-5.674655e-13
-5.664524e-13
-5.654369e-13
-5.644190e-13
-5.633989e-13
-5.623764e-13
-5.613516e-13
-5.603245e-13
-5.592952e-13
-5.582636e-13
-5.572297e-13
-5.561936e-13
-5.551553e-13
-5.541148e-13
-5.530720e-13
-5.520271e-13
-5.509800e-13
-5.499307e-13
-5.488793e-13
-5.478258e-13
-5.467701e-13
-5.457123e-13
-5.446525e-13
-5.435905e-13
-5.425264e-13
-5.414603e-13
-5.403922e-13
-5.393220e-13
-5.382498e-13
-5.371756e-13
-5.360994e-13
-5.350212e-13
-5.339410e-13
-5.328589e-13
-5.317748e-13
-5.306889e-13
-5.296009e-13
-5.285111e-13
-5.274194e-13
-5.263258e-13
-5.252304e-13
-5.241331e-13
-5.230339e-13
-5.219329e-13
-5.208302e-13
-5.197256e-13
-5.186192e-13
-5.175110e-13
-5.164011e-13
-5.152895e-13
-5.141761e-13
-5.130610e-13
-5.119442e-13
-5.108257e-13
-5.097055e-13
-5.085836e-13
-5.074601e-13
-5.063349e-13
-5.052082e-13
-5.040798e-13
-5.029498e-13
-5.018182e-13
-5.006850e-13
-4.995503e-13
-4.984141e-13
-4.972763e-13
-4.961369e-13
-4.949961e-13
-4.938538e-13
-4.927100e-13
-4.915648e-13
-4.904180e-13
-4.892699e-13
-4.881203e-13
-4.869693e-13
-4.858169e-13
-4.846632e-13
-4.835080e-13
-4.823515e-13
-4.811937e-13
-4.800345e-13
-4.788740e-13
-4.777123e-13
-4.765492e-13
-4.753848e-13
-4.742192e-13
-4.730523e-13
-4.718843e-13
-4.707149e-13
-4.695444e-13
-4.683727e-13
-4.671998e-13
-4.660257e-13
-4.648505e-13
-4.636742e-13
-4.624967e-13
-4.613181e-13
-4.601384e-13
-4.589577e-13
-4.577759e-13
-4.565930e-13
-4.554090e-13
-4.542241e-13
-4.530381e-13
-4.518512e-13
-4.506632e-13
-4.494743e-13
-4.482844e-13
-4.470936e-13
-4.459018e-13
-4.447092e-13
-4.435156e-13
-4.423211e-13
-4.411258e-13
-4.399296e-13
-4.387325e-13
-4.375347e-13
-4.363360e-13
-4.351365e-13
-4.339362e-13
-4.327351e-13
-4.315333e-13
-4.303307e-13
-4.291274e-13
-4.279234e-13
-4.267186e-13
-4.255132e-13
-4.243071e-13
-4.231003e-13
-4.218929e-13
-4.206848e-13
-4.194761e-13
-4.182668e-13
-4.170569e-13
-4.158464e-13
-4.146354e-13
-4.134238e-13
-4.122116e-13
-4.109990e-13
-4.097858e-13
-4.085721e-13
-4.073580e-13
-4.061434e-13
-4.049283e-13
-4.037128e-13
-4.024968e-13
-4.012805e-13
-4.000637e-13
-3.988465e-13
-3.976290e-13
-3.964112e-13
-3.951929e-13
-3.939744e-13
-3.927555e-13
-3.915364e-13
-3.903169e-13
-3.890972e-13
-3.878772e-13
-3.866570e-13
-3.854365e-13
-3.842159e-13
-3.829950e-13
-3.817739e-13
-3.805527e-13
-3.793313e-13
-3.781097e-13
-3.768880e-13
-3.756662e-13
-3.744443e-13
-3.732223e-13
-3.720002e-13
-3.707781e-13
-3.695559e-13
-3.683337e-13
-3.671114e-13
-3.658892e-13
-3.646669e-13
-3.634447e-13
-3.622225e-13
-3.610004e-13
-3.597783e-13
-3.585563e-13
-3.573344e-13
-3.561126e-13
-3.548909e-13
-3.536693e-13
-3.524479e-13
-3.512266e-13
-3.500056e-13
-3.487847e-13
-3.475640e-13
-3.463435e-13
-3.451232e-13
-3.439032e-13
-3.426835e-13
-3.414640e-13
-3.402448e-13
-3.390259e-13
-3.378073e-13
-3.365891e-13
-3.353711e-13
-3.341536e-13
-3.329364e-13
-3.317196e-13
-3.305031e-13
-3.292871e-13
-3.280715e-13
-3.268564e-13
-3.256417e-13
-3.244274e-13
-3.232137e-13
-3.220004e-13
-3.207876e-13
-3.195754e-13
-3.183637e-13
-3.171525e-13
-3.159419e-13
-3.147318e-13
-3.135224e-13
-3.123135e-13
-3.111053e-13
-3.098977e-13
-3.086907e-13
-3.074844e-13
-3.062788e-13
-3.050738e-13
-3.038695e-13
-3.026660e-13
-3.014631e-13
-3.002610e-13
-2.990597e-13
-2.978591e-13
-2.966593e-13
-2.954603e-13
-2.942621e-13
-2.930647e-13
-2.918681e-13
-2.906724e-13
-2.894775e-13
-2.882835e-13
-2.870904e-13
-2.858982e-13
-2.847069e-13
-2.835165e-13
-2.823271e-13
-2.811386e-13
-2.799511e-13
-2.787645e-13
-2.775790e-13
-2.763944e-13
-2.752109e-13
-2.740284e-13
-2.728469e-13
-2.716665e-13
-2.704872e-13
-2.693089e-13
-2.681318e-13
-2.669557e-13
-2.657808e-13
-2.646070e-13
-2.634344e-13
-2.622629e-13
-2.610926e-13
-2.599235e-13
-2.587556e-13
-2.575889e-13
-2.564234e-13
-2.552592e-13
-2.540962e-13
-2.529345e-13
-2.517741e-13
-2.506150e-13
-2.494571e-13
-2.483006e-13
-2.471454e-13
-2.459916e-13
-2.448391e-13
-2.436880e-13
-2.425383e-13
-2.413900e-13
-2.402430e-13
-2.390975e-13
-2.379534e-13
-2.368108e-13
-2.356696e-13
-2.345299e-13
-2.333917e-13
-2.322550e-13
-2.311198e-13
-2.299861e-13
-2.288540e-13
-2.277233e-13
-2.265943e-13
-2.254668e-13
-2.243409e-13
-2.232166e-13
-2.220939e-13
-2.209729e-13
-2.198534e-13
-2.187357e-13
-2.176195e-13
-2.165051e-13
-2.153923e-13
-2.142812e-13
-2.131719e-13
-2.120642e-13
-2.109583e-13
-2.098541e-13
-2.087517e-13
-2.076511e-13
-2.065522e-13
-2.054551e-13
-2.043598e-13
-2.032664e-13
-2.021748e-13
-2.010850e-13
-1.999971e-13
-1.989110e-13
-1.978268e-13
-1.967445e-13
-1.956641e-13
-1.945856e-13
-1.935091e-13
-1.924345e-13
-1.913618e-13
-1.902911e-13
-1.892224e-13
-1.881556e-13
-1.870908e-13
-1.860281e-13
-1.849674e-13
-1.839087e-13
-1.828520e-13
-1.817974e-13
-1.807449e-13
-1.796944e-13
-1.786460e-13
-1.775998e-13
-1.765556e-13
-1.755136e-13
-1.744737e-13
-1.734359e-13
-1.724003e-13
-1.713669e-13
-1.703356e-13
-1.693066e-13
-1.682797e-13
-1.672550e-13
-1.662326e-13
-1.652124e-13
-1.641945e-13
-1.631788e-13
-1.621654e-13
-1.611543e-13
-1.601455e-13
-1.591389e-13
-1.581347e-13
-1.571328e-13
-1.561333e-13
-1.551360e-13
-1.541412e-13
-1.531487e-13
-1.521586e-13
-1.511709e-13
-1.501856e-13
-1.492027e-13
-1.482222e-13
-1.472441e-13
-1.462685e-13
-1.452954e-13
-1.443247e-13
-1.433565e-13
-1.423908e-13
-1.414275e-13
-1.404668e-13
-1.395086e-13
-1.385529e-13
-1.375998e-13
-1.366492e-13
-1.357012e-13
-1.347557e-13
-1.338128e-13
-1.328726e-13
-1.319349e-13
-1.309998e-13
-1.300673e-13
-1.291375e-13
-1.282103e-13
-1.272858e-13
-1.263639e-13
-1.254447e-13
-1.245282e-13
-1.236144e-13
-1.227032e-13
-1.217948e-13
-1.208891e-13
-1.199862e-13
-1.190859e-13
-1.181885e-13
-1.172937e-13
-1.164018e-13
-1.155126e-13
-1.146262e-13
-1.137427e-13
-1.128619e-13
-1.119839e-13
-1.111088e-13
-1.102365e-13
-1.093671e-13
-1.085005e-13
-1.076368e-13
-1.067759e-13
-1.059179e-13
-1.050629e-13
-1.042107e-13
-1.033614e-13
-1.025151e-13
-1.016717e-13
-1.008312e-13
-9.999370e-14
-9.915914e-14
-9.832754e-14
-9.749891e-14
-9.667328e-14
-9.585063e-14
-9.503098e-14
-9.421435e-14
-9.340074e-14
-9.259015e-14
-9.178260e-14
-9.097810e-14
-9.017665e-14
-8.937826e-14
-8.858295e-14
-8.779072e-14
-8.700157e-14
-8.621553e-14
-8.543259e-14
-8.465276e-14
-8.387606e-14
-8.310248e-14
-8.233205e-14
-8.156477e-14
-8.080064e-14
-8.003968e-14
-7.928188e-14
-7.852727e-14
-7.777585e-14
-7.702763e-14
-7.628261e-14
-7.554080e-14
-7.480222e-14
-7.406686e-14
-7.333474e-14
-7.260587e-14
-7.188024e-14
-7.115788e-14
-7.043879e-14
-6.972297e-14
-6.901044e-14
-6.830120e-14
-6.759526e-14
-6.689262e-14
-6.619330e-14
-6.549730e-14
-6.480463e-14
-6.411530e-14
-6.342931e-14
-6.274667e-14
-6.206739e-14
-6.139148e-14
-6.071894e-14
-6.004978e-14
-5.938401e-14
-5.872163e-14
-5.806266e-14
-5.740709e-14
-5.675494e-14
-5.610622e-14
-5.546092e-14
-5.481906e-14
-5.418065e-14
-5.354569e-14
-5.291418e-14
-5.228614e-14
-5.166157e-14
-5.104048e-14
-5.042287e-14
-4.980876e-14
-4.919814e-14
-4.859102e-14
-4.798742e-14
-4.738733e-14
-4.679077e-14
-4.619774e-14
-4.560825e-14
-4.502229e-14
-4.443989e-14
-4.386104e-14
-4.328576e-14
-4.271404e-14
-4.214589e-14
-4.158133e-14
-4.102035e-14
-4.046297e-14
-3.990918e-14
-3.935899e-14
-3.881242e-14
-3.826946e-14
-3.773012e-14
-3.719441e-14
-3.666234e-14
-3.613390e-14
-3.560910e-14
-3.508796e-14
-3.457047e-14
-3.405664e-14
-3.354648e-14
-3.303999e-14
-3.253718e-14
-3.203806e-14
-3.154262e-14
-3.105087e-14
-3.056282e-14
-3.007848e-14
-2.959784e-14
-2.912092e-14
-2.864772e-14
-2.817825e-14
-2.771250e-14
-2.725049e-14
-2.679222e-14
-2.633769e-14
-2.588691e-14
-2.543988e-14
-2.499662e-14
-2.455712e-14
-2.412138e-14
-2.368942e-14
-2.326123e-14
-2.283683e-14
-2.241622e-14
-2.199939e-14
-2.158636e-14
-2.117713e-14
-2.077171e-14
-2.037009e-14
-1.997229e-14
-1.957831e-14
-1.918814e-14
-1.880180e-14
-1.841929e-14
-1.804062e-14
-1.766578e-14
-1.729478e-14
-1.692763e-14
-1.656433e-14
-1.620489e-14
-1.584930e-14
-1.549757e-14
-1.514971e-14
-1.480571e-14
-1.446559e-14
-1.412934e-14
-1.379698e-14
-1.346849e-14
-1.314390e-14
-1.282319e-14
-1.250638e-14
-1.219346e-14
-1.188445e-14
-1.157933e-14
-1.127813e-14
-1.098083e-14
-1.068745e-14
-1.039798e-14
-1.011244e-14
-9.830811e-15
-9.553111e-15
-9.279340e-15
-9.009501e-15
-8.743595e-15
-8.481627e-15
-8.223598e-15
-7.969512e-15
-7.719371e-15
-7.473179e-15
-7.230936e-15
-6.992647e-15
-6.758313e-15
-6.527938e-15
-6.301523e-15
-6.079071e-15
-5.860585e-15
-5.646066e-15
-5.435518e-15
-5.228941e-15
-5.026339e-15
-4.827714e-15
-4.633068e-15
-4.442402e-15
-4.255719e-15
-4.073021e-15
-3.894309e-15
-3.719587e-15
-3.548855e-15
-3.382115e-15
-3.219369e-15
-3.060619e-15
-2.905867e-15
-2.755114e-15
-2.608362e-15
-2.465612e-15
-2.326866e-15
-2.192125e-15
-2.061392e-15
-1.934666e-15
-1.811950e-15
-1.693245e-15
-1.578552e-15
-1.467872e-15
-1.361207e-15
-1.258557e-15
-1.159924e-15
-1.065309e-15
-9.747129e-16
-8.881365e-16
-8.055807e-16
-7.270464e-16
-6.525346e-16
-5.820460e-16
-5.155813e-16
-4.531413e-16
-3.947266e-16
-3.403378e-16
-2.899755e-16
-2.436403e-16
-2.013327e-16
-1.630530e-16
-1.288018e-16
-9.857933e-17
-7.238596e-17
-5.022195e-17
-3.208755e-17
-1.798296e-17
-7.908311e-18
-1.863723e-18
1.507416e-19
