2.959465e-20
-2.108020e-18
-8.521017e-18
-1.920931e-17
-3.417274e-17
-5.341111e-17
-7.692416e-17
-1.047115e-16
-1.367729e-16
-1.731077e-16
-2.137156e-16
-2.585959e-16
-3.077481e-16
-3.611713e-16
-4.188650e-16
-4.808283e-16
-5.470603e-16
-6.175601e-16
-6.923268e-16
-7.713593e-16
-8.546564e-16
-9.422172e-16
-1.034040e-15
-1.130124e-15
-1.230468e-15
-1.335070e-15
-1.443929e-15
-1.557044e-15
-1.674412e-15
-1.796033e-15
-1.921903e-15
-2.052023e-15
-2.186390e-15
-2.325001e-15
-2.467856e-15
-2.614952e-15
-2.766287e-15
-2.921859e-15
-3.081666e-15
-3.245706e-15
-3.413976e-15
-3.586474e-15
-3.763198e-15
-3.944144e-15
-4.129312e-15
-4.318698e-15
-4.512299e-15
-4.710113e-15
-4.912137e-15
-5.118368e-15
-5.328804e-15
-5.543441e-15
-5.762276e-15
-5.985307e-15
-6.212531e-15
-6.443944e-15
-6.679542e-15
-6.919324e-15
-7.163285e-15
-7.411421e-15
-7.663731e-15
-7.920210e-15
-8.180854e-15
-8.445660e-15
-8.714624e-15
-8.987743e-15
-9.265012e-15
-9.546429e-15
-9.831988e-15
-1.012169e-14
-1.041552e-14
-1.071348e-14
-1.101558e-14
-1.132179e-14
-1.163212e-14
-1.194657e-14
-1.226512e-14
-1.258779e-14
-1.291455e-14
-1.324541e-14
-1.358036e-14
-1.391940e-14
-1.426251e-14
-1.460971e-14
-1.496098e-14
-1.531632e-14
-1.567572e-14
-1.603918e-14
-1.640669e-14
-1.677825e-14
-1.715386e-14
-1.753350e-14
-1.791717e-14
-1.830487e-14
-1.869659e-14
-1.909233e-14
-1.949208e-14
-1.989583e-14
-2.030359e-14
-2.071534e-14
-2.113107e-14
-2.155079e-14
-2.197449e-14
-2.240215e-14
-2.283378e-14
-2.326937e-14
-2.370892e-14
-2.415240e-14
-2.459984e-14
-2.505120e-14
-2.550649e-14
-2.596571e-14
-2.642884e-14
-2.689588e-14
-2.736682e-14
-2.784166e-14
-2.832039e-14
-2.880300e-14
-2.928949e-14
-2.977985e-14
-3.027407e-14
-3.077215e-14
-3.127408e-14
-3.177984e-14
-3.228945e-14
-3.280288e-14
-3.332013e-14
-3.384120e-14
-3.436608e-14
-3.489475e-14
-3.542721e-14
-3.596347e-14
-3.650349e-14
-3.704729e-14
-3.759485e-14
-3.814617e-14
-3.870123e-14
-3.926003e-14
-3.982257e-14
-4.038883e-14
-4.095880e-14
-4.153249e-14
-4.210987e-14
-4.269095e-14
-4.327571e-14
-4.386415e-14
-4.445625e-14
-4.505202e-14
-4.565144e-14
-4.625450e-14
-4.686120e-14
-4.747152e-14
-4.808547e-14
-4.870302e-14
-4.932418e-14
-4.994892e-14
-5.057726e-14
-5.120917e-14
-5.184464e-14
-5.248368e-14
-5.312626e-14
-5.377239e-14
-5.442204e-14
-5.507522e-14
-5.573192e-14
-5.639211e-14
-5.705581e-14
-5.772299e-14
-5.839365e-14
-5.906777e-14
-5.974536e-14
-6.042639e-14
-6.111087e-14
-6.179877e-14
-6.249010e-14
-6.318484e-14
-6.388298e-14
-6.458451e-14
-6.528943e-14
-6.599772e-14
-6.670937e-14
-6.742438e-14
-6.814273e-14
-6.886441e-14
-6.958942e-14
-7.031774e-14
-7.104937e-14
-7.178429e-14
-7.252250e-14
-7.326398e-14
-7.400872e-14
-7.475672e-14
-7.550796e-14
-7.626243e-14
-7.702013e-14
-7.778103e-14
-7.854514e-14
-7.931244e-14
-8.008292e-14
-8.085657e-14
-8.163338e-14
-8.241334e-14
-8.319644e-14
-8.398266e-14
-8.477200e-14
-8.556445e-14
-8.635999e-14
-8.715861e-14
-8.796031e-14
-8.876507e-14
-8.957288e-14
-9.038373e-14
-9.119761e-14
-9.201451e-14
-9.283442e-14
-9.365731e-14
-9.448320e-14
-9.531205e-14
-9.614387e-14
-9.697864e-14
-9.781634e-14
-9.865698e-14
-9.950052e-14
-1.003470e-13
-1.011963e-13
-1.020485e-13
-1.029036e-13
-1.037616e-13
-1.046224e-13
-1.054860e-13
-1.063525e-13
-1.072217e-13
-1.080938e-13
-1.089686e-13
-1.098463e-13
-1.107267e-13
-1.116098e-13
-1.124957e-13
-1.133843e-13
-1.142756e-13
-1.151696e-13
-1.160663e-13
-1.169657e-13
-1.178677e-13
-1.187724e-13
-1.196798e-13
-1.205897e-13
-1.215023e-13
-1.224175e-13
-1.233353e-13
-1.242557e-13
-1.251786e-13
-1.261041e-13
-1.270321e-13
-1.279626e-13
-1.288957e-13
-1.298313e-13
-1.307693e-13
-1.317099e-13
-1.326529e-13
-1.335983e-13
-1.345462e-13
-1.354965e-13
-1.364492e-13
-1.374044e-13
-1.383619e-13
-1.393218e-13
-1.402840e-13
-1.412486e-13
-1.422155e-13
-1.431848e-13
-1.441563e-13
-1.451302e-13
-1.461063e-13
-1.470847e-13
-1.480654e-13
-1.490483e-13
-1.500334e-13
-1.510208e-13
-1.520103e-13
-1.530021e-13
-1.539960e-13
-1.549920e-13
-1.559903e-13
-1.569906e-13
-1.579931e-13
-1.589977e-13
-1.600044e-13
-1.610131e-13
-1.620239e-13
-1.630368e-13
-1.640517e-13
-1.650687e-13
-1.660876e-13
-1.671086e-13
-1.681315e-13
-1.691564e-13
-1.701833e-13
-1.712121e-13
-1.722428e-13
-1.732754e-13
-1.743100e-13
-1.753464e-13
-1.763847e-13
-1.774249e-13
-1.784669e-13
-1.795107e-13
-1.805564e-13
-1.816038e-13
-1.826531e-13
-1.837041e-13
-1.847569e-13
-1.858114e-13
-1.868676e-13
-1.879256e-13
-1.889853e-13
-1.900466e-13
-1.911097e-13
-1.921744e-13
-1.932407e-13
-1.943087e-13
-1.953783e-13
-1.964494e-13
-1.975222e-13
-1.985966e-13
-1.996725e-13
-2.007499e-13
-2.018289e-13
-2.029094e-13
-2.039914e-13
-2.050749e-13
-2.061598e-13
-2.072463e-13
-2.083341e-13
-2.094234e-13
-2.105141e-13
-2.116062e-13
-2.126997e-13
-2.137945e-13
-2.148907e-13
-2.159883e-13
-2.170871e-13
-2.181873e-13
-2.192888e-13
-2.203916e-13
-2.214956e-13
-2.226008e-13
-2.237074e-13
-2.248151e-13
-2.259240e-13
-2.270342e-13
-2.281455e-13
-2.292579e-13
-2.303716e-13
-2.314863e-13
-2.326022e-13
-2.337191e-13
-2.348372e-13
-2.359563e-13
-2.370765e-13
-2.381977e-13
-2.393200e-13
-2.404433e-13
-2.415675e-13
-2.426928e-13
-2.438190e-13
-2.449462e-13
-2.460743e-13
-2.472033e-13
-2.483333e-13
-2.494641e-13
-2.505958e-13
-2.517284e-13
-2.528618e-13
-2.539961e-13
-2.551311e-13
-2.562670e-13
-2.574036e-13
-2.585411e-13
-2.596793e-13
-2.608182e-13
-2.619578e-13
-2.630982e-13
-2.642393e-13
-2.653810e-13
-2.665234e-13
-2.676665e-13
-2.688102e-13
-2.699545e-13
-2.710994e-13
-2.722449e-13
-2.733910e-13
-2.745376e-13
-2.756848e-13
-2.768325e-13
-2.779808e-13
-2.791295e-13
-2.802787e-13
-2.814284e-13
-2.825785e-13
-2.837291e-13
-2.848801e-13
-2.860315e-13
-2.871833e-13
-2.883354e-13
-2.894880e-13
-2.906408e-13
-2.917940e-13
-2.929476e-13
-2.941014e-13
-2.952555e-13
-2.964099e-13
-2.975645e-13
-2.987194e-13
-2.998745e-13
-3.010298e-13
-3.021853e-13
-3.033409e-13
-3.044968e-13
-3.056528e-13
-3.068089e-13
-3.079651e-13
-3.091215e-13
-3.102779e-13
-3.114344e-13
-3.125910e-13
-3.137476e-13
-3.149042e-13
-3.160608e-13
-3.172175e-13
-3.183741e-13
-3.195307e-13
-3.206872e-13
-3.218437e-13
-3.230000e-13
-3.241563e-13
-3.253125e-13
-3.264686e-13
-3.276245e-13
-3.287802e-13
-3.299358e-13
-3.310912e-13
-3.322464e-13
-3.334014e-13
-3.345562e-13
-3.357107e-13
-3.368649e-13
-3.380189e-13
-3.391726e-13
-3.403259e-13
-3.414790e-13
-3.426317e-13
-3.437841e-13
-3.449361e-13
-3.460877e-13
-3.472389e-13
-3.483897e-13
-3.495401e-13
-3.506900e-13
-3.518395e-13
-3.529885e-13
-3.541370e-13
-3.552850e-13
-3.564325e-13
-3.575795e-13
-3.587259e-13
-3.598718e-13
-3.610170e-13
-3.621617e-13
-3.633058e-13
-3.644493e-13
-3.655921e-13
-3.667343e-13
-3.678758e-13
-3.690166e-13
-3.701568e-13
-3.712962e-13
-3.724349e-13
-3.735729e-13
-3.747101e-13
-3.758465e-13
-3.769822e-13
-3.781170e-13
-3.792511e-13
-3.803843e-13
-3.815167e-13
-3.826482e-13
-3.837789e-13
-3.849086e-13
-3.860375e-13
-3.871654e-13
-3.882924e-13
-3.894185e-13
-3.905436e-13
-3.916678e-13
-3.927909e-13
-3.939131e-13
-3.950342e-13
-3.961543e-13
-3.972734e-13
-3.983914e-13
-3.995083e-13
-4.006241e-13
-4.017389e-13
-4.028525e-13
-4.039650e-13
-4.050763e-13
-4.061865e-13
-4.072955e-13
-4.084033e-13
-4.095099e-13
-4.106153e-13
-4.117195e-13
-4.128224e-13
-4.139241e-13
-4.150245e-13
-4.161236e-13
-4.172214e-13
-4.183179e-13
-4.194130e-13
-4.205068e-13
-4.215993e-13
-4.226904e-13
-4.237801e-13
-4.248684e-13
-4.259553e-13
-4.270407e-13
-4.281247e-13
-4.292073e-13
-4.302884e-13
-4.313680e-13
-4.324461e-13
-4.335227e-13
-4.345978e-13
-4.356714e-13
-4.367434e-13
-4.378138e-13
-4.388827e-13
-4.399499e-13
-4.410156e-13
-4.420797e-13
-4.431421e-13
-4.442028e-13
-4.452620e-13
-4.463194e-13
-4.473752e-13
-4.484292e-13
-4.494816e-13
-4.505322e-13
-4.515811e-13
-4.526282e-13
-4.536736e-13
-4.547171e-13
-4.557589e-13
-4.567989e-13
-4.578371e-13
-4.588734e-13
-4.599079e-13
-4.609406e-13
-4.619714e-13
-4.630003e-13
-4.640273e-13
-4.650524e-13
-4.660755e-13
-4.670968e-13
-4.681160e-13
-4.691334e-13
-4.701487e-13
-4.711621e-13
-4.721735e-13
-4.731828e-13
-4.741902e-13
-4.751955e-13
-4.761988e-13
-4.772000e-13
-4.781991e-13
-4.791961e-13
-4.801911e-13
-4.811839e-13
-4.821746e-13
-4.831632e-13
-4.841496e-13
-4.851339e-13
-4.861160e-13
-4.870959e-13
-4.880736e-13
-4.890491e-13
-4.900224e-13
-4.909935e-13
-4.919623e-13
-4.929288e-13
-4.938931e-13
-4.948551e-13
-4.958148e-13
-4.967722e-13
-4.977273e-13
-4.986801e-13
-4.996305e-13
-5.005786e-13
-5.015243e-13
-5.024676e-13
-5.034086e-13
-5.043471e-13
-5.052833e-13
-5.062170e-13
-5.071483e-13
-5.080771e-13
-5.090035e-13
-5.099275e-13
-5.108489e-13
-5.117679e-13
-5.126843e-13
-5.135983e-13
-5.145097e-13
-5.154186e-13
-5.163249e-13
-5.172287e-13
-5.181299e-13
-5.190286e-13
-5.199246e-13
-5.208181e-13
-5.217089e-13
-5.225971e-13
-5.234827e-13
-5.243657e-13
-5.252459e-13
-5.261236e-13
-5.269985e-13
-5.278708e-13
-5.287403e-13
-5.296072e-13
-5.304713e-13
-5.313327e-13
-5.321914e-13
-5.330473e-13
-5.339005e-13
-5.347509e-13
-5.355985e-13
-5.364433e-13
-5.372853e-13
-5.381246e-13
-5.389609e-13
-5.397945e-13
-5.406252e-13
-5.414531e-13
-5.422781e-13
-5.431002e-13
-5.439195e-13
-5.447358e-13
-5.455493e-13
-5.463599e-13
-5.471675e-13
-5.479722e-13
-5.487740e-13
-5.495728e-13
-5.503686e-13
-5.511615e-13
-5.519514e-13
-5.527384e-13
-5.535223e-13
-5.543032e-13
-5.550811e-13
-5.558560e-13
-5.566279e-13
-5.573967e-13
-5.581625e-13
-5.589252e-13
-5.596848e-13
-5.604414e-13
-5.611948e-13
-5.619452e-13
-5.626925e-13
-5.634366e-13
-5.641776e-13
-5.649155e-13
-5.656503e-13
-5.663819e-13
-5.671104e-13
-5.678357e-13
-5.685578e-13
-5.692767e-13
-5.699924e-13
-5.707050e-13
-5.714143e-13
-5.721204e-13
-5.728233e-13
-5.735230e-13
-5.742194e-13
-5.749126e-13
-5.756025e-13
-5.762892e-13
-5.769725e-13
-5.776526e-13
-5.783294e-13
-5.790030e-13
-5.796732e-13
-5.803401e-13
-5.810036e-13
-5.816639e-13
-5.823208e-13
-5.829744e-13
-5.836246e-13
-5.842715e-13
-5.849150e-13
-5.855551e-13
-5.861918e-13
-5.868252e-13
-5.874552e-13
-5.880817e-13
-5.887049e-13
-5.893247e-13
-5.899410e-13
-5.905539e-13
-5.911633e-13
-5.917693e-13
-5.923719e-13
-5.929710e-13
-5.935667e-13
-5.941588e-13
-5.947475e-13
-5.953327e-13
-5.959145e-13
-5.964927e-13
-5.970674e-13
-5.976386e-13
-5.982063e-13
-5.987705e-13
-5.993311e-13
-5.998882e-13
-6.004418e-13
-6.009918e-13
-6.015383e-13
-6.020812e-13
-6.026205e-13
-6.031563e-13
-6.036885e-13
-6.042171e-13
-6.047421e-13
-6.052636e-13
-6.057814e-13
-6.062956e-13
-6.068062e-13
-6.073132e-13
-6.078166e-13
-6.083163e-13
-6.088124e-13
-6.093049e-13
-6.097937e-13
-6.102789e-13
-6.107604e-13
-6.112382e-13
-6.117124e-13
-6.121829e-13
-6.126498e-13
-6.131129e-13
-6.135724e-13
-6.140282e-13
-6.144803e-13
-6.149287e-13
-6.153734e-13
-6.158143e-13
-6.162516e-13
-6.166852e-13
-6.171150e-13
-6.175411e-13
-6.179634e-13
-6.183820e-13
-6.187969e-13
-6.192081e-13
-6.196155e-13
-6.200191e-13
-6.204190e-13
-6.208151e-13
-6.212074e-13
-6.215960e-13
-6.219808e-13
-6.223618e-13
-6.227391e-13
-6.231125e-13
-6.234822e-13
-6.238481e-13
-6.242101e-13
-6.245684e-13
-6.249229e-13
-6.252735e-13
-6.256204e-13
-6.259634e-13
-6.263027e-13
-6.266380e-13
-6.269696e-13
-6.272974e-13
-6.276213e-13
-6.279414e-13
-6.282576e-13
-6.285700e-13
-6.288786e-13
-6.291833e-13
-6.294842e-13
-6.297812e-13
-6.300743e-13
-6.303636e-13
-6.306491e-13
-6.309306e-13
-6.312084e-13
-6.314822e-13
-6.317522e-13
-6.320183e-13
-6.322805e-13
-6.325389e-13
-6.327933e-13
-6.330439e-13
-6.332906e-13
-6.335335e-13
-6.337724e-13
-6.340074e-13
-6.342386e-13
-6.344658e-13
-6.346892e-13
-6.349086e-13
-6.351242e-13
-6.353359e-13
-6.355436e-13
-6.357475e-13
-6.359474e-13
-6.361434e-13
-6.363356e-13
-6.365238e-13
-6.367081e-13
-6.368885e-13
-6.370650e-13
-6.372375e-13
-6.374062e-13
-6.375709e-13
-6.377317e-13
-6.378886e-13
-6.380415e-13
-6.381906e-13
-6.383357e-13
-6.384769e-13
-6.386141e-13
-6.387475e-13
-6.388769e-13
-6.390024e-13
-6.391239e-13
-6.392416e-13
-6.393553e-13
-6.394650e-13
-6.395709e-13
-6.396728e-13
-6.397708e-13
-6.398648e-13
-6.399550e-13
-6.400411e-13
-6.401234e-13
-6.402017e-13
-6.402761e-13
-6.403466e-13
-6.404131e-13
-6.404757e-13
-6.405344e-13
-6.405891e-13
-6.406399e-13
-6.406868e-13
-6.407298e-13
-6.407688e-13
-6.408039e-13
-6.408351e-13
-6.408623e-13
-6.408856e-13
-6.409050e-13
-6.409204e-13
-6.409320e-13
-6.409396e-13
-6.409433e-13
-6.409430e-13
-6.409389e-13
-6.409308e-13
-6.409188e-13
-6.409029e-13
-6.408831e-13
-6.408593e-13
-6.408316e-13
-6.408001e-13
-6.407646e-13
-6.407252e-13
-6.406819e-13
-6.406347e-13
-6.405835e-13
-6.405285e-13
-6.404696e-13
-6.404067e-13
-6.403400e-13
-6.402694e-13
-6.401949e-13
-6.401164e-13
-6.400341e-13
-6.399479e-13
-6.398578e-13
-6.397639e-13
-6.396660e-13
-6.395643e-13
-6.394586e-13
-6.393491e-13
-6.392358e-13
-6.391185e-13
-6.389974e-13
-6.388724e-13
-6.387435e-13
-6.386108e-13
-6.384743e-13
-6.383338e-13
-6.381895e-13
-6.380414e-13
-6.378894e-13
-6.377336e-13
-6.375739e-13
-6.374103e-13
-6.372430e-13
-6.370718e-13
-6.368967e-13
-6.367179e-13
-6.365352e-13
-6.363487e-13
-6.361583e-13
-6.359642e-13
-6.357662e-13
-6.355645e-13
-6.353589e-13
-6.351495e-13
-6.349363e-13
-6.347193e-13
-6.344986e-13
-6.342740e-13
-6.340456e-13
-6.338135e-13
-6.335776e-13
-6.333379e-13
-6.330945e-13
-6.328472e-13
-6.325963e-13
-6.323415e-13
-6.320830e-13
-6.318208e-13
-6.315548e-13
-6.312850e-13
-6.310116e-13
-6.307344e-13
-6.304534e-13
-6.301688e-13
-6.298804e-13
-6.295883e-13
-6.292925e-13
-6.289929e-13
-6.286897e-13
-6.283828e-13
-6.280722e-13
-6.277578e-13
-6.274398e-13
-6.271182e-13
-6.267928e-13
-6.264638e-13
-6.261311e-13
-6.257948e-13
-6.254548e-13
-6.251111e-13
-6.247638e-13
-6.244129e-13
-6.240583e-13
-6.237001e-13
-6.233382e-13
-6.229728e-13
-6.226037e-13
-6.222310e-13
-6.218548e-13
-6.214749e-13
-6.210914e-13
-6.207043e-13
-6.203137e-13
-6.199195e-13
-6.195217e-13
-6.191203e-13
-6.187154e-13
-6.183070e-13
-6.178949e-13
-6.174794e-13
-6.170603e-13
-6.166376e-13
-6.162115e-13
-6.157818e-13
-6.153486e-13
-6.149119e-13
-6.144718e-13
-6.140281e-13
-6.135809e-13
-6.131302e-13
-6.126761e-13
-6.122185e-13
-6.117574e-13
-6.112929e-13
-6.108249e-13
-6.103535e-13
-6.098787e-13
-6.094004e-13
-6.089187e-13
-6.084335e-13
-6.079450e-13
-6.074531e-13
-6.069577e-13
-6.064590e-13
-6.059569e-13
-6.054514e-13
-6.049425e-13
-6.044303e-13
-6.039147e-13
-6.033958e-13
-6.028735e-13
-6.023479e-13
-6.018189e-13
-6.012867e-13
-6.007511e-13
-6.002122e-13
-5.996700e-13
-5.991245e-13
-5.985758e-13
-5.980237e-13
-5.974684e-13
-5.969098e-13
-5.963480e-13
-5.957829e-13
-5.952146e-13
-5.946431e-13
-5.940683e-13
-5.934903e-13
-5.929091e-13
-5.923247e-13
-5.917371e-13
-5.911463e-13
-5.905523e-13
-5.899551e-13
-5.893548e-13
-5.887514e-13
-5.881448e-13
-5.875350e-13
-5.869221e-13
-5.863061e-13
-5.856870e-13
-5.850648e-13
-5.844394e-13
-5.838110e-13
-5.831795e-13
-5.825449e-13
-5.819073e-13
-5.812666e-13
-5.806228e-13
-5.799760e-13
-5.793262e-13
-5.786733e-13
-5.780174e-13
-5.773586e-13
-5.766967e-13
-5.760318e-13
-5.753640e-13
-5.746931e-13
-5.740193e-13
-5.733426e-13
-5.726629e-13
-5.719802e-13
-5.712947e-13
-5.706062e-13
-5.699148e-13
-5.692205e-13
-5.685233e-13
-5.678232e-13
-5.671203e-13
-5.664144e-13
-5.657057e-13
-5.649942e-13
-5.642798e-13
-5.635626e-13
-5.628426e-13
-5.621197e-13
-5.613941e-13
-5.606656e-13
-5.599344e-13
-5.592004e-13
-5.584636e-13
-5.577241e-13
-5.569818e-13
-5.562368e-13
-5.554891e-13
-5.547386e-13
-5.539854e-13
-5.532295e-13
-5.524710e-13
-5.517097e-13
-5.509458e-13
-5.501792e-13
-5.494100e-13
-5.486381e-13
-5.478636e-13
-5.470864e-13
-5.463067e-13
-5.455243e-13
-5.447394e-13
-5.439518e-13
-5.431617e-13
-5.423690e-13
-5.415738e-13
-5.407760e-13
-5.399757e-13
-5.391729e-13
-5.383675e-13
-5.375597e-13
-5.367493e-13
-5.359365e-13
-5.351212e-13
-5.343034e-13
-5.334832e-13
-5.326605e-13
-5.318354e-13
-5.310078e-13
-5.301779e-13
-5.293455e-13
-5.285108e-13
-5.276737e-13
-5.268342e-13
-5.259923e-13
-5.251481e-13
-5.243016e-13
-5.234527e-13
-5.226015e-13
-5.217480e-13
-5.208921e-13
-5.200340e-13
-5.191737e-13
-5.183110e-13
-5.174461e-13
-5.165790e-13
-5.157096e-13
-5.148380e-13
-5.139641e-13
-5.130881e-13
-5.122099e-13
-5.113295e-13
-5.104469e-13
-5.095622e-13
-5.086753e-13
-5.077863e-13
-5.068951e-13
-5.060018e-13
-5.051065e-13
-5.042090e-13
-5.033094e-13
-5.024078e-13
-5.015041e-13
-5.005984e-13
-4.996906e-13
-4.987808e-13
-4.978690e-13
-4.969551e-13
-4.960393e-13
-4.951215e-13
-4.942017e-13
-4.932799e-13
-4.923562e-13
-4.914306e-13
-4.905030e-13
-4.895735e-13
-4.886421e-13
-4.877088e-13
-4.867737e-13
-4.858366e-13
-4.848977e-13
-4.839569e-13
-4.830143e-13
-4.820699e-13
-4.811237e-13
-4.801756e-13
-4.792258e-13
-4.782741e-13
-4.773207e-13
-4.763656e-13
-4.754087e-13
-4.744500e-13
-4.734897e-13
-4.725276e-13
-4.715638e-13
-4.705984e-13
-4.696312e-13
-4.686624e-13
-4.676919e-13
-4.667198e-13
-4.657461e-13
-4.647707e-13
-4.637937e-13
-4.628152e-13
-4.618350e-13
-4.608533e-13
-4.598700e-13
-4.588852e-13
-4.578988e-13
-4.569109e-13
-4.559215e-13
-4.549305e-13
-4.539381e-13
-4.529442e-13
-4.519489e-13
-4.509520e-13
-4.499538e-13
-4.489541e-13
-4.479530e-13
-4.469504e-13
-4.459465e-13
-4.449412e-13
-4.439345e-13
-4.429265e-13
-4.419171e-13
-4.409064e-13
-4.398943e-13
-4.388810e-13
-4.378663e-13
-4.368503e-13
-4.358331e-13
-4.348146e-13
-4.337949e-13
-4.327739e-13
-4.317516e-13
-4.307282e-13
-4.297036e-13
-4.286777e-13
-4.276507e-13
-4.266225e-13
-4.255932e-13
-4.245627e-13
-4.235311e-13
-4.224983e-13
-4.214645e-13
-4.204295e-13
-4.193935e-13
-4.183564e-13
-4.173182e-13
-4.162790e-13
-4.152387e-13
-4.141975e-13
-4.131552e-13
-4.121119e-13
-4.110676e-13
-4.100224e-13
-4.089762e-13
-4.079290e-13
-4.068809e-13
-4.058319e-13
-4.047820e-13
-4.037311e-13
-4.026794e-13
-4.016268e-13
-4.005733e-13
-3.995190e-13
-3.984638e-13
-3.974078e-13
-3.963510e-13
-3.952934e-13
-3.942350e-13
-3.931759e-13
-3.921159e-13
-3.910552e-13
-3.899938e-13
-3.889316e-13
-3.878687e-13
-3.868051e-13
-3.857408e-13
-3.846758e-13
-3.836102e-13
-3.825439e-13
-3.814770e-13
-3.804094e-13
-3.793412e-13
-3.782724e-13
-3.772030e-13
-3.761331e-13
-3.750625e-13
-3.739914e-13
-3.729198e-13
-3.718476e-13
-3.707749e-13
-3.697017e-13
-3.686280e-13
-3.675539e-13
-3.664792e-13
-3.654041e-13
-3.643285e-13
-3.632525e-13
-3.621761e-13
-3.610993e-13
-3.600221e-13
-3.589445e-13
-3.578665e-13
-3.567882e-13
-3.557095e-13
-3.546305e-13
-3.535512e-13
-3.524715e-13
-3.513916e-13
-3.503113e-13
-3.492308e-13
-3.481501e-13
-3.470691e-13
-3.459878e-13
-3.449063e-13
-3.438246e-13
-3.427428e-13
-3.416607e-13
-3.405784e-13
-3.394960e-13
-3.384135e-13
-3.373308e-13
-3.362480e-13
-3.351650e-13
-3.340820e-13
-3.329989e-13
-3.319157e-13
-3.308324e-13
-3.297491e-13
-3.286658e-13
-3.275824e-13
-3.264990e-13
-3.254156e-13
-3.243322e-13
-3.232488e-13
-3.221655e-13
-3.210822e-13
-3.199990e-13
-3.189159e-13
-3.178328e-13
-3.167498e-13
-3.156670e-13
-3.145842e-13
-3.135016e-13
-3.124192e-13
-3.113369e-13
-3.102547e-13
-3.091728e-13
-3.080910e-13
-3.070095e-13
-3.059282e-13
-3.048471e-13
-3.037662e-13
-3.026856e-13
-3.016052e-13
-3.005252e-13
-2.994454e-13
-2.983660e-13
-2.972868e-13
-2.962080e-13
-2.951295e-13
-2.940514e-13
-2.929736e-13
-2.918962e-13
-2.908192e-13
-2.897427e-13
-2.886665e-13
-2.875907e-13
-2.865154e-13
-2.854405e-13
-2.843661e-13
-2.832922e-13
-2.822187e-13
-2.811458e-13
-2.800733e-13
-2.790014e-13
-2.779300e-13
-2.768591e-13
-2.757889e-13
-2.747191e-13
-2.736500e-13
-2.725814e-13
-2.715135e-13
-2.704462e-13
-2.693795e-13
-2.683134e-13
-2.672480e-13
-2.661833e-13
-2.651192e-13
-2.640558e-13
-2.629932e-13
-2.619312e-13
-2.608700e-13
-2.598095e-13
-2.587497e-13
-2.576907e-13
-2.566325e-13
-2.555750e-13
-2.545184e-13
-2.534625e-13
-2.524075e-13
-2.513533e-13
-2.503000e-13
-2.492475e-13
-2.481958e-13
-2.471451e-13
-2.460952e-13
-2.450462e-13
-2.439982e-13
-2.429510e-13
-2.419048e-13
-2.408596e-13
-2.398153e-13
-2.387719e-13
-2.377296e-13
-2.366882e-13
-2.356479e-13
-2.346085e-13
-2.335702e-13
-2.325329e-13
-2.314967e-13
-2.304616e-13
-2.294275e-13
-2.283945e-13
-2.273626e-13
-2.263317e-13
-2.253021e-13
-2.242735e-13
-2.232461e-13
-2.222198e-13
-2.211947e-13
-2.201708e-13
-2.191481e-13
-2.181265e-13
-2.171062e-13
-2.160871e-13
-2.150692e-13
-2.140526e-13
-2.130372e-13
-2.120231e-13
-2.110102e-13
-2.099987e-13
-2.089884e-13
-2.079795e-13
-2.069719e-13
-2.059656e-13
-2.049606e-13
-2.039570e-13
-2.029548e-13
-2.019539e-13
-2.009545e-13
-1.999564e-13
-1.989597e-13
-1.979645e-13
-1.969706e-13
-1.959783e-13
-1.949873e-13
-1.939979e-13
-1.930099e-13
-1.920234e-13
-1.910384e-13
-1.900549e-13
-1.890729e-13
-1.880924e-13
-1.871135e-13
-1.861361e-13
-1.851603e-13
-1.841861e-13
-1.832134e-13
-1.822424e-13
-1.812729e-13
-1.803051e-13
-1.793388e-13
-1.783742e-13
-1.774113e-13
-1.764500e-13
-1.754903e-13
-1.745324e-13
-1.735761e-13
-1.726215e-13
-1.716687e-13
-1.707175e-13
-1.697681e-13
-1.688204e-13
-1.678745e-13
-1.669303e-13
-1.659879e-13
-1.650473e-13
-1.641084e-13
-1.631714e-13
-1.622362e-13
-1.613028e-13
-1.603712e-13
-1.594415e-13
-1.585136e-13
-1.575875e-13
-1.566634e-13
-1.557411e-13
-1.548207e-13
-1.539022e-13
-1.529857e-13
-1.520710e-13
-1.511583e-13
-1.502475e-13
-1.493387e-13
-1.484318e-13
-1.475269e-13
-1.466239e-13
-1.457230e-13
-1.448241e-13
-1.439271e-13
-1.430322e-13
-1.421393e-13
-1.412485e-13
-1.403597e-13
-1.394730e-13
-1.385883e-13
-1.377057e-13
-1.368252e-13
-1.359468e-13
-1.350704e-13
-1.341963e-13
-1.333242e-13
-1.324542e-13
-1.315864e-13
-1.307208e-13
-1.298573e-13
-1.289960e-13
-1.281368e-13
-1.272799e-13
-1.264251e-13
-1.255726e-13
-1.247223e-13
-1.238742e-13
-1.230283e-13
-1.221847e-13
-1.213433e-13
-1.205042e-13
-1.196674e-13
-1.188328e-13
-1.180006e-13
-1.171706e-13
-1.163429e-13
-1.155176e-13
-1.146946e-13
-1.138739e-13
-1.130555e-13
-1.122395e-13
-1.114259e-13
-1.106146e-13
-1.098057e-13
-1.089992e-13
-1.081951e-13
-1.073934e-13
-1.065941e-13
-1.057973e-13
-1.050028e-13
-1.042108e-13
-1.034213e-13
-1.026341e-13
-1.018495e-13
-1.010673e-13
-1.002876e-13
-9.951044e-14
-9.873574e-14
-9.796353e-14
-9.719384e-14
-9.642668e-14
-9.566204e-14
-9.489994e-14
-9.414038e-14
-9.338338e-14
-9.262894e-14
-9.187707e-14
-9.112778e-14
-9.038107e-14
-8.963696e-14
-8.889545e-14
-8.815655e-14
-8.742027e-14
-8.668662e-14
-8.595559e-14
-8.522721e-14
-8.450148e-14
-8.377840e-14
-8.305799e-14
-8.234025e-14
-8.162520e-14
-8.091282e-14
-8.020315e-14
-7.949618e-14
-7.879191e-14
-7.809037e-14
-7.739155e-14
-7.669546e-14
-7.600211e-14
-7.531151e-14
-7.462367e-14
-7.393858e-14
-7.325627e-14
-7.257673e-14
-7.189998e-14
-7.122602e-14
-7.055485e-14
-6.988649e-14
-6.922095e-14
-6.855822e-14
-6.789832e-14
-6.724126e-14
-6.658703e-14
-6.593565e-14
-6.528713e-14
-6.464147e-14
-6.399868e-14
-6.335876e-14
-6.272172e-14
-6.208758e-14
-6.145632e-14
-6.082797e-14
-6.020253e-14
-5.958001e-14
-5.896040e-14
-5.834373e-14
-5.772999e-14
-5.711919e-14
-5.651134e-14
-5.590645e-14
-5.530452e-14
-5.470555e-14
-5.410956e-14
-5.351654e-14
-5.292652e-14
-5.233948e-14
-5.175545e-14
-5.117442e-14
-5.059640e-14
-5.002140e-14
-4.944942e-14
-4.888048e-14
-4.831456e-14
-4.775169e-14
-4.719187e-14
-4.663510e-14
-4.608139e-14
-4.553075e-14
-4.498317e-14
-4.443867e-14
-4.389726e-14
-4.335893e-14
-4.282370e-14
-4.229157e-14
-4.176254e-14
-4.123662e-14
-4.071382e-14
-4.019414e-14
-3.967759e-14
-3.916417e-14
-3.865389e-14
-3.814676e-14
-3.764277e-14
-3.714194e-14
-3.664426e-14
-3.614976e-14
-3.565842e-14
-3.517026e-14
-3.468527e-14
-3.420348e-14
-3.372487e-14
-3.324946e-14
-3.277725e-14
-3.230825e-14
-3.184246e-14
-3.137988e-14
-3.092053e-14
-3.046440e-14
-3.001150e-14
-2.956183e-14
-2.911540e-14
-2.867222e-14
-2.823229e-14
-2.779561e-14
-2.736219e-14
-2.693204e-14
-2.650515e-14
-2.608153e-14
-2.566119e-14
-2.524413e-14
-2.483035e-14
-2.441987e-14
-2.401267e-14
-2.360878e-14
-2.320819e-14
-2.281091e-14
-2.241693e-14
-2.202628e-14
-2.163894e-14
-2.125492e-14
-2.087423e-14
-2.049688e-14
-2.012285e-14
-1.975217e-14
-1.938483e-14
-1.902084e-14
-1.866020e-14
-1.830291e-14
-1.794898e-14
-1.759841e-14
-1.725121e-14
-1.690738e-14
-1.656692e-14
-1.622984e-14
-1.589614e-14
-1.556582e-14
-1.523889e-14
-1.491535e-14
-1.459520e-14
-1.427846e-14
-1.396511e-14
-1.365516e-14
-1.334863e-14
-1.304550e-14
-1.274579e-14
-1.244949e-14
-1.215662e-14
-1.186716e-14
-1.158114e-14
-1.129854e-14
-1.101937e-14
-1.074364e-14
-1.047135e-14
-1.020250e-14
-9.937088e-15
-9.675126e-15
-9.416612e-15
-9.161551e-15
-8.909944e-15
-8.661794e-15
-8.417104e-15
-8.175876e-15
-7.938113e-15
-7.703817e-15
-7.472992e-15
-7.245638e-15
-7.021759e-15
-6.801357e-15
-6.584434e-15
-6.370993e-15
-6.161035e-15
-5.954564e-15
-5.751580e-15
-5.552087e-15
-5.356086e-15
-5.163580e-15
-4.974570e-15
-4.789059e-15
-4.607048e-15
-4.428540e-15
-4.253535e-15
-4.082037e-15
-3.914046e-15
-3.749565e-15
-3.588595e-15
-3.431138e-15
-3.277196e-15
-3.126770e-15
-2.979862e-15
-2.836474e-15
-2.696606e-15
-2.560261e-15
-2.427439e-15
-2.298142e-15
-2.172372e-15
-2.050130e-15
-1.931417e-15
-1.816235e-15
-1.704584e-15
-1.596466e-15
-1.491881e-15
-1.390832e-15
-1.293319e-15
-1.199342e-15
-1.108904e-15
-1.022005e-15
-9.386456e-16
-8.588271e-16
-7.825503e-16
-7.098158e-16
-6.406246e-16
-5.749773e-16
-5.128745e-16
-4.543170e-16
-3.993054e-16
-3.478403e-16
-2.999221e-16
-2.555514e-16
-2.147286e-16
-1.774543e-16
-1.437287e-16
-1.135522e-16
-8.692516e-17
-6.384785e-17
-4.432050e-17
-2.834332e-17
-1.591647e-17
-7.040090e-18
-1.714266e-18
6.094581e-20
