-4.375391e-20
-2.192176e-18
-8.637109e-18
-1.937846e-17
-3.441609e-17
-5.374978e-17
-7.737926e-17
-1.053042e-16
-1.375242e-16
-1.740389e-16
-2.148477e-16
-2.599500e-16
-3.093452e-16
-3.630327e-16
-4.210117e-16
-4.832814e-16
-5.498409e-16
-6.206893e-16
-6.958256e-16
-7.752488e-16
-8.589577e-16
-9.469512e-16
-1.039228e-15
-1.135787e-15
-1.236627e-15
-1.341746e-15
-1.451143e-15
-1.564816e-15
-1.682764e-15
-1.804986e-15
-1.931479e-15
-2.062241e-15
-2.197271e-15
-2.336568e-15
-2.480128e-15
-2.627950e-15
-2.780033e-15
-2.936373e-15
-3.096969e-15
-3.261819e-15
-3.430919e-15
-3.604269e-15
-3.781865e-15
-3.963705e-15
-4.149786e-15
-4.340107e-15
-4.534663e-15
-4.733453e-15
-4.936474e-15
-5.143723e-15
-5.355197e-15
-5.570892e-15
-5.790807e-15
-6.014938e-15
-6.243282e-15
-6.475836e-15
-6.712597e-15
-6.953560e-15
-7.198724e-15
-7.448084e-15
-7.701637e-15
-7.959379e-15
-8.221308e-15
-8.487418e-15
-8.757708e-15
-9.032172e-15
-9.310807e-15
-9.593610e-15
-9.880575e-15
-1.017170e-14
-1.046698e-14
-1.076641e-14
-1.106999e-14
-1.137771e-14
-1.168957e-14
-1.200556e-14
-1.232569e-14
-1.264994e-14
-1.297830e-14
-1.331079e-14
-1.364739e-14
-1.398809e-14
-1.433290e-14
-1.468180e-14
-1.503480e-14
-1.539188e-14
-1.575305e-14
-1.611830e-14
-1.648761e-14
-1.686100e-14
-1.723845e-14
-1.761995e-14
-1.800551e-14
-1.839511e-14
-1.878875e-14
-1.918643e-14
-1.958814e-14
-1.999388e-14
-2.040363e-14
-2.081740e-14
-2.123517e-14
-2.165695e-14
-2.208272e-14
-2.251248e-14
-2.294623e-14
-2.338395e-14
-2.382565e-14
-2.427131e-14
-2.472093e-14
-2.517450e-14
-2.563202e-14
-2.609349e-14
-2.655888e-14
-2.702821e-14
-2.750145e-14
-2.797862e-14
-2.845968e-14
-2.894466e-14
-2.943352e-14
-2.992628e-14
-3.042291e-14
-3.092342e-14
-3.142780e-14
-3.193604e-14
-3.244813e-14
-3.296406e-14
-3.348384e-14
-3.400745e-14
-3.453488e-14
-3.506614e-14
-3.560120e-14
-3.614006e-14
-3.668272e-14
-3.722917e-14
-3.777940e-14
-3.833340e-14
-3.889116e-14
-3.945268e-14
-4.001795e-14
-4.058697e-14
-4.115972e-14
-4.173619e-14
-4.231638e-14
-4.290028e-14
-4.348788e-14
-4.407918e-14
-4.467416e-14
-4.527282e-14
-4.587515e-14
-4.648114e-14
-4.709078e-14
-4.770407e-14
-4.832099e-14
-4.894154e-14
-4.956570e-14
-5.019348e-14
-5.082485e-14
-5.145982e-14
-5.209838e-14
-5.274051e-14
-5.338620e-14
-5.403545e-14
-5.468825e-14
-5.534459e-14
-5.600445e-14
-5.666784e-14
-5.733474e-14
-5.800515e-14
-5.867904e-14
-5.935642e-14
-6.003728e-14
-6.072160e-14
-6.140937e-14
-6.210060e-14
-6.279526e-14
-6.349334e-14
-6.419485e-14
-6.489976e-14
-6.560807e-14
-6.631977e-14
-6.703484e-14
-6.775329e-14
-6.847510e-14
-6.920025e-14
-6.992874e-14
-7.066057e-14
-7.139571e-14
-7.213416e-14
-7.287591e-14
-7.362094e-14
-7.436926e-14
-7.512084e-14
-7.587568e-14
-7.663377e-14
-7.739509e-14
-7.815965e-14
-7.892741e-14
-7.969838e-14
-8.047255e-14
-8.124990e-14
-8.203042e-14
-8.281411e-14
-8.360095e-14
-8.439093e-14
-8.518404e-14
-8.598026e-14
-8.677960e-14
-8.758204e-14
-8.838756e-14
-8.919615e-14
-9.000781e-14
-9.082252e-14
-9.164028e-14
-9.246106e-14
-9.328487e-14
-9.411168e-14
-9.494149e-14
-9.577428e-14
-9.661005e-14
-9.744878e-14
-9.829046e-14
-9.913508e-14
-9.998263e-14
-1.008331e-13
-1.016865e-13
-1.025427e-13
-1.034019e-13
-1.042639e-13
-1.051288e-13
-1.059965e-13
-1.068670e-13
-1.077404e-13
-1.086166e-13
-1.094955e-13
-1.103773e-13
-1.112619e-13
-1.121492e-13
-1.130392e-13
-1.139320e-13
-1.148275e-13
-1.157257e-13
-1.166267e-13
-1.175303e-13
-1.184366e-13
-1.193455e-13
-1.202571e-13
-1.211714e-13
-1.220882e-13
-1.230077e-13
-1.239298e-13
-1.248545e-13
-1.257817e-13
-1.267116e-13
-1.276439e-13
-1.285788e-13
-1.295162e-13
-1.304562e-13
-1.313986e-13
-1.323436e-13
-1.332910e-13
-1.342408e-13
-1.351931e-13
-1.361479e-13
-1.371050e-13
-1.380646e-13
-1.390266e-13
-1.399909e-13
-1.409577e-13
-1.419267e-13
-1.428982e-13
-1.438719e-13
-1.448480e-13
-1.458264e-13
-1.468070e-13
-1.477900e-13
-1.487752e-13
-1.497626e-13
-1.507523e-13
-1.517442e-13
-1.527383e-13
-1.537347e-13
-1.547332e-13
-1.557338e-13
-1.567367e-13
-1.577416e-13
-1.587487e-13
-1.597579e-13
-1.607693e-13
-1.617827e-13
-1.627981e-13
-1.638157e-13
-1.648352e-13
-1.658569e-13
-1.668805e-13
-1.679061e-13
-1.689337e-13
-1.699633e-13
-1.709949e-13
-1.720284e-13
-1.730639e-13
-1.741012e-13
-1.751405e-13
-1.761817e-13
-1.772247e-13
-1.782696e-13
-1.793164e-13
-1.803650e-13
-1.814154e-13
-1.824676e-13
-1.835216e-13
-1.845774e-13
-1.856350e-13
-1.866943e-13
-1.877553e-13
-1.888181e-13
-1.898826e-13
-1.909488e-13
-1.920166e-13
-1.930861e-13
-1.941573e-13
-1.952301e-13
-1.963045e-13
-1.973805e-13
-1.984581e-13
-1.995373e-13
-2.006181e-13
-2.017004e-13
-2.027842e-13
-2.038696e-13
-2.049565e-13
-2.060448e-13
-2.071346e-13
-2.082259e-13
-2.093187e-13
-2.104128e-13
-2.115084e-13
-2.126054e-13
-2.137038e-13
-2.148035e-13
-2.159046e-13
-2.170071e-13
-2.181108e-13
-2.192159e-13
-2.203223e-13
-2.214300e-13
-2.225389e-13
-2.236491e-13
-2.247605e-13
-2.258732e-13
-2.269870e-13
-2.281021e-13
-2.292183e-13
-2.303357e-13
-2.314543e-13
-2.325739e-13
-2.336947e-13
-2.348166e-13
-2.359396e-13
-2.370637e-13
-2.381888e-13
-2.393150e-13
-2.404422e-13
-2.415704e-13
-2.426996e-13
-2.438298e-13
-2.449610e-13
-2.460931e-13
-2.472261e-13
-2.483601e-13
-2.494950e-13
-2.506308e-13
-2.517674e-13
-2.529049e-13
-2.540433e-13
-2.551825e-13
-2.563225e-13
-2.574633e-13
-2.586049e-13
-2.597473e-13
-2.608904e-13
-2.620343e-13
-2.631789e-13
-2.643242e-13
-2.654702e-13
-2.666169e-13
-2.677642e-13
-2.689122e-13
-2.700608e-13
-2.712101e-13
-2.723599e-13
-2.735104e-13
-2.746614e-13
-2.758130e-13
-2.769651e-13
-2.781177e-13
-2.792709e-13
-2.804245e-13
-2.815786e-13
-2.827332e-13
-2.838883e-13
-2.850438e-13
-2.861997e-13
-2.873560e-13
-2.885127e-13
-2.896697e-13
-2.908272e-13
-2.919849e-13
-2.931430e-13
-2.943015e-13
-2.954602e-13
-2.966192e-13
-2.977784e-13
-2.989379e-13
-3.000977e-13
-3.012576e-13
-3.024178e-13
-3.035782e-13
-3.047387e-13
-3.058994e-13
-3.070603e-13
-3.082212e-13
-3.093823e-13
-3.105435e-13
-3.117048e-13
-3.128661e-13
-3.140275e-13
-3.151889e-13
-3.163504e-13
-3.175118e-13
-3.186733e-13
-3.198347e-13
-3.209961e-13
-3.221574e-13
-3.233187e-13
-3.244798e-13
-3.256409e-13
-3.268019e-13
-3.279627e-13
-3.291234e-13
-3.302839e-13
-3.314443e-13
-3.326044e-13
-3.337644e-13
-3.349241e-13
-3.360836e-13
-3.372428e-13
-3.384018e-13
-3.395605e-13
-3.407189e-13
-3.418769e-13
-3.430347e-13
-3.441921e-13
-3.453491e-13
-3.465058e-13
-3.476621e-13
-3.488180e-13
-3.499734e-13
-3.511285e-13
-3.522830e-13
-3.534372e-13
-3.545908e-13
-3.557439e-13
-3.568966e-13
-3.580487e-13
-3.592003e-13
-3.603513e-13
-3.615017e-13
-3.626516e-13
-3.638009e-13
-3.649495e-13
-3.660975e-13
-3.672449e-13
-3.683916e-13
-3.695377e-13
-3.706830e-13
-3.718277e-13
-3.729716e-13
-3.741148e-13
-3.752573e-13
-3.763990e-13
-3.775399e-13
-3.786801e-13
-3.798194e-13
-3.809579e-13
-3.820955e-13
-3.832323e-13
-3.843683e-13
-3.855034e-13
-3.866375e-13
-3.877708e-13
-3.889031e-13
-3.900345e-13
-3.911650e-13
-3.922945e-13
-3.934230e-13
-3.945505e-13
-3.956769e-13
-3.968024e-13
-3.979268e-13
-3.990502e-13
-4.001725e-13
-4.012937e-13
-4.024138e-13
-4.035328e-13
-4.046507e-13
-4.057674e-13
-4.068830e-13
-4.079974e-13
-4.091106e-13
-4.102227e-13
-4.113335e-13
-4.124430e-13
-4.135514e-13
-4.146585e-13
-4.157643e-13
-4.168688e-13
-4.179721e-13
-4.190740e-13
-4.201746e-13
-4.212738e-13
-4.223717e-13
-4.234683e-13
-4.245634e-13
-4.256572e-13
-4.267495e-13
-4.278404e-13
-4.289299e-13
-4.300180e-13
-4.311045e-13
-4.321896e-13
-4.332732e-13
-4.343553e-13
-4.354359e-13
-4.365149e-13
-4.375924e-13
-4.386683e-13
-4.397426e-13
-4.408154e-13
-4.418865e-13
-4.429561e-13
-4.440240e-13
-4.450902e-13
-4.461548e-13
-4.472178e-13
-4.482790e-13
-4.493386e-13
-4.503964e-13
-4.514525e-13
-4.525069e-13
-4.535595e-13
-4.546104e-13
-4.556595e-13
-4.567068e-13
-4.577523e-13
-4.587959e-13
-4.598378e-13
-4.608778e-13
-4.619159e-13
-4.629522e-13
-4.639866e-13
-4.650191e-13
-4.660497e-13
-4.670784e-13
-4.681051e-13
-4.691299e-13
-4.701527e-13
-4.711736e-13
-4.721924e-13
-4.732093e-13
-4.742241e-13
-4.752370e-13
-4.762478e-13
-4.772565e-13
-4.782632e-13
-4.792678e-13
-4.802704e-13
-4.812708e-13
-4.822691e-13
-4.832653e-13
-4.842593e-13
-4.852512e-13
-4.862410e-13
-4.872286e-13
-4.882139e-13
-4.891971e-13
-4.901781e-13
-4.911569e-13
-4.921334e-13
-4.931076e-13
-4.940797e-13
-4.950494e-13
-4.960169e-13
-4.969820e-13
-4.979449e-13
-4.989054e-13
-4.998636e-13
-5.008195e-13
-5.017730e-13
-5.027241e-13
-5.036729e-13
-5.046193e-13
-5.055633e-13
-5.065048e-13
-5.074440e-13
-5.083807e-13
-5.093149e-13
-5.102467e-13
-5.111760e-13
-5.121029e-13
-5.130272e-13
-5.139491e-13
-5.148684e-13
-5.157852e-13
-5.166995e-13
-5.176112e-13
-5.185203e-13
-5.194269e-13
-5.203309e-13
-5.212323e-13
-5.221311e-13
-5.230273e-13
-5.239208e-13
-5.248118e-13
-5.257000e-13
-5.265856e-13
-5.274686e-13
-5.283488e-13
-5.292264e-13
-5.301013e-13
-5.309734e-13
-5.318429e-13
-5.327096e-13
-5.335735e-13
-5.344347e-13
-5.352931e-13
-5.361488e-13
-5.370017e-13
-5.378517e-13
-5.386990e-13
-5.395435e-13
-5.403851e-13
-5.412239e-13
-5.420598e-13
-5.428929e-13
-5.437231e-13
-5.445504e-13
-5.453749e-13
-5.461964e-13
-5.470151e-13
-5.478308e-13
-5.486436e-13
-5.494535e-13
-5.502604e-13
-5.510644e-13
-5.518654e-13
-5.526634e-13
-5.534584e-13
-5.542505e-13
-5.550395e-13
-5.558255e-13
-5.566086e-13
-5.573885e-13
-5.581655e-13
-5.589394e-13
-5.597102e-13
-5.604779e-13
-5.612426e-13
-5.620042e-13
-5.627627e-13
-5.635181e-13
-5.642704e-13
-5.650196e-13
-5.657656e-13
-5.665085e-13
-5.672483e-13
-5.679848e-13
-5.687183e-13
-5.694485e-13
-5.701756e-13
-5.708995e-13
-5.716201e-13
-5.723376e-13
-5.730519e-13
-5.737629e-13
-5.744707e-13
-5.751752e-13
-5.758765e-13
-5.765746e-13
-5.772694e-13
-5.779609e-13
-5.786491e-13
-5.793340e-13
-5.800157e-13
-5.806940e-13
-5.813690e-13
-5.820407e-13
-5.827091e-13
-5.833741e-13
-5.840358e-13
-5.846941e-13
-5.853491e-13
-5.860007e-13
-5.866489e-13
-5.872938e-13
-5.879353e-13
-5.885733e-13
-5.892080e-13
-5.898392e-13
-5.904671e-13
-5.910915e-13
-5.917124e-13
-5.923300e-13
-5.929441e-13
-5.935547e-13
-5.941619e-13
-5.947656e-13
-5.953658e-13
-5.959626e-13
-5.965558e-13
-5.971456e-13
-5.977319e-13
-5.983146e-13
-5.988939e-13
-5.994696e-13
-6.000418e-13
-6.006104e-13
-6.011756e-13
-6.017371e-13
-6.022952e-13
-6.028496e-13
-6.034005e-13
-6.039479e-13
-6.044916e-13
-6.050318e-13
-6.055684e-13
-6.061014e-13
-6.066307e-13
-6.071565e-13
-6.076787e-13
-6.081972e-13
-6.087122e-13
-6.092235e-13
-6.097311e-13
-6.102351e-13
-6.107355e-13
-6.112322e-13
-6.117253e-13
-6.122147e-13
-6.127005e-13
-6.131825e-13
-6.136609e-13
-6.141356e-13
-6.146066e-13
-6.150740e-13
-6.155376e-13
-6.159975e-13
-6.164537e-13
-6.169062e-13
-6.173550e-13
-6.178001e-13
-6.182414e-13
-6.186790e-13
-6.191129e-13
-6.195430e-13
-6.199694e-13
-6.203921e-13
-6.208109e-13
-6.212261e-13
-6.216374e-13
-6.220450e-13
-6.224488e-13
-6.228489e-13
-6.232452e-13
-6.236376e-13
-6.240263e-13
-6.244112e-13
-6.247924e-13
-6.251697e-13
-6.255432e-13
-6.259129e-13
-6.262788e-13
-6.266409e-13
-6.269991e-13
-6.273536e-13
-6.277042e-13
-6.280510e-13
-6.283939e-13
-6.287330e-13
-6.290683e-13
-6.293998e-13
-6.297274e-13
-6.300511e-13
-6.303710e-13
-6.306870e-13
-6.309992e-13
-6.313076e-13
-6.316120e-13
-6.319126e-13
-6.322094e-13
-6.325022e-13
-6.327912e-13
-6.330763e-13
-6.333575e-13
-6.336349e-13
-6.339083e-13
-6.341779e-13
-6.344436e-13
-6.347054e-13
-6.349633e-13
-6.352173e-13
-6.354674e-13
-6.357136e-13
-6.359559e-13
-6.361943e-13
-6.364288e-13
-6.366594e-13
-6.368861e-13
-6.371089e-13
-6.373277e-13
-6.375426e-13
-6.377536e-13
-6.379607e-13
-6.381639e-13
-6.383632e-13
-6.385585e-13
-6.387499e-13
-6.389374e-13
-6.391209e-13
-6.393005e-13
-6.394762e-13
-6.396480e-13
-6.398158e-13
-6.399797e-13
-6.401396e-13
-6.402956e-13
-6.404477e-13
-6.405959e-13
-6.407401e-13
-6.408803e-13
-6.410166e-13
-6.411490e-13
-6.412775e-13
-6.414019e-13
-6.415225e-13
-6.416391e-13
-6.417518e-13
-6.418605e-13
-6.419652e-13
-6.420661e-13
-6.421629e-13
-6.422559e-13
-6.423449e-13
-6.424299e-13
-6.425110e-13
-6.425882e-13
-6.426614e-13
-6.427306e-13
-6.427959e-13
-6.428573e-13
-6.429147e-13
-6.429682e-13
-6.430177e-13
-6.430633e-13
-6.431049e-13
-6.431426e-13
-6.431763e-13
-6.432062e-13
-6.432320e-13
-6.432539e-13
-6.432719e-13
-6.432860e-13
-6.432961e-13
-6.433022e-13
-6.433044e-13
-6.433027e-13
-6.432971e-13
-6.432875e-13
-6.432740e-13
-6.432565e-13
-6.432351e-13
-6.432098e-13
-6.431806e-13
-6.431474e-13
-6.431103e-13
-6.430693e-13
-6.430244e-13
-6.429755e-13
-6.429227e-13
-6.428660e-13
-6.428054e-13
-6.427408e-13
-6.426724e-13
-6.426000e-13
-6.425238e-13
-6.424436e-13
-6.423595e-13
-6.422715e-13
-6.421796e-13
-6.420838e-13
-6.419841e-13
-6.418805e-13
-6.417731e-13
-6.416617e-13
-6.415464e-13
-6.414273e-13
-6.413043e-13
-6.411773e-13
-6.410466e-13
-6.409119e-13
-6.407733e-13
-6.406309e-13
-6.404847e-13
-6.403345e-13
-6.401805e-13
-6.400226e-13
-6.398609e-13
-6.396953e-13
-6.395259e-13
-6.393526e-13
-6.391755e-13
-6.389945e-13
-6.388097e-13
-6.386210e-13
-6.384286e-13
-6.382323e-13
-6.380321e-13
-6.378282e-13
-6.376204e-13
-6.374088e-13
-6.371934e-13
-6.369742e-13
-6.367512e-13
-6.365243e-13
-6.362937e-13
-6.360593e-13
-6.358211e-13
-6.355791e-13
-6.353333e-13
-6.350838e-13
-6.348305e-13
-6.345734e-13
-6.343125e-13
-6.340479e-13
-6.337795e-13
-6.335074e-13
-6.332315e-13
-6.329518e-13
-6.326685e-13
-6.323813e-13
-6.320905e-13
-6.317959e-13
-6.314976e-13
-6.311956e-13
-6.308899e-13
-6.305804e-13
-6.302673e-13
-6.299504e-13
-6.296299e-13
-6.293057e-13
-6.289777e-13
-6.286461e-13
-6.283108e-13
-6.279719e-13
-6.276293e-13
-6.272830e-13
-6.269330e-13
-6.265795e-13
-6.262222e-13
-6.258613e-13
-6.254968e-13
-6.251287e-13
-6.247569e-13
-6.243815e-13
-6.240025e-13
-6.236199e-13
-6.232337e-13
-6.228439e-13
-6.224505e-13
-6.220535e-13
-6.216529e-13
-6.212487e-13
-6.208410e-13
-6.204297e-13
-6.200149e-13
-6.195965e-13
-6.191746e-13
-6.187491e-13
-6.183201e-13
-6.178875e-13
-6.174514e-13
-6.170119e-13
-6.165688e-13
-6.161222e-13
-6.156721e-13
-6.152185e-13
-6.147614e-13
-6.143009e-13
-6.138368e-13
-6.133693e-13
-6.128984e-13
-6.124240e-13
-6.119461e-13
-6.114648e-13
-6.109801e-13
-6.104920e-13
-6.100004e-13
-6.095054e-13
-6.090070e-13
-6.085052e-13
-6.080001e-13
-6.074915e-13
-6.069795e-13
-6.064642e-13
-6.059455e-13
-6.054235e-13
-6.048981e-13
-6.043693e-13
-6.038373e-13
-6.033019e-13
-6.027631e-13
-6.022211e-13
-6.016757e-13
-6.011271e-13
-6.005751e-13
-6.000199e-13
-5.994614e-13
-5.988996e-13
-5.983346e-13
-5.977663e-13
-5.971947e-13
-5.966199e-13
-5.960419e-13
-5.954606e-13
-5.948762e-13
-5.942885e-13
-5.936976e-13
-5.931035e-13
-5.925063e-13
-5.919058e-13
-5.913022e-13
-5.906954e-13
-5.900855e-13
-5.894724e-13
-5.888562e-13
-5.882369e-13
-5.876144e-13
-5.869888e-13
-5.863601e-13
-5.857283e-13
-5.850934e-13
-5.844555e-13
-5.838144e-13
-5.831703e-13
-5.825232e-13
-5.818730e-13
-5.812197e-13
-5.805635e-13
-5.799042e-13
-5.792418e-13
-5.785765e-13
-5.779082e-13
-5.772369e-13
-5.765626e-13
-5.758854e-13
-5.752051e-13
-5.745220e-13
-5.738359e-13
-5.731468e-13
-5.724548e-13
-5.717599e-13
-5.710621e-13
-5.703614e-13
-5.696578e-13
-5.689513e-13
-5.682420e-13
-5.675298e-13
-5.668147e-13
-5.660968e-13
-5.653760e-13
-5.646524e-13
-5.639260e-13
-5.631968e-13
-5.624648e-13
-5.617300e-13
-5.609924e-13
-5.602521e-13
-5.595089e-13
-5.587631e-13
-5.580145e-13
-5.572631e-13
-5.565090e-13
-5.557522e-13
-5.549928e-13
-5.542306e-13
-5.534657e-13
-5.526981e-13
-5.519279e-13
-5.511550e-13
-5.503795e-13
-5.496014e-13
-5.488206e-13
-5.480372e-13
-5.472511e-13
-5.464625e-13
-5.456713e-13
-5.448775e-13
-5.440812e-13
-5.432823e-13
-5.424808e-13
-5.416768e-13
-5.408703e-13
-5.400612e-13
-5.392497e-13
-5.384356e-13
-5.376191e-13
-5.368001e-13
-5.359786e-13
-5.351546e-13
-5.343282e-13
-5.334994e-13
-5.326681e-13
-5.318345e-13
-5.309984e-13
-5.301599e-13
-5.293190e-13
-5.284758e-13
-5.276302e-13
-5.267822e-13
-5.259319e-13
-5.250793e-13
-5.242243e-13
-5.233671e-13
-5.225075e-13
-5.216456e-13
-5.207815e-13
-5.199151e-13
-5.190464e-13
-5.181755e-13
-5.173023e-13
-5.164269e-13
-5.155493e-13
-5.146695e-13
-5.137875e-13
-5.129033e-13
-5.120169e-13
-5.111284e-13
-5.102377e-13
-5.093449e-13
-5.084500e-13
-5.075529e-13
-5.066537e-13
-5.057524e-13
-5.048491e-13
-5.039437e-13
-5.030362e-13
-5.021266e-13
-5.012150e-13
-5.003014e-13
-4.993858e-13
-4.984681e-13
-4.975485e-13
-4.966268e-13
-4.957032e-13
-4.947776e-13
-4.938501e-13
-4.929206e-13
-4.919892e-13
-4.910559e-13
-4.901207e-13
-4.891836e-13
-4.882446e-13
-4.873037e-13
-4.863609e-13
-4.854163e-13
-4.844699e-13
-4.835217e-13
-4.825716e-13
-4.816197e-13
-4.806660e-13
-4.797105e-13
-4.787533e-13
-4.777943e-13
-4.768336e-13
-4.758711e-13
-4.749069e-13
-4.739410e-13
-4.729734e-13
-4.720041e-13
-4.710331e-13
-4.700604e-13
-4.690861e-13
-4.681102e-13
-4.671326e-13
-4.661534e-13
-4.651726e-13
-4.641902e-13
-4.632062e-13
-4.622206e-13
-4.612335e-13
-4.602448e-13
-4.592546e-13
-4.582629e-13
-4.572696e-13
-4.562748e-13
-4.552786e-13
-4.542809e-13
-4.532817e-13
-4.522810e-13
-4.512789e-13
-4.502754e-13
-4.492704e-13
-4.482641e-13
-4.472563e-13
-4.462472e-13
-4.452367e-13
-4.442248e-13
-4.432116e-13
-4.421970e-13
-4.411812e-13
-4.401640e-13
-4.391455e-13
-4.381257e-13
-4.371047e-13
-4.360823e-13
-4.350588e-13
-4.340340e-13
-4.330079e-13
-4.319807e-13
-4.309522e-13
-4.299226e-13
-4.288917e-13
-4.278597e-13
-4.268266e-13
-4.257923e-13
-4.247568e-13
-4.237203e-13
-4.226826e-13
-4.216439e-13
-4.206041e-13
-4.195632e-13
-4.185212e-13
-4.174782e-13
-4.164342e-13
-4.153891e-13
-4.143430e-13
-4.132960e-13
-4.122479e-13
-4.111989e-13
-4.101489e-13
-4.090980e-13
-4.080461e-13
-4.069933e-13
-4.059396e-13
-4.048850e-13
-4.038295e-13
-4.027731e-13
-4.017159e-13
-4.006578e-13
-3.995989e-13
-3.985392e-13
-3.974786e-13
-3.964173e-13
-3.953551e-13
-3.942922e-13
-3.932285e-13
-3.921641e-13
-3.910989e-13
-3.900330e-13
-3.889664e-13
-3.878991e-13
-3.868311e-13
-3.857624e-13
-3.846930e-13
-3.836230e-13
-3.825524e-13
-3.814811e-13
-3.804092e-13
-3.793367e-13
-3.782636e-13
-3.771900e-13
-3.761157e-13
-3.750410e-13
-3.739656e-13
-3.728898e-13
-3.718134e-13
-3.707365e-13
-3.696592e-13
-3.685813e-13
-3.675030e-13
-3.664242e-13
-3.653450e-13
-3.642654e-13
-3.631853e-13
-3.621049e-13
-3.610240e-13
-3.599428e-13
-3.588611e-13
-3.577792e-13
-3.566969e-13
-3.556142e-13
-3.545313e-13
-3.534480e-13
-3.523645e-13
-3.512806e-13
-3.501965e-13
-3.491121e-13
-3.480275e-13
-3.469427e-13
-3.458576e-13
-3.447724e-13
-3.436869e-13
-3.426013e-13
-3.415154e-13
-3.404295e-13
-3.393433e-13
-3.382571e-13
-3.371707e-13
-3.360842e-13
-3.349977e-13
-3.339110e-13
-3.328243e-13
-3.317375e-13
-3.306506e-13
-3.295638e-13
-3.284769e-13
-3.273900e-13
-3.263031e-13
-3.252162e-13
-3.241293e-13
-3.230425e-13
-3.219557e-13
-3.208690e-13
-3.197824e-13
-3.186958e-13
-3.176094e-13
-3.165231e-13
-3.154369e-13
-3.143508e-13
-3.132649e-13
-3.121791e-13
-3.110936e-13
-3.100082e-13
-3.089230e-13
-3.078380e-13
-3.067533e-13
-3.056687e-13
-3.045845e-13
-3.035004e-13
-3.024167e-13
-3.013333e-13
-3.002501e-13
-2.991672e-13
-2.980847e-13
-2.970025e-13
-2.959207e-13
-2.948392e-13
-2.937581e-13
-2.926773e-13
-2.915970e-13
-2.905170e-13
-2.894375e-13
-2.883584e-13
-2.872798e-13
-2.862016e-13
-2.851238e-13
-2.840466e-13
-2.829698e-13
-2.818936e-13
-2.808178e-13
-2.797426e-13
-2.786679e-13
-2.775938e-13
-2.765202e-13
-2.754473e-13
-2.743749e-13
-2.733031e-13
-2.722319e-13
-2.711613e-13
-2.700914e-13
-2.690221e-13
-2.679534e-13
-2.668855e-13
-2.658182e-13
-2.647516e-13
-2.636857e-13
-2.626206e-13
-2.615561e-13
-2.604924e-13
-2.594295e-13
-2.583673e-13
-2.573059e-13
-2.562453e-13
-2.551855e-13
-2.541265e-13
-2.530684e-13
-2.520110e-13
-2.509546e-13
-2.498989e-13
-2.488442e-13
-2.477903e-13
-2.467373e-13
-2.456852e-13
-2.446341e-13
-2.435839e-13
-2.425346e-13
-2.414863e-13
-2.404389e-13
-2.393925e-13
-2.383471e-13
-2.373027e-13
-2.362593e-13
-2.352169e-13
-2.341756e-13
-2.331353e-13
-2.320960e-13
-2.310579e-13
-2.300208e-13
-2.289848e-13
-2.279499e-13
-2.269161e-13
-2.258834e-13
-2.248519e-13
-2.238215e-13
-2.227923e-13
-2.217642e-13
-2.207374e-13
-2.197117e-13
-2.186872e-13
-2.176640e-13
-2.166419e-13
-2.156211e-13
-2.146016e-13
-2.135833e-13
-2.125663e-13
-2.115506e-13
-2.105362e-13
-2.095230e-13
-2.085112e-13
-2.075007e-13
-2.064916e-13
-2.054838e-13
-2.044773e-13
-2.034723e-13
-2.024686e-13
-2.014663e-13
-2.004654e-13
-1.994659e-13
-1.984679e-13
-1.974713e-13
-1.964761e-13
-1.954824e-13
-1.944902e-13
-1.934995e-13
-1.925102e-13
-1.915224e-13
-1.905362e-13
-1.895515e-13
-1.885683e-13
-1.875867e-13
-1.866066e-13
-1.856281e-13
-1.846511e-13
-1.836758e-13
-1.827020e-13
-1.817299e-13
-1.807594e-13
-1.797905e-13
-1.788232e-13
-1.778576e-13
-1.768937e-13
-1.759314e-13
-1.749708e-13
-1.740119e-13
-1.730548e-13
-1.720993e-13
-1.711455e-13
-1.701935e-13
-1.692433e-13
-1.682947e-13
-1.673480e-13
-1.664030e-13
-1.654599e-13
-1.645185e-13
-1.635789e-13
-1.626411e-13
-1.617052e-13
-1.607711e-13
-1.598389e-13
-1.589085e-13
-1.579799e-13
-1.570533e-13
-1.561285e-13
-1.552057e-13
-1.542847e-13
-1.533657e-13
-1.524486e-13
-1.515334e-13
-1.506202e-13
-1.497089e-13
-1.487996e-13
-1.478923e-13
-1.469870e-13
-1.460837e-13
-1.451823e-13
-1.442830e-13
-1.433857e-13
-1.424905e-13
-1.415973e-13
-1.407061e-13
-1.398170e-13
-1.389300e-13
-1.380451e-13
-1.371623e-13
-1.362815e-13
-1.354029e-13
-1.345264e-13
-1.336520e-13
-1.327798e-13
-1.319097e-13
-1.310418e-13
-1.301761e-13
-1.293125e-13
-1.284511e-13
-1.275919e-13
-1.267350e-13
-1.258802e-13
-1.250277e-13
-1.241773e-13
-1.233293e-13
-1.224835e-13
-1.216399e-13
-1.207986e-13
-1.199596e-13
-1.191229e-13
-1.182885e-13
-1.174564e-13
-1.166266e-13
-1.157991e-13
-1.149740e-13
-1.141511e-13
-1.133307e-13
-1.125126e-13
-1.116969e-13
-1.108835e-13
-1.100726e-13
-1.092640e-13
-1.084578e-13
-1.076541e-13
-1.068527e-13
-1.060538e-13
-1.052574e-13
-1.044633e-13
-1.036718e-13
-1.028826e-13
-1.020960e-13
-1.013118e-13
-1.005302e-13
-9.975099e-14
-9.897432e-14
-9.820016e-14
-9.742852e-14
-9.665941e-14
-9.589284e-14
-9.512881e-14
-9.436733e-14
-9.360842e-14
-9.285208e-14
-9.209831e-14
-9.134714e-14
-9.059855e-14
-8.985257e-14
-8.910920e-14
-8.836844e-14
-8.763031e-14
-8.689482e-14
-8.616196e-14
-8.543176e-14
-8.470421e-14
-8.397933e-14
-8.325712e-14
-8.253759e-14
-8.182074e-14
-8.110660e-14
-8.039515e-14
-7.968642e-14
-7.898041e-14
-7.827712e-14
-7.757656e-14
-7.687874e-14
-7.618368e-14
-7.549136e-14
-7.480182e-14
-7.411504e-14
-7.343103e-14
-7.274982e-14
-7.207139e-14
-7.139577e-14
-7.072295e-14
-7.005294e-14
-6.938576e-14
-6.872140e-14
-6.805987e-14
-6.740119e-14
-6.674536e-14
-6.609238e-14
-6.544227e-14
-6.479502e-14
-6.415066e-14
-6.350917e-14
-6.287058e-14
-6.223488e-14
-6.160208e-14
-6.097220e-14
-6.034523e-14
-5.972119e-14
-5.910007e-14
-5.848189e-14
-5.786666e-14
-5.725437e-14
-5.664505e-14
-5.603868e-14
-5.543528e-14
-5.483486e-14
-5.423743e-14
-5.364297e-14
-5.305152e-14
-5.246306e-14
-5.187761e-14
-5.129518e-14
-5.071576e-14
-5.013937e-14
-4.956601e-14
-4.899569e-14
-4.842841e-14
-4.786419e-14
-4.730301e-14
-4.674490e-14
-4.618986e-14
-4.563789e-14
-4.508900e-14
-4.454319e-14
-4.400048e-14
-4.346086e-14
-4.292434e-14
-4.239093e-14
-4.186063e-14
-4.133346e-14
-4.080941e-14
-4.028848e-14
-3.977070e-14
-3.925605e-14
-3.874455e-14
-3.823620e-14
-3.773101e-14
-3.722899e-14
-3.673013e-14
-3.623444e-14
-3.574193e-14
-3.525261e-14
-3.476647e-14
-3.428353e-14
-3.380378e-14
-3.332724e-14
-3.285391e-14
-3.238380e-14
-3.191690e-14
-3.145322e-14
-3.099278e-14
-3.053557e-14
-3.008159e-14
-2.963086e-14
-2.918338e-14
-2.873915e-14
-2.829818e-14
-2.786047e-14
-2.742602e-14
-2.699485e-14
-2.656695e-14
-2.614234e-14
-2.572100e-14
-2.530296e-14
-2.488821e-14
-2.447676e-14
-2.406861e-14
-2.366376e-14
-2.326223e-14
-2.286401e-14
-2.246911e-14
-2.207753e-14
-2.168928e-14
-2.130437e-14
-2.092278e-14
-2.054454e-14
-2.016964e-14
-1.979809e-14
-1.942989e-14
-1.906504e-14
-1.870356e-14
-1.834543e-14
-1.799068e-14
-1.763929e-14
-1.729128e-14
-1.694664e-14
-1.660539e-14
-1.626752e-14
-1.593304e-14
-1.560195e-14
-1.527425e-14
-1.494996e-14
-1.462906e-14
-1.431158e-14
-1.399750e-14
-1.368683e-14
-1.337958e-14
-1.307575e-14
-1.277534e-14
-1.247835e-14
-1.218479e-14
-1.189467e-14
-1.160798e-14
-1.132472e-14
-1.104491e-14
-1.076853e-14
-1.049561e-14
-1.022613e-14
-9.960107e-15
-9.697536e-15
-9.438423e-15
-9.182770e-15
-8.930579e-15
-8.681853e-15
-8.436596e-15
-8.194809e-15
-7.956495e-15
-7.721656e-15
-7.490296e-15
-7.262416e-15
-7.038018e-15
-6.817106e-15
-6.599681e-15
-6.385746e-15
-6.175303e-15
-5.968354e-15
-5.764901e-15
-5.564947e-15
-5.368493e-15
-5.175542e-15
-4.986095e-15
-4.800155e-15
-4.617724e-15
-4.438803e-15
-4.263395e-15
-4.091500e-15
-3.923122e-15
-3.758261e-15
-3.596920e-15
-3.439100e-15
-3.284803e-15
-3.134030e-15
-2.986784e-15
-2.843064e-15
-2.702874e-15
-2.566215e-15
-2.433087e-15
-2.303493e-15
-2.177433e-15
-2.054909e-15
-1.935923e-15
-1.820475e-15
-1.708567e-15
-1.600200e-15
-1.495375e-15
-1.394093e-15
-1.296355e-15
-1.202163e-15
-1.111517e-15
-1.024417e-15
-9.408665e-16
-8.608644e-16
-7.844122e-16
-7.115105e-16
-6.421602e-16
-5.763620e-16
-5.141165e-16
-4.554245e-16
-4.002864e-16
-3.487030e-16
-3.006748e-16
-2.562022e-16
-2.152857e-16
-1.779258e-16
-1.441228e-16
-1.138771e-16
-8.718896e-17
-6.405875e-17
-4.448666e-17
-2.847291e-17
-1.601765e-17
-7.121028e-18
-1.783128e-18
-4.006753e-21
