-2.338638e-19
-2.382529e-18
-8.827749e-18
-1.956944e-17
-3.460744e-17
-5.394155e-17
-7.757150e-17
-1.054970e-16
-1.377175e-16
-1.742328e-16
-2.150422e-16
-2.601453e-16
-3.095412e-16
-3.632295e-16
-4.212093e-16
-4.834799e-16
-5.500403e-16
-6.208897e-16
-6.960270e-16
-7.754512e-16
-8.591613e-16
-9.471559e-16
-1.039434e-15
-1.135994e-15
-1.236835e-15
-1.341956e-15
-1.451354e-15
-1.565029e-15
-1.682978e-15
-1.805201e-15
-1.931695e-15
-2.062460e-15
-2.197491e-15
-2.336789e-15
-2.480351e-15
-2.628176e-15
-2.780260e-15
-2.936602e-15
-3.097200e-15
-3.262051e-15
-3.431154e-15
-3.604506e-15
-3.782104e-15
-3.963946e-15
-4.150029e-15
-4.340352e-15
-4.534911e-15
-4.733703e-15
-4.936726e-15
-5.143977e-15
-5.355453e-15
-5.571152e-15
-5.791069e-15
-6.015203e-15
-6.243549e-15
-6.476105e-15
-6.712868e-15
-6.953835e-15
-7.199001e-15
-7.448363e-15
-7.701919e-15
-7.959664e-15
-8.221596e-15
-8.487709e-15
-8.758002e-15
-9.032469e-15
-9.311107e-15
-9.593913e-15
-9.880881e-15
-1.017201e-14
-1.046729e-14
-1.076673e-14
-1.107031e-14
-1.137803e-14
-1.168990e-14
-1.200589e-14
-1.232602e-14
-1.265027e-14
-1.297864e-14
-1.331113e-14
-1.364773e-14
-1.398844e-14
-1.433325e-14
-1.468216e-14
-1.503516e-14
-1.539225e-14
-1.575342e-14
-1.611867e-14
-1.648799e-14
-1.686138e-14
-1.723883e-14
-1.762034e-14
-1.800590e-14
-1.839550e-14
-1.878915e-14
-1.918683e-14
-1.958855e-14
-1.999429e-14
-2.040404e-14
-2.081781e-14
-2.123559e-14
-2.165737e-14
-2.208315e-14
-2.251291e-14
-2.294666e-14
-2.338439e-14
-2.382609e-14
-2.427176e-14
-2.472138e-14
-2.517496e-14
-2.563249e-14
-2.609395e-14
-2.655935e-14
-2.702868e-14
-2.750193e-14
-2.797910e-14
-2.846017e-14
-2.894515e-14
-2.943402e-14
-2.992678e-14
-3.042342e-14
-3.092393e-14
-3.142831e-14
-3.193656e-14
-3.244865e-14
-3.296459e-14
-3.348437e-14
-3.400799e-14
-3.453543e-14
-3.506668e-14
-3.560175e-14
-3.614062e-14
-3.668328e-14
-3.722973e-14
-3.777997e-14
-3.833397e-14
-3.889174e-14
-3.945327e-14
-4.001854e-14
-4.058756e-14
-4.116031e-14
-4.173679e-14
-4.231699e-14
-4.290089e-14
-4.348850e-14
-4.407980e-14
-4.467479e-14
-4.527345e-14
-4.587579e-14
-4.648178e-14
-4.709143e-14
-4.770472e-14
-4.832164e-14
-4.894220e-14
-4.956637e-14
-5.019415e-14
-5.082553e-14
-5.146050e-14
-5.209906e-14
-5.274119e-14
-5.338689e-14
-5.403615e-14
-5.468895e-14
-5.534529e-14
-5.600517e-14
-5.666856e-14
-5.733547e-14
-5.800587e-14
-5.867977e-14
-5.935716e-14
-6.003802e-14
-6.072234e-14
-6.141012e-14
-6.210135e-14
-6.279602e-14
-6.349411e-14
-6.419562e-14
-6.490053e-14
-6.560885e-14
-6.632055e-14
-6.703563e-14
-6.775408e-14
-6.847589e-14
-6.920105e-14
-6.992955e-14
-7.066138e-14
-7.139652e-14
-7.213498e-14
-7.287673e-14
-7.362177e-14
-7.437009e-14
-7.512168e-14
-7.587653e-14
-7.663462e-14
-7.739595e-14
-7.816050e-14
-7.892827e-14
-7.969925e-14
-8.047342e-14
-8.125078e-14
-8.203130e-14
-8.281499e-14
-8.360184e-14
-8.439182e-14
-8.518493e-14
-8.598117e-14
-8.678051e-14
-8.758294e-14
-8.838847e-14
-8.919707e-14
-9.000873e-14
-9.082345e-14
-9.164121e-14
-9.246200e-14
-9.328580e-14
-9.411262e-14
-9.494243e-14
-9.577523e-14
-9.661100e-14
-9.744974e-14
-9.829142e-14
-9.913605e-14
-9.998360e-14
-1.008341e-13
-1.016874e-13
-1.025437e-13
-1.034029e-13
-1.042649e-13
-1.051297e-13
-1.059975e-13
-1.068680e-13
-1.077414e-13
-1.086176e-13
-1.094966e-13
-1.103783e-13
-1.112629e-13
-1.121502e-13
-1.130402e-13
-1.139330e-13
-1.148285e-13
-1.157268e-13
-1.166277e-13
-1.175313e-13
-1.184376e-13
-1.193466e-13
-1.202582e-13
-1.211724e-13
-1.220893e-13
-1.230088e-13
-1.239309e-13
-1.248556e-13
-1.257828e-13
-1.267126e-13
-1.276450e-13
-1.285799e-13
-1.295173e-13
-1.304573e-13
-1.313997e-13
-1.323446e-13
-1.332920e-13
-1.342419e-13
-1.351942e-13
-1.361490e-13
-1.371061e-13
-1.380657e-13
-1.390277e-13
-1.399920e-13
-1.409588e-13
-1.419278e-13
-1.428993e-13
-1.438730e-13
-1.448491e-13
-1.458275e-13
-1.468081e-13
-1.477911e-13
-1.487763e-13
-1.497637e-13
-1.507534e-13
-1.517454e-13
-1.527395e-13
-1.537358e-13
-1.547343e-13
-1.557350e-13
-1.567378e-13
-1.577428e-13
-1.587499e-13
-1.597591e-13
-1.607704e-13
-1.617838e-13
-1.627993e-13
-1.638168e-13
-1.648364e-13
-1.658580e-13
-1.668816e-13
-1.679073e-13
-1.689349e-13
-1.699645e-13
-1.709961e-13
-1.720296e-13
-1.730650e-13
-1.741024e-13
-1.751417e-13
-1.761828e-13
-1.772259e-13
-1.782708e-13
-1.793175e-13
-1.803661e-13
-1.814165e-13
-1.824688e-13
-1.835228e-13
-1.845786e-13
-1.856361e-13
-1.866955e-13
-1.877565e-13
-1.888193e-13
-1.898837e-13
-1.909499e-13
-1.920178e-13
-1.930873e-13
-1.941584e-13
-1.952312e-13
-1.963057e-13
-1.973817e-13
-1.984593e-13
-1.995385e-13
-2.006192e-13
-2.017016e-13
-2.027854e-13
-2.038707e-13
-2.049576e-13
-2.060460e-13
-2.071358e-13
-2.082271e-13
-2.093198e-13
-2.104140e-13
-2.115096e-13
-2.126065e-13
-2.137049e-13
-2.148047e-13
-2.159058e-13
-2.170082e-13
-2.181120e-13
-2.192170e-13
-2.203234e-13
-2.214311e-13
-2.225400e-13
-2.236502e-13
-2.247616e-13
-2.258743e-13
-2.269881e-13
-2.281032e-13
-2.292194e-13
-2.303368e-13
-2.314554e-13
-2.325750e-13
-2.336958e-13
-2.348177e-13
-2.359407e-13
-2.370648e-13
-2.381899e-13
-2.393161e-13
-2.404433e-13
-2.415715e-13
-2.427007e-13
-2.438309e-13
-2.449620e-13
-2.460941e-13
-2.472272e-13
-2.483612e-13
-2.494960e-13
-2.506318e-13
-2.517685e-13
-2.529060e-13
-2.540443e-13
-2.551835e-13
-2.563235e-13
-2.574644e-13
-2.586060e-13
-2.597483e-13
-2.608914e-13
-2.620353e-13
-2.631799e-13
-2.643252e-13
-2.654712e-13
-2.666179e-13
-2.677652e-13
-2.689132e-13
-2.700618e-13
-2.712111e-13
-2.723609e-13
-2.735114e-13
-2.746624e-13
-2.758139e-13
-2.769660e-13
-2.781187e-13
-2.792718e-13
-2.804255e-13
-2.815796e-13
-2.827342e-13
-2.838892e-13
-2.850447e-13
-2.862006e-13
-2.873569e-13
-2.885136e-13
-2.896707e-13
-2.908281e-13
-2.919858e-13
-2.931439e-13
-2.943023e-13
-2.954611e-13
-2.966200e-13
-2.977793e-13
-2.989388e-13
-3.000985e-13
-3.012585e-13
-3.024187e-13
-3.035790e-13
-3.047396e-13
-3.059003e-13
-3.070611e-13
-3.082221e-13
-3.093831e-13
-3.105443e-13
-3.117056e-13
-3.128669e-13
-3.140283e-13
-3.151897e-13
-3.163512e-13
-3.175126e-13
-3.186740e-13
-3.198355e-13
-3.209968e-13
-3.221582e-13
-3.233194e-13
-3.244806e-13
-3.256416e-13
-3.268026e-13
-3.279634e-13
-3.291241e-13
-3.302846e-13
-3.314450e-13
-3.326051e-13
-3.337650e-13
-3.349248e-13
-3.360842e-13
-3.372435e-13
-3.384024e-13
-3.395611e-13
-3.407195e-13
-3.418776e-13
-3.430353e-13
-3.441927e-13
-3.453497e-13
-3.465064e-13
-3.476627e-13
-3.488186e-13
-3.499740e-13
-3.511290e-13
-3.522836e-13
-3.534377e-13
-3.545913e-13
-3.557445e-13
-3.568971e-13
-3.580492e-13
-3.592008e-13
-3.603518e-13
-3.615022e-13
-3.626521e-13
-3.638013e-13
-3.649500e-13
-3.660980e-13
-3.672454e-13
-3.683921e-13
-3.695381e-13
-3.706835e-13
-3.718281e-13
-3.729721e-13
-3.741153e-13
-3.752577e-13
-3.763994e-13
-3.775403e-13
-3.786804e-13
-3.798198e-13
-3.809582e-13
-3.820959e-13
-3.832327e-13
-3.843686e-13
-3.855037e-13
-3.866379e-13
-3.877711e-13
-3.889034e-13
-3.900348e-13
-3.911653e-13
-3.922947e-13
-3.934232e-13
-3.945507e-13
-3.956772e-13
-3.968027e-13
-3.979271e-13
-3.990504e-13
-4.001727e-13
-4.012939e-13
-4.024140e-13
-4.035330e-13
-4.046509e-13
-4.057676e-13
-4.068832e-13
-4.079976e-13
-4.091108e-13
-4.102228e-13
-4.113336e-13
-4.124432e-13
-4.135515e-13
-4.146586e-13
-4.157644e-13
-4.168689e-13
-4.179721e-13
-4.190741e-13
-4.201746e-13
-4.212739e-13
-4.223718e-13
-4.234683e-13
-4.245635e-13
-4.256572e-13
-4.267495e-13
-4.278405e-13
-4.289299e-13
-4.300179e-13
-4.311045e-13
-4.321896e-13
-4.332732e-13
-4.343552e-13
-4.354358e-13
-4.365148e-13
-4.375923e-13
-4.386682e-13
-4.397425e-13
-4.408153e-13
-4.418864e-13
-4.429559e-13
-4.440238e-13
-4.450901e-13
-4.461547e-13
-4.472176e-13
-4.482788e-13
-4.493384e-13
-4.503962e-13
-4.514523e-13
-4.525067e-13
-4.535593e-13
-4.546102e-13
-4.556592e-13
-4.567065e-13
-4.577520e-13
-4.587957e-13
-4.598375e-13
-4.608775e-13
-4.619156e-13
-4.629519e-13
-4.639863e-13
-4.650188e-13
-4.660494e-13
-4.670780e-13
-4.681047e-13
-4.691295e-13
-4.701523e-13
-4.711732e-13
-4.721920e-13
-4.732089e-13
-4.742237e-13
-4.752366e-13
-4.762474e-13
-4.772561e-13
-4.782628e-13
-4.792674e-13
-4.802699e-13
-4.812703e-13
-4.822686e-13
-4.832648e-13
-4.842588e-13
-4.852507e-13
-4.862405e-13
-4.872280e-13
-4.882134e-13
-4.891966e-13
-4.901776e-13
-4.911563e-13
-4.921328e-13
-4.931071e-13
-4.940791e-13
-4.950488e-13
-4.960163e-13
-4.969814e-13
-4.979443e-13
-4.989048e-13
-4.998630e-13
-5.008188e-13
-5.017723e-13
-5.027235e-13
-5.036722e-13
-5.046186e-13
-5.055626e-13
-5.065041e-13
-5.074432e-13
-5.083799e-13
-5.093142e-13
-5.102460e-13
-5.111753e-13
-5.121021e-13
-5.130264e-13
-5.139483e-13
-5.148676e-13
-5.157844e-13
-5.166986e-13
-5.176104e-13
-5.185195e-13
-5.194261e-13
-5.203301e-13
-5.212315e-13
-5.221302e-13
-5.230264e-13
-5.239200e-13
-5.248109e-13
-5.256991e-13
-5.265847e-13
-5.274677e-13
-5.283479e-13
-5.292255e-13
-5.301003e-13
-5.309725e-13
-5.318419e-13
-5.327086e-13
-5.335725e-13
-5.344337e-13
-5.352921e-13
-5.361478e-13
-5.370006e-13
-5.378507e-13
-5.386980e-13
-5.395424e-13
-5.403840e-13
-5.412228e-13
-5.420587e-13
-5.428918e-13
-5.437220e-13
-5.445493e-13
-5.453738e-13
-5.461953e-13
-5.470140e-13
-5.478297e-13
-5.486425e-13
-5.494523e-13
-5.502592e-13
-5.510632e-13
-5.518642e-13
-5.526622e-13
-5.534572e-13
-5.542493e-13
-5.550383e-13
-5.558243e-13
-5.566073e-13
-5.573873e-13
-5.581642e-13
-5.589381e-13
-5.597089e-13
-5.604767e-13
-5.612413e-13
-5.620029e-13
-5.627614e-13
-5.635168e-13
-5.642691e-13
-5.650183e-13
-5.657643e-13
-5.665072e-13
-5.672469e-13
-5.679835e-13
-5.687169e-13
-5.694471e-13
-5.701742e-13
-5.708981e-13
-5.716187e-13
-5.723362e-13
-5.730504e-13
-5.737615e-13
-5.744693e-13
-5.751738e-13
-5.758751e-13
-5.765731e-13
-5.772679e-13
-5.779594e-13
-5.786476e-13
-5.793325e-13
-5.800142e-13
-5.806925e-13
-5.813675e-13
-5.820392e-13
-5.827076e-13
-5.833726e-13
-5.840343e-13
-5.846926e-13
-5.853475e-13
-5.859991e-13
-5.866474e-13
-5.872922e-13
-5.879337e-13
-5.885717e-13
-5.892064e-13
-5.898376e-13
-5.904654e-13
-5.910898e-13
-5.917108e-13
-5.923283e-13
-5.929424e-13
-5.935530e-13
-5.941602e-13
-5.947639e-13
-5.953641e-13
-5.959609e-13
-5.965541e-13
-5.971439e-13
-5.977301e-13
-5.983129e-13
-5.988921e-13
-5.994678e-13
-6.000400e-13
-6.006087e-13
-6.011738e-13
-6.017354e-13
-6.022934e-13
-6.028478e-13
-6.033987e-13
-6.039461e-13
-6.044898e-13
-6.050300e-13
-6.055665e-13
-6.060995e-13
-6.066289e-13
-6.071547e-13
-6.076768e-13
-6.081954e-13
-6.087103e-13
-6.092216e-13
-6.097292e-13
-6.102333e-13
-6.107336e-13
-6.112303e-13
-6.117234e-13
-6.122128e-13
-6.126985e-13
-6.131806e-13
-6.136590e-13
-6.141337e-13
-6.146047e-13
-6.150720e-13
-6.155356e-13
-6.159955e-13
-6.164517e-13
-6.169042e-13
-6.173530e-13
-6.177981e-13
-6.182394e-13
-6.186770e-13
-6.191109e-13
-6.195410e-13
-6.199674e-13
-6.203900e-13
-6.208089e-13
-6.212240e-13
-6.216353e-13
-6.220429e-13
-6.224467e-13
-6.228468e-13
-6.232430e-13
-6.236355e-13
-6.240242e-13
-6.244091e-13
-6.247902e-13
-6.251675e-13
-6.255410e-13
-6.259107e-13
-6.262766e-13
-6.266387e-13
-6.269969e-13
-6.273514e-13
-6.277020e-13
-6.280488e-13
-6.283917e-13
-6.287308e-13
-6.290661e-13
-6.293975e-13
-6.297251e-13
-6.300489e-13
-6.303688e-13
-6.306848e-13
-6.309970e-13
-6.313053e-13
-6.316098e-13
-6.319103e-13
-6.322071e-13
-6.324999e-13
-6.327889e-13
-6.330740e-13
-6.333552e-13
-6.336326e-13
-6.339060e-13
-6.341756e-13
-6.344413e-13
-6.347031e-13
-6.349610e-13
-6.352150e-13
-6.354651e-13
-6.357113e-13
-6.359536e-13
-6.361920e-13
-6.364264e-13
-6.366570e-13
-6.368837e-13
-6.371064e-13
-6.373253e-13
-6.375402e-13
-6.377512e-13
-6.379583e-13
-6.381615e-13
-6.383607e-13
-6.385560e-13
-6.387474e-13
-6.389349e-13
-6.391184e-13
-6.392980e-13
-6.394737e-13
-6.396455e-13
-6.398133e-13
-6.399772e-13
-6.401371e-13
-6.402931e-13
-6.404452e-13
-6.405933e-13
-6.407375e-13
-6.408778e-13
-6.410141e-13
-6.411465e-13
-6.412749e-13
-6.413994e-13
-6.415199e-13
-6.416365e-13
-6.417492e-13
-6.418579e-13
-6.419626e-13
-6.420635e-13
-6.421603e-13
-6.422533e-13
-6.423422e-13
-6.424273e-13
-6.425084e-13
-6.425855e-13
-6.426587e-13
-6.427279e-13
-6.427933e-13
-6.428546e-13
-6.429120e-13
-6.429655e-13
-6.430150e-13
-6.430606e-13
-6.431022e-13
-6.431399e-13
-6.431736e-13
-6.432034e-13
-6.432293e-13
-6.432512e-13
-6.432692e-13
-6.432832e-13
-6.432933e-13
-6.432995e-13
-6.433017e-13
-6.433000e-13
-6.432943e-13
-6.432847e-13
-6.432712e-13
-6.432537e-13
-6.432323e-13
-6.432070e-13
-6.431778e-13
-6.431446e-13
-6.431075e-13
-6.430665e-13
-6.430215e-13
-6.429727e-13
-6.429199e-13
-6.428632e-13
-6.428025e-13
-6.427380e-13
-6.426695e-13
-6.425972e-13
-6.425209e-13
-6.424407e-13
-6.423566e-13
-6.422686e-13
-6.421767e-13
-6.420809e-13
-6.419812e-13
-6.418776e-13
-6.417702e-13
-6.416588e-13
-6.415435e-13
-6.414244e-13
-6.413013e-13
-6.411744e-13
-6.410436e-13
-6.409089e-13
-6.407704e-13
-6.406280e-13
-6.404817e-13
-6.403315e-13
-6.401775e-13
-6.400197e-13
-6.398579e-13
-6.396923e-13
-6.395229e-13
-6.393496e-13
-6.391725e-13
-6.389915e-13
-6.388067e-13
-6.386180e-13
-6.384256e-13
-6.382292e-13
-6.380291e-13
-6.378251e-13
-6.376174e-13
-6.374058e-13
-6.371904e-13
-6.369711e-13
-6.367481e-13
-6.365213e-13
-6.362907e-13
-6.360563e-13
-6.358180e-13
-6.355761e-13
-6.353303e-13
-6.350807e-13
-6.348274e-13
-6.345703e-13
-6.343094e-13
-6.340448e-13
-6.337764e-13
-6.335043e-13
-6.332284e-13
-6.329487e-13
-6.326654e-13
-6.323782e-13
-6.320874e-13
-6.317928e-13
-6.314945e-13
-6.311925e-13
-6.308868e-13
-6.305773e-13
-6.302642e-13
-6.299473e-13
-6.296268e-13
-6.293025e-13
-6.289746e-13
-6.286430e-13
-6.283077e-13
-6.279687e-13
-6.276261e-13
-6.272798e-13
-6.269299e-13
-6.265763e-13
-6.262191e-13
-6.258582e-13
-6.254937e-13
-6.251255e-13
-6.247537e-13
-6.243784e-13
-6.239993e-13
-6.236167e-13
-6.232305e-13
-6.228407e-13
-6.224473e-13
-6.220503e-13
-6.216497e-13
-6.212456e-13
-6.208378e-13
-6.204265e-13
-6.200117e-13
-6.195933e-13
-6.191714e-13
-6.187459e-13
-6.183169e-13
-6.178843e-13
-6.174482e-13
-6.170087e-13
-6.165656e-13
-6.161190e-13
-6.156689e-13
-6.152153e-13
-6.147582e-13
-6.142977e-13
-6.138336e-13
-6.133661e-13
-6.128952e-13
-6.124208e-13
-6.119429e-13
-6.114616e-13
-6.109769e-13
-6.104888e-13
-6.099972e-13
-6.095022e-13
-6.090038e-13
-6.085020e-13
-6.079969e-13
-6.074883e-13
-6.069763e-13
-6.064610e-13
-6.059423e-13
-6.054203e-13
-6.048949e-13
-6.043662e-13
-6.038341e-13
-6.032987e-13
-6.027599e-13
-6.022179e-13
-6.016726e-13
-6.011239e-13
-6.005720e-13
-6.000167e-13
-5.994582e-13
-5.988964e-13
-5.983314e-13
-5.977631e-13
-5.971915e-13
-5.966167e-13
-5.960387e-13
-5.954575e-13
-5.948730e-13
-5.942853e-13
-5.936945e-13
-5.931004e-13
-5.925031e-13
-5.919027e-13
-5.912991e-13
-5.906923e-13
-5.900824e-13
-5.894693e-13
-5.888531e-13
-5.882337e-13
-5.876113e-13
-5.869857e-13
-5.863570e-13
-5.857252e-13
-5.850903e-13
-5.844524e-13
-5.838113e-13
-5.831673e-13
-5.825201e-13
-5.818699e-13
-5.812167e-13
-5.805604e-13
-5.799011e-13
-5.792388e-13
-5.785735e-13
-5.779052e-13
-5.772339e-13
-5.765596e-13
-5.758823e-13
-5.752021e-13
-5.745190e-13
-5.738328e-13
-5.731438e-13
-5.724518e-13
-5.717569e-13
-5.710591e-13
-5.703584e-13
-5.696548e-13
-5.689484e-13
-5.682390e-13
-5.675268e-13
-5.668117e-13
-5.660938e-13
-5.653731e-13
-5.646495e-13
-5.639231e-13
-5.631939e-13
-5.624619e-13
-5.617271e-13
-5.609895e-13
-5.602492e-13
-5.595061e-13
-5.587602e-13
-5.580116e-13
-5.572603e-13
-5.565062e-13
-5.557494e-13
-5.549899e-13
-5.542278e-13
-5.534629e-13
-5.526953e-13
-5.519251e-13
-5.511523e-13
-5.503767e-13
-5.495986e-13
-5.488178e-13
-5.480344e-13
-5.472484e-13
-5.464598e-13
-5.456686e-13
-5.448748e-13
-5.440785e-13
-5.432796e-13
-5.424781e-13
-5.416742e-13
-5.408676e-13
-5.400586e-13
-5.392471e-13
-5.384330e-13
-5.376165e-13
-5.367975e-13
-5.359760e-13
-5.351521e-13
-5.343257e-13
-5.334969e-13
-5.326656e-13
-5.318319e-13
-5.309959e-13
-5.301574e-13
-5.293166e-13
-5.284733e-13
-5.276277e-13
-5.267798e-13
-5.259295e-13
-5.250769e-13
-5.242219e-13
-5.233647e-13
-5.225051e-13
-5.216433e-13
-5.207791e-13
-5.199127e-13
-5.190441e-13
-5.181732e-13
-5.173000e-13
-5.164246e-13
-5.155470e-13
-5.146673e-13
-5.137853e-13
-5.129011e-13
-5.120147e-13
-5.111262e-13
-5.102356e-13
-5.093428e-13
-5.084478e-13
-5.075508e-13
-5.066516e-13
-5.057504e-13
-5.048470e-13
-5.039416e-13
-5.030341e-13
-5.021246e-13
-5.012130e-13
-5.002994e-13
-4.993838e-13
-4.984661e-13
-4.975465e-13
-4.966249e-13
-4.957013e-13
-4.947757e-13
-4.938482e-13
-4.929188e-13
-4.919874e-13
-4.910541e-13
-4.901189e-13
-4.891818e-13
-4.882428e-13
-4.873019e-13
-4.863592e-13
-4.854146e-13
-4.844682e-13
-4.835200e-13
-4.825699e-13
-4.816180e-13
-4.806644e-13
-4.797089e-13
-4.787517e-13
-4.777928e-13
-4.768320e-13
-4.758696e-13
-4.749054e-13
-4.739395e-13
-4.729719e-13
-4.720026e-13
-4.710317e-13
-4.700590e-13
-4.690847e-13
-4.681088e-13
-4.671313e-13
-4.661521e-13
-4.651713e-13
-4.641889e-13
-4.632049e-13
-4.622194e-13
-4.612323e-13
-4.602436e-13
-4.592534e-13
-4.582617e-13
-4.572685e-13
-4.562737e-13
-4.552775e-13
-4.542798e-13
-4.532806e-13
-4.522800e-13
-4.512779e-13
-4.502744e-13
-4.492695e-13
-4.482631e-13
-4.472554e-13
-4.462463e-13
-4.452358e-13
-4.442239e-13
-4.432107e-13
-4.421962e-13
-4.411804e-13
-4.401632e-13
-4.391447e-13
-4.381250e-13
-4.371039e-13
-4.360816e-13
-4.350581e-13
-4.340333e-13
-4.330073e-13
-4.319801e-13
-4.309516e-13
-4.299220e-13
-4.288912e-13
-4.278592e-13
-4.268261e-13
-4.257918e-13
-4.247564e-13
-4.237199e-13
-4.226823e-13
-4.216435e-13
-4.206037e-13
-4.195629e-13
-4.185209e-13
-4.174779e-13
-4.164339e-13
-4.153889e-13
-4.143428e-13
-4.132958e-13
-4.122478e-13
-4.111988e-13
-4.101488e-13
-4.090979e-13
-4.080461e-13
-4.069933e-13
-4.059396e-13
-4.048850e-13
-4.038296e-13
-4.027732e-13
-4.017160e-13
-4.006580e-13
-3.995991e-13
-3.985394e-13
-3.974788e-13
-3.964175e-13
-3.953554e-13
-3.942925e-13
-3.932288e-13
-3.921644e-13
-3.910993e-13
-3.900334e-13
-3.889668e-13
-3.878995e-13
-3.868315e-13
-3.857628e-13
-3.846935e-13
-3.836235e-13
-3.825529e-13
-3.814817e-13
-3.804098e-13
-3.793373e-13
-3.782643e-13
-3.771906e-13
-3.761164e-13
-3.750417e-13
-3.739664e-13
-3.728905e-13
-3.718142e-13
-3.707373e-13
-3.696600e-13
-3.685822e-13
-3.675039e-13
-3.664251e-13
-3.653460e-13
-3.642663e-13
-3.631863e-13
-3.621059e-13
-3.610250e-13
-3.599438e-13
-3.588622e-13
-3.577803e-13
-3.566980e-13
-3.556154e-13
-3.545325e-13
-3.534492e-13
-3.523657e-13
-3.512819e-13
-3.501978e-13
-3.491135e-13
-3.480289e-13
-3.469441e-13
-3.458590e-13
-3.447738e-13
-3.436883e-13
-3.426027e-13
-3.415169e-13
-3.404310e-13
-3.393449e-13
-3.382586e-13
-3.371723e-13
-3.360858e-13
-3.349993e-13
-3.339126e-13
-3.328259e-13
-3.317392e-13
-3.306524e-13
-3.295655e-13
-3.284786e-13
-3.273917e-13
-3.263049e-13
-3.252180e-13
-3.241312e-13
-3.230444e-13
-3.219576e-13
-3.208709e-13
-3.197843e-13
-3.186978e-13
-3.176114e-13
-3.165251e-13
-3.154389e-13
-3.143529e-13
-3.132670e-13
-3.121813e-13
-3.110957e-13
-3.100103e-13
-3.089252e-13
-3.078402e-13
-3.067555e-13
-3.056710e-13
-3.045867e-13
-3.035027e-13
-3.024190e-13
-3.013356e-13
-3.002525e-13
-2.991696e-13
-2.980871e-13
-2.970049e-13
-2.959231e-13
-2.948416e-13
-2.937605e-13
-2.926798e-13
-2.915995e-13
-2.905196e-13
-2.894401e-13
-2.883610e-13
-2.872824e-13
-2.862042e-13
-2.851265e-13
-2.840493e-13
-2.829725e-13
-2.818963e-13
-2.808206e-13
-2.797454e-13
-2.786707e-13
-2.775966e-13
-2.765231e-13
-2.754501e-13
-2.743777e-13
-2.733059e-13
-2.722347e-13
-2.711642e-13
-2.700943e-13
-2.690250e-13
-2.679564e-13
-2.668884e-13
-2.658212e-13
-2.647546e-13
-2.636888e-13
-2.626236e-13
-2.615592e-13
-2.604955e-13
-2.594326e-13
-2.583705e-13
-2.573091e-13
-2.562485e-13
-2.551887e-13
-2.541297e-13
-2.530716e-13
-2.520143e-13
-2.509578e-13
-2.499022e-13
-2.488474e-13
-2.477936e-13
-2.467406e-13
-2.456886e-13
-2.446374e-13
-2.435872e-13
-2.425379e-13
-2.414896e-13
-2.404423e-13
-2.393959e-13
-2.383505e-13
-2.373061e-13
-2.362627e-13
-2.352204e-13
-2.341790e-13
-2.331387e-13
-2.320995e-13
-2.310614e-13
-2.300243e-13
-2.289883e-13
-2.279534e-13
-2.269196e-13
-2.258870e-13
-2.248555e-13
-2.238251e-13
-2.227959e-13
-2.217678e-13
-2.207410e-13
-2.197153e-13
-2.186909e-13
-2.176676e-13
-2.166456e-13
-2.156248e-13
-2.146053e-13
-2.135870e-13
-2.125700e-13
-2.115543e-13
-2.105399e-13
-2.095268e-13
-2.085149e-13
-2.075045e-13
-2.064953e-13
-2.054875e-13
-2.044811e-13
-2.034761e-13
-2.024724e-13
-2.014701e-13
-2.004692e-13
-1.994698e-13
-1.984717e-13
-1.974751e-13
-1.964800e-13
-1.954863e-13
-1.944941e-13
-1.935033e-13
-1.925141e-13
-1.915263e-13
-1.905401e-13
-1.895554e-13
-1.885722e-13
-1.875905e-13
-1.866105e-13
-1.856320e-13
-1.846550e-13
-1.836797e-13
-1.827059e-13
-1.817338e-13
-1.807633e-13
-1.797944e-13
-1.788271e-13
-1.778615e-13
-1.768976e-13
-1.759353e-13
-1.749747e-13
-1.740159e-13
-1.730587e-13
-1.721032e-13
-1.711495e-13
-1.701975e-13
-1.692472e-13
-1.682987e-13
-1.673519e-13
-1.664070e-13
-1.654638e-13
-1.645224e-13
-1.635828e-13
-1.626451e-13
-1.617091e-13
-1.607750e-13
-1.598428e-13
-1.589124e-13
-1.579839e-13
-1.570572e-13
-1.561325e-13
-1.552096e-13
-1.542887e-13
-1.533696e-13
-1.524525e-13
-1.515373e-13
-1.506241e-13
-1.497128e-13
-1.488036e-13
-1.478962e-13
-1.469909e-13
-1.460876e-13
-1.451862e-13
-1.442869e-13
-1.433896e-13
-1.424944e-13
-1.416012e-13
-1.407100e-13
-1.398209e-13
-1.389339e-13
-1.380490e-13
-1.371661e-13
-1.362854e-13
-1.354068e-13
-1.345302e-13
-1.336559e-13
-1.327836e-13
-1.319136e-13
-1.310456e-13
-1.301799e-13
-1.293163e-13
-1.284549e-13
-1.275957e-13
-1.267387e-13
-1.258840e-13
-1.250314e-13
-1.241811e-13
-1.233330e-13
-1.224872e-13
-1.216436e-13
-1.208023e-13
-1.199633e-13
-1.191266e-13
-1.182922e-13
-1.174600e-13
-1.166302e-13
-1.158028e-13
-1.149776e-13
-1.141548e-13
-1.133343e-13
-1.125162e-13
-1.117005e-13
-1.108871e-13
-1.100761e-13
-1.092676e-13
-1.084614e-13
-1.076576e-13
-1.068563e-13
-1.060573e-13
-1.052609e-13
-1.044668e-13
-1.036752e-13
-1.028861e-13
-1.020995e-13
-1.013153e-13
-1.005336e-13
-9.975442e-14
-9.897773e-14
-9.820356e-14
-9.743190e-14
-9.666278e-14
-9.589619e-14
-9.513215e-14
-9.437066e-14
-9.361174e-14
-9.285538e-14
-9.210160e-14
-9.135041e-14
-9.060181e-14
-8.985581e-14
-8.911243e-14
-8.837166e-14
-8.763351e-14
-8.689800e-14
-8.616513e-14
-8.543491e-14
-8.470735e-14
-8.398245e-14
-8.326022e-14
-8.254068e-14
-8.182382e-14
-8.110966e-14
-8.039820e-14
-7.968945e-14
-7.898342e-14
-7.828011e-14
-7.757954e-14
-7.688171e-14
-7.618662e-14
-7.549429e-14
-7.480473e-14
-7.411793e-14
-7.343391e-14
-7.275268e-14
-7.207424e-14
-7.139859e-14
-7.072576e-14
-7.005573e-14
-6.938853e-14
-6.872415e-14
-6.806261e-14
-6.740391e-14
-6.674806e-14
-6.609507e-14
-6.544494e-14
-6.479767e-14
-6.415329e-14
-6.351178e-14
-6.287317e-14
-6.223745e-14
-6.160464e-14
-6.097474e-14
-6.034775e-14
-5.972369e-14
-5.910255e-14
-5.848436e-14
-5.786911e-14
-5.725680e-14
-5.664746e-14
-5.604107e-14
-5.543766e-14
-5.483722e-14
-5.423976e-14
-5.364529e-14
-5.305381e-14
-5.246534e-14
-5.187987e-14
-5.129742e-14
-5.071798e-14
-5.014157e-14
-4.956820e-14
-4.899785e-14
-4.843056e-14
-4.786631e-14
-4.730512e-14
-4.674699e-14
-4.619193e-14
-4.563994e-14
-4.509103e-14
-4.454520e-14
-4.400247e-14
-4.346283e-14
-4.292629e-14
-4.239286e-14
-4.186255e-14
-4.133535e-14
-4.081128e-14
-4.029034e-14
-3.977253e-14
-3.925787e-14
-3.874635e-14
-3.823798e-14
-3.773277e-14
-3.723073e-14
-3.673185e-14
-3.623614e-14
-3.574361e-14
-3.525427e-14
-3.476812e-14
-3.428515e-14
-3.380539e-14
-3.332883e-14
-3.285548e-14
-3.238535e-14
-3.191843e-14
-3.145474e-14
-3.099428e-14
-3.053705e-14
-3.008305e-14
-2.963231e-14
-2.918480e-14
-2.874056e-14
-2.829957e-14
-2.786184e-14
-2.742737e-14
-2.699618e-14
-2.656827e-14
-2.614363e-14
-2.572228e-14
-2.530422e-14
-2.488945e-14
-2.447798e-14
-2.406981e-14
-2.366495e-14
-2.326340e-14
-2.286517e-14
-2.247025e-14
-2.207865e-14
-2.169039e-14
-2.130545e-14
-2.092385e-14
-2.054560e-14
-2.017068e-14
-1.979911e-14
-1.943089e-14
-1.906603e-14
-1.870453e-14
-1.834639e-14
-1.799161e-14
-1.764021e-14
-1.729218e-14
-1.694753e-14
-1.660626e-14
-1.626838e-14
-1.593388e-14
-1.560277e-14
-1.527507e-14
-1.495075e-14
-1.462985e-14
-1.431234e-14
-1.399825e-14
-1.368757e-14
-1.338030e-14
-1.307646e-14
-1.277603e-14
-1.247903e-14
-1.218546e-14
-1.189532e-14
-1.160861e-14
-1.132535e-14
-1.104552e-14
-1.076913e-14
-1.049619e-14
-1.022670e-14
-9.960665e-15
-9.698082e-15
-9.438955e-15
-9.183290e-15
-8.931086e-15
-8.682349e-15
-8.437079e-15
-8.195280e-15
-7.956954e-15
-7.722104e-15
-7.490732e-15
-7.262840e-15
-7.038431e-15
-6.817508e-15
-6.600072e-15
-6.386126e-15
-6.175672e-15
-5.968713e-15
-5.765250e-15
-5.565285e-15
-5.368822e-15
-5.175861e-15
-4.986404e-15
-4.800455e-15
-4.618014e-15
-4.439084e-15
-4.263667e-15
-4.091764e-15
-3.923377e-15
-3.758508e-15
-3.597158e-15
-3.439330e-15
-3.285025e-15
-3.134244e-15
-2.986990e-15
-2.843263e-15
-2.703066e-15
-2.566399e-15
-2.433264e-15
-2.303663e-15
-2.177597e-15
-2.055067e-15
-1.936074e-15
-1.820620e-15
-1.708706e-15
-1.600333e-15
-1.495503e-15
-1.394215e-15
-1.296473e-15
-1.202275e-15
-1.111624e-15
-1.024520e-15
-9.409649e-16
-8.609586e-16
-7.845022e-16
-7.115967e-16
-6.422427e-16
-5.764409e-16
-5.141921e-16
-4.554969e-16
-4.003560e-16
-3.487698e-16
-3.007390e-16
-2.562640e-16
-2.153453e-16
-1.779833e-16
-1.441785e-16
-1.139312e-16
-8.724161e-17
-6.411013e-17
-4.453697e-17
-2.852233e-17
-1.606638e-17
-7.169252e-18
-1.831034e-18
-5.178411e-20
