-4.990644e-20
-2.198219e-18
-8.642819e-18
-1.938362e-17
-3.442046e-17
-5.375315e-17
-7.738141e-17
-1.053049e-16
-1.375233e-16
-1.740360e-16
-2.148427e-16
-2.599427e-16
-3.093354e-16
-3.630201e-16
-4.209960e-16
-4.832625e-16
-5.498185e-16
-6.206633e-16
-6.957957e-16
-7.752147e-16
-8.589193e-16
-9.469083e-16
-1.039180e-15
-1.135734e-15
-1.236569e-15
-1.341683e-15
-1.451074e-15
-1.564741e-15
-1.682683e-15
-1.804898e-15
-1.931384e-15
-2.062140e-15
-2.197163e-15
-2.336452e-15
-2.480005e-15
-2.627820e-15
-2.779895e-15
-2.936227e-15
-3.096814e-15
-3.261655e-15
-3.430747e-15
-3.604088e-15
-3.781675e-15
-3.963505e-15
-4.149577e-15
-4.339888e-15
-4.534434e-15
-4.733214e-15
-4.936224e-15
-5.143462e-15
-5.354925e-15
-5.570609e-15
-5.790513e-15
-6.014632e-15
-6.242964e-15
-6.475506e-15
-6.712254e-15
-6.953205e-15
-7.198356e-15
-7.447703e-15
-7.701242e-15
-7.958971e-15
-8.220886e-15
-8.486983e-15
-8.757258e-15
-9.031708e-15
-9.310329e-15
-9.593117e-15
-9.880067e-15
-1.017118e-14
-1.046644e-14
-1.076586e-14
-1.106942e-14
-1.137712e-14
-1.168897e-14
-1.200494e-14
-1.232505e-14
-1.264928e-14
-1.297764e-14
-1.331010e-14
-1.364668e-14
-1.398737e-14
-1.433216e-14
-1.468104e-14
-1.503402e-14
-1.539109e-14
-1.575224e-14
-1.611746e-14
-1.648676e-14
-1.686013e-14
-1.723755e-14
-1.761904e-14
-1.800457e-14
-1.839416e-14
-1.878778e-14
-1.918544e-14
-1.958713e-14
-1.999284e-14
-2.040257e-14
-2.081632e-14
-2.123407e-14
-2.165582e-14
-2.208157e-14
-2.251131e-14
-2.294503e-14
-2.338273e-14
-2.382441e-14
-2.427005e-14
-2.471964e-14
-2.517319e-14
-2.563069e-14
-2.609213e-14
-2.655750e-14
-2.702680e-14
-2.750002e-14
-2.797716e-14
-2.845820e-14
-2.894315e-14
-2.943199e-14
-2.992472e-14
-3.042132e-14
-3.092181e-14
-3.142616e-14
-3.193437e-14
-3.244643e-14
-3.296234e-14
-3.348209e-14
-3.400567e-14
-3.453308e-14
-3.506430e-14
-3.559934e-14
-3.613817e-14
-3.668080e-14
-3.722722e-14
-3.777742e-14
-3.833139e-14
-3.888913e-14
-3.945062e-14
-4.001586e-14
-4.058484e-14
-4.115756e-14
-4.173400e-14
-4.231416e-14
-4.289803e-14
-4.348560e-14
-4.407687e-14
-4.467182e-14
-4.527045e-14
-4.587274e-14
-4.647870e-14
-4.708831e-14
-4.770156e-14
-4.831845e-14
-4.893896e-14
-4.956310e-14
-5.019084e-14
-5.082218e-14
-5.145712e-14
-5.209564e-14
-5.273773e-14
-5.338339e-14
-5.403261e-14
-5.468537e-14
-5.534167e-14
-5.600150e-14
-5.666486e-14
-5.733172e-14
-5.800209e-14
-5.867595e-14
-5.935329e-14
-6.003411e-14
-6.071840e-14
-6.140613e-14
-6.209732e-14
-6.279194e-14
-6.348999e-14
-6.419146e-14
-6.489633e-14
-6.560460e-14
-6.631626e-14
-6.703130e-14
-6.774971e-14
-6.847148e-14
-6.919659e-14
-6.992504e-14
-7.065683e-14
-7.139193e-14
-7.213034e-14
-7.287205e-14
-7.361704e-14
-7.436532e-14
-7.511686e-14
-7.587166e-14
-7.662971e-14
-7.739099e-14
-7.815550e-14
-7.892322e-14
-7.969415e-14
-8.046828e-14
-8.124559e-14
-8.202607e-14
-8.280971e-14
-8.359651e-14
-8.438644e-14
-8.517951e-14
-8.597569e-14
-8.677498e-14
-8.757737e-14
-8.838285e-14
-8.919140e-14
-9.000302e-14
-9.081768e-14
-9.163539e-14
-9.245613e-14
-9.327989e-14
-9.410666e-14
-9.493642e-14
-9.576917e-14
-9.660489e-14
-9.744358e-14
-9.828521e-14
-9.912979e-14
-9.997729e-14
-1.008277e-13
-1.016810e-13
-1.025372e-13
-1.033963e-13
-1.042583e-13
-1.051231e-13
-1.059908e-13
-1.068613e-13
-1.077346e-13
-1.086108e-13
-1.094897e-13
-1.103714e-13
-1.112559e-13
-1.121431e-13
-1.130331e-13
-1.139259e-13
-1.148213e-13
-1.157195e-13
-1.166204e-13
-1.175240e-13
-1.184302e-13
-1.193391e-13
-1.202507e-13
-1.211649e-13
-1.220817e-13
-1.230011e-13
-1.239231e-13
-1.248478e-13
-1.257750e-13
-1.267047e-13
-1.276370e-13
-1.285719e-13
-1.295093e-13
-1.304491e-13
-1.313915e-13
-1.323364e-13
-1.332838e-13
-1.342336e-13
-1.351858e-13
-1.361405e-13
-1.370976e-13
-1.380571e-13
-1.390191e-13
-1.399834e-13
-1.409500e-13
-1.419191e-13
-1.428904e-13
-1.438641e-13
-1.448401e-13
-1.458184e-13
-1.467991e-13
-1.477819e-13
-1.487671e-13
-1.497545e-13
-1.507441e-13
-1.517360e-13
-1.527300e-13
-1.537263e-13
-1.547248e-13
-1.557254e-13
-1.567281e-13
-1.577331e-13
-1.587401e-13
-1.597492e-13
-1.607605e-13
-1.617738e-13
-1.627893e-13
-1.638067e-13
-1.648263e-13
-1.658478e-13
-1.668714e-13
-1.678970e-13
-1.689245e-13
-1.699541e-13
-1.709856e-13
-1.720190e-13
-1.730544e-13
-1.740917e-13
-1.751309e-13
-1.761720e-13
-1.772150e-13
-1.782599e-13
-1.793066e-13
-1.803551e-13
-1.814054e-13
-1.824576e-13
-1.835116e-13
-1.845673e-13
-1.856248e-13
-1.866840e-13
-1.877450e-13
-1.888077e-13
-1.898721e-13
-1.909383e-13
-1.920060e-13
-1.930755e-13
-1.941466e-13
-1.952193e-13
-1.962937e-13
-1.973696e-13
-1.984472e-13
-1.995263e-13
-2.006070e-13
-2.016893e-13
-2.027730e-13
-2.038583e-13
-2.049451e-13
-2.060334e-13
-2.071232e-13
-2.082144e-13
-2.093071e-13
-2.104012e-13
-2.114967e-13
-2.125936e-13
-2.136919e-13
-2.147916e-13
-2.158926e-13
-2.169950e-13
-2.180987e-13
-2.192037e-13
-2.203101e-13
-2.214177e-13
-2.225265e-13
-2.236367e-13
-2.247480e-13
-2.258606e-13
-2.269744e-13
-2.280894e-13
-2.292055e-13
-2.303229e-13
-2.314413e-13
-2.325610e-13
-2.336817e-13
-2.348035e-13
-2.359264e-13
-2.370504e-13
-2.381755e-13
-2.393016e-13
-2.404287e-13
-2.415569e-13
-2.426860e-13
-2.438161e-13
-2.449472e-13
-2.460793e-13
-2.472123e-13
-2.483462e-13
-2.494810e-13
-2.506167e-13
-2.517533e-13
-2.528907e-13
-2.540290e-13
-2.551681e-13
-2.563081e-13
-2.574488e-13
-2.585904e-13
-2.597327e-13
-2.608757e-13
-2.620195e-13
-2.631641e-13
-2.643093e-13
-2.654552e-13
-2.666018e-13
-2.677491e-13
-2.688970e-13
-2.700456e-13
-2.711948e-13
-2.723445e-13
-2.734949e-13
-2.746458e-13
-2.757973e-13
-2.769494e-13
-2.781020e-13
-2.792550e-13
-2.804086e-13
-2.815627e-13
-2.827172e-13
-2.838722e-13
-2.850276e-13
-2.861834e-13
-2.873396e-13
-2.884963e-13
-2.896533e-13
-2.908106e-13
-2.919683e-13
-2.931263e-13
-2.942847e-13
-2.954433e-13
-2.966022e-13
-2.977614e-13
-2.989209e-13
-3.000805e-13
-3.012404e-13
-3.024005e-13
-3.035608e-13
-3.047213e-13
-3.058819e-13
-3.070427e-13
-3.082036e-13
-3.093646e-13
-3.105257e-13
-3.116869e-13
-3.128482e-13
-3.140095e-13
-3.151708e-13
-3.163322e-13
-3.174936e-13
-3.186550e-13
-3.198163e-13
-3.209776e-13
-3.221389e-13
-3.233001e-13
-3.244612e-13
-3.256222e-13
-3.267830e-13
-3.279438e-13
-3.291044e-13
-3.302648e-13
-3.314251e-13
-3.325852e-13
-3.337451e-13
-3.349047e-13
-3.360641e-13
-3.372233e-13
-3.383822e-13
-3.395408e-13
-3.406991e-13
-3.418571e-13
-3.430148e-13
-3.441721e-13
-3.453291e-13
-3.464857e-13
-3.476419e-13
-3.487977e-13
-3.499531e-13
-3.511080e-13
-3.522625e-13
-3.534166e-13
-3.545701e-13
-3.557232e-13
-3.568758e-13
-3.580278e-13
-3.591793e-13
-3.603302e-13
-3.614806e-13
-3.626304e-13
-3.637796e-13
-3.649282e-13
-3.660761e-13
-3.672234e-13
-3.683701e-13
-3.695160e-13
-3.706613e-13
-3.718059e-13
-3.729498e-13
-3.740929e-13
-3.752353e-13
-3.763769e-13
-3.775178e-13
-3.786578e-13
-3.797970e-13
-3.809355e-13
-3.820731e-13
-3.832098e-13
-3.843457e-13
-3.854807e-13
-3.866148e-13
-3.877479e-13
-3.888802e-13
-3.900115e-13
-3.911419e-13
-3.922713e-13
-3.933997e-13
-3.945271e-13
-3.956535e-13
-3.967789e-13
-3.979033e-13
-3.990266e-13
-4.001488e-13
-4.012699e-13
-4.023900e-13
-4.035089e-13
-4.046267e-13
-4.057433e-13
-4.068588e-13
-4.079732e-13
-4.090863e-13
-4.101983e-13
-4.113090e-13
-4.124185e-13
-4.135268e-13
-4.146338e-13
-4.157395e-13
-4.168440e-13
-4.179471e-13
-4.190490e-13
-4.201495e-13
-4.212487e-13
-4.223465e-13
-4.234430e-13
-4.245380e-13
-4.256317e-13
-4.267240e-13
-4.278148e-13
-4.289042e-13
-4.299922e-13
-4.310787e-13
-4.321637e-13
-4.332472e-13
-4.343292e-13
-4.354097e-13
-4.364887e-13
-4.375661e-13
-4.386419e-13
-4.397162e-13
-4.407888e-13
-4.418599e-13
-4.429294e-13
-4.439972e-13
-4.450634e-13
-4.461279e-13
-4.471908e-13
-4.482519e-13
-4.493114e-13
-4.503692e-13
-4.514252e-13
-4.524795e-13
-4.535321e-13
-4.545829e-13
-4.556319e-13
-4.566791e-13
-4.577245e-13
-4.587681e-13
-4.598099e-13
-4.608498e-13
-4.618879e-13
-4.629241e-13
-4.639584e-13
-4.649908e-13
-4.660213e-13
-4.670499e-13
-4.680766e-13
-4.691013e-13
-4.701241e-13
-4.711448e-13
-4.721636e-13
-4.731804e-13
-4.741952e-13
-4.752080e-13
-4.762187e-13
-4.772274e-13
-4.782340e-13
-4.792385e-13
-4.802410e-13
-4.812413e-13
-4.822396e-13
-4.832357e-13
-4.842297e-13
-4.852215e-13
-4.862112e-13
-4.871987e-13
-4.881840e-13
-4.891671e-13
-4.901480e-13
-4.911267e-13
-4.921031e-13
-4.930773e-13
-4.940492e-13
-4.950189e-13
-4.959863e-13
-4.969514e-13
-4.979142e-13
-4.988746e-13
-4.998328e-13
-5.007886e-13
-5.017420e-13
-5.026931e-13
-5.036418e-13
-5.045881e-13
-5.055320e-13
-5.064735e-13
-5.074125e-13
-5.083491e-13
-5.092833e-13
-5.102151e-13
-5.111443e-13
-5.120711e-13
-5.129954e-13
-5.139171e-13
-5.148364e-13
-5.157531e-13
-5.166673e-13
-5.175790e-13
-5.184880e-13
-5.193945e-13
-5.202985e-13
-5.211998e-13
-5.220985e-13
-5.229946e-13
-5.238881e-13
-5.247790e-13
-5.256672e-13
-5.265527e-13
-5.274356e-13
-5.283158e-13
-5.291933e-13
-5.300681e-13
-5.309402e-13
-5.318095e-13
-5.326762e-13
-5.335400e-13
-5.344012e-13
-5.352595e-13
-5.361151e-13
-5.369679e-13
-5.378179e-13
-5.386651e-13
-5.395095e-13
-5.403511e-13
-5.411898e-13
-5.420256e-13
-5.428587e-13
-5.436888e-13
-5.445161e-13
-5.453405e-13
-5.461619e-13
-5.469805e-13
-5.477962e-13
-5.486089e-13
-5.494187e-13
-5.502256e-13
-5.510295e-13
-5.518304e-13
-5.526284e-13
-5.534233e-13
-5.542153e-13
-5.550043e-13
-5.557903e-13
-5.565732e-13
-5.573531e-13
-5.581300e-13
-5.589038e-13
-5.596746e-13
-5.604423e-13
-5.612069e-13
-5.619684e-13
-5.627269e-13
-5.634822e-13
-5.642344e-13
-5.649835e-13
-5.657295e-13
-5.664723e-13
-5.672120e-13
-5.679486e-13
-5.686819e-13
-5.694121e-13
-5.701391e-13
-5.708629e-13
-5.715835e-13
-5.723010e-13
-5.730151e-13
-5.737261e-13
-5.744338e-13
-5.751383e-13
-5.758396e-13
-5.765376e-13
-5.772323e-13
-5.779237e-13
-5.786119e-13
-5.792968e-13
-5.799783e-13
-5.806566e-13
-5.813316e-13
-5.820032e-13
-5.826715e-13
-5.833365e-13
-5.839981e-13
-5.846564e-13
-5.853113e-13
-5.859629e-13
-5.866110e-13
-5.872558e-13
-5.878972e-13
-5.885352e-13
-5.891699e-13
-5.898010e-13
-5.904288e-13
-5.910532e-13
-5.916741e-13
-5.922916e-13
-5.929056e-13
-5.935162e-13
-5.941233e-13
-5.947269e-13
-5.953271e-13
-5.959238e-13
-5.965170e-13
-5.971067e-13
-5.976929e-13
-5.982757e-13
-5.988548e-13
-5.994305e-13
-6.000027e-13
-6.005713e-13
-6.011363e-13
-6.016979e-13
-6.022558e-13
-6.028102e-13
-6.033611e-13
-6.039084e-13
-6.044521e-13
-6.049922e-13
-6.055287e-13
-6.060617e-13
-6.065910e-13
-6.071167e-13
-6.076388e-13
-6.081573e-13
-6.086722e-13
-6.091835e-13
-6.096911e-13
-6.101951e-13
-6.106954e-13
-6.111921e-13
-6.116851e-13
-6.121744e-13
-6.126601e-13
-6.131421e-13
-6.136205e-13
-6.140951e-13
-6.145661e-13
-6.150334e-13
-6.154970e-13
-6.159569e-13
-6.164130e-13
-6.168655e-13
-6.173142e-13
-6.177592e-13
-6.182005e-13
-6.186381e-13
-6.190719e-13
-6.195020e-13
-6.199284e-13
-6.203509e-13
-6.207698e-13
-6.211849e-13
-6.215962e-13
-6.220037e-13
-6.224075e-13
-6.228075e-13
-6.232037e-13
-6.235962e-13
-6.239848e-13
-6.243697e-13
-6.247508e-13
-6.251280e-13
-6.255015e-13
-6.258712e-13
-6.262370e-13
-6.265991e-13
-6.269573e-13
-6.273117e-13
-6.276623e-13
-6.280090e-13
-6.283519e-13
-6.286910e-13
-6.290263e-13
-6.293577e-13
-6.296852e-13
-6.300089e-13
-6.303288e-13
-6.306448e-13
-6.309570e-13
-6.312652e-13
-6.315697e-13
-6.318702e-13
-6.321669e-13
-6.324598e-13
-6.327487e-13
-6.330338e-13
-6.333150e-13
-6.335923e-13
-6.338657e-13
-6.341353e-13
-6.344009e-13
-6.346627e-13
-6.349205e-13
-6.351745e-13
-6.354246e-13
-6.356708e-13
-6.359130e-13
-6.361514e-13
-6.363859e-13
-6.366164e-13
-6.368431e-13
-6.370658e-13
-6.372846e-13
-6.374995e-13
-6.377105e-13
-6.379176e-13
-6.381207e-13
-6.383199e-13
-6.385152e-13
-6.387066e-13
-6.388940e-13
-6.390776e-13
-6.392572e-13
-6.394328e-13
-6.396045e-13
-6.397723e-13
-6.399362e-13
-6.400961e-13
-6.402521e-13
-6.404042e-13
-6.405523e-13
-6.406964e-13
-6.408367e-13
-6.409730e-13
-6.411053e-13
-6.412337e-13
-6.413582e-13
-6.414787e-13
-6.415953e-13
-6.417080e-13
-6.418166e-13
-6.419214e-13
-6.420222e-13
-6.421191e-13
-6.422120e-13
-6.423009e-13
-6.423859e-13
-6.424670e-13
-6.425441e-13
-6.426173e-13
-6.426866e-13
-6.427519e-13
-6.428132e-13
-6.428706e-13
-6.429240e-13
-6.429736e-13
-6.430191e-13
-6.430607e-13
-6.430984e-13
-6.431321e-13
-6.431619e-13
-6.431878e-13
-6.432097e-13
-6.432276e-13
-6.432417e-13
-6.432517e-13
-6.432579e-13
-6.432601e-13
-6.432584e-13
-6.432527e-13
-6.432431e-13
-6.432296e-13
-6.432121e-13
-6.431907e-13
-6.431654e-13
-6.431361e-13
-6.431030e-13
-6.430658e-13
-6.430248e-13
-6.429799e-13
-6.429310e-13
-6.428782e-13
-6.428215e-13
-6.427608e-13
-6.426963e-13
-6.426278e-13
-6.425555e-13
-6.424792e-13
-6.423990e-13
-6.423149e-13
-6.422269e-13
-6.421350e-13
-6.420392e-13
-6.419395e-13
-6.418359e-13
-6.417284e-13
-6.416170e-13
-6.415018e-13
-6.413826e-13
-6.412596e-13
-6.411327e-13
-6.410019e-13
-6.408672e-13
-6.407287e-13
-6.405862e-13
-6.404400e-13
-6.402898e-13
-6.401358e-13
-6.399779e-13
-6.398162e-13
-6.396506e-13
-6.394812e-13
-6.393079e-13
-6.391308e-13
-6.389498e-13
-6.387650e-13
-6.385763e-13
-6.383838e-13
-6.381875e-13
-6.379874e-13
-6.377834e-13
-6.375757e-13
-6.373641e-13
-6.371487e-13
-6.369295e-13
-6.367065e-13
-6.364796e-13
-6.362490e-13
-6.360146e-13
-6.357764e-13
-6.355344e-13
-6.352887e-13
-6.350391e-13
-6.347858e-13
-6.345287e-13
-6.342678e-13
-6.340032e-13
-6.337348e-13
-6.334627e-13
-6.331868e-13
-6.329072e-13
-6.326238e-13
-6.323367e-13
-6.320459e-13
-6.317513e-13
-6.314530e-13
-6.311510e-13
-6.308453e-13
-6.305359e-13
-6.302227e-13
-6.299059e-13
-6.295853e-13
-6.292611e-13
-6.289332e-13
-6.286016e-13
-6.282663e-13
-6.279274e-13
-6.275848e-13
-6.272385e-13
-6.268886e-13
-6.265350e-13
-6.261778e-13
-6.258169e-13
-6.254524e-13
-6.250843e-13
-6.247125e-13
-6.243372e-13
-6.239582e-13
-6.235756e-13
-6.231894e-13
-6.227996e-13
-6.224062e-13
-6.220092e-13
-6.216086e-13
-6.212045e-13
-6.207968e-13
-6.203855e-13
-6.199707e-13
-6.195523e-13
-6.191304e-13
-6.187049e-13
-6.182759e-13
-6.178434e-13
-6.174074e-13
-6.169678e-13
-6.165247e-13
-6.160781e-13
-6.156281e-13
-6.151745e-13
-6.147174e-13
-6.142569e-13
-6.137929e-13
-6.133254e-13
-6.128545e-13
-6.123801e-13
-6.119023e-13
-6.114210e-13
-6.109363e-13
-6.104482e-13
-6.099567e-13
-6.094617e-13
-6.089633e-13
-6.084616e-13
-6.079564e-13
-6.074479e-13
-6.069359e-13
-6.064207e-13
-6.059020e-13
-6.053800e-13
-6.048546e-13
-6.043259e-13
-6.037938e-13
-6.032585e-13
-6.027198e-13
-6.021777e-13
-6.016324e-13
-6.010838e-13
-6.005319e-13
-5.999767e-13
-5.994182e-13
-5.988564e-13
-5.982914e-13
-5.977231e-13
-5.971516e-13
-5.965769e-13
-5.959989e-13
-5.954177e-13
-5.948332e-13
-5.942456e-13
-5.936547e-13
-5.930607e-13
-5.924634e-13
-5.918630e-13
-5.912595e-13
-5.906527e-13
-5.900428e-13
-5.894298e-13
-5.888136e-13
-5.881943e-13
-5.875718e-13
-5.869463e-13
-5.863176e-13
-5.856859e-13
-5.850510e-13
-5.844131e-13
-5.837721e-13
-5.831280e-13
-5.824809e-13
-5.818308e-13
-5.811775e-13
-5.805213e-13
-5.798620e-13
-5.791998e-13
-5.785345e-13
-5.778662e-13
-5.771949e-13
-5.765207e-13
-5.758435e-13
-5.751633e-13
-5.744802e-13
-5.737941e-13
-5.731051e-13
-5.724131e-13
-5.717183e-13
-5.710205e-13
-5.703199e-13
-5.696163e-13
-5.689099e-13
-5.682006e-13
-5.674884e-13
-5.667733e-13
-5.660555e-13
-5.653348e-13
-5.646112e-13
-5.638849e-13
-5.631557e-13
-5.624237e-13
-5.616890e-13
-5.609514e-13
-5.602111e-13
-5.594680e-13
-5.587222e-13
-5.579737e-13
-5.572224e-13
-5.564683e-13
-5.557116e-13
-5.549521e-13
-5.541900e-13
-5.534252e-13
-5.526577e-13
-5.518875e-13
-5.511147e-13
-5.503392e-13
-5.495611e-13
-5.487803e-13
-5.479970e-13
-5.472110e-13
-5.464224e-13
-5.456313e-13
-5.448375e-13
-5.440412e-13
-5.432424e-13
-5.424410e-13
-5.416370e-13
-5.408305e-13
-5.400216e-13
-5.392100e-13
-5.383960e-13
-5.375796e-13
-5.367606e-13
-5.359392e-13
-5.351153e-13
-5.342889e-13
-5.334601e-13
-5.326289e-13
-5.317953e-13
-5.309593e-13
-5.301209e-13
-5.292800e-13
-5.284369e-13
-5.275913e-13
-5.267434e-13
-5.258932e-13
-5.250406e-13
-5.241857e-13
-5.233285e-13
-5.224689e-13
-5.216071e-13
-5.207430e-13
-5.198767e-13
-5.190081e-13
-5.181372e-13
-5.172641e-13
-5.163888e-13
-5.155112e-13
-5.146315e-13
-5.137495e-13
-5.128654e-13
-5.119791e-13
-5.110906e-13
-5.102000e-13
-5.093072e-13
-5.084123e-13
-5.075153e-13
-5.066162e-13
-5.057150e-13
-5.048117e-13
-5.039063e-13
-5.029989e-13
-5.020894e-13
-5.011779e-13
-5.002643e-13
-4.993487e-13
-4.984311e-13
-4.975116e-13
-4.965900e-13
-4.956664e-13
-4.947409e-13
-4.938135e-13
-4.928841e-13
-4.919527e-13
-4.910195e-13
-4.900843e-13
-4.891472e-13
-4.882083e-13
-4.872675e-13
-4.863248e-13
-4.853803e-13
-4.844339e-13
-4.834857e-13
-4.825357e-13
-4.815839e-13
-4.806303e-13
-4.796749e-13
-4.787177e-13
-4.777588e-13
-4.767981e-13
-4.758357e-13
-4.748716e-13
-4.739057e-13
-4.729382e-13
-4.719689e-13
-4.709980e-13
-4.700254e-13
-4.690512e-13
-4.680753e-13
-4.670978e-13
-4.661186e-13
-4.651379e-13
-4.641556e-13
-4.631716e-13
-4.621861e-13
-4.611991e-13
-4.602105e-13
-4.592203e-13
-4.582286e-13
-4.572355e-13
-4.562408e-13
-4.552446e-13
-4.542469e-13
-4.532478e-13
-4.522472e-13
-4.512452e-13
-4.502417e-13
-4.492368e-13
-4.482306e-13
-4.472229e-13
-4.462138e-13
-4.452034e-13
-4.441916e-13
-4.431784e-13
-4.421640e-13
-4.411481e-13
-4.401310e-13
-4.391126e-13
-4.380929e-13
-4.370719e-13
-4.360497e-13
-4.350262e-13
-4.340014e-13
-4.329755e-13
-4.319483e-13
-4.309199e-13
-4.298903e-13
-4.288596e-13
-4.278276e-13
-4.267946e-13
-4.257603e-13
-4.247250e-13
-4.236885e-13
-4.226509e-13
-4.216123e-13
-4.205725e-13
-4.195317e-13
-4.184898e-13
-4.174469e-13
-4.164029e-13
-4.153579e-13
-4.143119e-13
-4.132649e-13
-4.122169e-13
-4.111680e-13
-4.101181e-13
-4.090672e-13
-4.080154e-13
-4.069627e-13
-4.059091e-13
-4.048546e-13
-4.037991e-13
-4.027429e-13
-4.016857e-13
-4.006277e-13
-3.995689e-13
-3.985092e-13
-3.974487e-13
-3.963874e-13
-3.953254e-13
-3.942625e-13
-3.931989e-13
-3.921346e-13
-3.910695e-13
-3.900036e-13
-3.889371e-13
-3.878698e-13
-3.868019e-13
-3.857333e-13
-3.846640e-13
-3.835941e-13
-3.825235e-13
-3.814523e-13
-3.803805e-13
-3.793081e-13
-3.782351e-13
-3.771615e-13
-3.760874e-13
-3.750127e-13
-3.739374e-13
-3.728616e-13
-3.717853e-13
-3.707085e-13
-3.696313e-13
-3.685535e-13
-3.674752e-13
-3.663966e-13
-3.653174e-13
-3.642379e-13
-3.631579e-13
-3.620775e-13
-3.609967e-13
-3.599156e-13
-3.588340e-13
-3.577521e-13
-3.566699e-13
-3.555873e-13
-3.545045e-13
-3.534213e-13
-3.523378e-13
-3.512540e-13
-3.501700e-13
-3.490857e-13
-3.480012e-13
-3.469164e-13
-3.458315e-13
-3.447463e-13
-3.436609e-13
-3.425753e-13
-3.414896e-13
-3.404037e-13
-3.393176e-13
-3.382315e-13
-3.371452e-13
-3.360588e-13
-3.349723e-13
-3.338857e-13
-3.327990e-13
-3.317123e-13
-3.306256e-13
-3.295388e-13
-3.284520e-13
-3.273651e-13
-3.262783e-13
-3.251915e-13
-3.241047e-13
-3.230180e-13
-3.219313e-13
-3.208447e-13
-3.197581e-13
-3.186717e-13
-3.175853e-13
-3.164990e-13
-3.154129e-13
-3.143269e-13
-3.132411e-13
-3.121554e-13
-3.110699e-13
-3.099846e-13
-3.088995e-13
-3.078146e-13
-3.067300e-13
-3.056455e-13
-3.045613e-13
-3.034774e-13
-3.023937e-13
-3.013104e-13
-3.002273e-13
-2.991445e-13
-2.980621e-13
-2.969799e-13
-2.958982e-13
-2.948168e-13
-2.937357e-13
-2.926551e-13
-2.915748e-13
-2.904949e-13
-2.894155e-13
-2.883365e-13
-2.872579e-13
-2.861798e-13
-2.851021e-13
-2.840250e-13
-2.829483e-13
-2.818721e-13
-2.807965e-13
-2.797213e-13
-2.786467e-13
-2.775727e-13
-2.764992e-13
-2.754263e-13
-2.743540e-13
-2.732822e-13
-2.722111e-13
-2.711406e-13
-2.700708e-13
-2.690016e-13
-2.679330e-13
-2.668651e-13
-2.657979e-13
-2.647314e-13
-2.636656e-13
-2.626005e-13
-2.615362e-13
-2.604726e-13
-2.594097e-13
-2.583476e-13
-2.572863e-13
-2.562258e-13
-2.551661e-13
-2.541072e-13
-2.530491e-13
-2.519918e-13
-2.509354e-13
-2.498799e-13
-2.488252e-13
-2.477714e-13
-2.467185e-13
-2.456665e-13
-2.446154e-13
-2.435653e-13
-2.425161e-13
-2.414678e-13
-2.404205e-13
-2.393742e-13
-2.383289e-13
-2.372846e-13
-2.362412e-13
-2.351989e-13
-2.341577e-13
-2.331175e-13
-2.320783e-13
-2.310402e-13
-2.300032e-13
-2.289673e-13
-2.279324e-13
-2.268987e-13
-2.258661e-13
-2.248347e-13
-2.238044e-13
-2.227752e-13
-2.217473e-13
-2.207205e-13
-2.196949e-13
-2.186705e-13
-2.176473e-13
-2.166254e-13
-2.156047e-13
-2.145852e-13
-2.135670e-13
-2.125500e-13
-2.115344e-13
-2.105200e-13
-2.095070e-13
-2.084953e-13
-2.074848e-13
-2.064758e-13
-2.054681e-13
-2.044617e-13
-2.034567e-13
-2.024531e-13
-2.014509e-13
-2.004501e-13
-1.994507e-13
-1.984527e-13
-1.974562e-13
-1.964611e-13
-1.954675e-13
-1.944753e-13
-1.934846e-13
-1.924955e-13
-1.915078e-13
-1.905216e-13
-1.895370e-13
-1.885539e-13
-1.875723e-13
-1.865923e-13
-1.856138e-13
-1.846370e-13
-1.836617e-13
-1.826880e-13
-1.817159e-13
-1.807455e-13
-1.797767e-13
-1.788095e-13
-1.778440e-13
-1.768801e-13
-1.759179e-13
-1.749574e-13
-1.739986e-13
-1.730415e-13
-1.720861e-13
-1.711324e-13
-1.701805e-13
-1.692303e-13
-1.682818e-13
-1.673352e-13
-1.663903e-13
-1.654472e-13
-1.645058e-13
-1.635663e-13
-1.626286e-13
-1.616928e-13
-1.607588e-13
-1.598266e-13
-1.588963e-13
-1.579678e-13
-1.570412e-13
-1.561166e-13
-1.551938e-13
-1.542729e-13
-1.533539e-13
-1.524369e-13
-1.515218e-13
-1.506086e-13
-1.496974e-13
-1.487882e-13
-1.478810e-13
-1.469757e-13
-1.460724e-13
-1.451712e-13
-1.442719e-13
-1.433747e-13
-1.424795e-13
-1.415864e-13
-1.406953e-13
-1.398063e-13
-1.389194e-13
-1.380345e-13
-1.371517e-13
-1.362711e-13
-1.353925e-13
-1.345161e-13
-1.336418e-13
-1.327696e-13
-1.318996e-13
-1.310318e-13
-1.301661e-13
-1.293026e-13
-1.284412e-13
-1.275821e-13
-1.267252e-13
-1.258705e-13
-1.250180e-13
-1.241678e-13
-1.233198e-13
-1.224740e-13
-1.216306e-13
-1.207893e-13
-1.199504e-13
-1.191137e-13
-1.182794e-13
-1.174473e-13
-1.166176e-13
-1.157902e-13
-1.149651e-13
-1.141424e-13
-1.133220e-13
-1.125039e-13
-1.116883e-13
-1.108750e-13
-1.100641e-13
-1.092556e-13
-1.084495e-13
-1.076458e-13
-1.068445e-13
-1.060457e-13
-1.052492e-13
-1.044553e-13
-1.036638e-13
-1.028747e-13
-1.020881e-13
-1.013040e-13
-1.005224e-13
-9.974331e-14
-9.896669e-14
-9.819259e-14
-9.742101e-14
-9.665196e-14
-9.588545e-14
-9.512148e-14
-9.436006e-14
-9.360121e-14
-9.284492e-14
-9.209122e-14
-9.134010e-14
-9.059157e-14
-8.984564e-14
-8.910233e-14
-8.836163e-14
-8.762356e-14
-8.688812e-14
-8.615532e-14
-8.542517e-14
-8.469768e-14
-8.397285e-14
-8.325070e-14
-8.253122e-14
-8.181443e-14
-8.110034e-14
-8.038895e-14
-7.968027e-14
-7.897431e-14
-7.827108e-14
-7.757058e-14
-7.687281e-14
-7.617780e-14
-7.548554e-14
-7.479604e-14
-7.410932e-14
-7.342537e-14
-7.274420e-14
-7.206583e-14
-7.139026e-14
-7.071749e-14
-7.004753e-14
-6.938040e-14
-6.871609e-14
-6.805462e-14
-6.739599e-14
-6.674021e-14
-6.608728e-14
-6.543722e-14
-6.479002e-14
-6.414570e-14
-6.350427e-14
-6.286572e-14
-6.223007e-14
-6.159732e-14
-6.096749e-14
-6.034057e-14
-5.971657e-14
-5.909551e-14
-5.847738e-14
-5.786219e-14
-5.724995e-14
-5.664067e-14
-5.603435e-14
-5.543100e-14
-5.483063e-14
-5.423323e-14
-5.363883e-14
-5.304742e-14
-5.245901e-14
-5.187360e-14
-5.129121e-14
-5.071184e-14
-5.013550e-14
-4.956218e-14
-4.899190e-14
-4.842467e-14
-4.786048e-14
-4.729936e-14
-4.674129e-14
-4.618629e-14
-4.563436e-14
-4.508551e-14
-4.453975e-14
-4.399707e-14
-4.345749e-14
-4.292102e-14
-4.238765e-14
-4.185739e-14
-4.133026e-14
-4.080625e-14
-4.028536e-14
-3.976762e-14
-3.925301e-14
-3.874155e-14
-3.823324e-14
-3.772809e-14
-3.722610e-14
-3.672728e-14
-3.623163e-14
-3.573916e-14
-3.524987e-14
-3.476377e-14
-3.428087e-14
-3.380116e-14
-3.332466e-14
-3.285137e-14
-3.238129e-14
-3.191442e-14
-3.145078e-14
-3.099038e-14
-3.053320e-14
-3.007926e-14
-2.962856e-14
-2.918112e-14
-2.873692e-14
-2.829598e-14
-2.785831e-14
-2.742389e-14
-2.699275e-14
-2.656489e-14
-2.614031e-14
-2.571900e-14
-2.530099e-14
-2.488627e-14
-2.447485e-14
-2.406673e-14
-2.366192e-14
-2.326042e-14
-2.286223e-14
-2.246736e-14
-2.207582e-14
-2.168760e-14
-2.130271e-14
-2.092116e-14
-2.054294e-14
-2.016807e-14
-1.979655e-14
-1.942838e-14
-1.906356e-14
-1.870210e-14
-1.834400e-14
-1.798927e-14
-1.763791e-14
-1.728993e-14
-1.694532e-14
-1.660409e-14
-1.626625e-14
-1.593179e-14
-1.560073e-14
-1.527306e-14
-1.494879e-14
-1.462792e-14
-1.431046e-14
-1.399640e-14
-1.368576e-14
-1.337853e-14
-1.307472e-14
-1.277434e-14
-1.247737e-14
-1.218384e-14
-1.189373e-14
-1.160706e-14
-1.132383e-14
-1.104404e-14
-1.076769e-14
-1.049478e-14
-1.022533e-14
-9.959323e-15
-9.696772e-15
-9.437679e-15
-9.182045e-15
-8.929874e-15
-8.681168e-15
-8.435929e-15
-8.194161e-15
-7.955865e-15
-7.721045e-15
-7.489702e-15
-7.261839e-15
-7.037459e-15
-6.816564e-15
-6.599156e-15
-6.385237e-15
-6.174810e-15
-5.967877e-15
-5.764440e-15
-5.564501e-15
-5.368063e-15
-5.175126e-15
-4.985695e-15
-4.799769e-15
-4.617352e-15
-4.438445e-15
-4.263050e-15
-4.091169e-15
-3.922803e-15
-3.757955e-15
-3.596627e-15
-3.438819e-15
-3.284533e-15
-3.133772e-15
-2.986537e-15
-2.842829e-15
-2.702649e-15
-2.566000e-15
-2.432883e-15
-2.303298e-15
-2.177248e-15
-2.054734e-15
-1.935757e-15
-1.820318e-15
-1.708419e-15
-1.600060e-15
-1.495243e-15
-1.393969e-15
-1.296238e-15
-1.202053e-15
-1.111414e-15
-1.024322e-15
-9.407770e-16
-8.607810e-16
-7.843347e-16
-7.114386e-16
-6.420936e-16
-5.763004e-16
-5.140597e-16
-4.553721e-16
-4.002384e-16
-3.486589e-16
-3.006343e-16
-2.561651e-16
-2.152518e-16
-1.778947e-16
-1.440942e-16
-1.138508e-16
-8.716475e-17
-6.403628e-17
-4.446566e-17
-2.845311e-17
-1.599877e-17
-7.102796e-18
-1.765268e-18
1.375540e-20
