4.838767e-20
-2.330791e-18
-9.468111e-18
-2.136348e-17
-3.801672e-17
-5.942762e-17
-8.559587e-17
-1.165211e-16
-1.522030e-16
-1.926409e-16
-2.378343e-16
-2.877826e-16
-3.424852e-16
-4.019412e-16
-4.661499e-16
-5.351104e-16
-6.088217e-16
-6.872828e-16
-7.704926e-16
-8.584500e-16
-9.511538e-16
-1.048603e-15
-1.150795e-15
-1.257730e-15
-1.369406e-15
-1.485822e-15
-1.606975e-15
-1.732864e-15
-1.863488e-15
-1.998844e-15
-2.138931e-15
-2.283746e-15
-2.433289e-15
-2.587556e-15
-2.746546e-15
-2.910256e-15
-3.078684e-15
-3.251829e-15
-3.429687e-15
-3.612256e-15
-3.799533e-15
-3.991517e-15
-4.188204e-15
-4.389591e-15
-4.595677e-15
-4.806457e-15
-5.021930e-15
-5.242092e-15
-5.466940e-15
-5.696471e-15
-5.930682e-15
-6.169570e-15
-6.413131e-15
-6.661362e-15
-6.914261e-15
-7.171822e-15
-7.434043e-15
-7.700920e-15
-7.972450e-15
-8.248628e-15
-8.529451e-15
-8.814915e-15
-9.105017e-15
-9.399751e-15
-9.699115e-15
-1.000310e-14
-1.031171e-14
-1.062494e-14
-1.094278e-14
-1.126522e-14
-1.159227e-14
-1.192392e-14
-1.226017e-14
-1.260100e-14
-1.294642e-14
-1.329642e-14
-1.365099e-14
-1.401014e-14
-1.437385e-14
-1.474212e-14
-1.511495e-14
-1.549233e-14
-1.587425e-14
-1.626072e-14
-1.665172e-14
-1.704725e-14
-1.744730e-14
-1.785187e-14
-1.826096e-14
-1.867455e-14
-1.909265e-14
-1.951524e-14
-1.994232e-14
-2.037388e-14
-2.080993e-14
-2.125045e-14
-2.169543e-14
-2.214488e-14
-2.259877e-14
-2.305712e-14
-2.351991e-14
-2.398713e-14
-2.445879e-14
-2.493486e-14
-2.541536e-14
-2.590026e-14
-2.638956e-14
-2.688326e-14
-2.738135e-14
-2.788383e-14
-2.839068e-14
-2.890189e-14
-2.941747e-14
-2.993741e-14
-3.046169e-14
-3.099031e-14
-3.152327e-14
-3.206055e-14
-3.260215e-14
-3.314806e-14
-3.369827e-14
-3.425279e-14
-3.481159e-14
-3.537467e-14
-3.594202e-14
-3.651364e-14
-3.708952e-14
-3.766964e-14
-3.825401e-14
-3.884261e-14
-3.943544e-14
-4.003249e-14
-4.063374e-14
-4.123920e-14
-4.184885e-14
-4.246268e-14
-4.308069e-14
-4.370287e-14
-4.432921e-14
-4.495970e-14
-4.559433e-14
-4.623309e-14
-4.687598e-14
-4.752299e-14
-4.817410e-14
-4.882931e-14
-4.948861e-14
-5.015199e-14
-5.081944e-14
-5.149095e-14
-5.216652e-14
-5.284613e-14
-5.352977e-14
-5.421744e-14
-5.490913e-14
-5.560482e-14
-5.630450e-14
-5.700818e-14
-5.771583e-14
-5.842745e-14
-5.914303e-14
-5.986256e-14
-6.058603e-14
-6.131342e-14
-6.204474e-14
-6.277996e-14
-6.351908e-14
-6.426209e-14
-6.500898e-14
-6.575974e-14
-6.651436e-14
-6.727282e-14
-6.803512e-14
-6.880125e-14
-6.957120e-14
-7.034495e-14
-7.112250e-14
-7.190383e-14
-7.268894e-14
-7.347781e-14
-7.427043e-14
-7.506680e-14
-7.586690e-14
-7.667072e-14
-7.747825e-14
-7.828947e-14
-7.910439e-14
-7.992298e-14
-8.074524e-14
-8.157115e-14
-8.240070e-14
-8.323389e-14
-8.407069e-14
-8.491111e-14
-8.575512e-14
-8.660272e-14
-8.745389e-14
-8.830862e-14
-8.916691e-14
-9.002874e-14
-9.089409e-14
-9.176296e-14
-9.263534e-14
-9.351121e-14
-9.439055e-14
-9.527337e-14
-9.615964e-14
-9.704936e-14
-9.794251e-14
-9.883908e-14
-9.973906e-14
-1.006424e-13
-1.015492e-13
-1.024593e-13
-1.033728e-13
-1.042897e-13
-1.052098e-13
-1.061333e-13
-1.070601e-13
-1.079902e-13
-1.089236e-13
-1.098603e-13
-1.108002e-13
-1.117433e-13
-1.126897e-13
-1.136393e-13
-1.145921e-13
-1.155482e-13
-1.165074e-13
-1.174697e-13
-1.184352e-13
-1.194039e-13
-1.203757e-13
-1.213506e-13
-1.223286e-13
-1.233097e-13
-1.242939e-13
-1.252811e-13
-1.262714e-13
-1.272648e-13
-1.282611e-13
-1.292605e-13
-1.302628e-13
-1.312682e-13
-1.322765e-13
-1.332877e-13
-1.343019e-13
-1.353191e-13
-1.363391e-13
-1.373621e-13
-1.383879e-13
-1.394166e-13
-1.404482e-13
-1.414826e-13
-1.425198e-13
-1.435599e-13
-1.446027e-13
-1.456484e-13
-1.466968e-13
-1.477480e-13
-1.488019e-13
-1.498586e-13
-1.509180e-13
-1.519800e-13
-1.530448e-13
-1.541123e-13
-1.551824e-13
-1.562551e-13
-1.573305e-13
-1.584085e-13
-1.594891e-13
-1.605723e-13
-1.616581e-13
-1.627464e-13
-1.638373e-13
-1.649307e-13
-1.660266e-13
-1.671250e-13
-1.682259e-13
-1.693293e-13
-1.704351e-13
-1.715434e-13
-1.726541e-13
-1.737672e-13
-1.748827e-13
-1.760005e-13
-1.771208e-13
-1.782434e-13
-1.793683e-13
-1.804956e-13
-1.816251e-13
-1.827570e-13
-1.838911e-13
-1.850275e-13
-1.861661e-13
-1.873070e-13
-1.884500e-13
-1.895953e-13
-1.907428e-13
-1.918924e-13
-1.930442e-13
-1.941981e-13
-1.953541e-13
-1.965123e-13
-1.976725e-13
-1.988348e-13
-1.999992e-13
-2.011656e-13
-2.023340e-13
-2.035045e-13
-2.046769e-13
-2.058513e-13
-2.070277e-13
-2.082061e-13
-2.093864e-13
-2.105686e-13
-2.117527e-13
-2.129386e-13
-2.141265e-13
-2.153162e-13
-2.165078e-13
-2.177011e-13
-2.188963e-13
-2.200933e-13
-2.212920e-13
-2.224926e-13
-2.236948e-13
-2.248988e-13
-2.261045e-13
-2.273119e-13
-2.285209e-13
-2.297317e-13
-2.309440e-13
-2.321580e-13
-2.333736e-13
-2.345909e-13
-2.358097e-13
-2.370300e-13
-2.382519e-13
-2.394754e-13
-2.407003e-13
-2.419268e-13
-2.431548e-13
-2.443842e-13
-2.456150e-13
-2.468473e-13
-2.480811e-13
-2.493162e-13
-2.505527e-13
-2.517906e-13
-2.530298e-13
-2.542704e-13
-2.555123e-13
-2.567555e-13
-2.579999e-13
-2.592457e-13
-2.604927e-13
-2.617409e-13
-2.629904e-13
-2.642411e-13
-2.654929e-13
-2.667459e-13
-2.680001e-13
-2.692554e-13
-2.705119e-13
-2.717694e-13
-2.730280e-13
-2.742878e-13
-2.755485e-13
-2.768103e-13
-2.780731e-13
-2.793369e-13
-2.806018e-13
-2.818675e-13
-2.831343e-13
-2.844019e-13
-2.856705e-13
-2.869400e-13
-2.882104e-13
-2.894817e-13
-2.907538e-13
-2.920267e-13
-2.933005e-13
-2.945751e-13
-2.958504e-13
-2.971265e-13
-2.984034e-13
-2.996810e-13
-3.009594e-13
-3.022384e-13
-3.035181e-13
-3.047985e-13
-3.060796e-13
-3.073612e-13
-3.086435e-13
-3.099264e-13
-3.112099e-13
-3.124940e-13
-3.137786e-13
-3.150637e-13
-3.163493e-13
-3.176355e-13
-3.189221e-13
-3.202092e-13
-3.214968e-13
-3.227847e-13
-3.240731e-13
-3.253619e-13
-3.266511e-13
-3.279406e-13
-3.292305e-13
-3.305207e-13
-3.318113e-13
-3.331021e-13
-3.343932e-13
-3.356846e-13
-3.369762e-13
-3.382680e-13
-3.395601e-13
-3.408523e-13
-3.421448e-13
-3.434374e-13
-3.447301e-13
-3.460230e-13
-3.473159e-13
-3.486090e-13
-3.499022e-13
-3.511954e-13
-3.524886e-13
-3.537819e-13
-3.550752e-13
-3.563684e-13
-3.576617e-13
-3.589549e-13
-3.602481e-13
-3.615411e-13
-3.628341e-13
-3.641270e-13
-3.654198e-13
-3.667124e-13
-3.680048e-13
-3.692971e-13
-3.705892e-13
-3.718811e-13
-3.731727e-13
-3.744641e-13
-3.757553e-13
-3.770461e-13
-3.783367e-13
-3.796270e-13
-3.809169e-13
-3.822065e-13
-3.834957e-13
-3.847846e-13
-3.860730e-13
-3.873611e-13
-3.886487e-13
-3.899359e-13
-3.912226e-13
-3.925089e-13
-3.937946e-13
-3.950798e-13
-3.963646e-13
-3.976487e-13
-3.989323e-13
-4.002153e-13
-4.014978e-13
-4.027796e-13
-4.040608e-13
-4.053414e-13
-4.066212e-13
-4.079005e-13
-4.091790e-13
-4.104568e-13
-4.117339e-13
-4.130102e-13
-4.142858e-13
-4.155606e-13
-4.168347e-13
-4.181079e-13
-4.193802e-13
-4.206518e-13
-4.219225e-13
-4.231923e-13
-4.244612e-13
-4.257292e-13
-4.269963e-13
-4.282625e-13
-4.295277e-13
-4.307919e-13
-4.320552e-13
-4.333174e-13
-4.345786e-13
-4.358388e-13
-4.370979e-13
-4.383560e-13
-4.396130e-13
-4.408688e-13
-4.421236e-13
-4.433772e-13
-4.446297e-13
-4.458810e-13
-4.471311e-13
-4.483801e-13
-4.496278e-13
-4.508743e-13
-4.521195e-13
-4.533635e-13
-4.546062e-13
-4.558477e-13
-4.570878e-13
-4.583265e-13
-4.595640e-13
-4.608001e-13
-4.620348e-13
-4.632681e-13
-4.645001e-13
-4.657306e-13
-4.669596e-13
-4.681873e-13
-4.694134e-13
-4.706381e-13
-4.718613e-13
-4.730830e-13
-4.743031e-13
-4.755217e-13
-4.767387e-13
-4.779542e-13
-4.791681e-13
-4.803804e-13
-4.815910e-13
-4.828000e-13
-4.840074e-13
-4.852131e-13
-4.864171e-13
-4.876194e-13
-4.888200e-13
-4.900189e-13
-4.912161e-13
-4.924114e-13
-4.936051e-13
-4.947969e-13
-4.959869e-13
-4.971751e-13
-4.983615e-13
-4.995460e-13
-5.007287e-13
-5.019094e-13
-5.030883e-13
-5.042653e-13
-5.054404e-13
-5.066135e-13
-5.077847e-13
-5.089539e-13
-5.101211e-13
-5.112864e-13
-5.124496e-13
-5.136108e-13
-5.147699e-13
-5.159270e-13
-5.170821e-13
-5.182350e-13
-5.193859e-13
-5.205346e-13
-5.216813e-13
-5.228257e-13
-5.239681e-13
-5.251082e-13
-5.262462e-13
-5.273820e-13
-5.285155e-13
-5.296469e-13
-5.307760e-13
-5.319028e-13
-5.330274e-13
-5.341497e-13
-5.352697e-13
-5.363874e-13
-5.375028e-13
-5.386158e-13
-5.397265e-13
-5.408348e-13
-5.419407e-13
-5.430443e-13
-5.441454e-13
-5.452441e-13
-5.463404e-13
-5.474342e-13
-5.485256e-13
-5.496145e-13
-5.507009e-13
-5.517848e-13
-5.528662e-13
-5.539451e-13
-5.550214e-13
-5.560952e-13
-5.571664e-13
-5.582350e-13
-5.593011e-13
-5.603645e-13
-5.614253e-13
-5.624835e-13
-5.635390e-13
-5.645918e-13
-5.656420e-13
-5.666895e-13
-5.677343e-13
-5.687764e-13
-5.698158e-13
-5.708524e-13
-5.718863e-13
-5.729175e-13
-5.739458e-13
-5.749714e-13
-5.759941e-13
-5.770141e-13
-5.780312e-13
-5.790455e-13
-5.800569e-13
-5.810655e-13
-5.820712e-13
-5.830740e-13
-5.840739e-13
-5.850709e-13
-5.860650e-13
-5.870562e-13
-5.880444e-13
-5.890296e-13
-5.900119e-13
-5.909912e-13
-5.919674e-13
-5.929407e-13
-5.939110e-13
-5.948782e-13
-5.958424e-13
-5.968036e-13
-5.977616e-13
-5.987166e-13
-5.996685e-13
-6.006173e-13
-6.015630e-13
-6.025056e-13
-6.034451e-13
-6.043813e-13
-6.053145e-13
-6.062444e-13
-6.071712e-13
-6.080948e-13
-6.090152e-13
-6.099324e-13
-6.108464e-13
-6.117571e-13
-6.126646e-13
-6.135688e-13
-6.144698e-13
-6.153674e-13
-6.162618e-13
-6.171529e-13
-6.180407e-13
-6.189252e-13
-6.198063e-13
-6.206841e-13
-6.215585e-13
-6.224296e-13
-6.232973e-13
-6.241616e-13
-6.250225e-13
-6.258800e-13
-6.267341e-13
-6.275848e-13
-6.284321e-13
-6.292759e-13
-6.301162e-13
-6.309531e-13
-6.317865e-13
-6.326164e-13
-6.334429e-13
-6.342658e-13
-6.350852e-13
-6.359011e-13
-6.367134e-13
-6.375223e-13
-6.383275e-13
-6.391292e-13
-6.399274e-13
-6.407219e-13
-6.415129e-13
-6.423003e-13
-6.430840e-13
-6.438642e-13
-6.446407e-13
-6.454136e-13
-6.461828e-13
-6.469484e-13
-6.477103e-13
-6.484686e-13
-6.492232e-13
-6.499741e-13
-6.507213e-13
-6.514647e-13
-6.522045e-13
-6.529406e-13
-6.536729e-13
-6.544015e-13
-6.551263e-13
-6.558474e-13
-6.565647e-13
-6.572782e-13
-6.579880e-13
-6.586940e-13
-6.593961e-13
-6.600945e-13
-6.607891e-13
-6.614798e-13
-6.621667e-13
-6.628498e-13
-6.635290e-13
-6.642043e-13
-6.648759e-13
-6.655435e-13
-6.662073e-13
-6.668672e-13
-6.675231e-13
-6.681752e-13
-6.688234e-13
-6.694677e-13
-6.701081e-13
-6.707445e-13
-6.713770e-13
-6.720055e-13
-6.726302e-13
-6.732508e-13
-6.738675e-13
-6.744802e-13
-6.750890e-13
-6.756937e-13
-6.762945e-13
-6.768913e-13
-6.774840e-13
-6.780728e-13
-6.786576e-13
-6.792383e-13
-6.798150e-13
-6.803876e-13
-6.809563e-13
-6.815208e-13
-6.820813e-13
-6.826378e-13
-6.831902e-13
-6.837385e-13
-6.842828e-13
-6.848229e-13
-6.853590e-13
-6.858909e-13
-6.864188e-13
-6.869426e-13
-6.874622e-13
-6.879778e-13
-6.884892e-13
-6.889964e-13
-6.894996e-13
-6.899986e-13
-6.904934e-13
-6.909841e-13
-6.914707e-13
-6.919530e-13
-6.924313e-13
-6.929053e-13
-6.933752e-13
-6.938409e-13
-6.943024e-13
-6.947597e-13
-6.952128e-13
-6.956617e-13
-6.961064e-13
-6.965469e-13
-6.969832e-13
-6.974152e-13
-6.978431e-13
-6.982667e-13
-6.986860e-13
-6.991012e-13
-6.995121e-13
-6.999187e-13
-7.003211e-13
-7.007192e-13
-7.011131e-13
-7.015028e-13
-7.018881e-13
-7.022692e-13
-7.026460e-13
-7.030186e-13
-7.033868e-13
-7.037508e-13
-7.041105e-13
-7.044659e-13
-7.048170e-13
-7.051638e-13
-7.055063e-13
-7.058444e-13
-7.061783e-13
-7.065079e-13
-7.068332e-13
-7.071541e-13
-7.074707e-13
-7.077830e-13
-7.080910e-13
-7.083946e-13
-7.086939e-13
-7.089889e-13
-7.092795e-13
-7.095658e-13
-7.098477e-13
-7.101253e-13
-7.103986e-13
-7.106675e-13
-7.109320e-13
-7.111922e-13
-7.114480e-13
-7.116995e-13
-7.119466e-13
-7.121894e-13
-7.124277e-13
-7.126618e-13
-7.128914e-13
-7.131167e-13
-7.133376e-13
-7.135541e-13
-7.137662e-13
-7.139740e-13
-7.141774e-13
-7.143763e-13
-7.145710e-13
-7.147612e-13
-7.149470e-13
-7.151285e-13
-7.153056e-13
-7.154782e-13
-7.156465e-13
-7.158104e-13
-7.159699e-13
-7.161250e-13
-7.162757e-13
-7.164220e-13
-7.165639e-13
-7.167014e-13
-7.168345e-13
-7.169633e-13
-7.170876e-13
-7.172075e-13
-7.173230e-13
-7.174341e-13
-7.175408e-13
-7.176431e-13
-7.177410e-13
-7.178345e-13
-7.179236e-13
-7.180083e-13
-7.180886e-13
-7.181645e-13
-7.182360e-13
-7.183030e-13
-7.183657e-13
-7.184240e-13
-7.184779e-13
-7.185273e-13
-7.185724e-13
-7.186131e-13
-7.186493e-13
-7.186812e-13
-7.187086e-13
-7.187317e-13
-7.187504e-13
-7.187646e-13
-7.187745e-13
-7.187800e-13
-7.187810e-13
-7.187777e-13
-7.187700e-13
-7.187579e-13
-7.187414e-13
-7.187205e-13
-7.186953e-13
-7.186656e-13
-7.186315e-13
-7.185931e-13
-7.185503e-13
-7.185031e-13
-7.184515e-13
-7.183956e-13
-7.183352e-13
-7.182705e-13
-7.182014e-13
-7.181280e-13
-7.180501e-13
-7.179680e-13
-7.178814e-13
-7.177905e-13
-7.176952e-13
-7.175955e-13
-7.174915e-13
-7.173832e-13
-7.172705e-13
-7.171534e-13
-7.170320e-13
-7.169062e-13
-7.167761e-13
-7.166417e-13
-7.165029e-13
-7.163598e-13
-7.162123e-13
-7.160606e-13
-7.159045e-13
-7.157440e-13
-7.155793e-13
-7.154102e-13
-7.152368e-13
-7.150591e-13
-7.148771e-13
-7.146908e-13
-7.145002e-13
-7.143053e-13
-7.141061e-13
-7.139025e-13
-7.136948e-13
-7.134827e-13
-7.132663e-13
-7.130457e-13
-7.128207e-13
-7.125915e-13
-7.123581e-13
-7.121204e-13
-7.118784e-13
-7.116321e-13
-7.113816e-13
-7.111269e-13
-7.108679e-13
-7.106047e-13
-7.103372e-13
-7.100655e-13
-7.097896e-13
-7.095095e-13
-7.092251e-13
-7.089365e-13
-7.086437e-13
-7.083467e-13
-7.080455e-13
-7.077401e-13
-7.074305e-13
-7.071168e-13
-7.067988e-13
-7.064767e-13
-7.061504e-13
-7.058199e-13
-7.054852e-13
-7.051464e-13
-7.048035e-13
-7.044564e-13
-7.041051e-13
-7.037497e-13
-7.033902e-13
-7.030266e-13
-7.026588e-13
-7.022869e-13
-7.019109e-13
-7.015308e-13
-7.011466e-13
-7.007583e-13
-7.003659e-13
-6.999695e-13
-6.995689e-13
-6.991643e-13
-6.987556e-13
-6.983429e-13
-6.979261e-13
-6.975052e-13
-6.970803e-13
-6.966514e-13
-6.962184e-13
-6.957814e-13
-6.953404e-13
-6.948954e-13
-6.944464e-13
-6.939933e-13
-6.935363e-13
-6.930753e-13
-6.926103e-13
-6.921414e-13
-6.916684e-13
-6.911915e-13
-6.907107e-13
-6.902259e-13
-6.897372e-13
-6.892445e-13
-6.887479e-13
-6.882474e-13
-6.877429e-13
-6.872346e-13
-6.867223e-13
-6.862062e-13
-6.856862e-13
-6.851623e-13
-6.846345e-13
-6.841029e-13
-6.835674e-13
-6.830280e-13
-6.824848e-13
-6.819378e-13
-6.813870e-13
-6.808323e-13
-6.802738e-13
-6.797115e-13
-6.791454e-13
-6.785755e-13
-6.780019e-13
-6.774244e-13
-6.768432e-13
-6.762583e-13
-6.756696e-13
-6.750771e-13
-6.744809e-13
-6.738810e-13
-6.732773e-13
-6.726700e-13
-6.720589e-13
-6.714441e-13
-6.708257e-13
-6.702036e-13
-6.695778e-13
-6.689483e-13
-6.683152e-13
-6.676784e-13
-6.670380e-13
-6.663940e-13
-6.657464e-13
-6.650951e-13
-6.644402e-13
-6.637818e-13
-6.631197e-13
-6.624541e-13
-6.617849e-13
-6.611121e-13
-6.604358e-13
-6.597560e-13
-6.590726e-13
-6.583857e-13
-6.576953e-13
-6.570013e-13
-6.563039e-13
-6.556030e-13
-6.548986e-13
-6.541907e-13
-6.534793e-13
-6.527646e-13
-6.520463e-13
-6.513247e-13
-6.505996e-13
-6.498711e-13
-6.491392e-13
-6.484039e-13
-6.476652e-13
-6.469231e-13
-6.461776e-13
-6.454288e-13
-6.446767e-13
-6.439212e-13
-6.431624e-13
-6.424003e-13
-6.416348e-13
-6.408661e-13
-6.400940e-13
-6.393187e-13
-6.385401e-13
-6.377583e-13
-6.369732e-13
-6.361848e-13
-6.353933e-13
-6.345985e-13
-6.338005e-13
-6.329993e-13
-6.321949e-13
-6.313873e-13
-6.305766e-13
-6.297627e-13
-6.289456e-13
-6.281254e-13
-6.273021e-13
-6.264757e-13
-6.256461e-13
-6.248135e-13
-6.239778e-13
-6.231390e-13
-6.222971e-13
-6.214522e-13
-6.206042e-13
-6.197532e-13
-6.188992e-13
-6.180421e-13
-6.171821e-13
-6.163191e-13
-6.154531e-13
-6.145841e-13
-6.137121e-13
-6.128373e-13
-6.119594e-13
-6.110787e-13
-6.101950e-13
-6.093085e-13
-6.084190e-13
-6.075267e-13
-6.066315e-13
-6.057334e-13
-6.048325e-13
-6.039288e-13
-6.030222e-13
-6.021128e-13
-6.012006e-13
-6.002856e-13
-5.993679e-13
-5.984474e-13
-5.975241e-13
-5.965980e-13
-5.956693e-13
-5.947378e-13
-5.938036e-13
-5.928667e-13
-5.919271e-13
-5.909849e-13
-5.900399e-13
-5.890923e-13
-5.881421e-13
-5.871893e-13
-5.862338e-13
-5.852757e-13
-5.843151e-13
-5.833518e-13
-5.823860e-13
-5.814176e-13
-5.804467e-13
-5.794732e-13
-5.784972e-13
-5.775187e-13
-5.765377e-13
-5.755542e-13
-5.745683e-13
-5.735799e-13
-5.725890e-13
-5.715957e-13
-5.705999e-13
-5.696018e-13
-5.686012e-13
-5.675983e-13
-5.665929e-13
-5.655853e-13
-5.645752e-13
-5.635628e-13
-5.625481e-13
-5.615311e-13
-5.605118e-13
-5.594901e-13
-5.584662e-13
-5.574400e-13
-5.564116e-13
-5.553810e-13
-5.543481e-13
-5.533129e-13
-5.522756e-13
-5.512361e-13
-5.501944e-13
-5.491506e-13
-5.481046e-13
-5.470564e-13
-5.460061e-13
-5.449537e-13
-5.438992e-13
-5.428426e-13
-5.417840e-13
-5.407232e-13
-5.396605e-13
-5.385956e-13
-5.375288e-13
-5.364599e-13
-5.353890e-13
-5.343162e-13
-5.332414e-13
-5.321646e-13
-5.310858e-13
-5.300052e-13
-5.289226e-13
-5.278380e-13
-5.267516e-13
-5.256633e-13
-5.245732e-13
-5.234812e-13
-5.223873e-13
-5.212916e-13
-5.201941e-13
-5.190948e-13
-5.179936e-13
-5.168907e-13
-5.157861e-13
-5.146797e-13
-5.135715e-13
-5.124616e-13
-5.113500e-13
-5.102367e-13
-5.091217e-13
-5.080051e-13
-5.068868e-13
-5.057668e-13
-5.046452e-13
-5.035220e-13
-5.023971e-13
-5.012707e-13
-5.001427e-13
-4.990131e-13
-4.978820e-13
-4.967494e-13
-4.956152e-13
-4.944795e-13
-4.933423e-13
-4.922036e-13
-4.910634e-13
-4.899218e-13
-4.887787e-13
-4.876342e-13
-4.864883e-13
-4.853410e-13
-4.841922e-13
-4.830421e-13
-4.818907e-13
-4.807379e-13
-4.795837e-13
-4.784282e-13
-4.772714e-13
-4.761134e-13
-4.749540e-13
-4.737934e-13
-4.726315e-13
-4.714683e-13
-4.703040e-13
-4.691384e-13
-4.679716e-13
-4.668036e-13
-4.656345e-13
-4.644642e-13
-4.632928e-13
-4.621202e-13
-4.609465e-13
-4.597717e-13
-4.585958e-13
-4.574188e-13
-4.562408e-13
-4.550617e-13
-4.538816e-13
-4.527004e-13
-4.515183e-13
-4.503351e-13
-4.491510e-13
-4.479659e-13
-4.467798e-13
-4.455928e-13
-4.444049e-13
-4.432161e-13
-4.420264e-13
-4.408358e-13
-4.396443e-13
-4.384519e-13
-4.372588e-13
-4.360647e-13
-4.348699e-13
-4.336743e-13
-4.324779e-13
-4.312807e-13
-4.300828e-13
-4.288841e-13
-4.276846e-13
-4.264845e-13
-4.252837e-13
-4.240821e-13
-4.228799e-13
-4.216771e-13
-4.204735e-13
-4.192694e-13
-4.180646e-13
-4.168592e-13
-4.156533e-13
-4.144467e-13
-4.132396e-13
-4.120320e-13
-4.108238e-13
-4.096150e-13
-4.084058e-13
-4.071961e-13
-4.059859e-13
-4.047752e-13
-4.035641e-13
-4.023525e-13
-4.011405e-13
-3.999281e-13
-3.987153e-13
-3.975022e-13
-3.962886e-13
-3.950747e-13
-3.938605e-13
-3.926459e-13
-3.914310e-13
-3.902158e-13
-3.890004e-13
-3.877846e-13
-3.865687e-13
-3.853524e-13
-3.841359e-13
-3.829193e-13
-3.817024e-13
-3.804853e-13
-3.792681e-13
-3.780507e-13
-3.768331e-13
-3.756154e-13
-3.743976e-13
-3.731797e-13
-3.719617e-13
-3.707437e-13
-3.695255e-13
-3.683074e-13
-3.670891e-13
-3.658709e-13
-3.646527e-13
-3.634344e-13
-3.622162e-13
-3.609981e-13
-3.597799e-13
-3.585619e-13
-3.573439e-13
-3.561260e-13
-3.549082e-13
-3.536905e-13
-3.524730e-13
-3.512556e-13
-3.500384e-13
-3.488213e-13
-3.476044e-13
-3.463878e-13
-3.451713e-13
-3.439551e-13
-3.427391e-13
-3.415234e-13
-3.403079e-13
-3.390927e-13
-3.378779e-13
-3.366633e-13
-3.354491e-13
-3.342352e-13
-3.330216e-13
-3.318085e-13
-3.305957e-13
-3.293833e-13
-3.281713e-13
-3.269597e-13
-3.257486e-13
-3.245379e-13
-3.233277e-13
-3.221179e-13
-3.209087e-13
-3.196999e-13
-3.184917e-13
-3.172840e-13
-3.160768e-13
-3.148702e-13
-3.136642e-13
-3.124588e-13
-3.112539e-13
-3.100497e-13
-3.088461e-13
-3.076431e-13
-3.064408e-13
-3.052392e-13
-3.040382e-13
-3.028380e-13
-3.016384e-13
-3.004396e-13
-2.992415e-13
-2.980441e-13
-2.968475e-13
-2.956517e-13
-2.944567e-13
-2.932625e-13
-2.920690e-13
-2.908765e-13
-2.896847e-13
-2.884938e-13
-2.873038e-13
-2.861147e-13
-2.849264e-13
-2.837391e-13
-2.825527e-13
-2.813672e-13
-2.801827e-13
-2.789991e-13
-2.778166e-13
-2.766350e-13
-2.754544e-13
-2.742748e-13
-2.730962e-13
-2.719187e-13
-2.707423e-13
-2.695669e-13
-2.683926e-13
-2.672193e-13
-2.660472e-13
-2.648762e-13
-2.637064e-13
-2.625377e-13
-2.613701e-13
-2.602037e-13
-2.590385e-13
-2.578745e-13
-2.567118e-13
-2.555502e-13
-2.543899e-13
-2.532308e-13
-2.520730e-13
-2.509164e-13
-2.497612e-13
-2.486072e-13
-2.474546e-13
-2.463033e-13
-2.451533e-13
-2.440047e-13
-2.428575e-13
-2.417116e-13
-2.405671e-13
-2.394240e-13
-2.382824e-13
-2.371422e-13
-2.360034e-13
-2.348660e-13
-2.337302e-13
-2.325958e-13
-2.314629e-13
-2.303315e-13
-2.292016e-13
-2.280733e-13
-2.269464e-13
-2.258212e-13
-2.246975e-13
-2.235754e-13
-2.224549e-13
-2.213360e-13
-2.202187e-13
-2.191030e-13
-2.179890e-13
-2.168766e-13
-2.157659e-13
-2.146569e-13
-2.135496e-13
-2.124440e-13
-2.113400e-13
-2.102378e-13
-2.091374e-13
-2.080387e-13
-2.069418e-13
-2.058466e-13
-2.047532e-13
-2.036617e-13
-2.025719e-13
-2.014840e-13
-2.003979e-13
-1.993136e-13
-1.982312e-13
-1.971507e-13
-1.960721e-13
-1.949953e-13
-1.939205e-13
-1.928476e-13
-1.917766e-13
-1.907075e-13
-1.896404e-13
-1.885753e-13
-1.875122e-13
-1.864510e-13
-1.853919e-13
-1.843347e-13
-1.832796e-13
-1.822265e-13
-1.811755e-13
-1.801265e-13
-1.790796e-13
-1.780348e-13
-1.769921e-13
-1.759514e-13
-1.749129e-13
-1.738765e-13
-1.728423e-13
-1.718102e-13
-1.707803e-13
-1.697525e-13
-1.687270e-13
-1.677036e-13
-1.666824e-13
-1.656635e-13
-1.646467e-13
-1.636323e-13
-1.626200e-13
-1.616101e-13
-1.606024e-13
-1.595969e-13
-1.585938e-13
-1.575930e-13
-1.565945e-13
-1.555984e-13
-1.546045e-13
-1.536131e-13
-1.526240e-13
-1.516372e-13
-1.506528e-13
-1.496709e-13
-1.486913e-13
-1.477142e-13
-1.467394e-13
-1.457672e-13
-1.447973e-13
-1.438299e-13
-1.428650e-13
-1.419026e-13
-1.409426e-13
-1.399852e-13
-1.390302e-13
-1.380778e-13
-1.371279e-13
-1.361806e-13
-1.352358e-13
-1.342935e-13
-1.333539e-13
-1.324168e-13
-1.314823e-13
-1.305504e-13
-1.296211e-13
-1.286944e-13
-1.277704e-13
-1.268490e-13
-1.259303e-13
-1.250142e-13
-1.241008e-13
-1.231901e-13
-1.222821e-13
-1.213768e-13
-1.204742e-13
-1.195743e-13
-1.186771e-13
-1.177827e-13
-1.168911e-13
-1.160021e-13
-1.151160e-13
-1.142327e-13
-1.133521e-13
-1.124743e-13
-1.115994e-13
-1.107272e-13
-1.098579e-13
-1.089914e-13
-1.081278e-13
-1.072670e-13
-1.064091e-13
-1.055541e-13
-1.047019e-13
-1.038527e-13
-1.030063e-13
-1.021629e-13
-1.013224e-13
-1.004848e-13
-9.965010e-14
-9.881839e-14
-9.798963e-14
-9.716384e-14
-9.634103e-14
-9.552119e-14
-9.470435e-14
-9.389051e-14
-9.307968e-14
-9.227187e-14
-9.146708e-14
-9.066533e-14
-8.986663e-14
-8.907097e-14
-8.827838e-14
-8.748886e-14
-8.670242e-14
-8.591906e-14
-8.513880e-14
-8.436165e-14
-8.358760e-14
-8.281668e-14
-8.204889e-14
-8.128423e-14
-8.052272e-14
-7.976436e-14
-7.900917e-14
-7.825714e-14
-7.750829e-14
-7.676263e-14
-7.602017e-14
-7.528090e-14
-7.454485e-14
-7.381201e-14
-7.308241e-14
-7.235603e-14
-7.163290e-14
-7.091301e-14
-7.019639e-14
-6.948302e-14
-6.877293e-14
-6.806613e-14
-6.736261e-14
-6.666238e-14
-6.596546e-14
-6.527185e-14
-6.458155e-14
-6.389458e-14
-6.321095e-14
-6.253065e-14
-6.185371e-14
-6.118011e-14
-6.050988e-14
-5.984302e-14
-5.917953e-14
-5.851943e-14
-5.786272e-14
-5.720941e-14
-5.655950e-14
-5.591300e-14
-5.526992e-14
-5.463027e-14
-5.399405e-14
-5.336127e-14
-5.273193e-14
-5.210605e-14
-5.148362e-14
-5.086466e-14
-5.024918e-14
-4.963717e-14
-4.902865e-14
-4.842363e-14
-4.782210e-14
-4.722408e-14
-4.662956e-14
-4.603857e-14
-4.545110e-14
-4.486717e-14
-4.428677e-14
-4.370991e-14
-4.313660e-14
-4.256685e-14
-4.200066e-14
-4.143804e-14
-4.087899e-14
-4.032352e-14
-3.977163e-14
-3.922334e-14
-3.867865e-14
-3.813756e-14
-3.760008e-14
-3.706621e-14
-3.653596e-14
-3.600934e-14
-3.548636e-14
-3.496701e-14
-3.445130e-14
-3.393924e-14
-3.343084e-14
-3.292609e-14
-3.242501e-14
-3.192760e-14
-3.143387e-14
-3.094381e-14
-3.045745e-14
-2.997477e-14
-2.949579e-14
-2.902051e-14
-2.854894e-14
-2.808108e-14
-2.761694e-14
-2.715652e-14
-2.669983e-14
-2.624686e-14
-2.579764e-14
-2.535215e-14
-2.491041e-14
-2.447242e-14
-2.403819e-14
-2.360772e-14
-2.318101e-14
-2.275807e-14
-2.233890e-14
-2.192351e-14
-2.151191e-14
-2.110409e-14
-2.070006e-14
-2.029983e-14
-1.990340e-14
-1.951077e-14
-1.912195e-14
-1.873694e-14
-1.835575e-14
-1.797838e-14
-1.760484e-14
-1.723512e-14
-1.686924e-14
-1.650719e-14
-1.614898e-14
-1.579462e-14
-1.544410e-14
-1.509744e-14
-1.475463e-14
-1.441568e-14
-1.408060e-14
-1.374938e-14
-1.342203e-14
-1.309855e-14
-1.277895e-14
-1.246323e-14
-1.215139e-14
-1.184344e-14
-1.153938e-14
-1.123921e-14
-1.094294e-14
-1.065057e-14
-1.036211e-14
-1.007754e-14
-9.796890e-15
-9.520149e-15
-9.247323e-15
-8.978414e-15
-8.713427e-15
-8.452362e-15
-8.195224e-15
-7.942014e-15
-7.692737e-15
-7.447394e-15
-7.205987e-15
-6.968520e-15
-6.734995e-15
-6.505415e-15
-6.279782e-15
-6.058098e-15
-5.840365e-15
-5.626587e-15
-5.416765e-15
-5.210902e-15
-5.008999e-15
-4.811059e-15
-4.617085e-15
-4.427077e-15
-4.241039e-15
-4.058971e-15
-3.880877e-15
-3.706757e-15
-3.536614e-15
-3.370450e-15
-3.208267e-15
-3.050065e-15
-2.895847e-15
-2.745614e-15
-2.599369e-15
-2.457112e-15
-2.318845e-15
-2.184569e-15
-2.054287e-15
-1.927999e-15
-1.805707e-15
-1.687411e-15
-1.573114e-15
-1.462817e-15
-1.356520e-15
-1.254225e-15
-1.155932e-15
-1.061644e-15
-9.713607e-16
-8.850832e-16
-8.028125e-16
-7.245495e-16
-6.502950e-16
-5.800498e-16
-5.138147e-16
-4.515903e-16
-3.933773e-16
-3.391764e-16
-2.889881e-16
-2.428130e-16
-2.006514e-16
-1.625040e-16
-1.283711e-16
-9.825306e-17
-7.215019e-17
-5.006277e-17
-3.199105e-17
-1.793521e-17
-7.895412e-18
-1.871755e-18
1.356952e-19
