1.396249e-20
-2.123648e-18
-8.536608e-18
-1.922483e-17
-3.418816e-17
-5.342640e-17
-7.693927e-17
-1.047265e-16
-1.367876e-16
-1.731222e-16
-2.137297e-16
-2.586097e-16
-3.077615e-16
-3.611843e-16
-4.188776e-16
-4.808404e-16
-5.470719e-16
-6.175712e-16
-6.923373e-16
-7.713692e-16
-8.546657e-16
-9.422258e-16
-1.034048e-15
-1.130132e-15
-1.230475e-15
-1.335076e-15
-1.443934e-15
-1.557048e-15
-1.674415e-15
-1.796035e-15
-1.921905e-15
-2.052023e-15
-2.186389e-15
-2.324999e-15
-2.467853e-15
-2.614948e-15
-2.766282e-15
-2.921853e-15
-3.081658e-15
-3.245697e-15
-3.413965e-15
-3.586462e-15
-3.763184e-15
-3.944130e-15
-4.129296e-15
-4.318680e-15
-4.512280e-15
-4.710092e-15
-4.912114e-15
-5.118344e-15
-5.328778e-15
-5.543413e-15
-5.762247e-15
-5.985277e-15
-6.212498e-15
-6.443909e-15
-6.679506e-15
-6.919285e-15
-7.163244e-15
-7.411379e-15
-7.663687e-15
-7.920163e-15
-8.180805e-15
-8.445609e-15
-8.714571e-15
-8.987688e-15
-9.264955e-15
-9.546369e-15
-9.831926e-15
-1.012162e-14
-1.041545e-14
-1.071342e-14
-1.101550e-14
-1.132172e-14
-1.163205e-14
-1.194649e-14
-1.226504e-14
-1.258770e-14
-1.291446e-14
-1.324532e-14
-1.358026e-14
-1.391930e-14
-1.426242e-14
-1.460961e-14
-1.496088e-14
-1.531621e-14
-1.567561e-14
-1.603907e-14
-1.640658e-14
-1.677813e-14
-1.715373e-14
-1.753337e-14
-1.791704e-14
-1.830474e-14
-1.869646e-14
-1.909219e-14
-1.949194e-14
-1.989569e-14
-2.030344e-14
-2.071518e-14
-2.113091e-14
-2.155063e-14
-2.197432e-14
-2.240198e-14
-2.283361e-14
-2.326920e-14
-2.370873e-14
-2.415222e-14
-2.459965e-14
-2.505101e-14
-2.550630e-14
-2.596551e-14
-2.642864e-14
-2.689567e-14
-2.736661e-14
-2.784145e-14
-2.832017e-14
-2.880278e-14
-2.928926e-14
-2.977962e-14
-3.027383e-14
-3.077190e-14
-3.127383e-14
-3.177959e-14
-3.228919e-14
-3.280262e-14
-3.331987e-14
-3.384093e-14
-3.436580e-14
-3.489447e-14
-3.542693e-14
-3.596317e-14
-3.650319e-14
-3.704699e-14
-3.759454e-14
-3.814585e-14
-3.870091e-14
-3.925971e-14
-3.982224e-14
-4.038849e-14
-4.095846e-14
-4.153214e-14
-4.210952e-14
-4.269059e-14
-4.327534e-14
-4.386378e-14
-4.445588e-14
-4.505164e-14
-4.565105e-14
-4.625411e-14
-4.686080e-14
-4.747112e-14
-4.808505e-14
-4.870260e-14
-4.932375e-14
-4.994849e-14
-5.057682e-14
-5.120872e-14
-5.184419e-14
-5.248322e-14
-5.312580e-14
-5.377191e-14
-5.442156e-14
-5.507474e-14
-5.573142e-14
-5.639161e-14
-5.705530e-14
-5.772247e-14
-5.839312e-14
-5.906724e-14
-5.974482e-14
-6.042585e-14
-6.111032e-14
-6.179821e-14
-6.248953e-14
-6.318426e-14
-6.388240e-14
-6.458392e-14
-6.528883e-14
-6.599711e-14
-6.670876e-14
-6.742376e-14
-6.814210e-14
-6.886378e-14
-6.958878e-14
-7.031709e-14
-7.104871e-14
-7.178362e-14
-7.252182e-14
-7.326329e-14
-7.400803e-14
-7.475601e-14
-7.550725e-14
-7.626171e-14
-7.701940e-14
-7.778029e-14
-7.854439e-14
-7.931168e-14
-8.008215e-14
-8.085580e-14
-8.163260e-14
-8.241255e-14
-8.319563e-14
-8.398185e-14
-8.477118e-14
-8.556362e-14
-8.635915e-14
-8.715776e-14
-8.795945e-14
-8.876420e-14
-8.957200e-14
-9.038284e-14
-9.119671e-14
-9.201360e-14
-9.283349e-14
-9.365638e-14
-9.448225e-14
-9.531110e-14
-9.614291e-14
-9.697766e-14
-9.781536e-14
-9.865598e-14
-9.949952e-14
-1.003460e-13
-1.011953e-13
-1.020475e-13
-1.029026e-13
-1.037605e-13
-1.046213e-13
-1.054849e-13
-1.063514e-13
-1.072206e-13
-1.080927e-13
-1.089675e-13
-1.098451e-13
-1.107255e-13
-1.116086e-13
-1.124945e-13
-1.133831e-13
-1.142744e-13
-1.151684e-13
-1.160651e-13
-1.169644e-13
-1.178665e-13
-1.187712e-13
-1.196785e-13
-1.205885e-13
-1.215010e-13
-1.224162e-13
-1.233340e-13
-1.242543e-13
-1.251772e-13
-1.261027e-13
-1.270307e-13
-1.279612e-13
-1.288943e-13
-1.298298e-13
-1.307679e-13
-1.317084e-13
-1.326514e-13
-1.335968e-13
-1.345447e-13
-1.354950e-13
-1.364477e-13
-1.374028e-13
-1.383603e-13
-1.393202e-13
-1.402824e-13
-1.412470e-13
-1.422139e-13
-1.431831e-13
-1.441547e-13
-1.451285e-13
-1.461047e-13
-1.470830e-13
-1.480637e-13
-1.490466e-13
-1.500317e-13
-1.510190e-13
-1.520085e-13
-1.530003e-13
-1.539942e-13
-1.549902e-13
-1.559884e-13
-1.569888e-13
-1.579912e-13
-1.589958e-13
-1.600025e-13
-1.610112e-13
-1.620220e-13
-1.630349e-13
-1.640498e-13
-1.650667e-13
-1.660856e-13
-1.671065e-13
-1.681295e-13
-1.691543e-13
-1.701812e-13
-1.712100e-13
-1.722407e-13
-1.732733e-13
-1.743078e-13
-1.753442e-13
-1.763825e-13
-1.774227e-13
-1.784647e-13
-1.795085e-13
-1.805541e-13
-1.816016e-13
-1.826508e-13
-1.837018e-13
-1.847545e-13
-1.858090e-13
-1.868653e-13
-1.879232e-13
-1.889829e-13
-1.900442e-13
-1.911072e-13
-1.921719e-13
-1.932382e-13
-1.943062e-13
-1.953757e-13
-1.964469e-13
-1.975197e-13
-1.985940e-13
-1.996699e-13
-2.007473e-13
-2.018263e-13
-2.029067e-13
-2.039887e-13
-2.050722e-13
-2.061571e-13
-2.072435e-13
-2.083313e-13
-2.094206e-13
-2.105113e-13
-2.116034e-13
-2.126968e-13
-2.137916e-13
-2.148878e-13
-2.159854e-13
-2.170842e-13
-2.181844e-13
-2.192858e-13
-2.203885e-13
-2.214925e-13
-2.225978e-13
-2.237043e-13
-2.248120e-13
-2.259209e-13
-2.270310e-13
-2.281423e-13
-2.292547e-13
-2.303683e-13
-2.314831e-13
-2.325989e-13
-2.337158e-13
-2.348339e-13
-2.359530e-13
-2.370731e-13
-2.381944e-13
-2.393166e-13
-2.404398e-13
-2.415641e-13
-2.426893e-13
-2.438155e-13
-2.449426e-13
-2.460707e-13
-2.471997e-13
-2.483297e-13
-2.494605e-13
-2.505921e-13
-2.517247e-13
-2.528581e-13
-2.539923e-13
-2.551274e-13
-2.562632e-13
-2.573998e-13
-2.585372e-13
-2.596754e-13
-2.608143e-13
-2.619539e-13
-2.630943e-13
-2.642353e-13
-2.653770e-13
-2.665194e-13
-2.676624e-13
-2.688061e-13
-2.699504e-13
-2.710953e-13
-2.722407e-13
-2.733868e-13
-2.745334e-13
-2.756806e-13
-2.768283e-13
-2.779765e-13
-2.791252e-13
-2.802743e-13
-2.814240e-13
-2.825741e-13
-2.837246e-13
-2.848756e-13
-2.860270e-13
-2.871787e-13
-2.883309e-13
-2.894834e-13
-2.906362e-13
-2.917894e-13
-2.929429e-13
-2.940967e-13
-2.952508e-13
-2.964051e-13
-2.975597e-13
-2.987145e-13
-2.998696e-13
-3.010249e-13
-3.021803e-13
-3.033360e-13
-3.044918e-13
-3.056478e-13
-3.068039e-13
-3.079601e-13
-3.091164e-13
-3.102728e-13
-3.114292e-13
-3.125858e-13
-3.137423e-13
-3.148989e-13
-3.160555e-13
-3.172121e-13
-3.183687e-13
-3.195253e-13
-3.206818e-13
-3.218382e-13
-3.229946e-13
-3.241508e-13
-3.253070e-13
-3.264630e-13
-3.276189e-13
-3.287746e-13
-3.299301e-13
-3.310855e-13
-3.322407e-13
-3.333956e-13
-3.345504e-13
-3.357048e-13
-3.368590e-13
-3.380130e-13
-3.391666e-13
-3.403200e-13
-3.414730e-13
-3.426257e-13
-3.437780e-13
-3.449299e-13
-3.460815e-13
-3.472327e-13
-3.483835e-13
-3.495338e-13
-3.506837e-13
-3.518331e-13
-3.529821e-13
-3.541306e-13
-3.552786e-13
-3.564260e-13
-3.575730e-13
-3.587194e-13
-3.598652e-13
-3.610104e-13
-3.621551e-13
-3.632991e-13
-3.644426e-13
-3.655854e-13
-3.667275e-13
-3.678690e-13
-3.690098e-13
-3.701499e-13
-3.712893e-13
-3.724279e-13
-3.735659e-13
-3.747030e-13
-3.758394e-13
-3.769751e-13
-3.781099e-13
-3.792439e-13
-3.803771e-13
-3.815094e-13
-3.826409e-13
-3.837715e-13
-3.849012e-13
-3.860301e-13
-3.871580e-13
-3.882849e-13
-3.894110e-13
-3.905361e-13
-3.916602e-13
-3.927833e-13
-3.939054e-13
-3.950265e-13
-3.961465e-13
-3.972656e-13
-3.983835e-13
-3.995004e-13
-4.006162e-13
-4.017309e-13
-4.028445e-13
-4.039569e-13
-4.050682e-13
-4.061784e-13
-4.072873e-13
-4.083951e-13
-4.095017e-13
-4.106070e-13
-4.117112e-13
-4.128140e-13
-4.139157e-13
-4.150160e-13
-4.161151e-13
-4.172128e-13
-4.183093e-13
-4.194044e-13
-4.204982e-13
-4.215906e-13
-4.226816e-13
-4.237713e-13
-4.248595e-13
-4.259464e-13
-4.270318e-13
-4.281158e-13
-4.291983e-13
-4.302794e-13
-4.313589e-13
-4.324370e-13
-4.335136e-13
-4.345886e-13
-4.356621e-13
-4.367341e-13
-4.378045e-13
-4.388733e-13
-4.399405e-13
-4.410062e-13
-4.420702e-13
-4.431325e-13
-4.441933e-13
-4.452523e-13
-4.463097e-13
-4.473654e-13
-4.484195e-13
-4.494718e-13
-4.505223e-13
-4.515712e-13
-4.526183e-13
-4.536636e-13
-4.547071e-13
-4.557489e-13
-4.567888e-13
-4.578270e-13
-4.588633e-13
-4.598977e-13
-4.609303e-13
-4.619611e-13
-4.629899e-13
-4.640169e-13
-4.650419e-13
-4.660650e-13
-4.670862e-13
-4.681055e-13
-4.691228e-13
-4.701381e-13
-4.711514e-13
-4.721627e-13
-4.731720e-13
-4.741793e-13
-4.751846e-13
-4.761878e-13
-4.771890e-13
-4.781881e-13
-4.791851e-13
-4.801799e-13
-4.811727e-13
-4.821634e-13
-4.831519e-13
-4.841383e-13
-4.851225e-13
-4.861046e-13
-4.870845e-13
-4.880621e-13
-4.890376e-13
-4.900108e-13
-4.909818e-13
-4.919506e-13
-4.929171e-13
-4.938814e-13
-4.948433e-13
-4.958030e-13
-4.967603e-13
-4.977154e-13
-4.986681e-13
-4.996185e-13
-5.005665e-13
-5.015122e-13
-5.024555e-13
-5.033964e-13
-5.043349e-13
-5.052710e-13
-5.062047e-13
-5.071359e-13
-5.080647e-13
-5.089911e-13
-5.099149e-13
-5.108363e-13
-5.117552e-13
-5.126717e-13
-5.135856e-13
-5.144969e-13
-5.154058e-13
-5.163121e-13
-5.172158e-13
-5.181170e-13
-5.190156e-13
-5.199116e-13
-5.208050e-13
-5.216958e-13
-5.225839e-13
-5.234695e-13
-5.243524e-13
-5.252326e-13
-5.261102e-13
-5.269851e-13
-5.278573e-13
-5.287268e-13
-5.295936e-13
-5.304577e-13
-5.313191e-13
-5.321777e-13
-5.330336e-13
-5.338867e-13
-5.347370e-13
-5.355846e-13
-5.364294e-13
-5.372714e-13
-5.381105e-13
-5.389469e-13
-5.397804e-13
-5.406110e-13
-5.414389e-13
-5.422638e-13
-5.430859e-13
-5.439051e-13
-5.447214e-13
-5.455348e-13
-5.463454e-13
-5.471529e-13
-5.479576e-13
-5.487593e-13
-5.495581e-13
-5.503539e-13
-5.511467e-13
-5.519366e-13
-5.527235e-13
-5.535074e-13
-5.542883e-13
-5.550661e-13
-5.558410e-13
-5.566128e-13
-5.573815e-13
-5.581472e-13
-5.589099e-13
-5.596695e-13
-5.604260e-13
-5.611794e-13
-5.619297e-13
-5.626770e-13
-5.634211e-13
-5.641620e-13
-5.648999e-13
-5.656346e-13
-5.663662e-13
-5.670946e-13
-5.678198e-13
-5.685419e-13
-5.692608e-13
-5.699765e-13
-5.706890e-13
-5.713983e-13
-5.721043e-13
-5.728072e-13
-5.735068e-13
-5.742032e-13
-5.748963e-13
-5.755862e-13
-5.762728e-13
-5.769561e-13
-5.776361e-13
-5.783129e-13
-5.789864e-13
-5.796565e-13
-5.803234e-13
-5.809869e-13
-5.816471e-13
-5.823040e-13
-5.829575e-13
-5.836077e-13
-5.842545e-13
-5.848980e-13
-5.855380e-13
-5.861748e-13
-5.868081e-13
-5.874380e-13
-5.880645e-13
-5.886876e-13
-5.893073e-13
-5.899236e-13
-5.905365e-13
-5.911459e-13
-5.917518e-13
-5.923543e-13
-5.929534e-13
-5.935490e-13
-5.941411e-13
-5.947298e-13
-5.953149e-13
-5.958966e-13
-5.964748e-13
-5.970495e-13
-5.976206e-13
-5.981883e-13
-5.987524e-13
-5.993130e-13
-5.998701e-13
-6.004236e-13
-6.009736e-13
-6.015200e-13
-6.020629e-13
-6.026022e-13
-6.031379e-13
-6.036700e-13
-6.041986e-13
-6.047236e-13
-6.052450e-13
-6.057627e-13
-6.062769e-13
-6.067875e-13
-6.072944e-13
-6.077977e-13
-6.082974e-13
-6.087935e-13
-6.092859e-13
-6.097747e-13
-6.102598e-13
-6.107413e-13
-6.112191e-13
-6.116932e-13
-6.121637e-13
-6.126305e-13
-6.130936e-13
-6.135531e-13
-6.140088e-13
-6.144609e-13
-6.149092e-13
-6.153538e-13
-6.157948e-13
-6.162320e-13
-6.166655e-13
-6.170953e-13
-6.175213e-13
-6.179436e-13
-6.183622e-13
-6.187771e-13
-6.191882e-13
-6.195955e-13
-6.199991e-13
-6.203989e-13
-6.207950e-13
-6.211873e-13
-6.215758e-13
-6.219606e-13
-6.223416e-13
-6.227188e-13
-6.230922e-13
-6.234618e-13
-6.238276e-13
-6.241897e-13
-6.245479e-13
-6.249023e-13
-6.252530e-13
-6.255998e-13
-6.259428e-13
-6.262819e-13
-6.266173e-13
-6.269488e-13
-6.272765e-13
-6.276004e-13
-6.279205e-13
-6.282367e-13
-6.285490e-13
-6.288575e-13
-6.291622e-13
-6.294630e-13
-6.297600e-13
-6.300531e-13
-6.303424e-13
-6.306278e-13
-6.309093e-13
-6.311870e-13
-6.314608e-13
-6.317308e-13
-6.319968e-13
-6.322590e-13
-6.325173e-13
-6.327718e-13
-6.330223e-13
-6.332690e-13
-6.335118e-13
-6.337507e-13
-6.339857e-13
-6.342168e-13
-6.344440e-13
-6.346673e-13
-6.348867e-13
-6.351023e-13
-6.353139e-13
-6.355216e-13
-6.357254e-13
-6.359253e-13
-6.361213e-13
-6.363134e-13
-6.365016e-13
-6.366859e-13
-6.368662e-13
-6.370427e-13
-6.372152e-13
-6.373838e-13
-6.375485e-13
-6.377092e-13
-6.378661e-13
-6.380190e-13
-6.381680e-13
-6.383131e-13
-6.384543e-13
-6.385915e-13
-6.387248e-13
-6.388542e-13
-6.389796e-13
-6.391011e-13
-6.392187e-13
-6.393324e-13
-6.394422e-13
-6.395480e-13
-6.396498e-13
-6.397478e-13
-6.398418e-13
-6.399319e-13
-6.400181e-13
-6.401003e-13
-6.401786e-13
-6.402529e-13
-6.403234e-13
-6.403899e-13
-6.404524e-13
-6.405111e-13
-6.405658e-13
-6.406166e-13
-6.406634e-13
-6.407063e-13
-6.407453e-13
-6.407804e-13
-6.408115e-13
-6.408387e-13
-6.408620e-13
-6.408814e-13
-6.408968e-13
-6.409083e-13
-6.409159e-13
-6.409195e-13
-6.409193e-13
-6.409151e-13
-6.409070e-13
-6.408950e-13
-6.408790e-13
-6.408591e-13
-6.408354e-13
-6.408077e-13
-6.407761e-13
-6.407406e-13
-6.407011e-13
-6.406578e-13
-6.406106e-13
-6.405594e-13
-6.405044e-13
-6.404454e-13
-6.403825e-13
-6.403158e-13
-6.402451e-13
-6.401706e-13
-6.400921e-13
-6.400098e-13
-6.399236e-13
-6.398335e-13
-6.397395e-13
-6.396416e-13
-6.395398e-13
-6.394342e-13
-6.393246e-13
-6.392112e-13
-6.390940e-13
-6.389728e-13
-6.388478e-13
-6.387189e-13
-6.385862e-13
-6.384496e-13
-6.383091e-13
-6.381648e-13
-6.380167e-13
-6.378646e-13
-6.377088e-13
-6.375491e-13
-6.373855e-13
-6.372181e-13
-6.370469e-13
-6.368719e-13
-6.366930e-13
-6.365103e-13
-6.363237e-13
-6.361334e-13
-6.359392e-13
-6.357412e-13
-6.355394e-13
-6.353338e-13
-6.351244e-13
-6.349112e-13
-6.346942e-13
-6.344734e-13
-6.342489e-13
-6.340205e-13
-6.337883e-13
-6.335524e-13
-6.333127e-13
-6.330692e-13
-6.328220e-13
-6.325710e-13
-6.323162e-13
-6.320577e-13
-6.317955e-13
-6.315295e-13
-6.312597e-13
-6.309862e-13
-6.307090e-13
-6.304280e-13
-6.301433e-13
-6.298549e-13
-6.295628e-13
-6.292670e-13
-6.289675e-13
-6.286642e-13
-6.283573e-13
-6.280466e-13
-6.277323e-13
-6.274143e-13
-6.270926e-13
-6.267673e-13
-6.264382e-13
-6.261055e-13
-6.257692e-13
-6.254291e-13
-6.250855e-13
-6.247382e-13
-6.243872e-13
-6.240326e-13
-6.236744e-13
-6.233126e-13
-6.229471e-13
-6.225780e-13
-6.222053e-13
-6.218290e-13
-6.214491e-13
-6.210657e-13
-6.206786e-13
-6.202879e-13
-6.198937e-13
-6.194959e-13
-6.190945e-13
-6.186896e-13
-6.182811e-13
-6.178691e-13
-6.174535e-13
-6.170344e-13
-6.166118e-13
-6.161856e-13
-6.157560e-13
-6.153228e-13
-6.148861e-13
-6.144459e-13
-6.140022e-13
-6.135550e-13
-6.131043e-13
-6.126502e-13
-6.121926e-13
-6.117315e-13
-6.112670e-13
-6.107990e-13
-6.103276e-13
-6.098527e-13
-6.093745e-13
-6.088927e-13
-6.084076e-13
-6.079191e-13
-6.074271e-13
-6.069318e-13
-6.064330e-13
-6.059309e-13
-6.054254e-13
-6.049166e-13
-6.044043e-13
-6.038887e-13
-6.033698e-13
-6.028475e-13
-6.023219e-13
-6.017930e-13
-6.012607e-13
-6.007251e-13
-6.001862e-13
-5.996440e-13
-5.990986e-13
-5.985498e-13
-5.979978e-13
-5.974425e-13
-5.968839e-13
-5.963220e-13
-5.957570e-13
-5.951886e-13
-5.946171e-13
-5.940423e-13
-5.934643e-13
-5.928831e-13
-5.922987e-13
-5.917111e-13
-5.911203e-13
-5.905263e-13
-5.899292e-13
-5.893289e-13
-5.887254e-13
-5.881188e-13
-5.875091e-13
-5.868962e-13
-5.862802e-13
-5.856611e-13
-5.850388e-13
-5.844135e-13
-5.837851e-13
-5.831536e-13
-5.825190e-13
-5.818814e-13
-5.812407e-13
-5.805969e-13
-5.799501e-13
-5.793003e-13
-5.786475e-13
-5.779916e-13
-5.773327e-13
-5.766709e-13
-5.760060e-13
-5.753381e-13
-5.746673e-13
-5.739935e-13
-5.733168e-13
-5.726371e-13
-5.719545e-13
-5.712689e-13
-5.705805e-13
-5.698891e-13
-5.691948e-13
-5.684976e-13
-5.677975e-13
-5.670946e-13
-5.663887e-13
-5.656801e-13
-5.649685e-13
-5.642542e-13
-5.635370e-13
-5.628170e-13
-5.620941e-13
-5.613685e-13
-5.606401e-13
-5.599089e-13
-5.591749e-13
-5.584381e-13
-5.576986e-13
-5.569563e-13
-5.562113e-13
-5.554636e-13
-5.547131e-13
-5.539600e-13
-5.532041e-13
-5.524456e-13
-5.516843e-13
-5.509204e-13
-5.501538e-13
-5.493846e-13
-5.486128e-13
-5.478383e-13
-5.470611e-13
-5.462814e-13
-5.454991e-13
-5.447141e-13
-5.439266e-13
-5.431365e-13
-5.423438e-13
-5.415486e-13
-5.407509e-13
-5.399506e-13
-5.391478e-13
-5.383424e-13
-5.375346e-13
-5.367242e-13
-5.359114e-13
-5.350961e-13
-5.342784e-13
-5.334582e-13
-5.326355e-13
-5.318104e-13
-5.309829e-13
-5.301530e-13
-5.293207e-13
-5.284859e-13
-5.276488e-13
-5.268093e-13
-5.259675e-13
-5.251233e-13
-5.242768e-13
-5.234279e-13
-5.225767e-13
-5.217233e-13
-5.208675e-13
-5.200094e-13
-5.191490e-13
-5.182864e-13
-5.174215e-13
-5.165544e-13
-5.156850e-13
-5.148135e-13
-5.139397e-13
-5.130636e-13
-5.121855e-13
-5.113051e-13
-5.104225e-13
-5.095378e-13
-5.086510e-13
-5.077620e-13
-5.068708e-13
-5.059776e-13
-5.050822e-13
-5.041848e-13
-5.032853e-13
-5.023837e-13
-5.014800e-13
-5.005743e-13
-4.996665e-13
-4.987568e-13
-4.978450e-13
-4.969312e-13
-4.960153e-13
-4.950976e-13
-4.941778e-13
-4.932561e-13
-4.923324e-13
-4.914068e-13
-4.904792e-13
-4.895498e-13
-4.886184e-13
-4.876851e-13
-4.867500e-13
-4.858130e-13
-4.848741e-13
-4.839334e-13
-4.829908e-13
-4.820464e-13
-4.811002e-13
-4.801522e-13
-4.792023e-13
-4.782507e-13
-4.772974e-13
-4.763423e-13
-4.753854e-13
-4.744268e-13
-4.734665e-13
-4.725044e-13
-4.715407e-13
-4.705752e-13
-4.696081e-13
-4.686393e-13
-4.676689e-13
-4.666968e-13
-4.657231e-13
-4.647478e-13
-4.637709e-13
-4.627923e-13
-4.618122e-13
-4.608305e-13
-4.598473e-13
-4.588624e-13
-4.578761e-13
-4.568882e-13
-4.558988e-13
-4.549080e-13
-4.539156e-13
-4.529217e-13
-4.519264e-13
-4.509296e-13
-4.499314e-13
-4.489317e-13
-4.479306e-13
-4.469282e-13
-4.459243e-13
-4.449190e-13
-4.439124e-13
-4.429044e-13
-4.418950e-13
-4.408843e-13
-4.398723e-13
-4.388590e-13
-4.378444e-13
-4.368284e-13
-4.358112e-13
-4.347928e-13
-4.337731e-13
-4.327521e-13
-4.317299e-13
-4.307065e-13
-4.296819e-13
-4.286561e-13
-4.276291e-13
-4.266010e-13
-4.255717e-13
-4.245412e-13
-4.235097e-13
-4.224770e-13
-4.214431e-13
-4.204082e-13
-4.193722e-13
-4.183352e-13
-4.172970e-13
-4.162579e-13
-4.152177e-13
-4.141764e-13
-4.131342e-13
-4.120910e-13
-4.110467e-13
-4.100015e-13
-4.089554e-13
-4.079082e-13
-4.068602e-13
-4.058112e-13
-4.047613e-13
-4.037105e-13
-4.026588e-13
-4.016063e-13
-4.005528e-13
-3.994986e-13
-3.984434e-13
-3.973875e-13
-3.963307e-13
-3.952732e-13
-3.942148e-13
-3.931557e-13
-3.920958e-13
-3.910351e-13
-3.899737e-13
-3.889116e-13
-3.878487e-13
-3.867852e-13
-3.857209e-13
-3.846560e-13
-3.835904e-13
-3.825242e-13
-3.814573e-13
-3.803898e-13
-3.793216e-13
-3.782529e-13
-3.771835e-13
-3.761136e-13
-3.750431e-13
-3.739721e-13
-3.729005e-13
-3.718284e-13
-3.707557e-13
-3.696825e-13
-3.686089e-13
-3.675348e-13
-3.664602e-13
-3.653851e-13
-3.643096e-13
-3.632336e-13
-3.621573e-13
-3.610805e-13
-3.600033e-13
-3.589258e-13
-3.578479e-13
-3.567696e-13
-3.556909e-13
-3.546120e-13
-3.535327e-13
-3.524531e-13
-3.513732e-13
-3.502930e-13
-3.492125e-13
-3.481318e-13
-3.470509e-13
-3.459697e-13
-3.448882e-13
-3.438066e-13
-3.427248e-13
-3.416427e-13
-3.405605e-13
-3.394782e-13
-3.383957e-13
-3.373130e-13
-3.362303e-13
-3.351474e-13
-3.340644e-13
-3.329813e-13
-3.318982e-13
-3.308150e-13
-3.297317e-13
-3.286484e-13
-3.275651e-13
-3.264817e-13
-3.253984e-13
-3.243150e-13
-3.232317e-13
-3.221485e-13
-3.210652e-13
-3.199821e-13
-3.188990e-13
-3.178160e-13
-3.167330e-13
-3.156502e-13
-3.145675e-13
-3.134850e-13
-3.124026e-13
-3.113203e-13
-3.102382e-13
-3.091563e-13
-3.080746e-13
-3.069931e-13
-3.059118e-13
-3.048308e-13
-3.037500e-13
-3.026694e-13
-3.015891e-13
-3.005091e-13
-2.994294e-13
-2.983500e-13
-2.972709e-13
-2.961922e-13
-2.951137e-13
-2.940357e-13
-2.929579e-13
-2.918806e-13
-2.908037e-13
-2.897271e-13
-2.886510e-13
-2.875753e-13
-2.865000e-13
-2.854252e-13
-2.843508e-13
-2.832769e-13
-2.822035e-13
-2.811306e-13
-2.800582e-13
-2.789864e-13
-2.779150e-13
-2.768442e-13
-2.757740e-13
-2.747043e-13
-2.736352e-13
-2.725667e-13
-2.714988e-13
-2.704316e-13
-2.693649e-13
-2.682989e-13
-2.672336e-13
-2.661689e-13
-2.651049e-13
-2.640415e-13
-2.629789e-13
-2.619170e-13
-2.608558e-13
-2.597954e-13
-2.587357e-13
-2.576767e-13
-2.566185e-13
-2.555612e-13
-2.545046e-13
-2.534488e-13
-2.523938e-13
-2.513396e-13
-2.502863e-13
-2.492339e-13
-2.481823e-13
-2.471316e-13
-2.460818e-13
-2.450329e-13
-2.439849e-13
-2.429378e-13
-2.418916e-13
-2.408464e-13
-2.398022e-13
-2.387589e-13
-2.377166e-13
-2.366753e-13
-2.356350e-13
-2.345957e-13
-2.335574e-13
-2.325202e-13
-2.314840e-13
-2.304489e-13
-2.294149e-13
-2.283819e-13
-2.273501e-13
-2.263193e-13
-2.252897e-13
-2.242612e-13
-2.232338e-13
-2.222076e-13
-2.211826e-13
-2.201587e-13
-2.191360e-13
-2.181146e-13
-2.170943e-13
-2.160752e-13
-2.150574e-13
-2.140408e-13
-2.130255e-13
-2.120114e-13
-2.109986e-13
-2.099871e-13
-2.089769e-13
-2.079680e-13
-2.069604e-13
-2.059542e-13
-2.049493e-13
-2.039458e-13
-2.029436e-13
-2.019428e-13
-2.009433e-13
-1.999453e-13
-1.989487e-13
-1.979535e-13
-1.969597e-13
-1.959674e-13
-1.949765e-13
-1.939871e-13
-1.929992e-13
-1.920127e-13
-1.910278e-13
-1.900443e-13
-1.890624e-13
-1.880820e-13
-1.871031e-13
-1.861258e-13
-1.851501e-13
-1.841759e-13
-1.832033e-13
-1.822322e-13
-1.812628e-13
-1.802950e-13
-1.793288e-13
-1.783643e-13
-1.774014e-13
-1.764402e-13
-1.754806e-13
-1.745227e-13
-1.735664e-13
-1.726119e-13
-1.716591e-13
-1.707080e-13
-1.697586e-13
-1.688110e-13
-1.678651e-13
-1.669210e-13
-1.659786e-13
-1.650381e-13
-1.640993e-13
-1.631623e-13
-1.622271e-13
-1.612937e-13
-1.603622e-13
-1.594325e-13
-1.585047e-13
-1.575787e-13
-1.566546e-13
-1.557324e-13
-1.548120e-13
-1.538936e-13
-1.529771e-13
-1.520625e-13
-1.511498e-13
-1.502391e-13
-1.493303e-13
-1.484234e-13
-1.475186e-13
-1.466157e-13
-1.457148e-13
-1.448159e-13
-1.439190e-13
-1.430242e-13
-1.421314e-13
-1.412406e-13
-1.403518e-13
-1.394651e-13
-1.385805e-13
-1.376979e-13
-1.368175e-13
-1.359391e-13
-1.350628e-13
-1.341887e-13
-1.333167e-13
-1.324468e-13
-1.315790e-13
-1.307134e-13
-1.298500e-13
-1.289887e-13
-1.281296e-13
-1.272727e-13
-1.264180e-13
-1.255655e-13
-1.247152e-13
-1.238672e-13
-1.230214e-13
-1.221778e-13
-1.213365e-13
-1.204974e-13
-1.196606e-13
-1.188261e-13
-1.179939e-13
-1.171640e-13
-1.163363e-13
-1.155110e-13
-1.146881e-13
-1.138674e-13
-1.130491e-13
-1.122332e-13
-1.114196e-13
-1.106084e-13
-1.097995e-13
-1.089931e-13
-1.081890e-13
-1.073873e-13
-1.065881e-13
-1.057913e-13
-1.049969e-13
-1.042049e-13
-1.034154e-13
-1.026283e-13
-1.018437e-13
-1.010616e-13
-1.002819e-13
-9.950478e-14
-9.873011e-14
-9.795795e-14
-9.718831e-14
-9.642118e-14
-9.565659e-14
-9.489453e-14
-9.413501e-14
-9.337805e-14
-9.262366e-14
-9.187183e-14
-9.112258e-14
-9.037591e-14
-8.963184e-14
-8.889038e-14
-8.815152e-14
-8.741528e-14
-8.668166e-14
-8.595068e-14
-8.522234e-14
-8.449665e-14
-8.377361e-14
-8.305324e-14
-8.233554e-14
-8.162053e-14
-8.090819e-14
-8.019856e-14
-7.949162e-14
-7.878740e-14
-7.808589e-14
-7.738711e-14
-7.669106e-14
-7.599775e-14
-7.530719e-14
-7.461939e-14
-7.393434e-14
-7.325207e-14
-7.257257e-14
-7.189585e-14
-7.122193e-14
-7.055080e-14
-6.988248e-14
-6.921697e-14
-6.855428e-14
-6.789442e-14
-6.723739e-14
-6.658320e-14
-6.593186e-14
-6.528338e-14
-6.463775e-14
-6.399500e-14
-6.335511e-14
-6.271811e-14
-6.208400e-14
-6.145279e-14
-6.082447e-14
-6.019907e-14
-5.957658e-14
-5.895701e-14
-5.834037e-14
-5.772666e-14
-5.711590e-14
-5.650809e-14
-5.590322e-14
-5.530132e-14
-5.470239e-14
-5.410643e-14
-5.351346e-14
-5.292346e-14
-5.233646e-14
-5.175246e-14
-5.117146e-14
-5.059348e-14
-5.001851e-14
-4.944657e-14
-4.887765e-14
-4.831177e-14
-4.774893e-14
-4.718914e-14
-4.663240e-14
-4.607872e-14
-4.552811e-14
-4.498057e-14
-4.443610e-14
-4.389472e-14
-4.335642e-14
-4.282122e-14
-4.228911e-14
-4.176012e-14
-4.123423e-14
-4.071146e-14
-4.019181e-14
-3.967529e-14
-3.916190e-14
-3.865165e-14
-3.814454e-14
-3.764058e-14
-3.713978e-14
-3.664214e-14
-3.614766e-14
-3.565635e-14
-3.516821e-14
-3.468326e-14
-3.420149e-14
-3.372291e-14
-3.324753e-14
-3.277535e-14
-3.230637e-14
-3.184060e-14
-3.137805e-14
-3.091873e-14
-3.046262e-14
-3.000975e-14
-2.956011e-14
-2.911371e-14
-2.867055e-14
-2.823064e-14
-2.779399e-14
-2.736060e-14
-2.693046e-14
-2.650360e-14
-2.608000e-14
-2.565969e-14
-2.524265e-14
-2.482890e-14
-2.441844e-14
-2.401127e-14
-2.360740e-14
-2.320683e-14
-2.280957e-14
-2.241562e-14
-2.202498e-14
-2.163767e-14
-2.125367e-14
-2.087301e-14
-2.049567e-14
-2.012167e-14
-1.975101e-14
-1.938369e-14
-1.901972e-14
-1.865910e-14
-1.830183e-14
-1.794793e-14
-1.759738e-14
-1.725020e-14
-1.690639e-14
-1.656595e-14
-1.622889e-14
-1.589520e-14
-1.556490e-14
-1.523799e-14
-1.491447e-14
-1.459434e-14
-1.427761e-14
-1.396428e-14
-1.365436e-14
-1.334784e-14
-1.304473e-14
-1.274503e-14
-1.244875e-14
-1.215589e-14
-1.186646e-14
-1.158045e-14
-1.129787e-14
-1.101872e-14
-1.074300e-14
-1.047073e-14
-1.020189e-14
-9.936495e-15
-9.674548e-15
-9.416049e-15
-9.161003e-15
-8.909410e-15
-8.661275e-15
-8.416599e-15
-8.175385e-15
-7.937636e-15
-7.703353e-15
-7.472541e-15
-7.245200e-15
-7.021334e-15
-6.800945e-15
-6.584035e-15
-6.370606e-15
-6.160660e-15
-5.954201e-15
-5.751229e-15
-5.551748e-15
-5.355758e-15
-5.163263e-15
-4.974264e-15
-4.788764e-15
-4.606763e-15
-4.428265e-15
-4.253271e-15
-4.081782e-15
-3.913801e-15
-3.749330e-15
-3.588369e-15
-3.430922e-15
-3.276989e-15
-3.126571e-15
-2.979672e-15
-2.836292e-15
-2.696432e-15
-2.560094e-15
-2.427280e-15
-2.297991e-15
-2.172229e-15
-2.049994e-15
-1.931288e-15
-1.816112e-15
-1.704467e-15
-1.596355e-15
-1.491777e-15
-1.390734e-15
-1.293226e-15
-1.199255e-15
-1.108822e-15
-1.021928e-15
-9.385734e-16
-8.587596e-16
-7.824871e-16
-7.097569e-16
-6.405696e-16
-5.749261e-16
-5.128269e-16
-4.542728e-16
-3.992644e-16
-3.478022e-16
-2.998868e-16
-2.555186e-16
-2.146982e-16
-1.774260e-16
-1.437023e-16
-1.135276e-16
-8.690209e-17
-6.382610e-17
-4.429986e-17
-2.832358e-17
-1.589743e-17
-7.021542e-18
-1.696001e-18
7.913365e-20
