2.369257e-19
-1.901083e-18
-8.314559e-18
-1.900341e-17
-3.396749e-17
-5.320660e-17
-7.672046e-17
-1.045087e-16
-1.365711e-16
-1.729070e-16
-2.135160e-16
-2.583976e-16
-3.075510e-16
-3.609757e-16
-4.186709e-16
-4.806357e-16
-5.468694e-16
-6.173709e-16
-6.921394e-16
-7.711738e-16
-8.544729e-16
-9.420357e-16
-1.033861e-15
-1.129947e-15
-1.230293e-15
-1.334898e-15
-1.443760e-15
-1.556877e-15
-1.674247e-15
-1.795871e-15
-1.921744e-15
-2.051867e-15
-2.186236e-15
-2.324851e-15
-2.467709e-15
-2.614808e-15
-2.766146e-15
-2.921722e-15
-3.081532e-15
-3.245575e-15
-3.413849e-15
-3.586351e-15
-3.763078e-15
-3.944029e-15
-4.129200e-15
-4.318590e-15
-4.512195e-15
-4.710013e-15
-4.912041e-15
-5.118277e-15
-5.328717e-15
-5.543358e-15
-5.762198e-15
-5.985234e-15
-6.212462e-15
-6.443879e-15
-6.679483e-15
-6.919269e-15
-7.163235e-15
-7.411377e-15
-7.663691e-15
-7.920175e-15
-8.180824e-15
-8.445636e-15
-8.714605e-15
-8.987729e-15
-9.265004e-15
-9.546426e-15
-9.831991e-15
-1.012170e-14
-1.041553e-14
-1.071350e-14
-1.101560e-14
-1.132182e-14
-1.163216e-14
-1.194661e-14
-1.226517e-14
-1.258784e-14
-1.291461e-14
-1.324548e-14
-1.358043e-14
-1.391948e-14
-1.426260e-14
-1.460981e-14
-1.496108e-14
-1.531643e-14
-1.567584e-14
-1.603930e-14
-1.640682e-14
-1.677839e-14
-1.715400e-14
-1.753365e-14
-1.791733e-14
-1.830503e-14
-1.869676e-14
-1.909251e-14
-1.949226e-14
-1.989602e-14
-2.030378e-14
-2.071554e-14
-2.113128e-14
-2.155101e-14
-2.197471e-14
-2.240238e-14
-2.283402e-14
-2.326962e-14
-2.370917e-14
-2.415267e-14
-2.460010e-14
-2.505148e-14
-2.550678e-14
-2.596600e-14
-2.642914e-14
-2.689619e-14
-2.736714e-14
-2.784199e-14
-2.832072e-14
-2.880334e-14
-2.928984e-14
-2.978020e-14
-3.027443e-14
-3.077252e-14
-3.127445e-14
-3.178023e-14
-3.228984e-14
-3.280328e-14
-3.332054e-14
-3.384162e-14
-3.436650e-14
-3.489518e-14
-3.542766e-14
-3.596391e-14
-3.650395e-14
-3.704776e-14
-3.759533e-14
-3.814665e-14
-3.870172e-14
-3.926053e-14
-3.982307e-14
-4.038934e-14
-4.095932e-14
-4.153302e-14
-4.211041e-14
-4.269149e-14
-4.327626e-14
-4.386471e-14
-4.445682e-14
-4.505260e-14
-4.565203e-14
-4.625510e-14
-4.686180e-14
-4.747213e-14
-4.808609e-14
-4.870365e-14
-4.932481e-14
-4.994957e-14
-5.057791e-14
-5.120983e-14
-5.184531e-14
-5.248435e-14
-5.312694e-14
-5.377308e-14
-5.442274e-14
-5.507593e-14
-5.573263e-14
-5.639284e-14
-5.705654e-14
-5.772373e-14
-5.839439e-14
-5.906853e-14
-5.974612e-14
-6.042716e-14
-6.111164e-14
-6.179956e-14
-6.249089e-14
-6.318564e-14
-6.388378e-14
-6.458532e-14
-6.529025e-14
-6.599855e-14
-6.671021e-14
-6.742522e-14
-6.814358e-14
-6.886527e-14
-6.959029e-14
-7.031862e-14
-7.105025e-14
-7.178518e-14
-7.252339e-14
-7.326488e-14
-7.400963e-14
-7.475763e-14
-7.550888e-14
-7.626336e-14
-7.702106e-14
-7.778197e-14
-7.854609e-14
-7.931339e-14
-8.008388e-14
-8.085754e-14
-8.163435e-14
-8.241432e-14
-8.319742e-14
-8.398365e-14
-8.477300e-14
-8.556545e-14
-8.636100e-14
-8.715963e-14
-8.796133e-14
-8.876610e-14
-8.957392e-14
-9.038477e-14
-9.119866e-14
-9.201556e-14
-9.283547e-14
-9.365837e-14
-9.448426e-14
-9.531312e-14
-9.614494e-14
-9.697972e-14
-9.781743e-14
-9.865806e-14
-9.950162e-14
-1.003481e-13
-1.011974e-13
-1.020497e-13
-1.029047e-13
-1.037627e-13
-1.046235e-13
-1.054871e-13
-1.063536e-13
-1.072229e-13
-1.080949e-13
-1.089698e-13
-1.098474e-13
-1.107278e-13
-1.116109e-13
-1.124968e-13
-1.133854e-13
-1.142767e-13
-1.151708e-13
-1.160675e-13
-1.169668e-13
-1.178689e-13
-1.187736e-13
-1.196810e-13
-1.205909e-13
-1.215035e-13
-1.224187e-13
-1.233365e-13
-1.242569e-13
-1.251798e-13
-1.261053e-13
-1.270333e-13
-1.279638e-13
-1.288969e-13
-1.298325e-13
-1.307705e-13
-1.317111e-13
-1.326541e-13
-1.335995e-13
-1.345474e-13
-1.354977e-13
-1.364504e-13
-1.374056e-13
-1.383631e-13
-1.393230e-13
-1.402852e-13
-1.412498e-13
-1.422167e-13
-1.431860e-13
-1.441575e-13
-1.451314e-13
-1.461075e-13
-1.470859e-13
-1.480666e-13
-1.490495e-13
-1.500346e-13
-1.510220e-13
-1.520115e-13
-1.530032e-13
-1.539971e-13
-1.549932e-13
-1.559914e-13
-1.569918e-13
-1.579943e-13
-1.589988e-13
-1.600055e-13
-1.610143e-13
-1.620251e-13
-1.630380e-13
-1.640529e-13
-1.650698e-13
-1.660888e-13
-1.671097e-13
-1.681326e-13
-1.691575e-13
-1.701844e-13
-1.712132e-13
-1.722439e-13
-1.732765e-13
-1.743111e-13
-1.753475e-13
-1.763858e-13
-1.774260e-13
-1.784680e-13
-1.795118e-13
-1.805574e-13
-1.816049e-13
-1.826541e-13
-1.837051e-13
-1.847579e-13
-1.858124e-13
-1.868687e-13
-1.879266e-13
-1.889863e-13
-1.900476e-13
-1.911107e-13
-1.921753e-13
-1.932417e-13
-1.943096e-13
-1.953792e-13
-1.964504e-13
-1.975232e-13
-1.985975e-13
-1.996734e-13
-2.007508e-13
-2.018298e-13
-2.029103e-13
-2.039923e-13
-2.050758e-13
-2.061607e-13
-2.072471e-13
-2.083350e-13
-2.094242e-13
-2.105149e-13
-2.116070e-13
-2.127005e-13
-2.137953e-13
-2.148915e-13
-2.159890e-13
-2.170879e-13
-2.181881e-13
-2.192895e-13
-2.203923e-13
-2.214963e-13
-2.226015e-13
-2.237080e-13
-2.248158e-13
-2.259247e-13
-2.270348e-13
-2.281461e-13
-2.292586e-13
-2.303722e-13
-2.314869e-13
-2.326027e-13
-2.337197e-13
-2.348377e-13
-2.359569e-13
-2.370770e-13
-2.381982e-13
-2.393205e-13
-2.404437e-13
-2.415680e-13
-2.426932e-13
-2.438194e-13
-2.449466e-13
-2.460747e-13
-2.472037e-13
-2.483336e-13
-2.494644e-13
-2.505961e-13
-2.517287e-13
-2.528621e-13
-2.539963e-13
-2.551314e-13
-2.562672e-13
-2.574039e-13
-2.585413e-13
-2.596794e-13
-2.608184e-13
-2.619580e-13
-2.630983e-13
-2.642394e-13
-2.653811e-13
-2.665235e-13
-2.676665e-13
-2.688102e-13
-2.699545e-13
-2.710994e-13
-2.722449e-13
-2.733909e-13
-2.745376e-13
-2.756847e-13
-2.768324e-13
-2.779806e-13
-2.791293e-13
-2.802785e-13
-2.814282e-13
-2.825783e-13
-2.837288e-13
-2.848798e-13
-2.860312e-13
-2.871829e-13
-2.883351e-13
-2.894876e-13
-2.906404e-13
-2.917936e-13
-2.929471e-13
-2.941009e-13
-2.952550e-13
-2.964093e-13
-2.975640e-13
-2.987188e-13
-2.998739e-13
-3.010291e-13
-3.021846e-13
-3.033403e-13
-3.044961e-13
-3.056521e-13
-3.068081e-13
-3.079644e-13
-3.091207e-13
-3.102771e-13
-3.114336e-13
-3.125901e-13
-3.137467e-13
-3.149033e-13
-3.160599e-13
-3.172165e-13
-3.183731e-13
-3.195296e-13
-3.206861e-13
-3.218425e-13
-3.229989e-13
-3.241552e-13
-3.253113e-13
-3.264673e-13
-3.276232e-13
-3.287790e-13
-3.299345e-13
-3.310899e-13
-3.322451e-13
-3.334000e-13
-3.345547e-13
-3.357092e-13
-3.368634e-13
-3.380174e-13
-3.391710e-13
-3.403244e-13
-3.414774e-13
-3.426301e-13
-3.437824e-13
-3.449343e-13
-3.460859e-13
-3.472371e-13
-3.483879e-13
-3.495382e-13
-3.506881e-13
-3.518376e-13
-3.529865e-13
-3.541350e-13
-3.552830e-13
-3.564305e-13
-3.575774e-13
-3.587238e-13
-3.598696e-13
-3.610149e-13
-3.621595e-13
-3.633036e-13
-3.644470e-13
-3.655898e-13
-3.667319e-13
-3.678734e-13
-3.690142e-13
-3.701543e-13
-3.712937e-13
-3.724324e-13
-3.735703e-13
-3.747075e-13
-3.758439e-13
-3.769795e-13
-3.781143e-13
-3.792483e-13
-3.803815e-13
-3.815139e-13
-3.826453e-13
-3.837760e-13
-3.849057e-13
-3.860345e-13
-3.871624e-13
-3.882894e-13
-3.894154e-13
-3.905405e-13
-3.916646e-13
-3.927877e-13
-3.939098e-13
-3.950309e-13
-3.961510e-13
-3.972700e-13
-3.983880e-13
-3.995049e-13
-4.006207e-13
-4.017354e-13
-4.028489e-13
-4.039614e-13
-4.050727e-13
-4.061828e-13
-4.072918e-13
-4.083996e-13
-4.095061e-13
-4.106115e-13
-4.117156e-13
-4.128185e-13
-4.139201e-13
-4.150205e-13
-4.161195e-13
-4.172173e-13
-4.183137e-13
-4.194088e-13
-4.205026e-13
-4.215950e-13
-4.226861e-13
-4.237757e-13
-4.248640e-13
-4.259508e-13
-4.270363e-13
-4.281202e-13
-4.292028e-13
-4.302838e-13
-4.313634e-13
-4.324415e-13
-4.335180e-13
-4.345931e-13
-4.356666e-13
-4.367385e-13
-4.378089e-13
-4.388777e-13
-4.399450e-13
-4.410106e-13
-4.420746e-13
-4.431370e-13
-4.441977e-13
-4.452568e-13
-4.463142e-13
-4.473699e-13
-4.484239e-13
-4.494762e-13
-4.505267e-13
-4.515756e-13
-4.526227e-13
-4.536680e-13
-4.547115e-13
-4.557533e-13
-4.567932e-13
-4.578314e-13
-4.588677e-13
-4.599021e-13
-4.609347e-13
-4.619654e-13
-4.629943e-13
-4.640212e-13
-4.650463e-13
-4.660694e-13
-4.670906e-13
-4.681098e-13
-4.691271e-13
-4.701424e-13
-4.711558e-13
-4.721671e-13
-4.731764e-13
-4.741837e-13
-4.751890e-13
-4.761922e-13
-4.771933e-13
-4.781924e-13
-4.791894e-13
-4.801843e-13
-4.811771e-13
-4.821677e-13
-4.831563e-13
-4.841426e-13
-4.851269e-13
-4.861089e-13
-4.870888e-13
-4.880665e-13
-4.890419e-13
-4.900151e-13
-4.909862e-13
-4.919549e-13
-4.929214e-13
-4.938857e-13
-4.948476e-13
-4.958073e-13
-4.967646e-13
-4.977197e-13
-4.986724e-13
-4.996228e-13
-5.005708e-13
-5.015165e-13
-5.024598e-13
-5.034007e-13
-5.043392e-13
-5.052753e-13
-5.062089e-13
-5.071402e-13
-5.080690e-13
-5.089953e-13
-5.099192e-13
-5.108406e-13
-5.117595e-13
-5.126759e-13
-5.135898e-13
-5.145012e-13
-5.154100e-13
-5.163163e-13
-5.172200e-13
-5.181212e-13
-5.190198e-13
-5.199158e-13
-5.208092e-13
-5.217000e-13
-5.225882e-13
-5.234737e-13
-5.243566e-13
-5.252368e-13
-5.261144e-13
-5.269893e-13
-5.278615e-13
-5.287310e-13
-5.295978e-13
-5.304619e-13
-5.313233e-13
-5.321819e-13
-5.330378e-13
-5.338909e-13
-5.347412e-13
-5.355888e-13
-5.364335e-13
-5.372755e-13
-5.381147e-13
-5.389510e-13
-5.397845e-13
-5.406152e-13
-5.414430e-13
-5.422680e-13
-5.430900e-13
-5.439093e-13
-5.447256e-13
-5.455390e-13
-5.463495e-13
-5.471571e-13
-5.479617e-13
-5.487634e-13
-5.495622e-13
-5.503580e-13
-5.511508e-13
-5.519407e-13
-5.527276e-13
-5.535115e-13
-5.542923e-13
-5.550702e-13
-5.558450e-13
-5.566168e-13
-5.573856e-13
-5.581513e-13
-5.589140e-13
-5.596736e-13
-5.604301e-13
-5.611835e-13
-5.619338e-13
-5.626810e-13
-5.634251e-13
-5.641661e-13
-5.649039e-13
-5.656387e-13
-5.663702e-13
-5.670986e-13
-5.678239e-13
-5.685459e-13
-5.692648e-13
-5.699805e-13
-5.706930e-13
-5.714023e-13
-5.721083e-13
-5.728112e-13
-5.735108e-13
-5.742072e-13
-5.749003e-13
-5.755901e-13
-5.762767e-13
-5.769601e-13
-5.776401e-13
-5.783169e-13
-5.789903e-13
-5.796605e-13
-5.803273e-13
-5.809909e-13
-5.816511e-13
-5.823079e-13
-5.829615e-13
-5.836116e-13
-5.842585e-13
-5.849019e-13
-5.855420e-13
-5.861787e-13
-5.868120e-13
-5.874419e-13
-5.880684e-13
-5.886915e-13
-5.893112e-13
-5.899275e-13
-5.905404e-13
-5.911498e-13
-5.917557e-13
-5.923582e-13
-5.929573e-13
-5.935529e-13
-5.941450e-13
-5.947337e-13
-5.953188e-13
-5.959005e-13
-5.964787e-13
-5.970533e-13
-5.976245e-13
-5.981921e-13
-5.987563e-13
-5.993169e-13
-5.998739e-13
-6.004274e-13
-6.009774e-13
-6.015238e-13
-6.020667e-13
-6.026060e-13
-6.031417e-13
-6.036738e-13
-6.042024e-13
-6.047274e-13
-6.052488e-13
-6.057665e-13
-6.062807e-13
-6.067913e-13
-6.072982e-13
-6.078015e-13
-6.083012e-13
-6.087973e-13
-6.092897e-13
-6.097784e-13
-6.102636e-13
-6.107450e-13
-6.112228e-13
-6.116970e-13
-6.121675e-13
-6.126342e-13
-6.130974e-13
-6.135568e-13
-6.140125e-13
-6.144646e-13
-6.149129e-13
-6.153576e-13
-6.157985e-13
-6.162357e-13
-6.166692e-13
-6.170990e-13
-6.175250e-13
-6.179473e-13
-6.183659e-13
-6.187807e-13
-6.191918e-13
-6.195992e-13
-6.200027e-13
-6.204026e-13
-6.207986e-13
-6.211909e-13
-6.215795e-13
-6.219642e-13
-6.223452e-13
-6.227224e-13
-6.230958e-13
-6.234654e-13
-6.238313e-13
-6.241933e-13
-6.245515e-13
-6.249059e-13
-6.252566e-13
-6.256034e-13
-6.259464e-13
-6.262855e-13
-6.266209e-13
-6.269524e-13
-6.272801e-13
-6.276040e-13
-6.279240e-13
-6.282402e-13
-6.285526e-13
-6.288611e-13
-6.291658e-13
-6.294666e-13
-6.297635e-13
-6.300567e-13
-6.303459e-13
-6.306313e-13
-6.309128e-13
-6.311905e-13
-6.314643e-13
-6.317343e-13
-6.320003e-13
-6.322625e-13
-6.325208e-13
-6.327752e-13
-6.330258e-13
-6.332724e-13
-6.335152e-13
-6.337541e-13
-6.339891e-13
-6.342202e-13
-6.344474e-13
-6.346707e-13
-6.348901e-13
-6.351057e-13
-6.353173e-13
-6.355250e-13
-6.357288e-13
-6.359287e-13
-6.361247e-13
-6.363168e-13
-6.365050e-13
-6.366892e-13
-6.368696e-13
-6.370460e-13
-6.372185e-13
-6.373871e-13
-6.375518e-13
-6.377126e-13
-6.378694e-13
-6.380223e-13
-6.381713e-13
-6.383164e-13
-6.384575e-13
-6.385948e-13
-6.387281e-13
-6.388574e-13
-6.389829e-13
-6.391044e-13
-6.392220e-13
-6.393357e-13
-6.394454e-13
-6.395512e-13
-6.396531e-13
-6.397510e-13
-6.398450e-13
-6.399351e-13
-6.400213e-13
-6.401035e-13
-6.401818e-13
-6.402561e-13
-6.403265e-13
-6.403930e-13
-6.404556e-13
-6.405142e-13
-6.405689e-13
-6.406197e-13
-6.406666e-13
-6.407095e-13
-6.407485e-13
-6.407835e-13
-6.408146e-13
-6.408418e-13
-6.408651e-13
-6.408845e-13
-6.408999e-13
-6.409114e-13
-6.409189e-13
-6.409226e-13
-6.409223e-13
-6.409181e-13
-6.409100e-13
-6.408980e-13
-6.408820e-13
-6.408622e-13
-6.408384e-13
-6.408107e-13
-6.407791e-13
-6.407436e-13
-6.407041e-13
-6.406608e-13
-6.406135e-13
-6.405624e-13
-6.405073e-13
-6.404483e-13
-6.403855e-13
-6.403187e-13
-6.402481e-13
-6.401735e-13
-6.400950e-13
-6.400127e-13
-6.399265e-13
-6.398363e-13
-6.397423e-13
-6.396444e-13
-6.395427e-13
-6.394370e-13
-6.393275e-13
-6.392141e-13
-6.390968e-13
-6.389756e-13
-6.388506e-13
-6.387217e-13
-6.385890e-13
-6.384524e-13
-6.383119e-13
-6.381676e-13
-6.380194e-13
-6.378674e-13
-6.377115e-13
-6.375518e-13
-6.373883e-13
-6.372209e-13
-6.370496e-13
-6.368746e-13
-6.366957e-13
-6.365130e-13
-6.363264e-13
-6.361361e-13
-6.359419e-13
-6.357439e-13
-6.355421e-13
-6.353365e-13
-6.351271e-13
-6.349139e-13
-6.346969e-13
-6.344761e-13
-6.342515e-13
-6.340231e-13
-6.337909e-13
-6.335550e-13
-6.333153e-13
-6.330718e-13
-6.328246e-13
-6.325736e-13
-6.323188e-13
-6.320603e-13
-6.317980e-13
-6.315320e-13
-6.312622e-13
-6.309887e-13
-6.307115e-13
-6.304305e-13
-6.301458e-13
-6.298574e-13
-6.295653e-13
-6.292695e-13
-6.289699e-13
-6.286667e-13
-6.283597e-13
-6.280491e-13
-6.277347e-13
-6.274167e-13
-6.270950e-13
-6.267697e-13
-6.264406e-13
-6.261079e-13
-6.257715e-13
-6.254315e-13
-6.250878e-13
-6.247405e-13
-6.243896e-13
-6.240350e-13
-6.236767e-13
-6.233149e-13
-6.229494e-13
-6.225803e-13
-6.222076e-13
-6.218313e-13
-6.214514e-13
-6.210679e-13
-6.206809e-13
-6.202902e-13
-6.198960e-13
-6.194981e-13
-6.190968e-13
-6.186918e-13
-6.182834e-13
-6.178713e-13
-6.174557e-13
-6.170366e-13
-6.166140e-13
-6.161878e-13
-6.157581e-13
-6.153249e-13
-6.148882e-13
-6.144480e-13
-6.140043e-13
-6.135571e-13
-6.131065e-13
-6.126523e-13
-6.121947e-13
-6.117336e-13
-6.112691e-13
-6.108011e-13
-6.103297e-13
-6.098548e-13
-6.093765e-13
-6.088948e-13
-6.084096e-13
-6.079211e-13
-6.074291e-13
-6.069338e-13
-6.064351e-13
-6.059329e-13
-6.054274e-13
-6.049185e-13
-6.044063e-13
-6.038907e-13
-6.033718e-13
-6.028495e-13
-6.023239e-13
-6.017949e-13
-6.012626e-13
-6.007271e-13
-6.001882e-13
-5.996460e-13
-5.991005e-13
-5.985517e-13
-5.979997e-13
-5.974443e-13
-5.968858e-13
-5.963239e-13
-5.957588e-13
-5.951905e-13
-5.946190e-13
-5.940442e-13
-5.934662e-13
-5.928850e-13
-5.923005e-13
-5.917129e-13
-5.911221e-13
-5.905282e-13
-5.899310e-13
-5.893307e-13
-5.887272e-13
-5.881206e-13
-5.875109e-13
-5.868980e-13
-5.862820e-13
-5.856628e-13
-5.850406e-13
-5.844153e-13
-5.837869e-13
-5.831554e-13
-5.825208e-13
-5.818831e-13
-5.812424e-13
-5.805987e-13
-5.799519e-13
-5.793020e-13
-5.786492e-13
-5.779933e-13
-5.773344e-13
-5.766726e-13
-5.760077e-13
-5.753398e-13
-5.746690e-13
-5.739952e-13
-5.733185e-13
-5.726388e-13
-5.719562e-13
-5.712706e-13
-5.705821e-13
-5.698907e-13
-5.691964e-13
-5.684992e-13
-5.677992e-13
-5.670962e-13
-5.663904e-13
-5.656817e-13
-5.649702e-13
-5.642558e-13
-5.635386e-13
-5.628186e-13
-5.620957e-13
-5.613701e-13
-5.606417e-13
-5.599105e-13
-5.591765e-13
-5.584397e-13
-5.577002e-13
-5.569579e-13
-5.562129e-13
-5.554652e-13
-5.547147e-13
-5.539616e-13
-5.532057e-13
-5.524471e-13
-5.516859e-13
-5.509220e-13
-5.501554e-13
-5.493862e-13
-5.486143e-13
-5.478398e-13
-5.470627e-13
-5.462830e-13
-5.455006e-13
-5.447157e-13
-5.439281e-13
-5.431381e-13
-5.423454e-13
-5.415502e-13
-5.407524e-13
-5.399521e-13
-5.391493e-13
-5.383440e-13
-5.375361e-13
-5.367258e-13
-5.359130e-13
-5.350977e-13
-5.342799e-13
-5.334597e-13
-5.326371e-13
-5.318120e-13
-5.309845e-13
-5.301545e-13
-5.293222e-13
-5.284875e-13
-5.276504e-13
-5.268109e-13
-5.259691e-13
-5.251249e-13
-5.242783e-13
-5.234295e-13
-5.225783e-13
-5.217248e-13
-5.208690e-13
-5.200109e-13
-5.191506e-13
-5.182880e-13
-5.174231e-13
-5.165560e-13
-5.156866e-13
-5.148150e-13
-5.139412e-13
-5.130652e-13
-5.121870e-13
-5.113066e-13
-5.104241e-13
-5.095394e-13
-5.086525e-13
-5.077635e-13
-5.068724e-13
-5.059792e-13
-5.050838e-13
-5.041864e-13
-5.032869e-13
-5.023853e-13
-5.014816e-13
-5.005759e-13
-4.996681e-13
-4.987584e-13
-4.978466e-13
-4.969328e-13
-4.960170e-13
-4.950992e-13
-4.941794e-13
-4.932577e-13
-4.923340e-13
-4.914084e-13
-4.904809e-13
-4.895514e-13
-4.886201e-13
-4.876868e-13
-4.867516e-13
-4.858146e-13
-4.848758e-13
-4.839350e-13
-4.829925e-13
-4.820481e-13
-4.811019e-13
-4.801538e-13
-4.792040e-13
-4.782525e-13
-4.772991e-13
-4.763440e-13
-4.753871e-13
-4.744285e-13
-4.734682e-13
-4.725061e-13
-4.715424e-13
-4.705770e-13
-4.696099e-13
-4.686411e-13
-4.676707e-13
-4.666986e-13
-4.657249e-13
-4.647496e-13
-4.637727e-13
-4.627941e-13
-4.618140e-13
-4.608323e-13
-4.598491e-13
-4.588643e-13
-4.578779e-13
-4.568901e-13
-4.559007e-13
-4.549098e-13
-4.539174e-13
-4.529236e-13
-4.519283e-13
-4.509315e-13
-4.499333e-13
-4.489336e-13
-4.479326e-13
-4.469301e-13
-4.459262e-13
-4.449209e-13
-4.439143e-13
-4.429063e-13
-4.418970e-13
-4.408863e-13
-4.398743e-13
-4.388610e-13
-4.378464e-13
-4.368304e-13
-4.358133e-13
-4.347948e-13
-4.337751e-13
-4.327542e-13
-4.317320e-13
-4.307086e-13
-4.296840e-13
-4.286582e-13
-4.276312e-13
-4.266031e-13
-4.255738e-13
-4.245434e-13
-4.235118e-13
-4.224791e-13
-4.214453e-13
-4.204104e-13
-4.193744e-13
-4.183374e-13
-4.172992e-13
-4.162601e-13
-4.152199e-13
-4.141787e-13
-4.131364e-13
-4.120932e-13
-4.110490e-13
-4.100038e-13
-4.089576e-13
-4.079105e-13
-4.068625e-13
-4.058135e-13
-4.047636e-13
-4.037128e-13
-4.026612e-13
-4.016086e-13
-4.005552e-13
-3.995009e-13
-3.984458e-13
-3.973899e-13
-3.963331e-13
-3.952756e-13
-3.942172e-13
-3.931581e-13
-3.920982e-13
-3.910376e-13
-3.899762e-13
-3.889141e-13
-3.878513e-13
-3.867877e-13
-3.857235e-13
-3.846586e-13
-3.835930e-13
-3.825268e-13
-3.814599e-13
-3.803924e-13
-3.793242e-13
-3.782555e-13
-3.771862e-13
-3.761163e-13
-3.750458e-13
-3.739747e-13
-3.729032e-13
-3.718310e-13
-3.707584e-13
-3.696853e-13
-3.686116e-13
-3.675375e-13
-3.664629e-13
-3.653879e-13
-3.643124e-13
-3.632364e-13
-3.621601e-13
-3.610833e-13
-3.600062e-13
-3.589286e-13
-3.578507e-13
-3.567724e-13
-3.556938e-13
-3.546149e-13
-3.535356e-13
-3.524560e-13
-3.513761e-13
-3.502959e-13
-3.492155e-13
-3.481348e-13
-3.470538e-13
-3.459726e-13
-3.448912e-13
-3.438096e-13
-3.427278e-13
-3.416458e-13
-3.405636e-13
-3.394812e-13
-3.383987e-13
-3.373161e-13
-3.362333e-13
-3.351505e-13
-3.340675e-13
-3.329844e-13
-3.319013e-13
-3.308181e-13
-3.297349e-13
-3.286516e-13
-3.275683e-13
-3.264849e-13
-3.254016e-13
-3.243183e-13
-3.232350e-13
-3.221517e-13
-3.210685e-13
-3.199853e-13
-3.189022e-13
-3.178192e-13
-3.167363e-13
-3.156535e-13
-3.145709e-13
-3.134883e-13
-3.124059e-13
-3.113237e-13
-3.102416e-13
-3.091597e-13
-3.080780e-13
-3.069965e-13
-3.059153e-13
-3.048342e-13
-3.037534e-13
-3.026729e-13
-3.015926e-13
-3.005126e-13
-2.994329e-13
-2.983535e-13
-2.972744e-13
-2.961957e-13
-2.951172e-13
-2.940392e-13
-2.929615e-13
-2.918842e-13
-2.908072e-13
-2.897307e-13
-2.886546e-13
-2.875789e-13
-2.865036e-13
-2.854288e-13
-2.843544e-13
-2.832806e-13
-2.822072e-13
-2.811343e-13
-2.800619e-13
-2.789900e-13
-2.779187e-13
-2.768479e-13
-2.757777e-13
-2.747080e-13
-2.736389e-13
-2.725705e-13
-2.715026e-13
-2.704353e-13
-2.693687e-13
-2.683027e-13
-2.672373e-13
-2.661726e-13
-2.651086e-13
-2.640453e-13
-2.629827e-13
-2.619208e-13
-2.608596e-13
-2.597992e-13
-2.587395e-13
-2.576806e-13
-2.566224e-13
-2.555650e-13
-2.545084e-13
-2.534526e-13
-2.523977e-13
-2.513435e-13
-2.502902e-13
-2.492378e-13
-2.481862e-13
-2.471355e-13
-2.460857e-13
-2.450368e-13
-2.439888e-13
-2.429417e-13
-2.418955e-13
-2.408503e-13
-2.398061e-13
-2.387628e-13
-2.377205e-13
-2.366792e-13
-2.356389e-13
-2.345997e-13
-2.335614e-13
-2.325242e-13
-2.314880e-13
-2.304529e-13
-2.294189e-13
-2.283859e-13
-2.273541e-13
-2.263233e-13
-2.252937e-13
-2.242652e-13
-2.232379e-13
-2.222117e-13
-2.211866e-13
-2.201627e-13
-2.191401e-13
-2.181186e-13
-2.170983e-13
-2.160792e-13
-2.150614e-13
-2.140448e-13
-2.130295e-13
-2.120155e-13
-2.110027e-13
-2.099912e-13
-2.089810e-13
-2.079721e-13
-2.069645e-13
-2.059582e-13
-2.049533e-13
-2.039498e-13
-2.029476e-13
-2.019468e-13
-2.009474e-13
-1.999494e-13
-1.989528e-13
-1.979576e-13
-1.969638e-13
-1.959715e-13
-1.949806e-13
-1.939912e-13
-1.930032e-13
-1.920168e-13
-1.910318e-13
-1.900484e-13
-1.890664e-13
-1.880860e-13
-1.871072e-13
-1.861298e-13
-1.851541e-13
-1.841799e-13
-1.832073e-13
-1.822363e-13
-1.812668e-13
-1.802990e-13
-1.793329e-13
-1.783683e-13
-1.774054e-13
-1.764442e-13
-1.754846e-13
-1.745267e-13
-1.735704e-13
-1.726159e-13
-1.716631e-13
-1.707120e-13
-1.697626e-13
-1.688150e-13
-1.678691e-13
-1.669250e-13
-1.659826e-13
-1.650420e-13
-1.641032e-13
-1.631662e-13
-1.622310e-13
-1.612977e-13
-1.603661e-13
-1.594364e-13
-1.585086e-13
-1.575826e-13
-1.566585e-13
-1.557363e-13
-1.548159e-13
-1.538975e-13
-1.529809e-13
-1.520663e-13
-1.511536e-13
-1.502429e-13
-1.493341e-13
-1.484273e-13
-1.475224e-13
-1.466195e-13
-1.457186e-13
-1.448197e-13
-1.439228e-13
-1.430280e-13
-1.421351e-13
-1.412443e-13
-1.403555e-13
-1.394688e-13
-1.385842e-13
-1.377017e-13
-1.368212e-13
-1.359428e-13
-1.350665e-13
-1.341924e-13
-1.333203e-13
-1.324504e-13
-1.315827e-13
-1.307170e-13
-1.298536e-13
-1.289923e-13
-1.281332e-13
-1.272763e-13
-1.264216e-13
-1.255691e-13
-1.247188e-13
-1.238707e-13
-1.230249e-13
-1.221813e-13
-1.213400e-13
-1.205009e-13
-1.196641e-13
-1.188296e-13
-1.179973e-13
-1.171674e-13
-1.163398e-13
-1.155144e-13
-1.146915e-13
-1.138708e-13
-1.130525e-13
-1.122365e-13
-1.114229e-13
-1.106117e-13
-1.098028e-13
-1.089963e-13
-1.081923e-13
-1.073906e-13
-1.065913e-13
-1.057945e-13
-1.050001e-13
-1.042081e-13
-1.034186e-13
-1.026315e-13
-1.018469e-13
-1.010647e-13
-1.002851e-13
-9.950789e-14
-9.873321e-14
-9.796103e-14
-9.719137e-14
-9.642423e-14
-9.565961e-14
-9.489754e-14
-9.413801e-14
-9.338103e-14
-9.262662e-14
-9.187477e-14
-9.112551e-14
-9.037883e-14
-8.963474e-14
-8.889325e-14
-8.815438e-14
-8.741812e-14
-8.668449e-14
-8.595349e-14
-8.522513e-14
-8.449942e-14
-8.377637e-14
-8.305598e-14
-8.233826e-14
-8.162322e-14
-8.091088e-14
-8.020122e-14
-7.949427e-14
-7.879003e-14
-7.808850e-14
-7.738970e-14
-7.669363e-14
-7.600031e-14
-7.530973e-14
-7.462190e-14
-7.393684e-14
-7.325454e-14
-7.257502e-14
-7.189829e-14
-7.122435e-14
-7.055320e-14
-6.988486e-14
-6.921933e-14
-6.855663e-14
-6.789674e-14
-6.723970e-14
-6.658549e-14
-6.593413e-14
-6.528562e-14
-6.463998e-14
-6.399720e-14
-6.335730e-14
-6.272028e-14
-6.208615e-14
-6.145491e-14
-6.082658e-14
-6.020115e-14
-5.957864e-14
-5.895906e-14
-5.834240e-14
-5.772867e-14
-5.711789e-14
-5.651005e-14
-5.590517e-14
-5.530325e-14
-5.470430e-14
-5.410832e-14
-5.351532e-14
-5.292531e-14
-5.233829e-14
-5.175427e-14
-5.117325e-14
-5.059525e-14
-5.002026e-14
-4.944829e-14
-4.887936e-14
-4.831346e-14
-4.775060e-14
-4.719079e-14
-4.663403e-14
-4.608033e-14
-4.552970e-14
-4.498213e-14
-4.443765e-14
-4.389624e-14
-4.335793e-14
-4.282270e-14
-4.229058e-14
-4.176156e-14
-4.123566e-14
-4.071287e-14
-4.019320e-14
-3.967666e-14
-3.916325e-14
-3.865298e-14
-3.814585e-14
-3.764187e-14
-3.714105e-14
-3.664338e-14
-3.614889e-14
-3.565756e-14
-3.516940e-14
-3.468443e-14
-3.420264e-14
-3.372404e-14
-3.324864e-14
-3.277644e-14
-3.230745e-14
-3.184166e-14
-3.137909e-14
-3.091974e-14
-3.046362e-14
-3.001073e-14
-2.956107e-14
-2.911465e-14
-2.867147e-14
-2.823155e-14
-2.779488e-14
-2.736146e-14
-2.693131e-14
-2.650443e-14
-2.608082e-14
-2.566048e-14
-2.524343e-14
-2.482966e-14
-2.441918e-14
-2.401199e-14
-2.360811e-14
-2.320752e-14
-2.281024e-14
-2.241627e-14
-2.202562e-14
-2.163829e-14
-2.125428e-14
-2.087359e-14
-2.049624e-14
-2.012222e-14
-1.975155e-14
-1.938421e-14
-1.902022e-14
-1.865958e-14
-1.830230e-14
-1.794838e-14
-1.759781e-14
-1.725062e-14
-1.690679e-14
-1.656634e-14
-1.622926e-14
-1.589556e-14
-1.556525e-14
-1.523832e-14
-1.491478e-14
-1.459464e-14
-1.427789e-14
-1.396455e-14
-1.365461e-14
-1.334807e-14
-1.304495e-14
-1.274524e-14
-1.244895e-14
-1.215608e-14
-1.186663e-14
-1.158060e-14
-1.129801e-14
-1.101884e-14
-1.074311e-14
-1.047082e-14
-1.020197e-14
-9.936568e-15
-9.674608e-15
-9.416097e-15
-9.161038e-15
-8.909433e-15
-8.661286e-15
-8.416598e-15
-8.175372e-15
-7.937611e-15
-7.703317e-15
-7.472493e-15
-7.245142e-15
-7.021265e-15
-6.800864e-15
-6.583943e-15
-6.370504e-15
-6.160548e-15
-5.954078e-15
-5.751096e-15
-5.551605e-15
-5.355606e-15
-5.163101e-15
-4.974093e-15
-4.788583e-15
-4.606573e-15
-4.428066e-15
-4.253063e-15
-4.081566e-15
-3.913576e-15
-3.749097e-15
-3.588128e-15
-3.430672e-15
-3.276731e-15
-3.126307e-15
-2.979400e-15
-2.836012e-15
-2.696146e-15
-2.559801e-15
-2.426980e-15
-2.297685e-15
-2.171916e-15
-2.049675e-15
-1.930963e-15
-1.815781e-15
-1.704131e-15
-1.596013e-15
-1.491430e-15
-1.390381e-15
-1.292869e-15
-1.198893e-15
-1.108456e-15
-1.021557e-15
-9.381986e-16
-8.583808e-16
-7.821046e-16
-7.093707e-16
-6.401801e-16
-5.745333e-16
-5.124311e-16
-4.538742e-16
-3.988631e-16
-3.473984e-16
-2.994807e-16
-2.551105e-16
-2.142882e-16
-1.770143e-16
-1.432891e-16
-1.131130e-16
-8.648635e-17
-6.340941e-17
-4.388240e-17
-2.790555e-17
-1.547901e-17
-6.602924e-18
-1.277378e-18
4.975724e-19
