-2.468156e-19
-2.395419e-18
-8.840417e-18
-1.958172e-17
-3.461918e-17
-5.395258e-17
-7.758166e-17
-1.055061e-16
-1.377255e-16
-1.742394e-16
-2.150473e-16
-2.601486e-16
-3.095428e-16
-3.632291e-16
-4.212067e-16
-4.834750e-16
-5.500329e-16
-6.208796e-16
-6.960141e-16
-7.754354e-16
-8.591423e-16
-9.471337e-16
-1.039408e-15
-1.135965e-15
-1.236802e-15
-1.341919e-15
-1.451313e-15
-1.564983e-15
-1.682929e-15
-1.805147e-15
-1.931636e-15
-2.062395e-15
-2.197422e-15
-2.336715e-15
-2.480272e-15
-2.628090e-15
-2.780169e-15
-2.936505e-15
-3.097097e-15
-3.261942e-15
-3.431039e-15
-3.604384e-15
-3.781975e-15
-3.963810e-15
-4.149887e-15
-4.340202e-15
-4.534754e-15
-4.733538e-15
-4.936554e-15
-5.143797e-15
-5.355265e-15
-5.570955e-15
-5.790864e-15
-6.014989e-15
-6.243327e-15
-6.475875e-15
-6.712629e-15
-6.953586e-15
-7.198743e-15
-7.448096e-15
-7.701642e-15
-7.959378e-15
-8.221299e-15
-8.487403e-15
-8.757685e-15
-9.032141e-15
-9.310769e-15
-9.593564e-15
-9.880521e-15
-1.017164e-14
-1.046691e-14
-1.076633e-14
-1.106990e-14
-1.137762e-14
-1.168947e-14
-1.200545e-14
-1.232557e-14
-1.264981e-14
-1.297817e-14
-1.331064e-14
-1.364723e-14
-1.398792e-14
-1.433272e-14
-1.468162e-14
-1.503460e-14
-1.539168e-14
-1.575283e-14
-1.611807e-14
-1.648737e-14
-1.686075e-14
-1.723819e-14
-1.761968e-14
-1.800522e-14
-1.839482e-14
-1.878845e-14
-1.918612e-14
-1.958782e-14
-1.999354e-14
-2.040328e-14
-2.081703e-14
-2.123480e-14
-2.165656e-14
-2.208232e-14
-2.251207e-14
-2.294580e-14
-2.338351e-14
-2.382519e-14
-2.427084e-14
-2.472045e-14
-2.517401e-14
-2.563152e-14
-2.609297e-14
-2.655835e-14
-2.702766e-14
-2.750089e-14
-2.797804e-14
-2.845910e-14
-2.894405e-14
-2.943290e-14
-2.992564e-14
-3.042226e-14
-3.092276e-14
-3.142712e-14
-3.193534e-14
-3.244742e-14
-3.296334e-14
-3.348310e-14
-3.400669e-14
-3.453411e-14
-3.506534e-14
-3.560039e-14
-3.613924e-14
-3.668188e-14
-3.722831e-14
-3.777852e-14
-3.833250e-14
-3.889025e-14
-3.945176e-14
-4.001701e-14
-4.058600e-14
-4.115873e-14
-4.173519e-14
-4.231536e-14
-4.289924e-14
-4.348683e-14
-4.407811e-14
-4.467307e-14
-4.527171e-14
-4.587402e-14
-4.647999e-14
-4.708961e-14
-4.770287e-14
-4.831978e-14
-4.894030e-14
-4.956445e-14
-5.019220e-14
-5.082356e-14
-5.145851e-14
-5.209704e-14
-5.273915e-14
-5.338482e-14
-5.403405e-14
-5.468683e-14
-5.534314e-14
-5.600299e-14
-5.666635e-14
-5.733323e-14
-5.800361e-14
-5.867749e-14
-5.935484e-14
-6.003567e-14
-6.071997e-14
-6.140772e-14
-6.209892e-14
-6.279356e-14
-6.349162e-14
-6.419310e-14
-6.489799e-14
-6.560627e-14
-6.631795e-14
-6.703300e-14
-6.775142e-14
-6.847320e-14
-6.919833e-14
-6.992680e-14
-7.065859e-14
-7.139371e-14
-7.213213e-14
-7.287385e-14
-7.361887e-14
-7.436715e-14
-7.511871e-14
-7.587352e-14
-7.663158e-14
-7.739288e-14
-7.815740e-14
-7.892514e-14
-7.969609e-14
-8.047022e-14
-8.124755e-14
-8.202804e-14
-8.281170e-14
-8.359851e-14
-8.438846e-14
-8.518154e-14
-8.597774e-14
-8.677704e-14
-8.757945e-14
-8.838494e-14
-8.919350e-14
-9.000513e-14
-9.081981e-14
-9.163754e-14
-9.245829e-14
-9.328206e-14
-9.410884e-14
-9.493862e-14
-9.577138e-14
-9.660712e-14
-9.744582e-14
-9.828746e-14
-9.913205e-14
-9.997957e-14
-1.008300e-13
-1.016833e-13
-1.025396e-13
-1.033987e-13
-1.042607e-13
-1.051255e-13
-1.059932e-13
-1.068637e-13
-1.077370e-13
-1.086132e-13
-1.094921e-13
-1.103738e-13
-1.112583e-13
-1.121456e-13
-1.130356e-13
-1.139284e-13
-1.148239e-13
-1.157220e-13
-1.166229e-13
-1.175265e-13
-1.184328e-13
-1.193417e-13
-1.202533e-13
-1.211675e-13
-1.220843e-13
-1.230037e-13
-1.239258e-13
-1.248504e-13
-1.257776e-13
-1.267074e-13
-1.276397e-13
-1.285746e-13
-1.295120e-13
-1.304519e-13
-1.313943e-13
-1.323392e-13
-1.332865e-13
-1.342364e-13
-1.351886e-13
-1.361433e-13
-1.371004e-13
-1.380600e-13
-1.390219e-13
-1.399862e-13
-1.409529e-13
-1.419219e-13
-1.428933e-13
-1.438670e-13
-1.448431e-13
-1.458214e-13
-1.468020e-13
-1.477849e-13
-1.487701e-13
-1.497575e-13
-1.507471e-13
-1.517390e-13
-1.527331e-13
-1.537293e-13
-1.547278e-13
-1.557284e-13
-1.567312e-13
-1.577361e-13
-1.587432e-13
-1.597524e-13
-1.607636e-13
-1.617770e-13
-1.627924e-13
-1.638099e-13
-1.648294e-13
-1.658510e-13
-1.668746e-13
-1.679002e-13
-1.689277e-13
-1.699573e-13
-1.709888e-13
-1.720223e-13
-1.730577e-13
-1.740950e-13
-1.751342e-13
-1.761753e-13
-1.772183e-13
-1.782632e-13
-1.793099e-13
-1.803584e-13
-1.814088e-13
-1.824610e-13
-1.835149e-13
-1.845707e-13
-1.856282e-13
-1.866874e-13
-1.877484e-13
-1.888111e-13
-1.898756e-13
-1.909417e-13
-1.920095e-13
-1.930789e-13
-1.941501e-13
-1.952228e-13
-1.962972e-13
-1.973731e-13
-1.984507e-13
-1.995298e-13
-2.006105e-13
-2.016928e-13
-2.027766e-13
-2.038619e-13
-2.049487e-13
-2.060370e-13
-2.071268e-13
-2.082180e-13
-2.093107e-13
-2.104048e-13
-2.115003e-13
-2.125972e-13
-2.136956e-13
-2.147952e-13
-2.158963e-13
-2.169987e-13
-2.181024e-13
-2.192074e-13
-2.203137e-13
-2.214213e-13
-2.225302e-13
-2.236403e-13
-2.247517e-13
-2.258643e-13
-2.269781e-13
-2.280931e-13
-2.292093e-13
-2.303266e-13
-2.314451e-13
-2.325647e-13
-2.336855e-13
-2.348073e-13
-2.359302e-13
-2.370542e-13
-2.381793e-13
-2.393054e-13
-2.404325e-13
-2.415607e-13
-2.426898e-13
-2.438200e-13
-2.449511e-13
-2.460831e-13
-2.472161e-13
-2.483500e-13
-2.494848e-13
-2.506206e-13
-2.517571e-13
-2.528946e-13
-2.540329e-13
-2.551720e-13
-2.563120e-13
-2.574527e-13
-2.585943e-13
-2.597366e-13
-2.608796e-13
-2.620234e-13
-2.631680e-13
-2.643132e-13
-2.654591e-13
-2.666058e-13
-2.677530e-13
-2.689010e-13
-2.700495e-13
-2.711987e-13
-2.723485e-13
-2.734989e-13
-2.746498e-13
-2.758013e-13
-2.769534e-13
-2.781059e-13
-2.792590e-13
-2.804126e-13
-2.815667e-13
-2.827212e-13
-2.838762e-13
-2.850316e-13
-2.861874e-13
-2.873437e-13
-2.885003e-13
-2.896573e-13
-2.908146e-13
-2.919723e-13
-2.931304e-13
-2.942887e-13
-2.954474e-13
-2.966063e-13
-2.977655e-13
-2.989249e-13
-3.000846e-13
-3.012445e-13
-3.024046e-13
-3.035649e-13
-3.047254e-13
-3.058860e-13
-3.070468e-13
-3.082077e-13
-3.093687e-13
-3.105298e-13
-3.116910e-13
-3.128522e-13
-3.140136e-13
-3.151749e-13
-3.163363e-13
-3.174977e-13
-3.186590e-13
-3.198204e-13
-3.209817e-13
-3.221430e-13
-3.233041e-13
-3.244652e-13
-3.256262e-13
-3.267871e-13
-3.279479e-13
-3.291085e-13
-3.302689e-13
-3.314292e-13
-3.325893e-13
-3.337492e-13
-3.349088e-13
-3.360682e-13
-3.372274e-13
-3.383863e-13
-3.395449e-13
-3.407032e-13
-3.418612e-13
-3.430189e-13
-3.441762e-13
-3.453332e-13
-3.464898e-13
-3.476460e-13
-3.488018e-13
-3.499572e-13
-3.511121e-13
-3.522666e-13
-3.534207e-13
-3.545742e-13
-3.557273e-13
-3.568799e-13
-3.580319e-13
-3.591834e-13
-3.603343e-13
-3.614847e-13
-3.626345e-13
-3.637837e-13
-3.649323e-13
-3.660802e-13
-3.672275e-13
-3.683742e-13
-3.695201e-13
-3.706654e-13
-3.718100e-13
-3.729538e-13
-3.740970e-13
-3.752394e-13
-3.763810e-13
-3.775218e-13
-3.786619e-13
-3.798011e-13
-3.809395e-13
-3.820771e-13
-3.832138e-13
-3.843497e-13
-3.854847e-13
-3.866188e-13
-3.877520e-13
-3.888842e-13
-3.900156e-13
-3.911459e-13
-3.922753e-13
-3.934037e-13
-3.945312e-13
-3.956576e-13
-3.967830e-13
-3.979073e-13
-3.990306e-13
-4.001528e-13
-4.012739e-13
-4.023940e-13
-4.035129e-13
-4.046307e-13
-4.057473e-13
-4.068628e-13
-4.079772e-13
-4.090903e-13
-4.102022e-13
-4.113130e-13
-4.124225e-13
-4.135307e-13
-4.146378e-13
-4.157435e-13
-4.168479e-13
-4.179511e-13
-4.190529e-13
-4.201535e-13
-4.212526e-13
-4.223505e-13
-4.234469e-13
-4.245420e-13
-4.256357e-13
-4.267279e-13
-4.278188e-13
-4.289082e-13
-4.299961e-13
-4.310826e-13
-4.321676e-13
-4.332511e-13
-4.343331e-13
-4.354136e-13
-4.364926e-13
-4.375700e-13
-4.386458e-13
-4.397201e-13
-4.407927e-13
-4.418638e-13
-4.429333e-13
-4.440011e-13
-4.450673e-13
-4.461318e-13
-4.471946e-13
-4.482558e-13
-4.493153e-13
-4.503730e-13
-4.514291e-13
-4.524834e-13
-4.535359e-13
-4.545867e-13
-4.556357e-13
-4.566829e-13
-4.577283e-13
-4.587719e-13
-4.598137e-13
-4.608536e-13
-4.618917e-13
-4.629279e-13
-4.639622e-13
-4.649946e-13
-4.660251e-13
-4.670537e-13
-4.680803e-13
-4.691051e-13
-4.701278e-13
-4.711486e-13
-4.721674e-13
-4.731842e-13
-4.741989e-13
-4.752117e-13
-4.762224e-13
-4.772311e-13
-4.782377e-13
-4.792422e-13
-4.802447e-13
-4.812450e-13
-4.822432e-13
-4.832394e-13
-4.842333e-13
-4.852252e-13
-4.862148e-13
-4.872023e-13
-4.881876e-13
-4.891707e-13
-4.901516e-13
-4.911303e-13
-4.921067e-13
-4.930809e-13
-4.940529e-13
-4.950225e-13
-4.959899e-13
-4.969550e-13
-4.979178e-13
-4.988782e-13
-4.998364e-13
-5.007921e-13
-5.017456e-13
-5.026966e-13
-5.036453e-13
-5.045916e-13
-5.055355e-13
-5.064770e-13
-5.074161e-13
-5.083527e-13
-5.092869e-13
-5.102186e-13
-5.111478e-13
-5.120746e-13
-5.129989e-13
-5.139206e-13
-5.148399e-13
-5.157566e-13
-5.166708e-13
-5.175824e-13
-5.184915e-13
-5.193980e-13
-5.203019e-13
-5.212033e-13
-5.221020e-13
-5.229981e-13
-5.238916e-13
-5.247824e-13
-5.256706e-13
-5.265562e-13
-5.274390e-13
-5.283192e-13
-5.291967e-13
-5.300715e-13
-5.309436e-13
-5.318129e-13
-5.326796e-13
-5.335434e-13
-5.344046e-13
-5.352629e-13
-5.361185e-13
-5.369713e-13
-5.378213e-13
-5.386685e-13
-5.395129e-13
-5.403544e-13
-5.411931e-13
-5.420290e-13
-5.428620e-13
-5.436921e-13
-5.445194e-13
-5.453438e-13
-5.461653e-13
-5.469838e-13
-5.477995e-13
-5.486122e-13
-5.494220e-13
-5.502289e-13
-5.510328e-13
-5.518337e-13
-5.526316e-13
-5.534266e-13
-5.542186e-13
-5.550076e-13
-5.557935e-13
-5.565765e-13
-5.573564e-13
-5.581332e-13
-5.589071e-13
-5.596778e-13
-5.604455e-13
-5.612101e-13
-5.619717e-13
-5.627301e-13
-5.634854e-13
-5.642376e-13
-5.649867e-13
-5.657327e-13
-5.664755e-13
-5.672152e-13
-5.679517e-13
-5.686851e-13
-5.694153e-13
-5.701423e-13
-5.708661e-13
-5.715867e-13
-5.723041e-13
-5.730183e-13
-5.737292e-13
-5.744370e-13
-5.751415e-13
-5.758427e-13
-5.765407e-13
-5.772354e-13
-5.779268e-13
-5.786150e-13
-5.792999e-13
-5.799814e-13
-5.806597e-13
-5.813347e-13
-5.820063e-13
-5.826746e-13
-5.833396e-13
-5.840012e-13
-5.846595e-13
-5.853144e-13
-5.859659e-13
-5.866141e-13
-5.872589e-13
-5.879003e-13
-5.885383e-13
-5.891729e-13
-5.898041e-13
-5.904319e-13
-5.910562e-13
-5.916771e-13
-5.922946e-13
-5.929086e-13
-5.935192e-13
-5.941263e-13
-5.947300e-13
-5.953301e-13
-5.959268e-13
-5.965200e-13
-5.971097e-13
-5.976959e-13
-5.982786e-13
-5.988578e-13
-5.994335e-13
-6.000056e-13
-6.005742e-13
-6.011393e-13
-6.017008e-13
-6.022588e-13
-6.028132e-13
-6.033641e-13
-6.039113e-13
-6.044550e-13
-6.049952e-13
-6.055317e-13
-6.060646e-13
-6.065939e-13
-6.071197e-13
-6.076418e-13
-6.081603e-13
-6.086752e-13
-6.091864e-13
-6.096940e-13
-6.101980e-13
-6.106983e-13
-6.111950e-13
-6.116880e-13
-6.121774e-13
-6.126630e-13
-6.131451e-13
-6.136234e-13
-6.140981e-13
-6.145690e-13
-6.150363e-13
-6.154999e-13
-6.159598e-13
-6.164159e-13
-6.168684e-13
-6.173171e-13
-6.177621e-13
-6.182034e-13
-6.186410e-13
-6.190748e-13
-6.195049e-13
-6.199312e-13
-6.203538e-13
-6.207727e-13
-6.211877e-13
-6.215991e-13
-6.220066e-13
-6.224104e-13
-6.228104e-13
-6.232066e-13
-6.235990e-13
-6.239877e-13
-6.243726e-13
-6.247536e-13
-6.251309e-13
-6.255044e-13
-6.258740e-13
-6.262399e-13
-6.266019e-13
-6.269601e-13
-6.273145e-13
-6.276651e-13
-6.280119e-13
-6.283548e-13
-6.286939e-13
-6.290291e-13
-6.293605e-13
-6.296881e-13
-6.300118e-13
-6.303316e-13
-6.306476e-13
-6.309598e-13
-6.312681e-13
-6.315725e-13
-6.318731e-13
-6.321698e-13
-6.324626e-13
-6.327515e-13
-6.330366e-13
-6.333178e-13
-6.335951e-13
-6.338686e-13
-6.341381e-13
-6.344037e-13
-6.346655e-13
-6.349234e-13
-6.351774e-13
-6.354274e-13
-6.356736e-13
-6.359159e-13
-6.361542e-13
-6.363887e-13
-6.366193e-13
-6.368459e-13
-6.370686e-13
-6.372875e-13
-6.375024e-13
-6.377133e-13
-6.379204e-13
-6.381236e-13
-6.383228e-13
-6.385181e-13
-6.387094e-13
-6.388969e-13
-6.390804e-13
-6.392600e-13
-6.394357e-13
-6.396074e-13
-6.397752e-13
-6.399390e-13
-6.400990e-13
-6.402550e-13
-6.404070e-13
-6.405551e-13
-6.406993e-13
-6.408395e-13
-6.409758e-13
-6.411082e-13
-6.412366e-13
-6.413611e-13
-6.414816e-13
-6.415982e-13
-6.417108e-13
-6.418195e-13
-6.419243e-13
-6.420251e-13
-6.421219e-13
-6.422148e-13
-6.423038e-13
-6.423888e-13
-6.424699e-13
-6.425470e-13
-6.426202e-13
-6.426895e-13
-6.427547e-13
-6.428161e-13
-6.428735e-13
-6.429269e-13
-6.429765e-13
-6.430220e-13
-6.430636e-13
-6.431013e-13
-6.431350e-13
-6.431648e-13
-6.431907e-13
-6.432126e-13
-6.432306e-13
-6.432446e-13
-6.432547e-13
-6.432608e-13
-6.432630e-13
-6.432613e-13
-6.432556e-13
-6.432461e-13
-6.432325e-13
-6.432151e-13
-6.431937e-13
-6.431683e-13
-6.431391e-13
-6.431059e-13
-6.430688e-13
-6.430278e-13
-6.429828e-13
-6.429340e-13
-6.428812e-13
-6.428245e-13
-6.427638e-13
-6.426993e-13
-6.426308e-13
-6.425585e-13
-6.424822e-13
-6.424020e-13
-6.423179e-13
-6.422299e-13
-6.421380e-13
-6.420422e-13
-6.419425e-13
-6.418389e-13
-6.417315e-13
-6.416201e-13
-6.415048e-13
-6.413857e-13
-6.412626e-13
-6.411357e-13
-6.410049e-13
-6.408703e-13
-6.407317e-13
-6.405893e-13
-6.404430e-13
-6.402929e-13
-6.401389e-13
-6.399810e-13
-6.398193e-13
-6.396537e-13
-6.394843e-13
-6.393110e-13
-6.391339e-13
-6.389529e-13
-6.387681e-13
-6.385795e-13
-6.383870e-13
-6.381907e-13
-6.379906e-13
-6.377866e-13
-6.375788e-13
-6.373673e-13
-6.371519e-13
-6.369327e-13
-6.367096e-13
-6.364828e-13
-6.362522e-13
-6.360178e-13
-6.357796e-13
-6.355377e-13
-6.352919e-13
-6.350424e-13
-6.347890e-13
-6.345320e-13
-6.342711e-13
-6.340065e-13
-6.337381e-13
-6.334660e-13
-6.331901e-13
-6.329105e-13
-6.326271e-13
-6.323400e-13
-6.320492e-13
-6.317546e-13
-6.314564e-13
-6.311544e-13
-6.308486e-13
-6.305392e-13
-6.302261e-13
-6.299092e-13
-6.295887e-13
-6.292645e-13
-6.289366e-13
-6.286050e-13
-6.282697e-13
-6.279308e-13
-6.275882e-13
-6.272419e-13
-6.268920e-13
-6.265385e-13
-6.261812e-13
-6.258204e-13
-6.254559e-13
-6.250878e-13
-6.247160e-13
-6.243407e-13
-6.239617e-13
-6.235791e-13
-6.231929e-13
-6.228031e-13
-6.224097e-13
-6.220128e-13
-6.216122e-13
-6.212081e-13
-6.208004e-13
-6.203891e-13
-6.199743e-13
-6.195559e-13
-6.191340e-13
-6.187086e-13
-6.182796e-13
-6.178471e-13
-6.174110e-13
-6.169715e-13
-6.165284e-13
-6.160818e-13
-6.156318e-13
-6.151782e-13
-6.147212e-13
-6.142607e-13
-6.137967e-13
-6.133292e-13
-6.128583e-13
-6.123839e-13
-6.119061e-13
-6.114248e-13
-6.109402e-13
-6.104520e-13
-6.099605e-13
-6.094656e-13
-6.089672e-13
-6.084654e-13
-6.079603e-13
-6.074518e-13
-6.069399e-13
-6.064246e-13
-6.059059e-13
-6.053839e-13
-6.048586e-13
-6.043299e-13
-6.037978e-13
-6.032625e-13
-6.027238e-13
-6.021818e-13
-6.016365e-13
-6.010878e-13
-6.005359e-13
-5.999807e-13
-5.994223e-13
-5.988605e-13
-5.982955e-13
-5.977273e-13
-5.971558e-13
-5.965810e-13
-5.960030e-13
-5.954218e-13
-5.948374e-13
-5.942498e-13
-5.936589e-13
-5.930649e-13
-5.924677e-13
-5.918673e-13
-5.912637e-13
-5.906570e-13
-5.900471e-13
-5.894341e-13
-5.888179e-13
-5.881986e-13
-5.875762e-13
-5.869507e-13
-5.863220e-13
-5.856903e-13
-5.850554e-13
-5.844175e-13
-5.837765e-13
-5.831325e-13
-5.824854e-13
-5.818352e-13
-5.811820e-13
-5.805258e-13
-5.798666e-13
-5.792043e-13
-5.785391e-13
-5.778708e-13
-5.771995e-13
-5.765253e-13
-5.758481e-13
-5.751680e-13
-5.744848e-13
-5.737988e-13
-5.731098e-13
-5.724179e-13
-5.717230e-13
-5.710253e-13
-5.703246e-13
-5.696211e-13
-5.689147e-13
-5.682054e-13
-5.674932e-13
-5.667782e-13
-5.660603e-13
-5.653396e-13
-5.646161e-13
-5.638898e-13
-5.631606e-13
-5.624287e-13
-5.616939e-13
-5.609564e-13
-5.602161e-13
-5.594731e-13
-5.587273e-13
-5.579787e-13
-5.572274e-13
-5.564734e-13
-5.557167e-13
-5.549573e-13
-5.541951e-13
-5.534303e-13
-5.526628e-13
-5.518927e-13
-5.511199e-13
-5.503444e-13
-5.495663e-13
-5.487856e-13
-5.480023e-13
-5.472163e-13
-5.464278e-13
-5.456366e-13
-5.448429e-13
-5.440466e-13
-5.432478e-13
-5.424464e-13
-5.416425e-13
-5.408360e-13
-5.400270e-13
-5.392155e-13
-5.384016e-13
-5.375851e-13
-5.367661e-13
-5.359447e-13
-5.351209e-13
-5.342945e-13
-5.334658e-13
-5.326346e-13
-5.318010e-13
-5.309650e-13
-5.301266e-13
-5.292858e-13
-5.284426e-13
-5.275971e-13
-5.267492e-13
-5.258990e-13
-5.250464e-13
-5.241915e-13
-5.233343e-13
-5.224748e-13
-5.216131e-13
-5.207490e-13
-5.198827e-13
-5.190141e-13
-5.181432e-13
-5.172701e-13
-5.163948e-13
-5.155173e-13
-5.146376e-13
-5.137556e-13
-5.128715e-13
-5.119852e-13
-5.110968e-13
-5.102062e-13
-5.093135e-13
-5.084186e-13
-5.075216e-13
-5.066225e-13
-5.057213e-13
-5.048180e-13
-5.039127e-13
-5.030053e-13
-5.020958e-13
-5.011843e-13
-5.002708e-13
-4.993552e-13
-4.984376e-13
-4.975181e-13
-4.965965e-13
-4.956730e-13
-4.947475e-13
-4.938201e-13
-4.928907e-13
-4.919594e-13
-4.910261e-13
-4.900910e-13
-4.891540e-13
-4.882150e-13
-4.872742e-13
-4.863316e-13
-4.853871e-13
-4.844407e-13
-4.834926e-13
-4.825426e-13
-4.815908e-13
-4.806372e-13
-4.796818e-13
-4.787247e-13
-4.777658e-13
-4.768051e-13
-4.758427e-13
-4.748786e-13
-4.739128e-13
-4.729453e-13
-4.719760e-13
-4.710051e-13
-4.700326e-13
-4.690584e-13
-4.680825e-13
-4.671050e-13
-4.661259e-13
-4.651452e-13
-4.641629e-13
-4.631790e-13
-4.621935e-13
-4.612065e-13
-4.602179e-13
-4.592277e-13
-4.582361e-13
-4.572429e-13
-4.562483e-13
-4.552521e-13
-4.542545e-13
-4.532554e-13
-4.522548e-13
-4.512528e-13
-4.502494e-13
-4.492445e-13
-4.482382e-13
-4.472306e-13
-4.462215e-13
-4.452111e-13
-4.441993e-13
-4.431862e-13
-4.421718e-13
-4.411560e-13
-4.401389e-13
-4.391205e-13
-4.381008e-13
-4.370798e-13
-4.360576e-13
-4.350342e-13
-4.340094e-13
-4.329835e-13
-4.319563e-13
-4.309280e-13
-4.298984e-13
-4.288677e-13
-4.278358e-13
-4.268027e-13
-4.257685e-13
-4.247332e-13
-4.236967e-13
-4.226592e-13
-4.216205e-13
-4.205808e-13
-4.195400e-13
-4.184981e-13
-4.174552e-13
-4.164113e-13
-4.153663e-13
-4.143203e-13
-4.132734e-13
-4.122254e-13
-4.111765e-13
-4.101266e-13
-4.090758e-13
-4.080240e-13
-4.069713e-13
-4.059177e-13
-4.048632e-13
-4.038078e-13
-4.027515e-13
-4.016944e-13
-4.006364e-13
-3.995776e-13
-3.985179e-13
-3.974575e-13
-3.963962e-13
-3.953342e-13
-3.942714e-13
-3.932078e-13
-3.921434e-13
-3.910783e-13
-3.900125e-13
-3.889460e-13
-3.878788e-13
-3.868109e-13
-3.857423e-13
-3.846730e-13
-3.836031e-13
-3.825326e-13
-3.814614e-13
-3.803896e-13
-3.793172e-13
-3.782442e-13
-3.771707e-13
-3.760965e-13
-3.750219e-13
-3.739466e-13
-3.728709e-13
-3.717946e-13
-3.707178e-13
-3.696405e-13
-3.685628e-13
-3.674846e-13
-3.664059e-13
-3.653268e-13
-3.642472e-13
-3.631673e-13
-3.620869e-13
-3.610061e-13
-3.599250e-13
-3.588435e-13
-3.577616e-13
-3.566794e-13
-3.555969e-13
-3.545140e-13
-3.534308e-13
-3.523474e-13
-3.512636e-13
-3.501796e-13
-3.490954e-13
-3.480108e-13
-3.469261e-13
-3.458411e-13
-3.447560e-13
-3.436706e-13
-3.425850e-13
-3.414993e-13
-3.404134e-13
-3.393274e-13
-3.382413e-13
-3.371550e-13
-3.360686e-13
-3.349821e-13
-3.338955e-13
-3.328089e-13
-3.317222e-13
-3.306354e-13
-3.295487e-13
-3.284619e-13
-3.273751e-13
-3.262882e-13
-3.252014e-13
-3.241147e-13
-3.230279e-13
-3.219413e-13
-3.208547e-13
-3.197681e-13
-3.186817e-13
-3.175953e-13
-3.165091e-13
-3.154230e-13
-3.143370e-13
-3.132512e-13
-3.121655e-13
-3.110800e-13
-3.099947e-13
-3.089096e-13
-3.078248e-13
-3.067401e-13
-3.056557e-13
-3.045715e-13
-3.034876e-13
-3.024039e-13
-3.013205e-13
-3.002375e-13
-2.991547e-13
-2.980723e-13
-2.969902e-13
-2.959084e-13
-2.948270e-13
-2.937460e-13
-2.926653e-13
-2.915850e-13
-2.905052e-13
-2.894258e-13
-2.883467e-13
-2.872682e-13
-2.861901e-13
-2.851124e-13
-2.840353e-13
-2.829586e-13
-2.818824e-13
-2.808068e-13
-2.797316e-13
-2.786570e-13
-2.775830e-13
-2.765095e-13
-2.754366e-13
-2.743643e-13
-2.732926e-13
-2.722215e-13
-2.711510e-13
-2.700811e-13
-2.690119e-13
-2.679434e-13
-2.668755e-13
-2.658083e-13
-2.647418e-13
-2.636760e-13
-2.626109e-13
-2.615466e-13
-2.604830e-13
-2.594201e-13
-2.583580e-13
-2.572967e-13
-2.562362e-13
-2.551764e-13
-2.541175e-13
-2.530594e-13
-2.520022e-13
-2.509458e-13
-2.498902e-13
-2.488355e-13
-2.477817e-13
-2.467288e-13
-2.456768e-13
-2.446258e-13
-2.435756e-13
-2.425264e-13
-2.414781e-13
-2.404309e-13
-2.393845e-13
-2.383392e-13
-2.372949e-13
-2.362515e-13
-2.352092e-13
-2.341680e-13
-2.331278e-13
-2.320886e-13
-2.310505e-13
-2.300135e-13
-2.289775e-13
-2.279427e-13
-2.269090e-13
-2.258764e-13
-2.248449e-13
-2.238146e-13
-2.227855e-13
-2.217575e-13
-2.207307e-13
-2.197051e-13
-2.186807e-13
-2.176575e-13
-2.166355e-13
-2.156148e-13
-2.145953e-13
-2.135771e-13
-2.125602e-13
-2.115445e-13
-2.105302e-13
-2.095171e-13
-2.085053e-13
-2.074949e-13
-2.064858e-13
-2.054781e-13
-2.044717e-13
-2.034667e-13
-2.024631e-13
-2.014609e-13
-2.004601e-13
-1.994606e-13
-1.984627e-13
-1.974661e-13
-1.964710e-13
-1.954774e-13
-1.944852e-13
-1.934945e-13
-1.925053e-13
-1.915176e-13
-1.905314e-13
-1.895468e-13
-1.885637e-13
-1.875821e-13
-1.866020e-13
-1.856236e-13
-1.846467e-13
-1.836714e-13
-1.826977e-13
-1.817256e-13
-1.807552e-13
-1.797863e-13
-1.788191e-13
-1.778536e-13
-1.768897e-13
-1.759275e-13
-1.749669e-13
-1.740081e-13
-1.730510e-13
-1.720956e-13
-1.711419e-13
-1.701899e-13
-1.692397e-13
-1.682912e-13
-1.673445e-13
-1.663996e-13
-1.654565e-13
-1.645151e-13
-1.635756e-13
-1.626379e-13
-1.617020e-13
-1.607680e-13
-1.598358e-13
-1.589054e-13
-1.579769e-13
-1.570503e-13
-1.561256e-13
-1.552028e-13
-1.542819e-13
-1.533629e-13
-1.524459e-13
-1.515307e-13
-1.506176e-13
-1.497063e-13
-1.487971e-13
-1.478898e-13
-1.469845e-13
-1.460812e-13
-1.451799e-13
-1.442807e-13
-1.433834e-13
-1.424882e-13
-1.415950e-13
-1.407039e-13
-1.398149e-13
-1.389279e-13
-1.380430e-13
-1.371602e-13
-1.362795e-13
-1.354010e-13
-1.345245e-13
-1.336502e-13
-1.327780e-13
-1.319079e-13
-1.310400e-13
-1.301743e-13
-1.293108e-13
-1.284495e-13
-1.275903e-13
-1.267334e-13
-1.258786e-13
-1.250261e-13
-1.241758e-13
-1.233278e-13
-1.224820e-13
-1.216385e-13
-1.207972e-13
-1.199583e-13
-1.191216e-13
-1.182872e-13
-1.174551e-13
-1.166253e-13
-1.157979e-13
-1.149728e-13
-1.141500e-13
-1.133296e-13
-1.125115e-13
-1.116958e-13
-1.108825e-13
-1.100716e-13
-1.092630e-13
-1.084569e-13
-1.076531e-13
-1.068518e-13
-1.060529e-13
-1.052565e-13
-1.044625e-13
-1.036709e-13
-1.028819e-13
-1.020952e-13
-1.013111e-13
-1.005295e-13
-9.975030e-14
-9.897365e-14
-9.819952e-14
-9.742790e-14
-9.665881e-14
-9.589226e-14
-9.512825e-14
-9.436680e-14
-9.360791e-14
-9.285158e-14
-9.209784e-14
-9.134668e-14
-9.059811e-14
-8.985215e-14
-8.910880e-14
-8.836806e-14
-8.762995e-14
-8.689447e-14
-8.616163e-14
-8.543145e-14
-8.470392e-14
-8.397905e-14
-8.325686e-14
-8.253734e-14
-8.182051e-14
-8.110638e-14
-8.039495e-14
-7.968624e-14
-7.898024e-14
-7.827696e-14
-7.757642e-14
-7.687862e-14
-7.618356e-14
-7.549126e-14
-7.480173e-14
-7.411496e-14
-7.343097e-14
-7.274977e-14
-7.207136e-14
-7.139574e-14
-7.072293e-14
-7.005294e-14
-6.938577e-14
-6.872142e-14
-6.805991e-14
-6.740124e-14
-6.674541e-14
-6.609245e-14
-6.544234e-14
-6.479511e-14
-6.415075e-14
-6.350927e-14
-6.287068e-14
-6.223499e-14
-6.160221e-14
-6.097233e-14
-6.034537e-14
-5.972133e-14
-5.910023e-14
-5.848206e-14
-5.786683e-14
-5.725455e-14
-5.664523e-14
-5.603887e-14
-5.543548e-14
-5.483507e-14
-5.423764e-14
-5.364319e-14
-5.305174e-14
-5.246329e-14
-5.187785e-14
-5.129542e-14
-5.071601e-14
-5.013962e-14
-4.956627e-14
-4.899595e-14
-4.842868e-14
-4.786445e-14
-4.730328e-14
-4.674518e-14
-4.619014e-14
-4.563817e-14
-4.508928e-14
-4.454348e-14
-4.400076e-14
-4.346115e-14
-4.292463e-14
-4.239123e-14
-4.186093e-14
-4.133376e-14
-4.080971e-14
-4.028879e-14
-3.977100e-14
-3.925636e-14
-3.874486e-14
-3.823651e-14
-3.773132e-14
-3.722930e-14
-3.673044e-14
-3.623475e-14
-3.574225e-14
-3.525292e-14
-3.476679e-14
-3.428384e-14
-3.380410e-14
-3.332756e-14
-3.285423e-14
-3.238411e-14
-3.191722e-14
-3.145354e-14
-3.099309e-14
-3.053588e-14
-3.008191e-14
-2.963118e-14
-2.918369e-14
-2.873946e-14
-2.829849e-14
-2.786078e-14
-2.742633e-14
-2.699516e-14
-2.656726e-14
-2.614264e-14
-2.572131e-14
-2.530326e-14
-2.488851e-14
-2.447706e-14
-2.406890e-14
-2.366406e-14
-2.326252e-14
-2.286430e-14
-2.246940e-14
-2.207782e-14
-2.168957e-14
-2.130465e-14
-2.092307e-14
-2.054482e-14
-2.016992e-14
-1.979836e-14
-1.943016e-14
-1.906531e-14
-1.870382e-14
-1.834570e-14
-1.799094e-14
-1.763955e-14
-1.729153e-14
-1.694689e-14
-1.660564e-14
-1.626776e-14
-1.593328e-14
-1.560219e-14
-1.527449e-14
-1.495019e-14
-1.462930e-14
-1.431181e-14
-1.399773e-14
-1.368706e-14
-1.337980e-14
-1.307597e-14
-1.277555e-14
-1.247856e-14
-1.218500e-14
-1.189487e-14
-1.160818e-14
-1.132492e-14
-1.104510e-14
-1.076873e-14
-1.049580e-14
-1.022632e-14
-9.960291e-15
-9.697717e-15
-9.438601e-15
-9.182944e-15
-8.930751e-15
-8.682022e-15
-8.436762e-15
-8.194971e-15
-7.956654e-15
-7.721813e-15
-7.490449e-15
-7.262566e-15
-7.038166e-15
-6.817250e-15
-6.599823e-15
-6.385885e-15
-6.175439e-15
-5.968487e-15
-5.765031e-15
-5.565074e-15
-5.368617e-15
-5.175664e-15
-4.986214e-15
-4.800272e-15
-4.617838e-15
-4.438914e-15
-4.263503e-15
-4.091606e-15
-3.923225e-15
-3.758362e-15
-3.597019e-15
-3.439196e-15
-3.284897e-15
-3.134122e-15
-2.986873e-15
-2.843151e-15
-2.702959e-15
-2.566297e-15
-2.433167e-15
-2.303571e-15
-2.177509e-15
-2.054984e-15
-1.935995e-15
-1.820546e-15
-1.708636e-15
-1.600267e-15
-1.495440e-15
-1.394156e-15
-1.296417e-15
-1.202223e-15
-1.111575e-15
-1.024474e-15
-9.409220e-16
-8.609186e-16
-7.844650e-16
-7.115620e-16
-6.422105e-16
-5.764111e-16
-5.141645e-16
-4.554714e-16
-4.003324e-16
-3.487480e-16
-3.007189e-16
-2.562455e-16
-2.153282e-16
-1.779676e-16
-1.441639e-16
-1.139176e-16
-8.722895e-17
-6.409825e-17
-4.452573e-17
-2.851161e-17
-1.605605e-17
-7.159176e-18
-1.821085e-18
-4.183202e-20
