-3.165093e-20
-2.410686e-18
-9.547814e-18
-2.144294e-17
-3.809589e-17
-5.950645e-17
-8.567431e-17
-1.165991e-16
-1.522805e-16
-1.927178e-16
-2.379107e-16
-2.878584e-16
-3.425603e-16
-4.020156e-16
-4.662235e-16
-5.351831e-16
-6.088935e-16
-6.873537e-16
-7.705625e-16
-8.585189e-16
-9.512217e-16
-1.048669e-15
-1.150861e-15
-1.257795e-15
-1.369470e-15
-1.485884e-15
-1.607035e-15
-1.732923e-15
-1.863545e-15
-1.998900e-15
-2.138985e-15
-2.283799e-15
-2.433340e-15
-2.587606e-15
-2.746594e-15
-2.910302e-15
-3.078729e-15
-3.251872e-15
-3.429728e-15
-3.612295e-15
-3.799570e-15
-3.991552e-15
-4.188237e-15
-4.389622e-15
-4.595706e-15
-4.806484e-15
-5.021955e-15
-5.242114e-15
-5.466960e-15
-5.696489e-15
-5.930698e-15
-6.169583e-15
-6.413142e-15
-6.661371e-15
-6.914267e-15
-7.171826e-15
-7.434045e-15
-7.700919e-15
-7.972446e-15
-8.248622e-15
-8.529443e-15
-8.814904e-15
-9.105003e-15
-9.399735e-15
-9.699096e-15
-1.000308e-14
-1.031169e-14
-1.062491e-14
-1.094275e-14
-1.126519e-14
-1.159224e-14
-1.192389e-14
-1.226013e-14
-1.260096e-14
-1.294637e-14
-1.329637e-14
-1.365094e-14
-1.401008e-14
-1.437379e-14
-1.474206e-14
-1.511489e-14
-1.549226e-14
-1.587418e-14
-1.626065e-14
-1.665164e-14
-1.704717e-14
-1.744722e-14
-1.785179e-14
-1.826087e-14
-1.867446e-14
-1.909255e-14
-1.951514e-14
-1.994222e-14
-2.037378e-14
-2.080983e-14
-2.125034e-14
-2.169532e-14
-2.214476e-14
-2.259866e-14
-2.305700e-14
-2.351979e-14
-2.398701e-14
-2.445866e-14
-2.493474e-14
-2.541523e-14
-2.590013e-14
-2.638943e-14
-2.688313e-14
-2.738121e-14
-2.788368e-14
-2.839053e-14
-2.890175e-14
-2.941732e-14
-2.993725e-14
-3.046153e-14
-3.099015e-14
-3.152311e-14
-3.206039e-14
-3.260198e-14
-3.314789e-14
-3.369811e-14
-3.425262e-14
-3.481141e-14
-3.537449e-14
-3.594184e-14
-3.651346e-14
-3.708934e-14
-3.766946e-14
-3.825383e-14
-3.884243e-14
-3.943525e-14
-4.003230e-14
-4.063355e-14
-4.123901e-14
-4.184866e-14
-4.246249e-14
-4.308050e-14
-4.370267e-14
-4.432901e-14
-4.495950e-14
-4.559413e-14
-4.623289e-14
-4.687578e-14
-4.752278e-14
-4.817390e-14
-4.882910e-14
-4.948840e-14
-5.015178e-14
-5.081923e-14
-5.149075e-14
-5.216631e-14
-5.284592e-14
-5.352957e-14
-5.421724e-14
-5.490892e-14
-5.560461e-14
-5.630430e-14
-5.700798e-14
-5.771563e-14
-5.842725e-14
-5.914283e-14
-5.986236e-14
-6.058583e-14
-6.131323e-14
-6.204454e-14
-6.277977e-14
-6.351889e-14
-6.426190e-14
-6.500879e-14
-6.575955e-14
-6.651417e-14
-6.727264e-14
-6.803494e-14
-6.880107e-14
-6.957102e-14
-7.034477e-14
-7.112232e-14
-7.190366e-14
-7.268877e-14
-7.347765e-14
-7.427027e-14
-7.506664e-14
-7.586675e-14
-7.667057e-14
-7.747810e-14
-7.828933e-14
-7.910425e-14
-7.992285e-14
-8.074511e-14
-8.157102e-14
-8.240058e-14
-8.323377e-14
-8.407058e-14
-8.491100e-14
-8.575502e-14
-8.660262e-14
-8.745380e-14
-8.830854e-14
-8.916683e-14
-9.002867e-14
-9.089403e-14
-9.176290e-14
-9.263528e-14
-9.351116e-14
-9.439051e-14
-9.527334e-14
-9.615962e-14
-9.704934e-14
-9.794250e-14
-9.883908e-14
-9.973907e-14
-1.006424e-13
-1.015492e-13
-1.024594e-13
-1.033729e-13
-1.042897e-13
-1.052099e-13
-1.061334e-13
-1.070602e-13
-1.079903e-13
-1.089237e-13
-1.098604e-13
-1.108003e-13
-1.117434e-13
-1.126898e-13
-1.136395e-13
-1.145923e-13
-1.155483e-13
-1.165075e-13
-1.174699e-13
-1.184354e-13
-1.194041e-13
-1.203759e-13
-1.213508e-13
-1.223289e-13
-1.233100e-13
-1.242942e-13
-1.252814e-13
-1.262717e-13
-1.272651e-13
-1.282614e-13
-1.292608e-13
-1.302632e-13
-1.312685e-13
-1.322768e-13
-1.332881e-13
-1.343023e-13
-1.353195e-13
-1.363395e-13
-1.373625e-13
-1.383884e-13
-1.394171e-13
-1.404487e-13
-1.414831e-13
-1.425203e-13
-1.435604e-13
-1.446033e-13
-1.456490e-13
-1.466974e-13
-1.477486e-13
-1.488025e-13
-1.498592e-13
-1.509186e-13
-1.519807e-13
-1.530455e-13
-1.541130e-13
-1.551831e-13
-1.562559e-13
-1.573313e-13
-1.584093e-13
-1.594899e-13
-1.605732e-13
-1.616589e-13
-1.627473e-13
-1.638382e-13
-1.649316e-13
-1.660275e-13
-1.671260e-13
-1.682269e-13
-1.693303e-13
-1.704361e-13
-1.715444e-13
-1.726551e-13
-1.737683e-13
-1.748838e-13
-1.760017e-13
-1.771220e-13
-1.782446e-13
-1.793695e-13
-1.804968e-13
-1.816264e-13
-1.827583e-13
-1.838924e-13
-1.850288e-13
-1.861675e-13
-1.873084e-13
-1.884515e-13
-1.895968e-13
-1.907443e-13
-1.918939e-13
-1.930457e-13
-1.941997e-13
-1.953557e-13
-1.965139e-13
-1.976741e-13
-1.988365e-13
-2.000009e-13
-2.011673e-13
-2.023358e-13
-2.035063e-13
-2.046787e-13
-2.058532e-13
-2.070296e-13
-2.082080e-13
-2.093883e-13
-2.105705e-13
-2.117547e-13
-2.129407e-13
-2.141286e-13
-2.153183e-13
-2.165099e-13
-2.177033e-13
-2.188985e-13
-2.200955e-13
-2.212943e-13
-2.224948e-13
-2.236971e-13
-2.249011e-13
-2.261069e-13
-2.273143e-13
-2.285234e-13
-2.297341e-13
-2.309466e-13
-2.321606e-13
-2.333762e-13
-2.345935e-13
-2.358123e-13
-2.370327e-13
-2.382547e-13
-2.394782e-13
-2.407032e-13
-2.419297e-13
-2.431576e-13
-2.443871e-13
-2.456180e-13
-2.468503e-13
-2.480841e-13
-2.493193e-13
-2.505558e-13
-2.517937e-13
-2.530330e-13
-2.542736e-13
-2.555155e-13
-2.567588e-13
-2.580033e-13
-2.592491e-13
-2.604961e-13
-2.617444e-13
-2.629939e-13
-2.642446e-13
-2.654965e-13
-2.667496e-13
-2.680038e-13
-2.692592e-13
-2.705156e-13
-2.717732e-13
-2.730319e-13
-2.742916e-13
-2.755524e-13
-2.768143e-13
-2.780771e-13
-2.793410e-13
-2.806059e-13
-2.818717e-13
-2.831385e-13
-2.844062e-13
-2.856748e-13
-2.869444e-13
-2.882148e-13
-2.894861e-13
-2.907582e-13
-2.920312e-13
-2.933050e-13
-2.945797e-13
-2.958551e-13
-2.971312e-13
-2.984082e-13
-2.996858e-13
-3.009642e-13
-3.022433e-13
-3.035231e-13
-3.048035e-13
-3.060846e-13
-3.073663e-13
-3.086486e-13
-3.099316e-13
-3.112151e-13
-3.124992e-13
-3.137839e-13
-3.150690e-13
-3.163547e-13
-3.176409e-13
-3.189276e-13
-3.202148e-13
-3.215024e-13
-3.227904e-13
-3.240788e-13
-3.253677e-13
-3.266569e-13
-3.279465e-13
-3.292364e-13
-3.305267e-13
-3.318173e-13
-3.331081e-13
-3.343993e-13
-3.356907e-13
-3.369824e-13
-3.382743e-13
-3.395664e-13
-3.408587e-13
-3.421512e-13
-3.434438e-13
-3.447366e-13
-3.460295e-13
-3.473225e-13
-3.486157e-13
-3.499089e-13
-3.512021e-13
-3.524954e-13
-3.537888e-13
-3.550821e-13
-3.563754e-13
-3.576687e-13
-3.589620e-13
-3.602552e-13
-3.615483e-13
-3.628414e-13
-3.641343e-13
-3.654271e-13
-3.667198e-13
-3.680123e-13
-3.693046e-13
-3.705968e-13
-3.718887e-13
-3.731804e-13
-3.744718e-13
-3.757630e-13
-3.770540e-13
-3.783446e-13
-3.796349e-13
-3.809249e-13
-3.822146e-13
-3.835038e-13
-3.847928e-13
-3.860813e-13
-3.873694e-13
-3.886571e-13
-3.899443e-13
-3.912311e-13
-3.925174e-13
-3.938032e-13
-3.950885e-13
-3.963732e-13
-3.976574e-13
-3.989411e-13
-4.002242e-13
-4.015067e-13
-4.027885e-13
-4.040698e-13
-4.053504e-13
-4.066304e-13
-4.079096e-13
-4.091882e-13
-4.104661e-13
-4.117432e-13
-4.130196e-13
-4.142953e-13
-4.155701e-13
-4.168442e-13
-4.181175e-13
-4.193899e-13
-4.206615e-13
-4.219323e-13
-4.232021e-13
-4.244711e-13
-4.257392e-13
-4.270063e-13
-4.282726e-13
-4.295378e-13
-4.308021e-13
-4.320654e-13
-4.333277e-13
-4.345890e-13
-4.358492e-13
-4.371084e-13
-4.383665e-13
-4.396235e-13
-4.408795e-13
-4.421343e-13
-4.433880e-13
-4.446405e-13
-4.458919e-13
-4.471421e-13
-4.483910e-13
-4.496388e-13
-4.508854e-13
-4.521307e-13
-4.533747e-13
-4.546175e-13
-4.558589e-13
-4.570991e-13
-4.583380e-13
-4.595755e-13
-4.608116e-13
-4.620464e-13
-4.632798e-13
-4.645117e-13
-4.657423e-13
-4.669714e-13
-4.681991e-13
-4.694253e-13
-4.706501e-13
-4.718733e-13
-4.730950e-13
-4.743152e-13
-4.755339e-13
-4.767510e-13
-4.779665e-13
-4.791804e-13
-4.803927e-13
-4.816034e-13
-4.828125e-13
-4.840199e-13
-4.852257e-13
-4.864298e-13
-4.876321e-13
-4.888328e-13
-4.900317e-13
-4.912289e-13
-4.924244e-13
-4.936180e-13
-4.948099e-13
-4.960000e-13
-4.971882e-13
-4.983747e-13
-4.995592e-13
-5.007419e-13
-5.019228e-13
-5.031017e-13
-5.042788e-13
-5.054539e-13
-5.066271e-13
-5.077983e-13
-5.089675e-13
-5.101348e-13
-5.113001e-13
-5.124634e-13
-5.136246e-13
-5.147838e-13
-5.159410e-13
-5.170961e-13
-5.182491e-13
-5.194000e-13
-5.205488e-13
-5.216955e-13
-5.228400e-13
-5.239824e-13
-5.251226e-13
-5.262606e-13
-5.273964e-13
-5.285300e-13
-5.296614e-13
-5.307906e-13
-5.319175e-13
-5.330421e-13
-5.341644e-13
-5.352845e-13
-5.364022e-13
-5.375176e-13
-5.386307e-13
-5.397414e-13
-5.408498e-13
-5.419558e-13
-5.430594e-13
-5.441605e-13
-5.452593e-13
-5.463556e-13
-5.474495e-13
-5.485409e-13
-5.496299e-13
-5.507163e-13
-5.518003e-13
-5.528817e-13
-5.539606e-13
-5.550370e-13
-5.561108e-13
-5.571821e-13
-5.582507e-13
-5.593168e-13
-5.603803e-13
-5.614411e-13
-5.624993e-13
-5.635549e-13
-5.646078e-13
-5.656580e-13
-5.667056e-13
-5.677504e-13
-5.687926e-13
-5.698320e-13
-5.708686e-13
-5.719026e-13
-5.729337e-13
-5.739621e-13
-5.749877e-13
-5.760105e-13
-5.770305e-13
-5.780477e-13
-5.790620e-13
-5.800735e-13
-5.810821e-13
-5.820878e-13
-5.830907e-13
-5.840906e-13
-5.850877e-13
-5.860818e-13
-5.870730e-13
-5.880612e-13
-5.890465e-13
-5.900288e-13
-5.910081e-13
-5.919844e-13
-5.929577e-13
-5.939280e-13
-5.948953e-13
-5.958595e-13
-5.968207e-13
-5.977788e-13
-5.987338e-13
-5.996858e-13
-6.006346e-13
-6.015803e-13
-6.025229e-13
-6.034624e-13
-6.043987e-13
-6.053319e-13
-6.062619e-13
-6.071887e-13
-6.081123e-13
-6.090328e-13
-6.099500e-13
-6.108640e-13
-6.117747e-13
-6.126822e-13
-6.135865e-13
-6.144875e-13
-6.153852e-13
-6.162796e-13
-6.171707e-13
-6.180585e-13
-6.189430e-13
-6.198241e-13
-6.207019e-13
-6.215764e-13
-6.224475e-13
-6.233152e-13
-6.241796e-13
-6.250405e-13
-6.258980e-13
-6.267522e-13
-6.276029e-13
-6.284501e-13
-6.292940e-13
-6.301343e-13
-6.309712e-13
-6.318047e-13
-6.326346e-13
-6.334610e-13
-6.342840e-13
-6.351034e-13
-6.359193e-13
-6.367317e-13
-6.375406e-13
-6.383458e-13
-6.391476e-13
-6.399457e-13
-6.407403e-13
-6.415313e-13
-6.423187e-13
-6.431024e-13
-6.438826e-13
-6.446591e-13
-6.454320e-13
-6.462013e-13
-6.469669e-13
-6.477288e-13
-6.484871e-13
-6.492417e-13
-6.499926e-13
-6.507398e-13
-6.514833e-13
-6.522231e-13
-6.529591e-13
-6.536915e-13
-6.544201e-13
-6.551449e-13
-6.558660e-13
-6.565833e-13
-6.572969e-13
-6.580066e-13
-6.587126e-13
-6.594148e-13
-6.601132e-13
-6.608077e-13
-6.614985e-13
-6.621854e-13
-6.628684e-13
-6.635477e-13
-6.642230e-13
-6.648946e-13
-6.655622e-13
-6.662260e-13
-6.668859e-13
-6.675419e-13
-6.681940e-13
-6.688422e-13
-6.694864e-13
-6.701268e-13
-6.707632e-13
-6.713957e-13
-6.720243e-13
-6.726489e-13
-6.732695e-13
-6.738862e-13
-6.744989e-13
-6.751077e-13
-6.757125e-13
-6.763132e-13
-6.769100e-13
-6.775028e-13
-6.780915e-13
-6.786763e-13
-6.792570e-13
-6.798337e-13
-6.804063e-13
-6.809750e-13
-6.815395e-13
-6.821000e-13
-6.826565e-13
-6.832089e-13
-6.837572e-13
-6.843014e-13
-6.848416e-13
-6.853776e-13
-6.859096e-13
-6.864374e-13
-6.869612e-13
-6.874808e-13
-6.879964e-13
-6.885078e-13
-6.890150e-13
-6.895181e-13
-6.900171e-13
-6.905120e-13
-6.910027e-13
-6.914892e-13
-6.919716e-13
-6.924498e-13
-6.929238e-13
-6.933937e-13
-6.938593e-13
-6.943208e-13
-6.947781e-13
-6.952312e-13
-6.956801e-13
-6.961248e-13
-6.965653e-13
-6.970015e-13
-6.974336e-13
-6.978614e-13
-6.982850e-13
-6.987043e-13
-6.991194e-13
-6.995303e-13
-6.999370e-13
-7.003393e-13
-7.007375e-13
-7.011313e-13
-7.015209e-13
-7.019063e-13
-7.022873e-13
-7.026641e-13
-7.030366e-13
-7.034049e-13
-7.037688e-13
-7.041285e-13
-7.044839e-13
-7.048349e-13
-7.051817e-13
-7.055242e-13
-7.058623e-13
-7.061962e-13
-7.065258e-13
-7.068510e-13
-7.071719e-13
-7.074885e-13
-7.078008e-13
-7.081087e-13
-7.084123e-13
-7.087116e-13
-7.090065e-13
-7.092971e-13
-7.095834e-13
-7.098653e-13
-7.101429e-13
-7.104161e-13
-7.106849e-13
-7.109495e-13
-7.112096e-13
-7.114654e-13
-7.117169e-13
-7.119639e-13
-7.122067e-13
-7.124450e-13
-7.126790e-13
-7.129086e-13
-7.131338e-13
-7.133547e-13
-7.135712e-13
-7.137833e-13
-7.139910e-13
-7.141944e-13
-7.143933e-13
-7.145879e-13
-7.147781e-13
-7.149639e-13
-7.151453e-13
-7.153223e-13
-7.154950e-13
-7.156632e-13
-7.158271e-13
-7.159865e-13
-7.161416e-13
-7.162923e-13
-7.164385e-13
-7.165804e-13
-7.167179e-13
-7.168510e-13
-7.169796e-13
-7.171039e-13
-7.172238e-13
-7.173393e-13
-7.174503e-13
-7.175570e-13
-7.176593e-13
-7.177571e-13
-7.178506e-13
-7.179396e-13
-7.180243e-13
-7.181045e-13
-7.181804e-13
-7.182518e-13
-7.183188e-13
-7.183815e-13
-7.184397e-13
-7.184935e-13
-7.185429e-13
-7.185880e-13
-7.186286e-13
-7.186648e-13
-7.186966e-13
-7.187240e-13
-7.187470e-13
-7.187657e-13
-7.187799e-13
-7.187897e-13
-7.187951e-13
-7.187961e-13
-7.187928e-13
-7.187850e-13
-7.187729e-13
-7.187563e-13
-7.187354e-13
-7.187101e-13
-7.186804e-13
-7.186463e-13
-7.186078e-13
-7.185649e-13
-7.185177e-13
-7.184660e-13
-7.184100e-13
-7.183496e-13
-7.182849e-13
-7.182157e-13
-7.181422e-13
-7.180643e-13
-7.179821e-13
-7.178955e-13
-7.178045e-13
-7.177092e-13
-7.176095e-13
-7.175054e-13
-7.173970e-13
-7.172842e-13
-7.171671e-13
-7.170456e-13
-7.169198e-13
-7.167897e-13
-7.166552e-13
-7.165163e-13
-7.163732e-13
-7.162257e-13
-7.160738e-13
-7.159177e-13
-7.157572e-13
-7.155924e-13
-7.154232e-13
-7.152498e-13
-7.150720e-13
-7.148900e-13
-7.147036e-13
-7.145129e-13
-7.143179e-13
-7.141187e-13
-7.139151e-13
-7.137073e-13
-7.134951e-13
-7.132787e-13
-7.130580e-13
-7.128330e-13
-7.126037e-13
-7.123702e-13
-7.121324e-13
-7.118904e-13
-7.116441e-13
-7.113935e-13
-7.111387e-13
-7.108797e-13
-7.106164e-13
-7.103489e-13
-7.100771e-13
-7.098011e-13
-7.095209e-13
-7.092365e-13
-7.089478e-13
-7.086550e-13
-7.083579e-13
-7.080566e-13
-7.077512e-13
-7.074415e-13
-7.071277e-13
-7.068097e-13
-7.064875e-13
-7.061611e-13
-7.058305e-13
-7.054958e-13
-7.051570e-13
-7.048139e-13
-7.044668e-13
-7.041155e-13
-7.037600e-13
-7.034004e-13
-7.030367e-13
-7.026689e-13
-7.022969e-13
-7.019209e-13
-7.015407e-13
-7.011564e-13
-7.007680e-13
-7.003756e-13
-6.999790e-13
-6.995784e-13
-6.991737e-13
-6.987650e-13
-6.983522e-13
-6.979353e-13
-6.975144e-13
-6.970894e-13
-6.966604e-13
-6.962274e-13
-6.957903e-13
-6.953492e-13
-6.949041e-13
-6.944550e-13
-6.940019e-13
-6.935448e-13
-6.930837e-13
-6.926187e-13
-6.921497e-13
-6.916766e-13
-6.911997e-13
-6.907188e-13
-6.902339e-13
-6.897451e-13
-6.892523e-13
-6.887557e-13
-6.882551e-13
-6.877506e-13
-6.872421e-13
-6.867298e-13
-6.862136e-13
-6.856935e-13
-6.851695e-13
-6.846417e-13
-6.841100e-13
-6.835744e-13
-6.830350e-13
-6.824917e-13
-6.819446e-13
-6.813937e-13
-6.808390e-13
-6.802804e-13
-6.797180e-13
-6.791519e-13
-6.785819e-13
-6.780082e-13
-6.774306e-13
-6.768494e-13
-6.762643e-13
-6.756755e-13
-6.750830e-13
-6.744867e-13
-6.738867e-13
-6.732830e-13
-6.726755e-13
-6.720644e-13
-6.714496e-13
-6.708310e-13
-6.702088e-13
-6.695830e-13
-6.689534e-13
-6.683202e-13
-6.676834e-13
-6.670429e-13
-6.663988e-13
-6.657511e-13
-6.650997e-13
-6.644448e-13
-6.637862e-13
-6.631241e-13
-6.624584e-13
-6.617891e-13
-6.611163e-13
-6.604399e-13
-6.597600e-13
-6.590765e-13
-6.583895e-13
-6.576990e-13
-6.570050e-13
-6.563075e-13
-6.556065e-13
-6.549020e-13
-6.541940e-13
-6.534826e-13
-6.527678e-13
-6.520494e-13
-6.513277e-13
-6.506025e-13
-6.498739e-13
-6.491420e-13
-6.484066e-13
-6.476678e-13
-6.469256e-13
-6.461801e-13
-6.454312e-13
-6.446790e-13
-6.439234e-13
-6.431645e-13
-6.424023e-13
-6.416368e-13
-6.408680e-13
-6.400958e-13
-6.393204e-13
-6.385418e-13
-6.377598e-13
-6.369747e-13
-6.361862e-13
-6.353946e-13
-6.345997e-13
-6.338016e-13
-6.330003e-13
-6.321959e-13
-6.313882e-13
-6.305774e-13
-6.297634e-13
-6.289463e-13
-6.281260e-13
-6.273026e-13
-6.264761e-13
-6.256465e-13
-6.248137e-13
-6.239779e-13
-6.231390e-13
-6.222971e-13
-6.214521e-13
-6.206040e-13
-6.197529e-13
-6.188988e-13
-6.180417e-13
-6.171816e-13
-6.163185e-13
-6.154524e-13
-6.145833e-13
-6.137113e-13
-6.128363e-13
-6.119584e-13
-6.110776e-13
-6.101939e-13
-6.093072e-13
-6.084177e-13
-6.075253e-13
-6.066300e-13
-6.057318e-13
-6.048308e-13
-6.039270e-13
-6.030204e-13
-6.021109e-13
-6.011986e-13
-6.002836e-13
-5.993657e-13
-5.984451e-13
-5.975217e-13
-5.965956e-13
-5.956668e-13
-5.947352e-13
-5.938009e-13
-5.928639e-13
-5.919243e-13
-5.909819e-13
-5.900369e-13
-5.890893e-13
-5.881390e-13
-5.871860e-13
-5.862305e-13
-5.852723e-13
-5.843116e-13
-5.833482e-13
-5.823823e-13
-5.814139e-13
-5.804428e-13
-5.794693e-13
-5.784932e-13
-5.775146e-13
-5.765336e-13
-5.755500e-13
-5.745640e-13
-5.735754e-13
-5.725845e-13
-5.715911e-13
-5.705953e-13
-5.695970e-13
-5.685964e-13
-5.675934e-13
-5.665880e-13
-5.655802e-13
-5.645701e-13
-5.635576e-13
-5.625428e-13
-5.615257e-13
-5.605063e-13
-5.594846e-13
-5.584606e-13
-5.574343e-13
-5.564058e-13
-5.553751e-13
-5.543421e-13
-5.533069e-13
-5.522695e-13
-5.512299e-13
-5.501881e-13
-5.491442e-13
-5.480981e-13
-5.470499e-13
-5.459995e-13
-5.449471e-13
-5.438925e-13
-5.428358e-13
-5.417771e-13
-5.407162e-13
-5.396534e-13
-5.385885e-13
-5.375215e-13
-5.364526e-13
-5.353817e-13
-5.343087e-13
-5.332338e-13
-5.321570e-13
-5.310781e-13
-5.299974e-13
-5.289147e-13
-5.278301e-13
-5.267436e-13
-5.256553e-13
-5.245650e-13
-5.234729e-13
-5.223790e-13
-5.212832e-13
-5.201856e-13
-5.190862e-13
-5.179850e-13
-5.168820e-13
-5.157773e-13
-5.146708e-13
-5.135626e-13
-5.124526e-13
-5.113409e-13
-5.102276e-13
-5.091125e-13
-5.079958e-13
-5.068774e-13
-5.057573e-13
-5.046357e-13
-5.035124e-13
-5.023875e-13
-5.012610e-13
-5.001329e-13
-4.990033e-13
-4.978721e-13
-4.967393e-13
-4.956051e-13
-4.944693e-13
-4.933320e-13
-4.921932e-13
-4.910530e-13
-4.899113e-13
-4.887682e-13
-4.876236e-13
-4.864776e-13
-4.853302e-13
-4.841814e-13
-4.830312e-13
-4.818797e-13
-4.807268e-13
-4.795726e-13
-4.784171e-13
-4.772602e-13
-4.761021e-13
-4.749426e-13
-4.737819e-13
-4.726200e-13
-4.714568e-13
-4.702923e-13
-4.691267e-13
-4.679598e-13
-4.667918e-13
-4.656226e-13
-4.644522e-13
-4.632807e-13
-4.621081e-13
-4.609343e-13
-4.597594e-13
-4.585835e-13
-4.574064e-13
-4.562283e-13
-4.550492e-13
-4.538690e-13
-4.526878e-13
-4.515056e-13
-4.503224e-13
-4.491382e-13
-4.479530e-13
-4.467669e-13
-4.455799e-13
-4.443919e-13
-4.432030e-13
-4.420132e-13
-4.408225e-13
-4.396310e-13
-4.384386e-13
-4.372454e-13
-4.360513e-13
-4.348564e-13
-4.336607e-13
-4.324643e-13
-4.312670e-13
-4.300690e-13
-4.288703e-13
-4.276708e-13
-4.264706e-13
-4.252697e-13
-4.240681e-13
-4.228658e-13
-4.216629e-13
-4.204594e-13
-4.192551e-13
-4.180503e-13
-4.168449e-13
-4.156389e-13
-4.144323e-13
-4.132251e-13
-4.120174e-13
-4.108091e-13
-4.096004e-13
-4.083911e-13
-4.071813e-13
-4.059711e-13
-4.047604e-13
-4.035492e-13
-4.023376e-13
-4.011255e-13
-3.999131e-13
-3.987003e-13
-3.974870e-13
-3.962734e-13
-3.950595e-13
-3.938452e-13
-3.926306e-13
-3.914157e-13
-3.902004e-13
-3.889849e-13
-3.877691e-13
-3.865531e-13
-3.853368e-13
-3.841203e-13
-3.829036e-13
-3.816867e-13
-3.804696e-13
-3.792523e-13
-3.780348e-13
-3.768172e-13
-3.755995e-13
-3.743817e-13
-3.731637e-13
-3.719457e-13
-3.707276e-13
-3.695094e-13
-3.682912e-13
-3.670730e-13
-3.658547e-13
-3.646364e-13
-3.634182e-13
-3.621999e-13
-3.609817e-13
-3.597635e-13
-3.585455e-13
-3.573274e-13
-3.561095e-13
-3.548917e-13
-3.536740e-13
-3.524564e-13
-3.512390e-13
-3.500217e-13
-3.488046e-13
-3.475877e-13
-3.463710e-13
-3.451546e-13
-3.439383e-13
-3.427223e-13
-3.415065e-13
-3.402911e-13
-3.390759e-13
-3.378610e-13
-3.366464e-13
-3.354321e-13
-3.342182e-13
-3.330046e-13
-3.317914e-13
-3.305786e-13
-3.293662e-13
-3.281542e-13
-3.269426e-13
-3.257314e-13
-3.245207e-13
-3.233105e-13
-3.221007e-13
-3.208915e-13
-3.196827e-13
-3.184744e-13
-3.172667e-13
-3.160596e-13
-3.148529e-13
-3.136469e-13
-3.124415e-13
-3.112366e-13
-3.100324e-13
-3.088287e-13
-3.076258e-13
-3.064234e-13
-3.052218e-13
-3.040208e-13
-3.028205e-13
-3.016210e-13
-3.004221e-13
-2.992240e-13
-2.980267e-13
-2.968301e-13
-2.956342e-13
-2.944392e-13
-2.932450e-13
-2.920516e-13
-2.908590e-13
-2.896672e-13
-2.884763e-13
-2.872863e-13
-2.860972e-13
-2.849089e-13
-2.837216e-13
-2.825352e-13
-2.813497e-13
-2.801652e-13
-2.789816e-13
-2.777990e-13
-2.766174e-13
-2.754368e-13
-2.742573e-13
-2.730787e-13
-2.719012e-13
-2.707247e-13
-2.695494e-13
-2.683750e-13
-2.672018e-13
-2.660297e-13
-2.648587e-13
-2.636889e-13
-2.625202e-13
-2.613526e-13
-2.601863e-13
-2.590211e-13
-2.578571e-13
-2.566943e-13
-2.555328e-13
-2.543724e-13
-2.532134e-13
-2.520556e-13
-2.508991e-13
-2.497438e-13
-2.485899e-13
-2.474373e-13
-2.462860e-13
-2.451360e-13
-2.439874e-13
-2.428402e-13
-2.416943e-13
-2.405499e-13
-2.394068e-13
-2.382652e-13
-2.371249e-13
-2.359862e-13
-2.348489e-13
-2.337130e-13
-2.325786e-13
-2.314458e-13
-2.303144e-13
-2.291845e-13
-2.280562e-13
-2.269294e-13
-2.258042e-13
-2.246805e-13
-2.235585e-13
-2.224380e-13
-2.213191e-13
-2.202018e-13
-2.190862e-13
-2.179722e-13
-2.168598e-13
-2.157492e-13
-2.146402e-13
-2.135329e-13
-2.124273e-13
-2.113234e-13
-2.102212e-13
-2.091208e-13
-2.080221e-13
-2.069252e-13
-2.058301e-13
-2.047368e-13
-2.036452e-13
-2.025555e-13
-2.014676e-13
-2.003815e-13
-1.992973e-13
-1.982149e-13
-1.971345e-13
-1.960559e-13
-1.949792e-13
-1.939044e-13
-1.928315e-13
-1.917605e-13
-1.906915e-13
-1.896245e-13
-1.885594e-13
-1.874963e-13
-1.864352e-13
-1.853760e-13
-1.843189e-13
-1.832639e-13
-1.822108e-13
-1.811598e-13
-1.801109e-13
-1.790640e-13
-1.780193e-13
-1.769766e-13
-1.759360e-13
-1.748975e-13
-1.738612e-13
-1.728270e-13
-1.717950e-13
-1.707651e-13
-1.697374e-13
-1.687118e-13
-1.676885e-13
-1.666674e-13
-1.656485e-13
-1.646318e-13
-1.636174e-13
-1.626052e-13
-1.615953e-13
-1.605876e-13
-1.595823e-13
-1.585792e-13
-1.575784e-13
-1.565800e-13
-1.555839e-13
-1.545901e-13
-1.535987e-13
-1.526096e-13
-1.516229e-13
-1.506386e-13
-1.496567e-13
-1.486772e-13
-1.477001e-13
-1.467254e-13
-1.457532e-13
-1.447834e-13
-1.438161e-13
-1.428512e-13
-1.418889e-13
-1.409290e-13
-1.399716e-13
-1.390167e-13
-1.380643e-13
-1.371145e-13
-1.361672e-13
-1.352225e-13
-1.342803e-13
-1.333407e-13
-1.324036e-13
-1.314692e-13
-1.305374e-13
-1.296081e-13
-1.286815e-13
-1.277576e-13
-1.268363e-13
-1.259176e-13
-1.250016e-13
-1.240882e-13
-1.231776e-13
-1.222696e-13
-1.213644e-13
-1.204618e-13
-1.195620e-13
-1.186649e-13
-1.177706e-13
-1.168790e-13
-1.159901e-13
-1.151041e-13
-1.142208e-13
-1.133403e-13
-1.124626e-13
-1.115877e-13
-1.107156e-13
-1.098464e-13
-1.089799e-13
-1.081164e-13
-1.072557e-13
-1.063978e-13
-1.055429e-13
-1.046908e-13
-1.038416e-13
-1.029953e-13
-1.021519e-13
-1.013115e-13
-1.004739e-13
-9.963933e-14
-9.880768e-14
-9.797900e-14
-9.715327e-14
-9.633053e-14
-9.551076e-14
-9.469399e-14
-9.388021e-14
-9.306945e-14
-9.226171e-14
-9.145699e-14
-9.065531e-14
-8.985667e-14
-8.906109e-14
-8.826856e-14
-8.747911e-14
-8.669274e-14
-8.590945e-14
-8.512926e-14
-8.435217e-14
-8.357820e-14
-8.280735e-14
-8.203962e-14
-8.127503e-14
-8.051359e-14
-7.975531e-14
-7.900018e-14
-7.824822e-14
-7.749945e-14
-7.675386e-14
-7.601146e-14
-7.527227e-14
-7.453628e-14
-7.380352e-14
-7.307398e-14
-7.234767e-14
-7.162461e-14
-7.090479e-14
-7.018824e-14
-6.947494e-14
-6.876492e-14
-6.805818e-14
-6.735473e-14
-6.665458e-14
-6.595772e-14
-6.526418e-14
-6.457396e-14
-6.388706e-14
-6.320349e-14
-6.252327e-14
-6.184639e-14
-6.117286e-14
-6.050270e-14
-5.983591e-14
-5.917249e-14
-5.851246e-14
-5.785582e-14
-5.720257e-14
-5.655273e-14
-5.590630e-14
-5.526329e-14
-5.462370e-14
-5.398755e-14
-5.335484e-14
-5.272557e-14
-5.209975e-14
-5.147740e-14
-5.085851e-14
-5.024309e-14
-4.963115e-14
-4.902270e-14
-4.841774e-14
-4.781627e-14
-4.721832e-14
-4.662387e-14
-4.603294e-14
-4.544554e-14
-4.486167e-14
-4.428133e-14
-4.370454e-14
-4.313130e-14
-4.256161e-14
-4.199549e-14
-4.143293e-14
-4.087394e-14
-4.031854e-14
-3.976672e-14
-3.921849e-14
-3.867386e-14
-3.813283e-14
-3.759541e-14
-3.706161e-14
-3.653142e-14
-3.600487e-14
-3.548194e-14
-3.496265e-14
-3.444700e-14
-3.393501e-14
-3.342666e-14
-3.292198e-14
-3.242096e-14
-3.192361e-14
-3.142993e-14
-3.093994e-14
-3.045363e-14
-2.997101e-14
-2.949209e-14
-2.901687e-14
-2.854536e-14
-2.807756e-14
-2.761347e-14
-2.715311e-14
-2.669647e-14
-2.624356e-14
-2.579439e-14
-2.534896e-14
-2.490728e-14
-2.446934e-14
-2.403516e-14
-2.360475e-14
-2.317809e-14
-2.275520e-14
-2.233609e-14
-2.192075e-14
-2.150920e-14
-2.110143e-14
-2.069746e-14
-2.029728e-14
-1.990090e-14
-1.950832e-14
-1.911955e-14
-1.873459e-14
-1.835345e-14
-1.797613e-14
-1.760263e-14
-1.723296e-14
-1.686712e-14
-1.650512e-14
-1.614696e-14
-1.579265e-14
-1.544218e-14
-1.509556e-14
-1.475279e-14
-1.441389e-14
-1.407885e-14
-1.374767e-14
-1.342036e-14
-1.309693e-14
-1.277737e-14
-1.246169e-14
-1.214989e-14
-1.184198e-14
-1.153796e-14
-1.123784e-14
-1.094161e-14
-1.064928e-14
-1.036085e-14
-1.007632e-14
-9.795706e-15
-9.519002e-15
-9.246212e-15
-8.977340e-15
-8.712387e-15
-8.451358e-15
-8.194254e-15
-7.941079e-15
-7.691835e-15
-7.446524e-15
-7.205151e-15
-6.967716e-15
-6.734222e-15
-6.504673e-15
-6.279070e-15
-6.057416e-15
-5.839713e-15
-5.625964e-15
-5.416171e-15
-5.210335e-15
-5.008460e-15
-4.810547e-15
-4.616599e-15
-4.426617e-15
-4.240604e-15
-4.058561e-15
-3.880491e-15
-3.706395e-15
-3.536276e-15
-3.370134e-15
-3.207973e-15
-3.049793e-15
-2.895596e-15
-2.745384e-15
-2.599158e-15
-2.456920e-15
-2.318672e-15
-2.184415e-15
-2.054151e-15
-1.927880e-15
-1.805604e-15
-1.687325e-15
-1.573044e-15
-1.462761e-15
-1.356479e-15
-1.254197e-15
-1.155918e-15
-1.061643e-15
-9.713718e-16
-8.851060e-16
-8.028464e-16
-7.245939e-16
-6.503494e-16
-5.801136e-16
-5.138874e-16
-4.516713e-16
-3.934660e-16
-3.392723e-16
-2.890906e-16
-2.429215e-16
-2.007654e-16
-1.626229e-16
-1.284943e-16
-9.838003e-17
-7.228034e-17
-5.019555e-17
-3.212588e-17
-1.807153e-17
-8.032650e-18
-2.009341e-18
-1.668403e-21
