-2.875756e-19
-2.425198e-18
-8.838164e-18
-1.952639e-17
-3.448971e-17
-5.372794e-17
-7.724080e-17
-1.050280e-16
-1.370890e-16
-1.734236e-16
-2.140311e-16
-2.589111e-16
-3.080628e-16
-3.614856e-16
-4.191788e-16
-4.811415e-16
-5.473730e-16
-6.178722e-16
-6.926382e-16
-7.716700e-16
-8.549665e-16
-9.425264e-16
-1.034349e-15
-1.130432e-15
-1.230775e-15
-1.335376e-15
-1.444234e-15
-1.557348e-15
-1.674715e-15
-1.796334e-15
-1.922204e-15
-2.052323e-15
-2.186688e-15
-2.325298e-15
-2.468152e-15
-2.615247e-15
-2.766580e-15
-2.922151e-15
-3.081957e-15
-3.245995e-15
-3.414263e-15
-3.586760e-15
-3.763482e-15
-3.944427e-15
-4.129593e-15
-4.318977e-15
-4.512576e-15
-4.710388e-15
-4.912410e-15
-5.118640e-15
-5.329074e-15
-5.543709e-15
-5.762542e-15
-5.985571e-15
-6.212793e-15
-6.444203e-15
-6.679800e-15
-6.919579e-15
-7.163538e-15
-7.411672e-15
-7.663979e-15
-7.920456e-15
-8.181097e-15
-8.445901e-15
-8.714863e-15
-8.987979e-15
-9.265246e-15
-9.546660e-15
-9.832217e-15
-1.012191e-14
-1.041574e-14
-1.071370e-14
-1.101579e-14
-1.132200e-14
-1.163233e-14
-1.194678e-14
-1.226533e-14
-1.258799e-14
-1.291475e-14
-1.324560e-14
-1.358055e-14
-1.391958e-14
-1.426270e-14
-1.460989e-14
-1.496116e-14
-1.531650e-14
-1.567589e-14
-1.603935e-14
-1.640686e-14
-1.677842e-14
-1.715402e-14
-1.753365e-14
-1.791732e-14
-1.830502e-14
-1.869674e-14
-1.909247e-14
-1.949221e-14
-1.989596e-14
-2.030371e-14
-2.071546e-14
-2.113119e-14
-2.155090e-14
-2.197459e-14
-2.240226e-14
-2.283388e-14
-2.326947e-14
-2.370901e-14
-2.415249e-14
-2.459992e-14
-2.505128e-14
-2.550657e-14
-2.596578e-14
-2.642890e-14
-2.689594e-14
-2.736688e-14
-2.784171e-14
-2.832044e-14
-2.880304e-14
-2.928953e-14
-2.977988e-14
-3.027410e-14
-3.077217e-14
-3.127409e-14
-3.177985e-14
-3.228945e-14
-3.280288e-14
-3.332012e-14
-3.384119e-14
-3.436606e-14
-3.489472e-14
-3.542718e-14
-3.596343e-14
-3.650345e-14
-3.704724e-14
-3.759480e-14
-3.814611e-14
-3.870116e-14
-3.925996e-14
-3.982249e-14
-4.038874e-14
-4.095871e-14
-4.153239e-14
-4.210976e-14
-4.269083e-14
-4.327559e-14
-4.386402e-14
-4.445612e-14
-4.505188e-14
-4.565129e-14
-4.625435e-14
-4.686104e-14
-4.747136e-14
-4.808529e-14
-4.870284e-14
-4.932399e-14
-4.994873e-14
-5.057706e-14
-5.120896e-14
-5.184443e-14
-5.248345e-14
-5.312603e-14
-5.377215e-14
-5.442179e-14
-5.507497e-14
-5.573165e-14
-5.639184e-14
-5.705553e-14
-5.772270e-14
-5.839335e-14
-5.906747e-14
-5.974504e-14
-6.042607e-14
-6.111054e-14
-6.179843e-14
-6.248975e-14
-6.318448e-14
-6.388261e-14
-6.458414e-14
-6.528905e-14
-6.599733e-14
-6.670897e-14
-6.742397e-14
-6.814231e-14
-6.886399e-14
-6.958899e-14
-7.031730e-14
-7.104892e-14
-7.178383e-14
-7.252202e-14
-7.326349e-14
-7.400823e-14
-7.475621e-14
-7.550744e-14
-7.626191e-14
-7.701959e-14
-7.778049e-14
-7.854459e-14
-7.931188e-14
-8.008235e-14
-8.085599e-14
-8.163279e-14
-8.241273e-14
-8.319582e-14
-8.398203e-14
-8.477136e-14
-8.556380e-14
-8.635933e-14
-8.715794e-14
-8.795963e-14
-8.876438e-14
-8.957218e-14
-9.038302e-14
-9.119689e-14
-9.201377e-14
-9.283367e-14
-9.365655e-14
-9.448242e-14
-9.531127e-14
-9.614307e-14
-9.697783e-14
-9.781552e-14
-9.865614e-14
-9.949968e-14
-1.003461e-13
-1.011954e-13
-1.020477e-13
-1.029027e-13
-1.037607e-13
-1.046215e-13
-1.054851e-13
-1.063515e-13
-1.072208e-13
-1.080928e-13
-1.089677e-13
-1.098453e-13
-1.107256e-13
-1.116088e-13
-1.124946e-13
-1.133832e-13
-1.142745e-13
-1.151685e-13
-1.160652e-13
-1.169646e-13
-1.178666e-13
-1.187713e-13
-1.196786e-13
-1.205886e-13
-1.215012e-13
-1.224163e-13
-1.233341e-13
-1.242544e-13
-1.251774e-13
-1.261028e-13
-1.270308e-13
-1.279614e-13
-1.288944e-13
-1.298300e-13
-1.307680e-13
-1.317085e-13
-1.326515e-13
-1.335969e-13
-1.345448e-13
-1.354951e-13
-1.364478e-13
-1.374029e-13
-1.383604e-13
-1.393203e-13
-1.402825e-13
-1.412471e-13
-1.422140e-13
-1.431832e-13
-1.441548e-13
-1.451286e-13
-1.461047e-13
-1.470831e-13
-1.480638e-13
-1.490467e-13
-1.500318e-13
-1.510191e-13
-1.520086e-13
-1.530003e-13
-1.539942e-13
-1.549903e-13
-1.559885e-13
-1.569888e-13
-1.579913e-13
-1.589959e-13
-1.600025e-13
-1.610112e-13
-1.620221e-13
-1.630349e-13
-1.640498e-13
-1.650667e-13
-1.660857e-13
-1.671066e-13
-1.681295e-13
-1.691544e-13
-1.701812e-13
-1.712100e-13
-1.722407e-13
-1.732733e-13
-1.743079e-13
-1.753443e-13
-1.763826e-13
-1.774227e-13
-1.784647e-13
-1.795085e-13
-1.805541e-13
-1.816016e-13
-1.826508e-13
-1.837018e-13
-1.847545e-13
-1.858090e-13
-1.868653e-13
-1.879232e-13
-1.889829e-13
-1.900442e-13
-1.911072e-13
-1.921719e-13
-1.932382e-13
-1.943062e-13
-1.953757e-13
-1.964469e-13
-1.975196e-13
-1.985940e-13
-1.996699e-13
-2.007473e-13
-2.018262e-13
-2.029067e-13
-2.039887e-13
-2.050722e-13
-2.061571e-13
-2.072435e-13
-2.083313e-13
-2.094206e-13
-2.105113e-13
-2.116033e-13
-2.126968e-13
-2.137916e-13
-2.148878e-13
-2.159853e-13
-2.170842e-13
-2.181843e-13
-2.192858e-13
-2.203885e-13
-2.214925e-13
-2.225977e-13
-2.237042e-13
-2.248119e-13
-2.259208e-13
-2.270309e-13
-2.281422e-13
-2.292547e-13
-2.303683e-13
-2.314830e-13
-2.325988e-13
-2.337158e-13
-2.348338e-13
-2.359529e-13
-2.370731e-13
-2.381943e-13
-2.393165e-13
-2.404397e-13
-2.415640e-13
-2.426892e-13
-2.438154e-13
-2.449425e-13
-2.460706e-13
-2.471996e-13
-2.483295e-13
-2.494604e-13
-2.505920e-13
-2.517246e-13
-2.528580e-13
-2.539922e-13
-2.551272e-13
-2.562631e-13
-2.573997e-13
-2.585371e-13
-2.596753e-13
-2.608142e-13
-2.619538e-13
-2.630941e-13
-2.642352e-13
-2.653769e-13
-2.665193e-13
-2.676623e-13
-2.688059e-13
-2.699502e-13
-2.710951e-13
-2.722406e-13
-2.733866e-13
-2.745333e-13
-2.756804e-13
-2.768281e-13
-2.779763e-13
-2.791250e-13
-2.802742e-13
-2.814238e-13
-2.825739e-13
-2.837245e-13
-2.848754e-13
-2.860268e-13
-2.871785e-13
-2.883307e-13
-2.894832e-13
-2.906360e-13
-2.917892e-13
-2.929427e-13
-2.940965e-13
-2.952505e-13
-2.964049e-13
-2.975595e-13
-2.987143e-13
-2.998694e-13
-3.010247e-13
-3.021801e-13
-3.033358e-13
-3.044916e-13
-3.056475e-13
-3.068036e-13
-3.079598e-13
-3.091161e-13
-3.102725e-13
-3.114290e-13
-3.125855e-13
-3.137421e-13
-3.148987e-13
-3.160553e-13
-3.172119e-13
-3.183685e-13
-3.195250e-13
-3.206815e-13
-3.218379e-13
-3.229943e-13
-3.241506e-13
-3.253067e-13
-3.264627e-13
-3.276186e-13
-3.287743e-13
-3.299299e-13
-3.310852e-13
-3.322404e-13
-3.333954e-13
-3.345501e-13
-3.357045e-13
-3.368588e-13
-3.380127e-13
-3.391663e-13
-3.403197e-13
-3.414727e-13
-3.426254e-13
-3.437777e-13
-3.449296e-13
-3.460812e-13
-3.472324e-13
-3.483832e-13
-3.495335e-13
-3.506834e-13
-3.518328e-13
-3.529818e-13
-3.541303e-13
-3.552783e-13
-3.564257e-13
-3.575726e-13
-3.587190e-13
-3.598649e-13
-3.610101e-13
-3.621548e-13
-3.632988e-13
-3.644422e-13
-3.655850e-13
-3.667272e-13
-3.678686e-13
-3.690094e-13
-3.701495e-13
-3.712889e-13
-3.724276e-13
-3.735655e-13
-3.747027e-13
-3.758391e-13
-3.769747e-13
-3.781095e-13
-3.792435e-13
-3.803767e-13
-3.815090e-13
-3.826405e-13
-3.837711e-13
-3.849008e-13
-3.860297e-13
-3.871576e-13
-3.882846e-13
-3.894106e-13
-3.905357e-13
-3.916598e-13
-3.927829e-13
-3.939050e-13
-3.950261e-13
-3.961461e-13
-3.972652e-13
-3.983831e-13
-3.995000e-13
-4.006158e-13
-4.017305e-13
-4.028441e-13
-4.039565e-13
-4.050678e-13
-4.061779e-13
-4.072869e-13
-4.083947e-13
-4.095012e-13
-4.106066e-13
-4.117107e-13
-4.128136e-13
-4.139152e-13
-4.150156e-13
-4.161146e-13
-4.172124e-13
-4.183088e-13
-4.194039e-13
-4.204977e-13
-4.215901e-13
-4.226812e-13
-4.237708e-13
-4.248591e-13
-4.259459e-13
-4.270313e-13
-4.281153e-13
-4.291978e-13
-4.302789e-13
-4.313585e-13
-4.324365e-13
-4.335131e-13
-4.345882e-13
-4.356617e-13
-4.367336e-13
-4.378040e-13
-4.388728e-13
-4.399401e-13
-4.410057e-13
-4.420697e-13
-4.431320e-13
-4.441928e-13
-4.452518e-13
-4.463092e-13
-4.473649e-13
-4.484190e-13
-4.494713e-13
-4.505218e-13
-4.515707e-13
-4.526177e-13
-4.536631e-13
-4.547066e-13
-4.557484e-13
-4.567883e-13
-4.578264e-13
-4.588627e-13
-4.598972e-13
-4.609298e-13
-4.619605e-13
-4.629894e-13
-4.640163e-13
-4.650414e-13
-4.660645e-13
-4.670857e-13
-4.681049e-13
-4.691222e-13
-4.701375e-13
-4.711508e-13
-4.721622e-13
-4.731715e-13
-4.741788e-13
-4.751840e-13
-4.761873e-13
-4.771884e-13
-4.781875e-13
-4.791845e-13
-4.801794e-13
-4.811722e-13
-4.821628e-13
-4.831514e-13
-4.841377e-13
-4.851220e-13
-4.861040e-13
-4.870839e-13
-4.880615e-13
-4.890370e-13
-4.900102e-13
-4.909813e-13
-4.919500e-13
-4.929165e-13
-4.938808e-13
-4.948427e-13
-4.958024e-13
-4.967597e-13
-4.977148e-13
-4.986675e-13
-4.996179e-13
-5.005659e-13
-5.015116e-13
-5.024549e-13
-5.033958e-13
-5.043343e-13
-5.052704e-13
-5.062040e-13
-5.071353e-13
-5.080641e-13
-5.089904e-13
-5.099143e-13
-5.108357e-13
-5.117546e-13
-5.126710e-13
-5.135849e-13
-5.144963e-13
-5.154051e-13
-5.163114e-13
-5.172152e-13
-5.181163e-13
-5.190149e-13
-5.199109e-13
-5.208043e-13
-5.216951e-13
-5.225833e-13
-5.234688e-13
-5.243517e-13
-5.252320e-13
-5.261095e-13
-5.269844e-13
-5.278567e-13
-5.287262e-13
-5.295930e-13
-5.304571e-13
-5.313184e-13
-5.321770e-13
-5.330329e-13
-5.338860e-13
-5.347364e-13
-5.355839e-13
-5.364287e-13
-5.372707e-13
-5.381098e-13
-5.389462e-13
-5.397797e-13
-5.406104e-13
-5.414382e-13
-5.422631e-13
-5.430852e-13
-5.439044e-13
-5.447207e-13
-5.455342e-13
-5.463447e-13
-5.471522e-13
-5.479569e-13
-5.487586e-13
-5.495574e-13
-5.503532e-13
-5.511460e-13
-5.519359e-13
-5.527228e-13
-5.535067e-13
-5.542875e-13
-5.550654e-13
-5.558402e-13
-5.566121e-13
-5.573808e-13
-5.581465e-13
-5.589092e-13
-5.596688e-13
-5.604253e-13
-5.611787e-13
-5.619290e-13
-5.626762e-13
-5.634203e-13
-5.641613e-13
-5.648992e-13
-5.656339e-13
-5.663655e-13
-5.670939e-13
-5.678191e-13
-5.685412e-13
-5.692601e-13
-5.699757e-13
-5.706882e-13
-5.713975e-13
-5.721036e-13
-5.728064e-13
-5.735061e-13
-5.742024e-13
-5.748955e-13
-5.755854e-13
-5.762720e-13
-5.769553e-13
-5.776354e-13
-5.783122e-13
-5.789856e-13
-5.796558e-13
-5.803226e-13
-5.809862e-13
-5.816464e-13
-5.823032e-13
-5.829568e-13
-5.836069e-13
-5.842538e-13
-5.848972e-13
-5.855373e-13
-5.861740e-13
-5.868073e-13
-5.874372e-13
-5.880638e-13
-5.886869e-13
-5.893066e-13
-5.899228e-13
-5.905357e-13
-5.911451e-13
-5.917511e-13
-5.923536e-13
-5.929526e-13
-5.935482e-13
-5.941404e-13
-5.947290e-13
-5.953142e-13
-5.958959e-13
-5.964740e-13
-5.970487e-13
-5.976199e-13
-5.981875e-13
-5.987516e-13
-5.993122e-13
-5.998693e-13
-6.004228e-13
-6.009728e-13
-6.015192e-13
-6.020621e-13
-6.026014e-13
-6.031371e-13
-6.036693e-13
-6.041978e-13
-6.047228e-13
-6.052442e-13
-6.057619e-13
-6.062761e-13
-6.067867e-13
-6.072936e-13
-6.077969e-13
-6.082966e-13
-6.087927e-13
-6.092851e-13
-6.097739e-13
-6.102590e-13
-6.107405e-13
-6.112183e-13
-6.116924e-13
-6.121629e-13
-6.126297e-13
-6.130928e-13
-6.135523e-13
-6.140080e-13
-6.144601e-13
-6.149084e-13
-6.153530e-13
-6.157940e-13
-6.162312e-13
-6.166647e-13
-6.170945e-13
-6.175205e-13
-6.179428e-13
-6.183614e-13
-6.187763e-13
-6.191873e-13
-6.195947e-13
-6.199983e-13
-6.203981e-13
-6.207942e-13
-6.211865e-13
-6.215750e-13
-6.219598e-13
-6.223408e-13
-6.227180e-13
-6.230914e-13
-6.234610e-13
-6.238268e-13
-6.241889e-13
-6.245471e-13
-6.249015e-13
-6.252521e-13
-6.255990e-13
-6.259420e-13
-6.262811e-13
-6.266165e-13
-6.269480e-13
-6.272757e-13
-6.275996e-13
-6.279196e-13
-6.282358e-13
-6.285482e-13
-6.288567e-13
-6.291614e-13
-6.294622e-13
-6.297592e-13
-6.300523e-13
-6.303416e-13
-6.306270e-13
-6.309085e-13
-6.311862e-13
-6.314600e-13
-6.317299e-13
-6.319960e-13
-6.322582e-13
-6.325165e-13
-6.327709e-13
-6.330215e-13
-6.332682e-13
-6.335109e-13
-6.337498e-13
-6.339848e-13
-6.342160e-13
-6.344432e-13
-6.346665e-13
-6.348859e-13
-6.351014e-13
-6.353131e-13
-6.355208e-13
-6.357246e-13
-6.359245e-13
-6.361205e-13
-6.363126e-13
-6.365008e-13
-6.366850e-13
-6.368654e-13
-6.370418e-13
-6.372143e-13
-6.373830e-13
-6.375476e-13
-6.377084e-13
-6.378653e-13
-6.380182e-13
-6.381672e-13
-6.383123e-13
-6.384534e-13
-6.385907e-13
-6.387240e-13
-6.388533e-13
-6.389788e-13
-6.391003e-13
-6.392179e-13
-6.393316e-13
-6.394413e-13
-6.395471e-13
-6.396490e-13
-6.397470e-13
-6.398410e-13
-6.399311e-13
-6.400172e-13
-6.400994e-13
-6.401777e-13
-6.402521e-13
-6.403225e-13
-6.403890e-13
-6.404516e-13
-6.405103e-13
-6.405650e-13
-6.406157e-13
-6.406626e-13
-6.407055e-13
-6.407445e-13
-6.407796e-13
-6.408107e-13
-6.408379e-13
-6.408612e-13
-6.408805e-13
-6.408960e-13
-6.409075e-13
-6.409151e-13
-6.409187e-13
-6.409184e-13
-6.409143e-13
-6.409061e-13
-6.408941e-13
-6.408782e-13
-6.408583e-13
-6.408345e-13
-6.408069e-13
-6.407752e-13
-6.407397e-13
-6.407003e-13
-6.406570e-13
-6.406097e-13
-6.405586e-13
-6.405035e-13
-6.404446e-13
-6.403817e-13
-6.403150e-13
-6.402443e-13
-6.401698e-13
-6.400913e-13
-6.400090e-13
-6.399227e-13
-6.398326e-13
-6.397386e-13
-6.396407e-13
-6.395390e-13
-6.394333e-13
-6.393238e-13
-6.392104e-13
-6.390931e-13
-6.389720e-13
-6.388470e-13
-6.387181e-13
-6.385854e-13
-6.384488e-13
-6.383083e-13
-6.381640e-13
-6.380158e-13
-6.378638e-13
-6.377080e-13
-6.375482e-13
-6.373847e-13
-6.372173e-13
-6.370461e-13
-6.368710e-13
-6.366922e-13
-6.365094e-13
-6.363229e-13
-6.361326e-13
-6.359384e-13
-6.357404e-13
-6.355386e-13
-6.353330e-13
-6.351236e-13
-6.349104e-13
-6.346934e-13
-6.344726e-13
-6.342480e-13
-6.340197e-13
-6.337875e-13
-6.335516e-13
-6.333119e-13
-6.330684e-13
-6.328212e-13
-6.325702e-13
-6.323154e-13
-6.320569e-13
-6.317947e-13
-6.315286e-13
-6.312589e-13
-6.309854e-13
-6.307082e-13
-6.304272e-13
-6.301425e-13
-6.298541e-13
-6.295620e-13
-6.292662e-13
-6.289667e-13
-6.286634e-13
-6.283565e-13
-6.280458e-13
-6.277315e-13
-6.274135e-13
-6.270918e-13
-6.267665e-13
-6.264374e-13
-6.261047e-13
-6.257684e-13
-6.254283e-13
-6.250847e-13
-6.247374e-13
-6.243864e-13
-6.240318e-13
-6.236736e-13
-6.233118e-13
-6.229463e-13
-6.225772e-13
-6.222045e-13
-6.218282e-13
-6.214484e-13
-6.210649e-13
-6.206778e-13
-6.202871e-13
-6.198929e-13
-6.194951e-13
-6.190938e-13
-6.186888e-13
-6.182803e-13
-6.178683e-13
-6.174528e-13
-6.170336e-13
-6.166110e-13
-6.161849e-13
-6.157552e-13
-6.153220e-13
-6.148853e-13
-6.144451e-13
-6.140014e-13
-6.135542e-13
-6.131036e-13
-6.126494e-13
-6.121918e-13
-6.117307e-13
-6.112662e-13
-6.107982e-13
-6.103268e-13
-6.098520e-13
-6.093737e-13
-6.088920e-13
-6.084068e-13
-6.079183e-13
-6.074263e-13
-6.069310e-13
-6.064323e-13
-6.059301e-13
-6.054246e-13
-6.049158e-13
-6.044036e-13
-6.038880e-13
-6.033690e-13
-6.028467e-13
-6.023211e-13
-6.017922e-13
-6.012599e-13
-6.007244e-13
-6.001855e-13
-5.996433e-13
-5.990978e-13
-5.985490e-13
-5.979970e-13
-5.974417e-13
-5.968831e-13
-5.963213e-13
-5.957562e-13
-5.951879e-13
-5.946163e-13
-5.940416e-13
-5.934636e-13
-5.928824e-13
-5.922979e-13
-5.917103e-13
-5.911196e-13
-5.905256e-13
-5.899284e-13
-5.893281e-13
-5.887247e-13
-5.881181e-13
-5.875083e-13
-5.868954e-13
-5.862794e-13
-5.856603e-13
-5.850381e-13
-5.844128e-13
-5.837844e-13
-5.831529e-13
-5.825183e-13
-5.818806e-13
-5.812399e-13
-5.805962e-13
-5.799494e-13
-5.792996e-13
-5.786467e-13
-5.779909e-13
-5.773320e-13
-5.766701e-13
-5.760053e-13
-5.753374e-13
-5.746666e-13
-5.739928e-13
-5.733161e-13
-5.726364e-13
-5.719538e-13
-5.712682e-13
-5.705797e-13
-5.698883e-13
-5.691941e-13
-5.684969e-13
-5.677968e-13
-5.670938e-13
-5.663880e-13
-5.656794e-13
-5.649678e-13
-5.642535e-13
-5.635363e-13
-5.628163e-13
-5.620934e-13
-5.613678e-13
-5.606394e-13
-5.599081e-13
-5.591742e-13
-5.584374e-13
-5.576979e-13
-5.569556e-13
-5.562106e-13
-5.554629e-13
-5.547124e-13
-5.539593e-13
-5.532034e-13
-5.524449e-13
-5.516836e-13
-5.509197e-13
-5.501531e-13
-5.493839e-13
-5.486121e-13
-5.478376e-13
-5.470604e-13
-5.462807e-13
-5.454984e-13
-5.447134e-13
-5.439259e-13
-5.431358e-13
-5.423432e-13
-5.415479e-13
-5.407502e-13
-5.399499e-13
-5.391471e-13
-5.383417e-13
-5.375339e-13
-5.367236e-13
-5.359108e-13
-5.350955e-13
-5.342777e-13
-5.334575e-13
-5.326348e-13
-5.318098e-13
-5.309822e-13
-5.301523e-13
-5.293200e-13
-5.284853e-13
-5.276482e-13
-5.268087e-13
-5.259669e-13
-5.251227e-13
-5.242761e-13
-5.234273e-13
-5.225761e-13
-5.217226e-13
-5.208668e-13
-5.200087e-13
-5.191484e-13
-5.182858e-13
-5.174209e-13
-5.165538e-13
-5.156844e-13
-5.148128e-13
-5.139390e-13
-5.130630e-13
-5.121848e-13
-5.113044e-13
-5.104219e-13
-5.095372e-13
-5.086503e-13
-5.077613e-13
-5.068702e-13
-5.059770e-13
-5.050816e-13
-5.041842e-13
-5.032846e-13
-5.023831e-13
-5.014794e-13
-5.005737e-13
-4.996659e-13
-4.987561e-13
-4.978443e-13
-4.969305e-13
-4.960147e-13
-4.950969e-13
-4.941772e-13
-4.932555e-13
-4.923318e-13
-4.914062e-13
-4.904786e-13
-4.895492e-13
-4.886178e-13
-4.876845e-13
-4.867494e-13
-4.858124e-13
-4.848735e-13
-4.839328e-13
-4.829902e-13
-4.820458e-13
-4.810996e-13
-4.801516e-13
-4.792018e-13
-4.782502e-13
-4.772968e-13
-4.763417e-13
-4.753848e-13
-4.744262e-13
-4.734659e-13
-4.725038e-13
-4.715401e-13
-4.705747e-13
-4.696076e-13
-4.686388e-13
-4.676683e-13
-4.666963e-13
-4.657226e-13
-4.647472e-13
-4.637703e-13
-4.627918e-13
-4.618116e-13
-4.608300e-13
-4.598467e-13
-4.588619e-13
-4.578756e-13
-4.568877e-13
-4.558983e-13
-4.549074e-13
-4.539150e-13
-4.529212e-13
-4.519259e-13
-4.509291e-13
-4.499309e-13
-4.489312e-13
-4.479301e-13
-4.469276e-13
-4.459237e-13
-4.449185e-13
-4.439118e-13
-4.429038e-13
-4.418945e-13
-4.408838e-13
-4.398718e-13
-4.388585e-13
-4.378438e-13
-4.368279e-13
-4.358107e-13
-4.347923e-13
-4.337726e-13
-4.327516e-13
-4.317294e-13
-4.307060e-13
-4.296814e-13
-4.286556e-13
-4.276286e-13
-4.266005e-13
-4.255712e-13
-4.245407e-13
-4.235092e-13
-4.224765e-13
-4.214427e-13
-4.204077e-13
-4.193718e-13
-4.183347e-13
-4.172966e-13
-4.162574e-13
-4.152172e-13
-4.141760e-13
-4.131337e-13
-4.120905e-13
-4.110463e-13
-4.100011e-13
-4.089549e-13
-4.079078e-13
-4.068597e-13
-4.058107e-13
-4.047609e-13
-4.037101e-13
-4.026584e-13
-4.016058e-13
-4.005524e-13
-3.994981e-13
-3.984430e-13
-3.973871e-13
-3.963303e-13
-3.952727e-13
-3.942144e-13
-3.931552e-13
-3.920953e-13
-3.910347e-13
-3.899733e-13
-3.889112e-13
-3.878483e-13
-3.867848e-13
-3.857205e-13
-3.846556e-13
-3.835900e-13
-3.825238e-13
-3.814569e-13
-3.803894e-13
-3.793212e-13
-3.782525e-13
-3.771831e-13
-3.761132e-13
-3.750427e-13
-3.739717e-13
-3.729001e-13
-3.718280e-13
-3.707553e-13
-3.696822e-13
-3.686085e-13
-3.675344e-13
-3.664598e-13
-3.653847e-13
-3.643092e-13
-3.632333e-13
-3.621569e-13
-3.610801e-13
-3.600030e-13
-3.589254e-13
-3.578475e-13
-3.567692e-13
-3.556906e-13
-3.546116e-13
-3.535323e-13
-3.524527e-13
-3.513728e-13
-3.502926e-13
-3.492122e-13
-3.481315e-13
-3.470505e-13
-3.459693e-13
-3.448879e-13
-3.438063e-13
-3.427244e-13
-3.416424e-13
-3.405602e-13
-3.394778e-13
-3.383953e-13
-3.373127e-13
-3.362299e-13
-3.351470e-13
-3.340641e-13
-3.329810e-13
-3.318979e-13
-3.308146e-13
-3.297314e-13
-3.286481e-13
-3.275648e-13
-3.264814e-13
-3.253981e-13
-3.243147e-13
-3.232314e-13
-3.221482e-13
-3.210649e-13
-3.199818e-13
-3.188987e-13
-3.178157e-13
-3.167327e-13
-3.156499e-13
-3.145672e-13
-3.134847e-13
-3.124023e-13
-3.113200e-13
-3.102380e-13
-3.091561e-13
-3.080744e-13
-3.069929e-13
-3.059116e-13
-3.048305e-13
-3.037497e-13
-3.026692e-13
-3.015889e-13
-3.005089e-13
-2.994292e-13
-2.983498e-13
-2.972707e-13
-2.961919e-13
-2.951135e-13
-2.940354e-13
-2.929577e-13
-2.918804e-13
-2.908034e-13
-2.897269e-13
-2.886507e-13
-2.875750e-13
-2.864998e-13
-2.854250e-13
-2.843506e-13
-2.832767e-13
-2.822033e-13
-2.811304e-13
-2.800580e-13
-2.789861e-13
-2.779148e-13
-2.768440e-13
-2.757738e-13
-2.747041e-13
-2.736350e-13
-2.725665e-13
-2.714986e-13
-2.704314e-13
-2.693647e-13
-2.682987e-13
-2.672334e-13
-2.661687e-13
-2.651047e-13
-2.640413e-13
-2.629787e-13
-2.619168e-13
-2.608556e-13
-2.597952e-13
-2.587355e-13
-2.576765e-13
-2.566184e-13
-2.555610e-13
-2.545044e-13
-2.534486e-13
-2.523936e-13
-2.513395e-13
-2.502862e-13
-2.492337e-13
-2.481821e-13
-2.471314e-13
-2.460816e-13
-2.450327e-13
-2.439847e-13
-2.429376e-13
-2.418915e-13
-2.408463e-13
-2.398020e-13
-2.387587e-13
-2.377164e-13
-2.366751e-13
-2.356348e-13
-2.345956e-13
-2.335573e-13
-2.325201e-13
-2.314839e-13
-2.304488e-13
-2.294148e-13
-2.283818e-13
-2.273500e-13
-2.263192e-13
-2.252896e-13
-2.242611e-13
-2.232337e-13
-2.222075e-13
-2.211825e-13
-2.201586e-13
-2.191359e-13
-2.181144e-13
-2.170942e-13
-2.160751e-13
-2.150573e-13
-2.140407e-13
-2.130254e-13
-2.120113e-13
-2.109985e-13
-2.099870e-13
-2.089768e-13
-2.079679e-13
-2.069604e-13
-2.059541e-13
-2.049492e-13
-2.039457e-13
-2.029435e-13
-2.019427e-13
-2.009433e-13
-1.999452e-13
-1.989486e-13
-1.979534e-13
-1.969597e-13
-1.959673e-13
-1.949765e-13
-1.939871e-13
-1.929991e-13
-1.920127e-13
-1.910277e-13
-1.900443e-13
-1.890623e-13
-1.880819e-13
-1.871031e-13
-1.861258e-13
-1.851500e-13
-1.841758e-13
-1.832032e-13
-1.822322e-13
-1.812628e-13
-1.802950e-13
-1.793288e-13
-1.783643e-13
-1.774014e-13
-1.764401e-13
-1.754805e-13
-1.745226e-13
-1.735664e-13
-1.726119e-13
-1.716591e-13
-1.707080e-13
-1.697586e-13
-1.688110e-13
-1.678651e-13
-1.669210e-13
-1.659786e-13
-1.650380e-13
-1.640993e-13
-1.631623e-13
-1.622271e-13
-1.612937e-13
-1.603622e-13
-1.594325e-13
-1.585047e-13
-1.575787e-13
-1.566546e-13
-1.557324e-13
-1.548120e-13
-1.538936e-13
-1.529771e-13
-1.520625e-13
-1.511498e-13
-1.502391e-13
-1.493303e-13
-1.484235e-13
-1.475186e-13
-1.466157e-13
-1.457148e-13
-1.448159e-13
-1.439191e-13
-1.430242e-13
-1.421314e-13
-1.412406e-13
-1.403518e-13
-1.394651e-13
-1.385805e-13
-1.376980e-13
-1.368175e-13
-1.359391e-13
-1.350629e-13
-1.341887e-13
-1.333167e-13
-1.324468e-13
-1.315790e-13
-1.307134e-13
-1.298500e-13
-1.289887e-13
-1.281297e-13
-1.272728e-13
-1.264180e-13
-1.255656e-13
-1.247153e-13
-1.238672e-13
-1.230214e-13
-1.221778e-13
-1.213365e-13
-1.204974e-13
-1.196607e-13
-1.188262e-13
-1.179939e-13
-1.171640e-13
-1.163364e-13
-1.155111e-13
-1.146881e-13
-1.138675e-13
-1.130492e-13
-1.122332e-13
-1.114196e-13
-1.106084e-13
-1.097996e-13
-1.089931e-13
-1.081891e-13
-1.073874e-13
-1.065882e-13
-1.057913e-13
-1.049969e-13
-1.042050e-13
-1.034155e-13
-1.026284e-13
-1.018438e-13
-1.010617e-13
-1.002820e-13
-9.950486e-14
-9.873020e-14
-9.795804e-14
-9.718840e-14
-9.642127e-14
-9.565668e-14
-9.489462e-14
-9.413511e-14
-9.337815e-14
-9.262375e-14
-9.187193e-14
-9.112268e-14
-9.037601e-14
-8.963195e-14
-8.889048e-14
-8.815162e-14
-8.741538e-14
-8.668177e-14
-8.595079e-14
-8.522245e-14
-8.449676e-14
-8.377372e-14
-8.305335e-14
-8.233566e-14
-8.162064e-14
-8.090831e-14
-8.019867e-14
-7.949174e-14
-7.878752e-14
-7.808601e-14
-7.738723e-14
-7.669118e-14
-7.599788e-14
-7.530731e-14
-7.461951e-14
-7.393447e-14
-7.325219e-14
-7.257269e-14
-7.189598e-14
-7.122206e-14
-7.055093e-14
-6.988261e-14
-6.921710e-14
-6.855441e-14
-6.789455e-14
-6.723753e-14
-6.658334e-14
-6.593200e-14
-6.528351e-14
-6.463789e-14
-6.399513e-14
-6.335525e-14
-6.271825e-14
-6.208414e-14
-6.145293e-14
-6.082461e-14
-6.019921e-14
-5.957672e-14
-5.895715e-14
-5.834051e-14
-5.772681e-14
-5.711605e-14
-5.650823e-14
-5.590337e-14
-5.530147e-14
-5.470254e-14
-5.410658e-14
-5.351361e-14
-5.292362e-14
-5.233662e-14
-5.175262e-14
-5.117162e-14
-5.059364e-14
-5.001867e-14
-4.944672e-14
-4.887781e-14
-4.831193e-14
-4.774909e-14
-4.718930e-14
-4.663256e-14
-4.607889e-14
-4.552827e-14
-4.498073e-14
-4.443626e-14
-4.389488e-14
-4.335658e-14
-4.282138e-14
-4.228928e-14
-4.176028e-14
-4.123440e-14
-4.071163e-14
-4.019198e-14
-3.967546e-14
-3.916207e-14
-3.865182e-14
-3.814471e-14
-3.764076e-14
-3.713995e-14
-3.664231e-14
-3.614783e-14
-3.565652e-14
-3.516839e-14
-3.468343e-14
-3.420167e-14
-3.372309e-14
-3.324771e-14
-3.277552e-14
-3.230655e-14
-3.184078e-14
-3.137823e-14
-3.091891e-14
-3.046280e-14
-3.000993e-14
-2.956029e-14
-2.911389e-14
-2.867073e-14
-2.823083e-14
-2.779417e-14
-2.736078e-14
-2.693065e-14
-2.650378e-14
-2.608019e-14
-2.565987e-14
-2.524284e-14
-2.482909e-14
-2.441863e-14
-2.401146e-14
-2.360759e-14
-2.320702e-14
-2.280976e-14
-2.241581e-14
-2.202518e-14
-2.163786e-14
-2.125387e-14
-2.087320e-14
-2.049587e-14
-2.012187e-14
-1.975120e-14
-1.938389e-14
-1.901992e-14
-1.865930e-14
-1.830203e-14
-1.794812e-14
-1.759757e-14
-1.725039e-14
-1.690658e-14
-1.656614e-14
-1.622908e-14
-1.589540e-14
-1.556510e-14
-1.523819e-14
-1.491467e-14
-1.459454e-14
-1.427781e-14
-1.396448e-14
-1.365456e-14
-1.334804e-14
-1.304493e-14
-1.274523e-14
-1.244896e-14
-1.215610e-14
-1.186666e-14
-1.158065e-14
-1.129807e-14
-1.101892e-14
-1.074321e-14
-1.047093e-14
-1.020209e-14
-9.936700e-15
-9.674753e-15
-9.416255e-15
-9.161208e-15
-8.909616e-15
-8.661481e-15
-8.416805e-15
-8.175591e-15
-7.937842e-15
-7.703560e-15
-7.472748e-15
-7.245408e-15
-7.021542e-15
-6.801153e-15
-6.584243e-15
-6.370814e-15
-6.160869e-15
-5.954410e-15
-5.751438e-15
-5.551957e-15
-5.355968e-15
-5.163473e-15
-4.974474e-15
-4.788974e-15
-4.606974e-15
-4.428475e-15
-4.253481e-15
-4.081993e-15
-3.914012e-15
-3.749541e-15
-3.588581e-15
-3.431133e-15
-3.277200e-15
-3.126783e-15
-2.979884e-15
-2.836503e-15
-2.696644e-15
-2.560306e-15
-2.427493e-15
-2.298204e-15
-2.172441e-15
-2.050206e-15
-1.931500e-15
-1.816325e-15
-1.704680e-15
-1.596568e-15
-1.491990e-15
-1.390947e-15
-1.293439e-15
-1.199468e-15
-1.109035e-15
-1.022141e-15
-9.387868e-16
-8.589730e-16
-7.827006e-16
-7.099704e-16
-6.407832e-16
-5.751397e-16
-5.130406e-16
-4.544866e-16
-3.994782e-16
-3.480160e-16
-3.001006e-16
-2.557325e-16
-2.149121e-16
-1.776399e-16
-1.439162e-16
-1.137415e-16
-8.711597e-17
-6.403997e-17
-4.451372e-17
-2.853743e-17
-1.611127e-17
-7.235355e-18
-1.909789e-18
-1.346263e-19
