1.413693e-12
1.413691e-12
1.413684e-12
1.413672e-12
1.413655e-12
1.413634e-12
1.413608e-12
1.413578e-12
1.413542e-12
1.413502e-12
1.413458e-12
1.413408e-12
1.413354e-12
1.413295e-12
1.413232e-12
1.413164e-12
1.413091e-12
1.413013e-12
1.412931e-12
1.412844e-12
1.412752e-12
1.412656e-12
1.412555e-12
1.412449e-12
1.412339e-12
1.412223e-12
1.412104e-12
1.411979e-12
1.411850e-12
1.411716e-12
1.411578e-12
1.411434e-12
1.411286e-12
1.411134e-12
1.410977e-12
1.410815e-12
1.410648e-12
1.410477e-12
1.410301e-12
1.410120e-12
1.409935e-12
1.409745e-12
1.409551e-12
1.409352e-12
1.409148e-12
1.408939e-12
1.408726e-12
1.408508e-12
1.408286e-12
1.408059e-12
1.407827e-12
1.407591e-12
1.407350e-12
1.407104e-12
1.406854e-12
1.406599e-12
1.406340e-12
1.406076e-12
1.405807e-12
1.405534e-12
1.405256e-12
1.404974e-12
1.404687e-12
1.404395e-12
1.404099e-12
1.403798e-12
1.403493e-12
1.403183e-12
1.402868e-12
1.402549e-12
1.402226e-12
1.401898e-12
1.401565e-12
1.401228e-12
1.400886e-12
1.400539e-12
1.400189e-12
1.399833e-12
1.399473e-12
1.399109e-12
1.398740e-12
1.398366e-12
1.397988e-12
1.397606e-12
1.397219e-12
1.396827e-12
1.396431e-12
1.396031e-12
1.395626e-12
1.395216e-12
1.394803e-12
1.394384e-12
1.393961e-12
1.393534e-12
1.393102e-12
1.392666e-12
1.392226e-12
1.391781e-12
1.391331e-12
1.390878e-12
1.390419e-12
1.389957e-12
1.389490e-12
1.389018e-12
1.388542e-12
1.388062e-12
1.387578e-12
1.387089e-12
1.386595e-12
1.386098e-12
1.385596e-12
1.385089e-12
1.384579e-12
1.384064e-12
1.383544e-12
1.383021e-12
1.382493e-12
1.381961e-12
1.381424e-12
1.380883e-12
1.380338e-12
1.379789e-12
1.379235e-12
1.378677e-12
1.378115e-12
1.377549e-12
1.376978e-12
1.376403e-12
1.375824e-12
1.375241e-12
1.374653e-12
1.374061e-12
1.373465e-12
1.372865e-12
1.372261e-12
1.371653e-12
1.371040e-12
1.370423e-12
1.369802e-12
1.369177e-12
1.368548e-12
1.367915e-12
1.367277e-12
1.366636e-12
1.365990e-12
1.365340e-12
1.364687e-12
1.364029e-12
1.363367e-12
1.362701e-12
1.362031e-12
1.361357e-12
1.360679e-12
1.359997e-12
1.359310e-12
1.358620e-12
1.357926e-12
1.357228e-12
1.356526e-12
1.355820e-12
1.355110e-12
1.354396e-12
1.353678e-12
1.352956e-12
1.352230e-12
1.351501e-12
1.350767e-12
1.350030e-12
1.349288e-12
1.348543e-12
1.347794e-12
1.347041e-12
1.346284e-12
1.345524e-12
1.344759e-12
1.343991e-12
1.343219e-12
1.342443e-12
1.341663e-12
1.340880e-12
1.340093e-12
1.339302e-12
1.338507e-12
1.337709e-12
1.336906e-12
1.336101e-12
1.335291e-12
1.334478e-12
1.333661e-12
1.332840e-12
1.332016e-12
1.331188e-12
1.330356e-12
1.329521e-12
1.328682e-12
1.327840e-12
1.326994e-12
1.326144e-12
1.325291e-12
1.324434e-12
1.323574e-12
1.322710e-12
1.321842e-12
1.320971e-12
1.320097e-12
1.319219e-12
1.318337e-12
1.317452e-12
1.316564e-12
1.315672e-12
1.314777e-12
1.313878e-12
1.312976e-12
1.312070e-12
1.311161e-12
1.310249e-12
1.309333e-12
1.308414e-12
1.307492e-12
1.306566e-12
1.305637e-12
1.304704e-12
1.303768e-12
1.302829e-12
1.301887e-12
1.300942e-12
1.299993e-12
1.299041e-12
1.298085e-12
1.297127e-12
1.296165e-12
1.295200e-12
1.294232e-12
1.293261e-12
1.292286e-12
1.291308e-12
1.290328e-12
1.289344e-12
1.288357e-12
1.287367e-12
1.286374e-12
1.285377e-12
1.284378e-12
1.283376e-12
1.282370e-12
1.281362e-12
1.280350e-12
1.279336e-12
1.278319e-12
1.277298e-12
1.276275e-12
1.275249e-12
1.274220e-12
1.273187e-12
1.272152e-12
1.271114e-12
1.270074e-12
1.269030e-12
1.267983e-12
1.266934e-12
1.265882e-12
1.264827e-12
1.263769e-12
1.262709e-12
1.261645e-12
1.260579e-12
1.259510e-12
1.258439e-12
1.257364e-12
1.256287e-12
1.255208e-12
1.254125e-12
1.253040e-12
1.251953e-12
1.250862e-12
1.249769e-12
1.248674e-12
1.247575e-12
1.246475e-12
1.245371e-12
1.244265e-12
1.243157e-12
1.242046e-12
1.240933e-12
1.239817e-12
1.238698e-12
1.237577e-12
1.236454e-12
1.235328e-12
1.234200e-12
1.233069e-12
1.231936e-12
1.230801e-12
1.229663e-12
1.228523e-12
1.227380e-12
1.226235e-12
1.225088e-12
1.223939e-12
1.222787e-12
1.221633e-12
1.220477e-12
1.219318e-12
1.218157e-12
1.216994e-12
1.215829e-12
1.214662e-12
1.213492e-12
1.212321e-12
1.211147e-12
1.209971e-12
1.208793e-12
1.207613e-12
1.206430e-12
1.205246e-12
1.204060e-12
1.202871e-12
1.201681e-12
1.200488e-12
1.199294e-12
1.198098e-12
1.196899e-12
1.195699e-12
1.194497e-12
1.193292e-12
1.192086e-12
1.190878e-12
1.189669e-12
1.188457e-12
1.187243e-12
1.186028e-12
1.184811e-12
1.183592e-12
1.182371e-12
1.181148e-12
1.179924e-12
1.178698e-12
1.177470e-12
1.176241e-12
1.175010e-12
1.173777e-12
1.172542e-12
1.171306e-12
1.170068e-12
1.168829e-12
1.167588e-12
1.166345e-12
1.165101e-12
1.163856e-12
1.162608e-12
1.161360e-12
1.160109e-12
1.158857e-12
1.157604e-12
1.156349e-12
1.155093e-12
1.153836e-12
1.152577e-12
1.151316e-12
1.150054e-12
1.148791e-12
1.147527e-12
1.146261e-12
1.144994e-12
1.143725e-12
1.142455e-12
1.141184e-12
1.139912e-12
1.138638e-12
1.137363e-12
1.136087e-12
1.134810e-12
1.133532e-12
1.132252e-12
1.130971e-12
1.129689e-12
1.128406e-12
1.127122e-12
1.125837e-12
1.124551e-12
1.123264e-12
1.121975e-12
1.120686e-12
1.119395e-12
1.118104e-12
1.116812e-12
1.115518e-12
1.114224e-12
1.112929e-12
1.111633e-12
1.110336e-12
1.109038e-12
1.107739e-12
1.106439e-12
1.105139e-12
1.103837e-12
1.102535e-12
1.101232e-12
1.099929e-12
1.098624e-12
1.097319e-12
1.096013e-12
1.094706e-12
1.093399e-12
1.092091e-12
1.090782e-12
1.089473e-12
1.088163e-12
1.086853e-12
1.085541e-12
1.084230e-12
1.082917e-12
1.081604e-12
1.080291e-12
1.078977e-12
1.077663e-12
1.076348e-12
1.075032e-12
1.073716e-12
1.072400e-12
1.071083e-12
1.069766e-12
1.068449e-12
1.067131e-12
1.065812e-12
1.064494e-12
1.063175e-12
1.061856e-12
1.060536e-12
1.059216e-12
1.057896e-12
1.056576e-12
1.055255e-12
1.053934e-12
1.052613e-12
1.051292e-12
1.049970e-12
1.048649e-12
1.047327e-12
1.046005e-12
1.044683e-12
1.043361e-12
1.042039e-12
1.040717e-12
1.039395e-12
1.038072e-12
1.036750e-12
1.035428e-12
1.034105e-12
1.032783e-12
1.031461e-12
1.030139e-12
1.028817e-12
1.027495e-12
1.026173e-12
1.024851e-12
1.023530e-12
1.022208e-12
1.020887e-12
1.019566e-12
1.018245e-12
1.016924e-12
1.015604e-12
1.014284e-12
1.012964e-12
1.011644e-12
1.010325e-12
1.009006e-12
1.007687e-12
1.006368e-12
1.005050e-12
1.003733e-12
1.002416e-12
1.001099e-12
9.997823e-13
9.984663e-13
9.971507e-13
9.958356e-13
9.945210e-13
9.932069e-13
9.918933e-13
9.905803e-13
9.892678e-13
9.879558e-13
9.866444e-13
9.853336e-13
9.840234e-13
9.827138e-13
9.814049e-13
9.800966e-13
9.787889e-13
9.774820e-13
9.761757e-13
9.748702e-13
9.735654e-13
9.722613e-13
9.709579e-13
9.696554e-13
9.683536e-13
9.670526e-13
9.657525e-13
9.644532e-13
9.631547e-13
9.618571e-13
9.605603e-13
9.592645e-13
9.579695e-13
9.566755e-13
9.553824e-13
9.540902e-13
9.527991e-13
9.515089e-13
9.502197e-13
9.489315e-13
9.476443e-13
9.463582e-13
9.450731e-13
9.437891e-13
9.425062e-13
9.412243e-13
9.399436e-13
9.386640e-13
9.373856e-13
9.361083e-13
9.348322e-13
9.335572e-13
9.322835e-13
9.310110e-13
9.297397e-13
9.284696e-13
9.272008e-13
9.259333e-13
9.246671e-13
9.234022e-13
9.221385e-13
9.208762e-13
9.196153e-13
9.183557e-13
9.170975e-13
9.158407e-13
9.145852e-13
9.133312e-13
9.120786e-13
9.108275e-13
9.095778e-13
9.083296e-13
9.070829e-13
9.058376e-13
9.045939e-13
9.033517e-13
9.021111e-13
9.008720e-13
8.996345e-13
8.983985e-13
8.971642e-13
8.959314e-13
8.947003e-13
8.934708e-13
8.922430e-13
8.910169e-13
8.897924e-13
8.885696e-13
8.873485e-13
8.861291e-13
8.849115e-13
8.836956e-13
8.824815e-13
8.812691e-13
8.800586e-13
8.788498e-13
8.776428e-13
8.764377e-13
8.752344e-13
8.740330e-13
8.728334e-13
8.716357e-13
8.704399e-13
8.692460e-13
8.680541e-13
8.668640e-13
8.656759e-13
8.644898e-13
8.633056e-13
8.621234e-13
8.609433e-13
8.597651e-13
8.585889e-13
8.574148e-13
8.562427e-13
8.550727e-13
8.539048e-13
8.527389e-13
8.515752e-13
8.504135e-13
8.492540e-13
8.480966e-13
8.469414e-13
8.457883e-13
8.446374e-13
8.434887e-13
8.423422e-13
8.411979e-13
8.400558e-13
8.389160e-13
8.377784e-13
8.366431e-13
8.355100e-13
8.343792e-13
8.332507e-13
8.321246e-13
8.310007e-13
8.298792e-13
8.287600e-13
8.276432e-13
8.265287e-13
8.254167e-13
8.243070e-13
8.231997e-13
8.220948e-13
8.209924e-13
8.198924e-13
8.187949e-13
8.176998e-13
8.166072e-13
8.155170e-13
8.144294e-13
8.133443e-13
8.122617e-13
8.111816e-13
8.101040e-13
8.090291e-13
8.079566e-13
8.068868e-13
8.058195e-13
8.047549e-13
8.036928e-13
8.026334e-13
8.015766e-13
8.005224e-13
7.994709e-13
7.984221e-13
7.973759e-13
7.963324e-13
7.952916e-13
7.942535e-13
7.932182e-13
7.921855e-13
7.911556e-13
7.901285e-13
7.891041e-13
7.880825e-13
7.870636e-13
7.860476e-13
7.850343e-13
7.840239e-13
7.830162e-13
7.820114e-13
7.810095e-13
7.800104e-13
7.790142e-13
7.780208e-13
7.770303e-13
7.760427e-13
7.750580e-13
7.740763e-13
7.730974e-13
7.721215e-13
7.711485e-13
7.701785e-13
7.692114e-13
7.682473e-13
7.672862e-13
7.663280e-13
7.653729e-13
7.644208e-13
7.634716e-13
7.625256e-13
7.615825e-13
7.606425e-13
7.597056e-13
7.587717e-13
7.578409e-13
7.569131e-13
7.559885e-13
7.550670e-13
7.541485e-13
7.532332e-13
7.523210e-13
7.514120e-13
7.505061e-13
7.496033e-13
7.487037e-13
7.478073e-13
7.469141e-13
7.460240e-13
7.451371e-13
7.442535e-13
7.433730e-13
7.424958e-13
7.416218e-13
7.407511e-13
7.398836e-13
7.390193e-13
7.381583e-13
7.373006e-13
7.364462e-13
7.355950e-13
7.347472e-13
7.339026e-13
7.330613e-13
7.322234e-13
7.313888e-13
7.305575e-13
7.297296e-13
7.289050e-13
7.280838e-13
7.272659e-13
7.264515e-13
7.256404e-13
7.248326e-13
7.240283e-13
7.232274e-13
7.224298e-13
7.216357e-13
7.208451e-13
7.200578e-13
7.192740e-13
7.184936e-13
7.177167e-13
7.169432e-13
7.161732e-13
7.154067e-13
7.146437e-13
7.138841e-13
7.131280e-13
7.123754e-13
7.116264e-13
7.108808e-13
7.101388e-13
7.094003e-13
7.086653e-13
7.079338e-13
7.072059e-13
7.064816e-13
7.057608e-13
7.050435e-13
7.043299e-13
7.036198e-13
7.029132e-13
7.022103e-13
7.015110e-13
7.008152e-13
7.001231e-13
6.994346e-13
6.987497e-13
6.980684e-13
6.973907e-13
6.967167e-13
6.960463e-13
6.953795e-13
6.947164e-13
6.940570e-13
6.934012e-13
6.927490e-13
6.921006e-13
6.914558e-13
6.908147e-13
6.901773e-13
6.895435e-13
6.889135e-13
6.882872e-13
6.876645e-13
6.870456e-13
6.864304e-13
6.858189e-13
6.852112e-13
6.846071e-13
6.840068e-13
6.834103e-13
6.828175e-13
6.822284e-13
6.816431e-13
6.810615e-13
6.804837e-13
6.799096e-13
6.793394e-13
6.787728e-13
6.782101e-13
6.776512e-13
6.770960e-13
6.765446e-13
6.759970e-13
6.754532e-13
6.749133e-13
6.743771e-13
6.738447e-13
6.733161e-13
6.727914e-13
6.722704e-13
6.717533e-13
6.712400e-13
6.707306e-13
6.702249e-13
6.697231e-13
6.692252e-13
6.687311e-13
6.682408e-13
6.677544e-13
6.672718e-13
6.667931e-13
6.663182e-13
6.658472e-13
6.653800e-13
6.649168e-13
6.644573e-13
6.640018e-13
6.635501e-13
6.631023e-13
6.626584e-13
6.622184e-13
6.617822e-13
6.613500e-13
6.609216e-13
6.604971e-13
6.600765e-13
6.596598e-13
6.592470e-13
6.588381e-13
6.584331e-13
6.580320e-13
6.576348e-13
6.572415e-13
6.568521e-13
6.564667e-13
6.560851e-13
6.557074e-13
6.553337e-13
6.549639e-13
6.545980e-13
6.542360e-13
6.538780e-13
6.535238e-13
6.531736e-13
6.528274e-13
6.524850e-13
6.521466e-13
6.518121e-13
6.514815e-13
6.511549e-13
6.508322e-13
6.505134e-13
6.501986e-13
6.498877e-13
6.495807e-13
6.492777e-13
6.489786e-13
6.486834e-13
6.483922e-13
6.481049e-13
6.478216e-13
6.475422e-13
6.472668e-13
6.469952e-13
6.467277e-13
6.464640e-13
6.462044e-13
6.459486e-13
6.456968e-13
6.454489e-13
6.452050e-13
6.449650e-13
6.447290e-13
6.444969e-13
6.442687e-13
6.440445e-13
6.438243e-13
6.436079e-13
6.433955e-13
6.431871e-13
6.429826e-13
6.427820e-13
6.425854e-13
6.423927e-13
6.422039e-13
6.420191e-13
6.418382e-13
6.416613e-13
6.414883e-13
6.413192e-13
6.411540e-13
6.409928e-13
6.408355e-13
6.406822e-13
6.405328e-13
6.403873e-13
6.402457e-13
6.401080e-13
6.399743e-13
6.398445e-13
6.397186e-13
6.395966e-13
6.394786e-13
6.393645e-13
6.392543e-13
6.391479e-13
6.390455e-13
6.389471e-13
6.388525e-13
6.387618e-13
6.386750e-13
6.385922e-13
6.385132e-13
6.384381e-13
6.383670e-13
6.382997e-13
6.382363e-13
6.381768e-13
6.381212e-13
6.380695e-13
6.380216e-13
6.379777e-13
6.379376e-13
6.379014e-13
6.378690e-13
6.378405e-13
6.378159e-13
6.377952e-13
6.377783e-13
6.377653e-13
6.377561e-13
6.377508e-13
6.377494e-13
6.377518e-13
6.377580e-13
6.377681e-13
6.377820e-13
6.377998e-13
6.378213e-13
6.378467e-13
6.378760e-13
6.379090e-13
6.379459e-13
6.379866e-13
6.380311e-13
6.380794e-13
6.381316e-13
6.381875e-13
6.382472e-13
6.383107e-13
6.383780e-13
6.384491e-13
6.385240e-13
6.386027e-13
6.386851e-13
6.387713e-13
6.388613e-13
6.389550e-13
6.390525e-13
6.391538e-13
6.392588e-13
6.393675e-13
6.394800e-13
6.395962e-13
6.397162e-13
6.398399e-13
6.399673e-13
6.400985e-13
6.402333e-13
6.403719e-13
6.405142e-13
6.406602e-13
6.408098e-13
6.409632e-13
6.411203e-13
6.412810e-13
6.414454e-13
6.416136e-13
6.417853e-13
6.419608e-13
6.421399e-13
6.423226e-13
6.425090e-13
6.426991e-13
6.428927e-13
6.430901e-13
6.432910e-13
6.434956e-13
6.437038e-13
6.439156e-13
6.441310e-13
6.443500e-13
6.445726e-13
6.447988e-13
6.450286e-13
6.452620e-13
6.454989e-13
6.457395e-13
6.459835e-13
6.462312e-13
6.464824e-13
6.467371e-13
6.469954e-13
6.472572e-13
6.475225e-13
6.477914e-13
6.480637e-13
6.483396e-13
6.486190e-13
6.489019e-13
6.491883e-13
6.494782e-13
6.497715e-13
6.500683e-13
6.503686e-13
6.506723e-13
6.509795e-13
6.512902e-13
6.516043e-13
6.519218e-13
6.522427e-13
6.525671e-13
6.528949e-13
6.532261e-13
6.535607e-13
6.538987e-13
6.542401e-13
6.545848e-13
6.549330e-13
6.552845e-13
6.556393e-13
6.559976e-13
6.563591e-13
6.567240e-13
6.570923e-13
6.574638e-13
6.578387e-13
6.582169e-13
6.585984e-13
6.589832e-13
6.593713e-13
6.597626e-13
6.601573e-13
6.605552e-13
6.609563e-13
6.613608e-13
6.617684e-13
6.621793e-13
6.625935e-13
6.630108e-13
6.634314e-13
6.638552e-13
6.642822e-13
6.647123e-13
6.651457e-13
6.655822e-13
6.660219e-13
6.664648e-13
6.669108e-13
6.673599e-13
6.678122e-13
6.682677e-13
6.687262e-13
6.691879e-13
6.696526e-13
6.701205e-13
6.705914e-13
6.710655e-13
6.715426e-13
6.720227e-13
6.725060e-13
6.729922e-13
6.734815e-13
6.739739e-13
6.744692e-13
6.749676e-13
6.754690e-13
6.759734e-13
6.764807e-13
6.769911e-13
6.775044e-13
6.780207e-13
6.785399e-13
6.790621e-13
6.795872e-13
6.801153e-13
6.806462e-13
6.811801e-13
6.817169e-13
6.822566e-13
6.827991e-13
6.833446e-13
6.838929e-13
6.844440e-13
6.849980e-13
6.855549e-13
6.861145e-13
6.866770e-13
6.872423e-13
6.878105e-13
6.883814e-13
6.889551e-13
6.895315e-13
6.901107e-13
6.906927e-13
6.912775e-13
6.918650e-13
6.924552e-13
6.930481e-13
6.936437e-13
6.942421e-13
6.948431e-13
6.954468e-13
6.960532e-13
6.966622e-13
6.972739e-13
6.978883e-13
6.985052e-13
6.991248e-13
6.997471e-13
7.003719e-13
7.009993e-13
7.016293e-13
7.022619e-13
7.028970e-13
7.035348e-13
7.041750e-13
7.048178e-13
7.054631e-13
7.061109e-13
7.067613e-13
7.074141e-13
7.080694e-13
7.087273e-13
7.093875e-13
7.100503e-13
7.107154e-13
7.113830e-13
7.120531e-13
7.127255e-13
7.134004e-13
7.140777e-13
7.147573e-13
7.154393e-13
7.161237e-13
7.168105e-13
7.174996e-13
7.181910e-13
7.188847e-13
7.195808e-13
7.202792e-13
7.209799e-13
7.216828e-13
7.223880e-13
7.230955e-13
7.238052e-13
7.245172e-13
7.252314e-13
7.259479e-13
7.266665e-13
7.273873e-13
7.281104e-13
7.288356e-13
7.295630e-13
7.302925e-13
7.310242e-13
7.317580e-13
7.324939e-13
7.332320e-13
7.339721e-13
7.347144e-13
7.354587e-13
7.362051e-13
7.369536e-13
7.377041e-13
7.384567e-13
7.392112e-13
7.399678e-13
7.407264e-13
7.414870e-13
7.422496e-13
7.430142e-13
7.437807e-13
7.445492e-13
7.453196e-13
7.460919e-13
7.468662e-13
7.476424e-13
7.484204e-13
7.492004e-13
7.499822e-13
7.507659e-13
7.515514e-13
7.523388e-13
7.531280e-13
7.539190e-13
7.547119e-13
7.555065e-13
7.563029e-13
7.571011e-13
7.579011e-13
7.587028e-13
7.595062e-13
7.603114e-13
7.611183e-13
7.619269e-13
7.627372e-13
7.635491e-13
7.643628e-13
7.651781e-13
7.659951e-13
7.668137e-13
7.676339e-13
7.684557e-13
7.692792e-13
7.701042e-13
7.709308e-13
7.717590e-13
7.725887e-13
7.734200e-13
7.742528e-13
7.750872e-13
7.759230e-13
7.767604e-13
7.775992e-13
7.784396e-13
7.792814e-13
7.801246e-13
7.809693e-13
7.818154e-13
7.826630e-13
7.835119e-13
7.843622e-13
7.852140e-13
7.860671e-13
7.869215e-13
7.877773e-13
7.886345e-13
7.894930e-13
7.903528e-13
7.912139e-13
7.920762e-13
7.929399e-13
7.938048e-13
7.946710e-13
7.955385e-13
7.964071e-13
7.972770e-13
7.981481e-13
7.990204e-13
7.998939e-13
8.007685e-13
8.016444e-13
8.025213e-13
8.033994e-13
8.042787e-13
8.051590e-13
8.060405e-13
8.069230e-13
8.078066e-13
8.086913e-13
8.095771e-13
8.104638e-13
8.113517e-13
8.122405e-13
8.131304e-13
8.140212e-13
8.149130e-13
8.158058e-13
8.166996e-13
8.175943e-13
8.184900e-13
8.193865e-13
8.202840e-13
8.211824e-13
8.220817e-13
8.229819e-13
8.238829e-13
8.247848e-13
8.256875e-13
8.265910e-13
8.274954e-13
8.284006e-13
8.293065e-13
8.302133e-13
8.311208e-13
8.320291e-13
8.329381e-13
8.338479e-13
8.347584e-13
8.356696e-13
8.365815e-13
8.374940e-13
8.384073e-13
8.393212e-13
8.402358e-13
8.411510e-13
8.420668e-13
8.429833e-13
8.439003e-13
8.448180e-13
8.457362e-13
8.466550e-13
8.475743e-13
8.484942e-13
8.494146e-13
8.503356e-13
8.512570e-13
8.521790e-13
8.531014e-13
8.540243e-13
8.549477e-13
8.558715e-13
8.567957e-13
8.577204e-13
8.586455e-13
8.595709e-13
8.604968e-13
8.614231e-13
8.623497e-13
8.632766e-13
8.642039e-13
8.651315e-13
8.660595e-13
8.669877e-13
8.679163e-13
8.688451e-13
8.697742e-13
8.707035e-13
8.716331e-13
8.725630e-13
8.734930e-13
8.744233e-13
8.753537e-13
8.762844e-13
8.772152e-13
8.781461e-13
8.790773e-13
8.800085e-13
8.809399e-13
8.818714e-13
8.828030e-13
8.837347e-13
8.846665e-13
8.855983e-13
8.865302e-13
8.874622e-13
8.883941e-13
8.893261e-13
8.902581e-13
8.911901e-13
8.921221e-13
8.930540e-13
8.939859e-13
8.949178e-13
8.958496e-13
8.967813e-13
8.977130e-13
8.986445e-13
8.995759e-13
9.005072e-13
9.014384e-13
9.023694e-13
9.033003e-13
9.042310e-13
9.051615e-13
9.060918e-13
9.070219e-13
9.079518e-13
9.088815e-13
9.098110e-13
9.107401e-13
9.116691e-13
9.125977e-13
9.135261e-13
9.144542e-13
9.153819e-13
9.163094e-13
9.172365e-13
9.181632e-13
9.190896e-13
9.200157e-13
9.209413e-13
9.218666e-13
9.227915e-13
9.237160e-13
9.246400e-13
9.255636e-13
9.264868e-13
9.274094e-13
9.283317e-13
9.292534e-13
9.301747e-13
9.310954e-13
9.320156e-13
9.329353e-13
9.338545e-13
9.347731e-13
9.356912e-13
9.366086e-13
9.375255e-13
9.384418e-13
9.393575e-13
9.402726e-13
9.411870e-13
9.421008e-13
9.430140e-13
9.439265e-13
9.448383e-13
9.457494e-13
9.466598e-13
9.475696e-13
9.484786e-13
9.493868e-13
9.502944e-13
9.512011e-13
9.521071e-13
9.530124e-13
9.539168e-13
9.548205e-13
9.557233e-13
9.566253e-13
9.575265e-13
9.584269e-13
9.593264e-13
9.602250e-13
9.611227e-13
9.620196e-13
9.629156e-13
9.638107e-13
9.647048e-13
9.655980e-13
9.664903e-13
9.673816e-13
9.682720e-13
9.691614e-13
9.700498e-13
9.709372e-13
9.718236e-13
9.727090e-13
9.735933e-13
9.744767e-13
9.753589e-13
9.762401e-13
9.771203e-13
9.779993e-13
9.788773e-13
9.797542e-13
9.806299e-13
9.815046e-13
9.823780e-13
9.832504e-13
9.841216e-13
9.849916e-13
9.858605e-13
9.867281e-13
9.875946e-13
9.884599e-13
9.893239e-13
9.901867e-13
9.910483e-13
9.919086e-13
9.927677e-13
9.936255e-13
9.944820e-13
9.953372e-13
9.961911e-13
9.970437e-13
9.978950e-13
9.987449e-13
9.995936e-13
1.000441e-12
1.001287e-12
1.002131e-12
1.002974e-12
1.003816e-12
1.004656e-12
1.005495e-12
1.006333e-12
1.007169e-12
1.008004e-12
1.008837e-12
1.009668e-12
1.010499e-12
1.011327e-12
1.012155e-12
1.012980e-12
1.013805e-12
1.014627e-12
1.015448e-12
1.016268e-12
1.017086e-12
1.017903e-12
1.018718e-12
1.019531e-12
1.020343e-12
1.021153e-12
1.021962e-12
1.022768e-12
1.023574e-12
1.024377e-12
1.025179e-12
1.025980e-12
1.026778e-12
1.027575e-12
1.028371e-12
1.029164e-12
1.029956e-12
1.030747e-12
1.031535e-12
1.032322e-12
1.033107e-12
1.033890e-12
1.034671e-12
1.035451e-12
1.036229e-12
1.037005e-12
1.037779e-12
1.038552e-12
1.039323e-12
1.040092e-12
1.040859e-12
1.041624e-12
1.042387e-12
1.043149e-12
1.043908e-12
1.044666e-12
1.045422e-12
1.046176e-12
1.046928e-12
1.047678e-12
1.048426e-12
1.049172e-12
1.049916e-12
1.050659e-12
1.051399e-12
1.052138e-12
1.052874e-12
1.053608e-12
1.054341e-12
1.055071e-12
1.055800e-12
1.056526e-12
1.057250e-12
1.057973e-12
1.058693e-12
1.059411e-12
1.060127e-12
1.060842e-12
1.061554e-12
1.062263e-12
1.062971e-12
1.063677e-12
1.064381e-12
1.065082e-12
1.065781e-12
1.066479e-12
1.067174e-12
1.067866e-12
1.068557e-12
1.069246e-12
1.069932e-12
1.070616e-12
1.071298e-12
1.071978e-12
1.072656e-12
1.073331e-12
1.074004e-12
1.074675e-12
1.075344e-12
1.076010e-12
1.076674e-12
1.077336e-12
1.077995e-12
1.078653e-12
1.079308e-12
1.079960e-12
1.080611e-12
1.081259e-12
1.081905e-12
1.082548e-12
1.083189e-12
1.083828e-12
1.084464e-12
1.085098e-12
1.085730e-12
1.086359e-12
1.086986e-12
1.087611e-12
1.088233e-12
1.088853e-12
1.089470e-12
1.090085e-12
1.090697e-12
1.091307e-12
1.091915e-12
1.092520e-12
1.093123e-12
1.093723e-12
1.094321e-12
1.094916e-12
1.095509e-12
1.096099e-12
1.096687e-12
1.097273e-12
1.097855e-12
1.098436e-12
1.099014e-12
1.099589e-12
1.100161e-12
1.100732e-12
1.101299e-12
1.101864e-12
1.102427e-12
1.102987e-12
1.103544e-12
1.104099e-12
1.104651e-12
1.105201e-12
1.105748e-12
1.106292e-12
1.106834e-12
1.107373e-12
1.107910e-12
1.108444e-12
1.108975e-12
1.109504e-12
1.110030e-12
1.110553e-12
1.111074e-12
1.111592e-12
1.112107e-12
1.112620e-12
1.113130e-12
1.113637e-12
1.114141e-12
1.114643e-12
1.115142e-12
1.115639e-12
1.116133e-12
1.116624e-12
1.117112e-12
1.117597e-12
1.118080e-12
1.118560e-12
1.119037e-12
1.119512e-12
1.119984e-12
1.120453e-12
1.120919e-12
1.121382e-12
1.121843e-12
1.122301e-12
1.122756e-12
1.123208e-12
1.123657e-12
1.124104e-12
1.124548e-12
1.124989e-12
1.125427e-12
1.125862e-12
1.126295e-12
1.126724e-12
1.127151e-12
1.127575e-12
1.127996e-12
1.128414e-12
1.128830e-12
1.129242e-12
1.129652e-12
1.130058e-12
1.130462e-12
1.130863e-12
1.131261e-12
1.131656e-12
1.132048e-12
1.132438e-12
1.132824e-12
1.133207e-12
1.133588e-12
1.133966e-12
1.134340e-12
1.134712e-12
1.135081e-12
1.135447e-12
1.135809e-12
1.136169e-12
1.136526e-12
1.136880e-12
1.137231e-12
1.137580e-12
1.137925e-12
1.138267e-12
1.138606e-12
1.138942e-12
1.139275e-12
1.139605e-12
1.139933e-12
1.140257e-12
1.140578e-12
1.140896e-12
1.141211e-12
1.141523e-12
1.141833e-12
1.142139e-12
1.142442e-12
1.142742e-12
1.143039e-12
1.143333e-12
1.143624e-12
1.143912e-12
1.144196e-12
1.144478e-12
1.144757e-12
1.145033e-12
1.145305e-12
1.145575e-12
1.145841e-12
1.146105e-12
1.146365e-12
1.146622e-12
1.146877e-12
1.147128e-12
1.147376e-12
1.147621e-12
1.147863e-12
1.148101e-12
1.148337e-12
1.148570e-12
1.148799e-12
1.149025e-12
1.149249e-12
1.149469e-12
1.149686e-12
1.149900e-12
1.150111e-12
1.150318e-12
1.150523e-12
1.150724e-12
1.150923e-12
1.151118e-12
1.151310e-12
1.151499e-12
1.151685e-12
1.151868e-12
1.152047e-12
1.152223e-12
1.152397e-12
1.152567e-12
1.152734e-12
1.152898e-12
1.153058e-12
1.153216e-12
1.153370e-12
1.153521e-12
1.153669e-12
1.153814e-12
1.153956e-12
1.154095e-12
1.154230e-12
1.154362e-12
1.154491e-12
1.154617e-12
1.154740e-12
1.154860e-12
1.154976e-12
1.155089e-12
1.155199e-12
1.155306e-12
1.155410e-12
1.155510e-12
1.155608e-12
1.155702e-12
1.155793e-12
1.155881e-12
1.155965e-12
1.156047e-12
1.156125e-12
1.156200e-12
1.156272e-12
1.156340e-12
1.156406e-12
1.156468e-12
1.156527e-12
1.156583e-12
1.156636e-12
1.156686e-12
1.156732e-12
1.156775e-12
1.156815e-12
1.156852e-12
1.156885e-12
1.156916e-12
1.156943e-12
1.156967e-12
1.156988e-12
1.157005e-12
1.157020e-12
1.157031e-12
1.157039e-12
1.157044e-12
1.157045e-12
