1.588228e-12
1.588226e-12
1.588218e-12
1.588205e-12
1.588187e-12
1.588163e-12
1.588134e-12
1.588100e-12
1.588061e-12
1.588016e-12
1.587966e-12
1.587911e-12
1.587851e-12
1.587785e-12
1.587714e-12
1.587638e-12
1.587557e-12
1.587471e-12
1.587379e-12
1.587282e-12
1.587180e-12
1.587072e-12
1.586959e-12
1.586842e-12
1.586718e-12
1.586590e-12
1.586456e-12
1.586318e-12
1.586174e-12
1.586024e-12
1.585870e-12
1.585710e-12
1.585545e-12
1.585375e-12
1.585200e-12
1.585019e-12
1.584833e-12
1.584643e-12
1.584446e-12
1.584245e-12
1.584039e-12
1.583827e-12
1.583610e-12
1.583388e-12
1.583160e-12
1.582928e-12
1.582690e-12
1.582447e-12
1.582199e-12
1.581946e-12
1.581688e-12
1.581424e-12
1.581156e-12
1.580882e-12
1.580603e-12
1.580319e-12
1.580030e-12
1.579735e-12
1.579436e-12
1.579131e-12
1.578821e-12
1.578506e-12
1.578186e-12
1.577861e-12
1.577531e-12
1.577195e-12
1.576855e-12
1.576509e-12
1.576159e-12
1.575803e-12
1.575442e-12
1.575076e-12
1.574705e-12
1.574329e-12
1.573948e-12
1.573561e-12
1.573170e-12
1.572774e-12
1.572372e-12
1.571966e-12
1.571555e-12
1.571138e-12
1.570717e-12
1.570290e-12
1.569858e-12
1.569422e-12
1.568980e-12
1.568534e-12
1.568082e-12
1.567626e-12
1.567164e-12
1.566697e-12
1.566226e-12
1.565749e-12
1.565268e-12
1.564782e-12
1.564290e-12
1.563794e-12
1.563293e-12
1.562787e-12
1.562276e-12
1.561760e-12
1.561239e-12
1.560713e-12
1.560183e-12
1.559647e-12
1.559107e-12
1.558561e-12
1.558011e-12
1.557456e-12
1.556896e-12
1.556332e-12
1.555762e-12
1.555188e-12
1.554609e-12
1.554025e-12
1.553436e-12
1.552842e-12
1.552244e-12
1.551640e-12
1.551032e-12
1.550420e-12
1.549802e-12
1.549180e-12
1.548553e-12
1.547921e-12
1.547285e-12
1.546644e-12
1.545998e-12
1.545347e-12
1.544692e-12
1.544032e-12
1.543367e-12
1.542698e-12
1.542024e-12
1.541345e-12
1.540662e-12
1.539974e-12
1.539281e-12
1.538584e-12
1.537882e-12
1.537176e-12
1.536465e-12
1.535749e-12
1.535029e-12
1.534304e-12
1.533575e-12
1.532841e-12
1.532103e-12
1.531360e-12
1.530612e-12
1.529860e-12
1.529104e-12
1.528343e-12
1.527578e-12
1.526808e-12
1.526034e-12
1.525255e-12
1.524472e-12
1.523684e-12
1.522892e-12
1.522095e-12
1.521294e-12
1.520489e-12
1.519680e-12
1.518866e-12
1.518047e-12
1.517224e-12
1.516397e-12
1.515566e-12
1.514730e-12
1.513890e-12
1.513046e-12
1.512197e-12
1.511344e-12
1.510487e-12
1.509626e-12
1.508760e-12
1.507890e-12
1.507016e-12
1.506138e-12
1.505256e-12
1.504369e-12
1.503478e-12
1.502583e-12
1.501684e-12
1.500781e-12
1.499873e-12
1.498962e-12
1.498046e-12
1.497126e-12
1.496202e-12
1.495274e-12
1.494342e-12
1.493406e-12
1.492466e-12
1.491522e-12
1.490574e-12
1.489622e-12
1.488666e-12
1.487706e-12
1.486742e-12
1.485774e-12
1.484802e-12
1.483826e-12
1.482846e-12
1.481863e-12
1.480875e-12
1.479884e-12
1.478888e-12
1.477889e-12
1.476886e-12
1.475880e-12
1.474869e-12
1.473854e-12
1.472836e-12
1.471814e-12
1.470788e-12
1.469759e-12
1.468726e-12
1.467689e-12
1.466648e-12
1.465604e-12
1.464556e-12
1.463504e-12
1.462449e-12
1.461390e-12
1.460327e-12
1.459261e-12
1.458191e-12
1.457117e-12
1.456040e-12
1.454960e-12
1.453875e-12
1.452788e-12
1.451696e-12
1.450602e-12
1.449504e-12
1.448402e-12
1.447297e-12
1.446188e-12
1.445076e-12
1.443960e-12
1.442841e-12
1.441719e-12
1.440593e-12
1.439464e-12
1.438332e-12
1.437196e-12
1.436057e-12
1.434915e-12
1.433769e-12
1.432620e-12
1.431468e-12
1.430312e-12
1.429154e-12
1.427992e-12
1.426826e-12
1.425658e-12
1.424486e-12
1.423312e-12
1.422134e-12
1.420953e-12
1.419769e-12
1.418581e-12
1.417391e-12
1.416198e-12
1.415001e-12
1.413802e-12
1.412599e-12
1.411393e-12
1.410185e-12
1.408973e-12
1.407759e-12
1.406541e-12
1.405321e-12
1.404097e-12
1.402871e-12
1.401642e-12
1.400410e-12
1.399175e-12
1.397937e-12
1.396696e-12
1.395453e-12
1.394207e-12
1.392958e-12
1.391706e-12
1.390451e-12
1.389194e-12
1.387934e-12
1.386671e-12
1.385406e-12
1.384137e-12
1.382867e-12
1.381593e-12
1.380317e-12
1.379038e-12
1.377757e-12
1.376473e-12
1.375187e-12
1.373898e-12
1.372606e-12
1.371312e-12
1.370016e-12
1.368717e-12
1.367415e-12
1.366111e-12
1.364805e-12
1.363496e-12
1.362185e-12
1.360871e-12
1.359555e-12
1.358237e-12
1.356916e-12
1.355593e-12
1.354267e-12
1.352940e-12
1.351610e-12
1.350278e-12
1.348943e-12
1.347607e-12
1.346268e-12
1.344927e-12
1.343583e-12
1.342238e-12
1.340891e-12
1.339541e-12
1.338189e-12
1.336835e-12
1.335479e-12
1.334121e-12
1.332761e-12
1.331399e-12
1.330035e-12
1.328669e-12
1.327301e-12
1.325931e-12
1.324559e-12
1.323185e-12
1.321809e-12
1.320431e-12
1.319052e-12
1.317670e-12
1.316287e-12
1.314902e-12
1.313515e-12
1.312126e-12
1.310736e-12
1.309344e-12
1.307950e-12
1.306554e-12
1.305157e-12
1.303757e-12
1.302357e-12
1.300954e-12
1.299550e-12
1.298144e-12
1.296737e-12
1.295328e-12
1.293918e-12
1.292506e-12
1.291092e-12
1.289677e-12
1.288261e-12
1.286843e-12
1.285423e-12
1.284002e-12
1.282580e-12
1.281156e-12
1.279731e-12
1.278304e-12
1.276877e-12
1.275447e-12
1.274017e-12
1.272585e-12
1.271152e-12
1.269717e-12
1.268281e-12
1.266845e-12
1.265406e-12
1.263967e-12
1.262526e-12
1.261085e-12
1.259642e-12
1.258198e-12
1.256753e-12
1.255306e-12
1.253859e-12
1.252411e-12
1.250961e-12
1.249511e-12
1.248059e-12
1.246607e-12
1.245153e-12
1.243699e-12
1.242244e-12
1.240787e-12
1.239330e-12
1.237872e-12
1.236413e-12
1.234954e-12
1.233493e-12
1.232031e-12
1.230569e-12
1.229106e-12
1.227642e-12
1.226178e-12
1.224713e-12
1.223247e-12
1.221780e-12
1.220313e-12
1.218845e-12
1.217376e-12
1.215907e-12
1.214437e-12
1.212966e-12
1.211495e-12
1.210024e-12
1.208552e-12
1.207079e-12
1.205606e-12
1.204132e-12
1.202658e-12
1.201184e-12
1.199709e-12
1.198233e-12
1.196757e-12
1.195281e-12
1.193805e-12
1.192328e-12
1.190851e-12
1.189373e-12
1.187895e-12
1.186417e-12
1.184939e-12
1.183460e-12
1.181982e-12
1.180503e-12
1.179024e-12
1.177544e-12
1.176065e-12
1.174585e-12
1.173106e-12
1.171626e-12
1.170146e-12
1.168666e-12
1.167186e-12
1.165706e-12
1.164226e-12
1.162746e-12
1.161266e-12
1.159786e-12
1.158306e-12
1.156826e-12
1.155347e-12
1.153867e-12
1.152387e-12
1.150908e-12
1.149429e-12
1.147950e-12
1.146471e-12
1.144993e-12
1.143514e-12
1.142036e-12
1.140559e-12
1.139081e-12
1.137604e-12
1.136127e-12
1.134650e-12
1.133174e-12
1.131699e-12
1.130223e-12
1.128748e-12
1.127274e-12
1.125799e-12
1.124326e-12
1.122853e-12
1.121380e-12
1.119908e-12
1.118436e-12
1.116965e-12
1.115494e-12
1.114024e-12
1.112555e-12
1.111086e-12
1.109618e-12
1.108151e-12
1.106684e-12
1.105218e-12
1.103753e-12
1.102288e-12
1.100824e-12
1.099361e-12
1.097898e-12
1.096437e-12
1.094976e-12
1.093516e-12
1.092057e-12
1.090598e-12
1.089141e-12
1.087684e-12
1.086228e-12
1.084774e-12
1.083320e-12
1.081867e-12
1.080415e-12
1.078964e-12
1.077514e-12
1.076065e-12
1.074618e-12
1.073171e-12
1.071725e-12
1.070280e-12
1.068837e-12
1.067395e-12
1.065953e-12
1.064513e-12
1.063074e-12
1.061636e-12
1.060200e-12
1.058765e-12
1.057330e-12
1.055898e-12
1.054466e-12
1.053036e-12
1.051607e-12
1.050179e-12
1.048753e-12
1.047328e-12
1.045904e-12
1.044482e-12
1.043061e-12
1.041642e-12
1.040224e-12
1.038807e-12
1.037392e-12
1.035978e-12
1.034566e-12
1.033156e-12
1.031746e-12
1.030339e-12
1.028933e-12
1.027528e-12
1.026126e-12
1.024724e-12
1.023325e-12
1.021927e-12
1.020531e-12
1.019136e-12
1.017743e-12
1.016352e-12
1.014962e-12
1.013574e-12
1.012188e-12
1.010804e-12
1.009422e-12
1.008041e-12
1.006662e-12
1.005285e-12
1.003910e-12
1.002536e-12
1.001165e-12
9.997950e-13
9.984272e-13
9.970614e-13
9.956975e-13
9.943355e-13
9.929755e-13
9.916175e-13
9.902615e-13
9.889075e-13
9.875555e-13
9.862055e-13
9.848576e-13
9.835118e-13
9.821680e-13
9.808263e-13
9.794868e-13
9.781493e-13
9.768140e-13
9.754809e-13
9.741499e-13
9.728211e-13
9.714945e-13
9.701701e-13
9.688480e-13
9.675281e-13
9.662104e-13
9.648950e-13
9.635819e-13
9.622711e-13
9.609626e-13
9.596565e-13
9.583526e-13
9.570512e-13
9.557521e-13
9.544554e-13
9.531610e-13
9.518691e-13
9.505797e-13
9.492926e-13
9.480080e-13
9.467259e-13
9.454463e-13
9.441691e-13
9.428945e-13
9.416224e-13
9.403528e-13
9.390858e-13
9.378214e-13
9.365595e-13
9.353002e-13
9.340435e-13
9.327894e-13
9.315380e-13
9.302892e-13
9.290431e-13
9.277996e-13
9.265588e-13
9.253207e-13
9.240853e-13
9.228527e-13
9.216228e-13
9.203956e-13
9.191712e-13
9.179496e-13
9.167307e-13
9.155147e-13
9.143015e-13
9.130911e-13
9.118835e-13
9.106788e-13
9.094770e-13
9.082780e-13
9.070819e-13
9.058888e-13
9.046985e-13
9.035112e-13
9.023268e-13
9.011454e-13
8.999669e-13
8.987914e-13
8.976189e-13
8.964494e-13
8.952829e-13
8.941194e-13
8.929590e-13
8.918016e-13
8.906473e-13
8.894960e-13
8.883479e-13
8.872028e-13
8.860608e-13
8.849220e-13
8.837863e-13
8.826537e-13
8.815243e-13
8.803981e-13
8.792750e-13
8.781552e-13
8.770385e-13
8.759250e-13
8.748148e-13
8.737078e-13
8.726040e-13
8.715035e-13
8.704063e-13
8.693123e-13
8.682217e-13
8.671343e-13
8.660503e-13
8.649696e-13
8.638922e-13
8.628181e-13
8.617474e-13
8.606801e-13
8.596161e-13
8.585556e-13
8.574984e-13
8.564447e-13
8.553943e-13
8.543474e-13
8.533040e-13
8.522639e-13
8.512274e-13
8.501943e-13
8.491647e-13
8.481386e-13
8.471159e-13
8.460968e-13
8.450812e-13
8.440692e-13
8.430607e-13
8.420557e-13
8.410543e-13
8.400565e-13
8.390622e-13
8.380715e-13
8.370845e-13
8.361010e-13
8.351211e-13
8.341449e-13
8.331723e-13
8.322034e-13
8.312381e-13
8.302765e-13
8.293185e-13
8.283643e-13
8.274137e-13
8.264668e-13
8.255236e-13
8.245842e-13
8.236485e-13
8.227165e-13
8.217882e-13
8.208637e-13
8.199430e-13
8.190260e-13
8.181128e-13
8.172034e-13
8.162978e-13
8.153960e-13
8.144980e-13
8.136039e-13
8.127135e-13
8.118270e-13
8.109444e-13
8.100656e-13
8.091906e-13
8.083195e-13
8.074523e-13
8.065890e-13
8.057296e-13
8.048741e-13
8.040224e-13
8.031747e-13
8.023310e-13
8.014911e-13
8.006552e-13
7.998232e-13
7.989952e-13
7.981712e-13
7.973511e-13
7.965349e-13
7.957228e-13
7.949147e-13
7.941105e-13
7.933104e-13
7.925142e-13
7.917221e-13
7.909340e-13
7.901499e-13
7.893699e-13
7.885939e-13
7.878220e-13
7.870541e-13
7.862902e-13
7.855305e-13
7.847748e-13
7.840232e-13
7.832757e-13
7.825323e-13
7.817930e-13
7.810578e-13
7.803267e-13
7.795997e-13
7.788768e-13
7.781581e-13
7.774435e-13
7.767331e-13
7.760268e-13
7.753246e-13
7.746267e-13
7.739328e-13
7.732432e-13
7.725577e-13
7.718764e-13
7.711993e-13
7.705264e-13
7.698577e-13
7.691932e-13
7.685329e-13
7.678768e-13
7.672249e-13
7.665772e-13
7.659338e-13
7.652946e-13
7.646596e-13
7.640289e-13
7.634024e-13
7.627802e-13
7.621622e-13
7.615485e-13
7.609391e-13
7.603339e-13
7.597330e-13
7.591364e-13
7.585440e-13
7.579560e-13
7.573722e-13
7.567927e-13
7.562175e-13
7.556467e-13
7.550801e-13
7.545178e-13
7.539599e-13
7.534062e-13
7.528569e-13
7.523119e-13
7.517713e-13
7.512350e-13
7.507030e-13
7.501753e-13
7.496520e-13
7.491330e-13
7.486184e-13
7.481081e-13
7.476022e-13
7.471007e-13
7.466035e-13
7.461106e-13
7.456222e-13
7.451381e-13
7.446583e-13
7.441830e-13
7.437120e-13
7.432454e-13
7.427832e-13
7.423254e-13
7.418719e-13
7.414229e-13
7.409782e-13
7.405379e-13
7.401021e-13
7.396706e-13
7.392435e-13
7.388209e-13
7.384026e-13
7.379887e-13
7.375793e-13
7.371743e-13
7.367736e-13
7.363774e-13
7.359856e-13
7.355983e-13
7.352153e-13
7.348368e-13
7.344626e-13
7.340929e-13
7.337277e-13
7.333668e-13
7.330104e-13
7.326584e-13
7.323109e-13
7.319677e-13
7.316290e-13
7.312948e-13
7.309650e-13
7.306396e-13
7.303186e-13
7.300021e-13
7.296900e-13
7.293823e-13
7.290791e-13
7.287803e-13
7.284860e-13
7.281961e-13
7.279106e-13
7.276296e-13
7.273530e-13
7.270809e-13
7.268132e-13
7.265499e-13
7.262911e-13
7.260367e-13
7.257867e-13
7.255412e-13
7.253002e-13
7.250635e-13
7.248314e-13
7.246036e-13
7.243803e-13
7.241614e-13
7.239470e-13
7.237370e-13
7.235314e-13
7.233303e-13
7.231336e-13
7.229413e-13
7.227535e-13
7.225701e-13
7.223911e-13
7.222166e-13
7.220465e-13
7.218808e-13
7.217196e-13
7.215627e-13
7.214103e-13
7.212624e-13
7.211188e-13
7.209797e-13
7.208449e-13
7.207146e-13
7.205887e-13
7.204673e-13
7.203502e-13
7.202375e-13
7.201293e-13
7.200255e-13
7.199260e-13
7.198310e-13
7.197403e-13
7.196541e-13
7.195723e-13
7.194948e-13
7.194218e-13
7.193531e-13
7.192888e-13
7.192289e-13
7.191734e-13
7.191223e-13
7.190755e-13
7.190332e-13
7.189952e-13
7.189615e-13
7.189322e-13
7.189073e-13
7.188868e-13
7.188706e-13
7.188588e-13
7.188513e-13
7.188481e-13
7.188493e-13
7.188549e-13
7.188648e-13
7.188790e-13
7.188976e-13
7.189205e-13
7.189477e-13
7.189792e-13
7.190151e-13
7.190553e-13
7.190997e-13
7.191485e-13
7.192016e-13
7.192590e-13
7.193207e-13
7.193867e-13
7.194570e-13
7.195315e-13
7.196104e-13
7.196935e-13
7.197809e-13
7.198725e-13
7.199685e-13
7.200686e-13
7.201731e-13
7.202818e-13
7.203947e-13
7.205119e-13
7.206333e-13
7.207589e-13
7.208888e-13
7.210229e-13
7.211612e-13
7.213038e-13
7.214505e-13
7.216014e-13
7.217566e-13
7.219159e-13
7.220795e-13
7.222472e-13
7.224191e-13
7.225951e-13
7.227754e-13
7.229598e-13
7.231483e-13
7.233411e-13
7.235379e-13
7.237389e-13
7.239441e-13
7.241533e-13
7.243667e-13
7.245843e-13
7.248059e-13
7.250316e-13
7.252615e-13
7.254954e-13
7.257335e-13
7.259756e-13
7.262218e-13
7.264721e-13
7.267264e-13
7.269848e-13
7.272473e-13
7.275138e-13
7.277843e-13
7.280589e-13
7.283375e-13
7.286202e-13
7.289069e-13
7.291975e-13
7.294922e-13
7.297909e-13
7.300935e-13
7.304002e-13
7.307108e-13
7.310254e-13
7.313440e-13
7.316665e-13
7.319930e-13
7.323234e-13
7.326578e-13
7.329961e-13
7.333383e-13
7.336844e-13
7.340344e-13
7.343884e-13
7.347462e-13
7.351079e-13
7.354735e-13
7.358430e-13
7.362163e-13
7.365935e-13
7.369746e-13
7.373595e-13
7.377482e-13
7.381408e-13
7.385371e-13
7.389373e-13
7.393413e-13
7.397491e-13
7.401607e-13
7.405761e-13
7.409952e-13
7.414181e-13
7.418448e-13
7.422752e-13
7.427094e-13
7.431472e-13
7.435889e-13
7.440342e-13
7.444832e-13
7.449360e-13
7.453924e-13
7.458525e-13
7.463163e-13
7.467838e-13
7.472549e-13
7.477297e-13
7.482082e-13
7.486902e-13
7.491759e-13
7.496652e-13
7.501581e-13
7.506546e-13
7.511547e-13
7.516584e-13
7.521656e-13
7.526765e-13
7.531908e-13
7.537088e-13
7.542302e-13
7.547552e-13
7.552837e-13
7.558158e-13
7.563513e-13
7.568903e-13
7.574328e-13
7.579788e-13
7.585282e-13
7.590811e-13
7.596374e-13
7.601972e-13
7.607604e-13
7.613270e-13
7.618971e-13
7.624705e-13
7.630473e-13
7.636275e-13
7.642111e-13
7.647980e-13
7.653883e-13
7.659819e-13
7.665789e-13
7.671792e-13
7.677828e-13
7.683897e-13
7.689999e-13
7.696133e-13
7.702301e-13
7.708501e-13
7.714733e-13
7.720998e-13
7.727296e-13
7.733625e-13
7.739987e-13
7.746381e-13
7.752806e-13
7.759264e-13
7.765753e-13
7.772273e-13
7.778826e-13
7.785409e-13
7.792024e-13
7.798671e-13
7.805348e-13
7.812056e-13
7.818795e-13
7.825565e-13
7.832366e-13
7.839197e-13
7.846058e-13
7.852950e-13
7.859873e-13
7.866825e-13
7.873807e-13
7.880819e-13
7.887862e-13
7.894933e-13
7.902035e-13
7.909166e-13
7.916326e-13
7.923515e-13
7.930734e-13
7.937982e-13
7.945258e-13
7.952564e-13
7.959898e-13
7.967261e-13
7.974652e-13
7.982072e-13
7.989520e-13
7.996996e-13
8.004500e-13
8.012032e-13
8.019592e-13
8.027180e-13
8.034795e-13
8.042438e-13
8.050108e-13
8.057805e-13
8.065529e-13
8.073281e-13
8.081059e-13
8.088864e-13
8.096696e-13
8.104554e-13
8.112439e-13
8.120350e-13
8.128287e-13
8.136251e-13
8.144240e-13
8.152255e-13
8.160296e-13
8.168363e-13
8.176455e-13
8.184572e-13
8.192715e-13
8.200883e-13
8.209075e-13
8.217293e-13
8.225536e-13
8.233803e-13
8.242095e-13
8.250411e-13
8.258751e-13
8.267116e-13
8.275505e-13
8.283917e-13
8.292354e-13
8.300814e-13
8.309298e-13
8.317805e-13
8.326335e-13
8.334889e-13
8.343466e-13
8.352066e-13
8.360688e-13
8.369334e-13
8.378002e-13
8.386692e-13
8.395405e-13
8.404140e-13
8.412897e-13
8.421676e-13
8.430477e-13
8.439299e-13
8.448143e-13
8.457009e-13
8.465896e-13
8.474804e-13
8.483734e-13
8.492684e-13
8.501655e-13
8.510647e-13
8.519659e-13
8.528692e-13
8.537745e-13
8.546819e-13
8.555912e-13
8.565026e-13
8.574159e-13
8.583312e-13
8.592485e-13
8.601677e-13
8.610888e-13
8.620119e-13
8.629369e-13
8.638637e-13
8.647924e-13
8.657230e-13
8.666555e-13
8.675898e-13
8.685259e-13
8.694639e-13
8.704036e-13
8.713451e-13
8.722885e-13
8.732335e-13
8.741804e-13
8.751289e-13
8.760792e-13
8.770312e-13
8.779849e-13
8.789403e-13
8.798974e-13
8.808561e-13
8.818164e-13
8.827784e-13
8.837420e-13
8.847073e-13
8.856741e-13
8.866425e-13
8.876124e-13
8.885840e-13
8.895570e-13
8.905316e-13
8.915077e-13
8.924853e-13
8.934644e-13
8.944449e-13
8.954270e-13
8.964104e-13
8.973953e-13
8.983817e-13
8.993694e-13
9.003585e-13
9.013490e-13
9.023409e-13
9.033342e-13
9.043287e-13
9.053246e-13
9.063219e-13
9.073204e-13
9.083202e-13
9.093213e-13
9.103236e-13
9.113272e-13
9.123320e-13
9.133381e-13
9.143453e-13
9.153537e-13
9.163634e-13
9.173742e-13
9.183861e-13
9.193992e-13
9.204134e-13
9.214287e-13
9.224452e-13
9.234627e-13
9.244812e-13
9.255009e-13
9.265216e-13
9.275433e-13
9.285660e-13
9.295898e-13
9.306145e-13
9.316402e-13
9.326669e-13
9.336945e-13
9.347231e-13
9.357525e-13
9.367829e-13
9.378142e-13
9.388464e-13
9.398794e-13
9.409133e-13
9.419481e-13
9.429836e-13
9.440200e-13
9.450572e-13
9.460952e-13
9.471339e-13
9.481734e-13
9.492137e-13
9.502547e-13
9.512964e-13
9.523388e-13
9.533819e-13
9.544257e-13
9.554701e-13
9.565152e-13
9.575610e-13
9.586073e-13
9.596543e-13
9.607019e-13
9.617500e-13
9.627988e-13
9.638481e-13
9.648979e-13
9.659482e-13
9.669991e-13
9.680505e-13
9.691023e-13
9.701547e-13
9.712075e-13
9.722607e-13
9.733144e-13
9.743685e-13
9.754230e-13
9.764779e-13
9.775332e-13
9.785888e-13
9.796448e-13
9.807011e-13
9.817578e-13
9.828148e-13
9.838720e-13
9.849296e-13
9.859874e-13
9.870455e-13
9.881038e-13
9.891624e-13
9.902212e-13
9.912801e-13
9.923393e-13
9.933986e-13
9.944581e-13
9.955178e-13
9.965776e-13
9.976375e-13
9.986975e-13
9.997576e-13
1.000818e-12
1.001878e-12
1.002938e-12
1.003999e-12
1.005059e-12
1.006120e-12
1.007180e-12
1.008240e-12
1.009301e-12
1.010361e-12
1.011421e-12
1.012481e-12
1.013542e-12
1.014602e-12
1.015662e-12
1.016721e-12
1.017781e-12
1.018841e-12
1.019900e-12
1.020959e-12
1.022018e-12
1.023077e-12
1.024135e-12
1.025194e-12
1.026252e-12
1.027310e-12
1.028367e-12
1.029425e-12
1.030482e-12
1.031538e-12
1.032595e-12
1.033651e-12
1.034707e-12
1.035762e-12
1.036817e-12
1.037871e-12
1.038926e-12
1.039979e-12
1.041033e-12
1.042086e-12
1.043138e-12
1.044190e-12
1.045242e-12
1.046293e-12
1.047343e-12
1.048393e-12
1.049443e-12
1.050492e-12
1.051540e-12
1.052588e-12
1.053635e-12
1.054682e-12
1.055728e-12
1.056773e-12
1.057818e-12
1.058862e-12
1.059905e-12
1.060948e-12
1.061990e-12
1.063031e-12
1.064072e-12
1.065112e-12
1.066151e-12
1.067190e-12
1.068227e-12
1.069264e-12
1.070300e-12
1.071335e-12
1.072370e-12
1.073404e-12
1.074436e-12
1.075468e-12
1.076499e-12
1.077530e-12
1.078559e-12
1.079587e-12
1.080615e-12
1.081641e-12
1.082667e-12
1.083692e-12
1.084715e-12
1.085738e-12
1.086760e-12
1.087780e-12
1.088800e-12
1.089819e-12
1.090836e-12
1.091853e-12
1.092868e-12
1.093883e-12
1.094896e-12
1.095908e-12
1.096919e-12
1.097929e-12
1.098938e-12
1.099946e-12
1.100952e-12
1.101958e-12
1.102962e-12
1.103965e-12
1.104966e-12
1.105967e-12
1.106966e-12
1.107964e-12
1.108961e-12
1.109956e-12
1.110950e-12
1.111943e-12
1.112934e-12
1.113925e-12
1.114913e-12
1.115901e-12
1.116887e-12
1.117872e-12
1.118855e-12
1.119837e-12
1.120818e-12
1.121797e-12
1.122774e-12
1.123751e-12
1.124725e-12
1.125699e-12
1.126670e-12
1.127641e-12
1.128610e-12
1.129577e-12
1.130543e-12
1.131507e-12
1.132470e-12
1.133431e-12
1.134390e-12
1.135348e-12
1.136305e-12
1.137259e-12
1.138212e-12
1.139164e-12
1.140114e-12
1.141062e-12
1.142008e-12
1.142953e-12
1.143896e-12
1.144838e-12
1.145778e-12
1.146716e-12
1.147652e-12
1.148586e-12
1.149519e-12
1.150450e-12
1.151379e-12
1.152307e-12
1.153232e-12
1.154156e-12
1.155078e-12
1.155998e-12
1.156916e-12
1.157833e-12
1.158747e-12
1.159660e-12
1.160571e-12
1.161480e-12
1.162387e-12
1.163292e-12
1.164195e-12
1.165096e-12
1.165995e-12
1.166892e-12
1.167788e-12
1.168681e-12
1.169572e-12
1.170461e-12
1.171348e-12
1.172234e-12
1.173117e-12
1.173998e-12
1.174877e-12
1.175754e-12
1.176629e-12
1.177501e-12
1.178372e-12
1.179241e-12
1.180107e-12
1.180971e-12
1.181833e-12
1.182693e-12
1.183551e-12
1.184407e-12
1.185260e-12
1.186111e-12
1.186961e-12
1.187807e-12
1.188652e-12
1.189494e-12
1.190334e-12
1.191172e-12
1.192008e-12
1.192841e-12
1.193672e-12
1.194501e-12
1.195327e-12
1.196151e-12
1.196973e-12
1.197792e-12
1.198609e-12
1.199424e-12
1.200236e-12
1.201046e-12
1.201854e-12
1.202659e-12
1.203462e-12
1.204262e-12
1.205060e-12
1.205855e-12
1.206649e-12
1.207439e-12
1.208227e-12
1.209013e-12
1.209796e-12
1.210577e-12
1.211355e-12
1.212131e-12
1.212904e-12
1.213674e-12
1.214442e-12
1.215208e-12
1.215971e-12
1.216731e-12
1.217489e-12
1.218245e-12
1.218997e-12
1.219747e-12
1.220495e-12
1.221240e-12
1.221982e-12
1.222722e-12
1.223458e-12
1.224193e-12
1.224924e-12
1.225653e-12
1.226380e-12
1.227103e-12
1.227824e-12
1.228542e-12
1.229258e-12
1.229971e-12
1.230681e-12
1.231388e-12
1.232093e-12
1.232795e-12
1.233494e-12
1.234190e-12
1.234883e-12
1.235574e-12
1.236262e-12
1.236947e-12
1.237629e-12
1.238309e-12
1.238986e-12
1.239659e-12
1.240330e-12
1.240999e-12
1.241664e-12
1.242326e-12
1.242986e-12
1.243643e-12
1.244296e-12
1.244947e-12
1.245595e-12
1.246240e-12
1.246882e-12
1.247522e-12
1.248158e-12
1.248791e-12
1.249422e-12
1.250049e-12
1.250674e-12
1.251295e-12
1.251914e-12
1.252529e-12
1.253142e-12
1.253751e-12
1.254358e-12
1.254961e-12
1.255562e-12
1.256159e-12
1.256754e-12
1.257345e-12
1.257933e-12
1.258519e-12
1.259101e-12
1.259680e-12
1.260256e-12
1.260829e-12
1.261399e-12
1.261966e-12
1.262529e-12
1.263090e-12
1.263648e-12
1.264202e-12
1.264753e-12
1.265301e-12
1.265846e-12
1.266388e-12
1.266927e-12
1.267462e-12
1.267994e-12
1.268524e-12
1.269049e-12
1.269572e-12
1.270092e-12
1.270608e-12
1.271121e-12
1.271631e-12
1.272138e-12
1.272642e-12
1.273142e-12
1.273639e-12
1.274133e-12
1.274623e-12
1.275111e-12
1.275595e-12
1.276076e-12
1.276553e-12
1.277027e-12
1.277498e-12
1.277966e-12
1.278431e-12
1.278892e-12
1.279349e-12
1.279804e-12
1.280255e-12
1.280703e-12
1.281148e-12
1.281589e-12
1.282027e-12
1.282461e-12
1.282893e-12
1.283320e-12
1.283745e-12
1.284166e-12
1.284584e-12
1.284998e-12
1.285409e-12
1.285817e-12
1.286221e-12
1.286622e-12
1.287020e-12
1.287414e-12
1.287805e-12
1.288192e-12
1.288576e-12
1.288957e-12
1.289334e-12
1.289707e-12
1.290078e-12
1.290444e-12
1.290808e-12
1.291168e-12
1.291524e-12
1.291877e-12
1.292227e-12
1.292573e-12
1.292916e-12
1.293255e-12
1.293591e-12
1.293923e-12
1.294252e-12
1.294577e-12
1.294899e-12
1.295217e-12
1.295532e-12
1.295844e-12
1.296152e-12
1.296456e-12
1.296757e-12
1.297054e-12
1.297348e-12
1.297638e-12
1.297925e-12
1.298209e-12
1.298488e-12
1.298765e-12
1.299037e-12
1.299307e-12
1.299572e-12
1.299834e-12
1.300093e-12
1.300348e-12
1.300599e-12
1.300847e-12
1.301092e-12
1.301333e-12
1.301570e-12
1.301803e-12
1.302034e-12
1.302260e-12
1.302483e-12
1.302702e-12
1.302918e-12
1.303131e-12
1.303339e-12
1.303544e-12
1.303746e-12
1.303944e-12
1.304138e-12
1.304329e-12
1.304516e-12
1.304699e-12
1.304879e-12
1.305056e-12
1.305228e-12
1.305398e-12
1.305563e-12
1.305725e-12
1.305883e-12
1.306038e-12
1.306189e-12
1.306336e-12
1.306480e-12
1.306620e-12
1.306757e-12
1.306890e-12
1.307019e-12
1.307145e-12
1.307267e-12
1.307386e-12
1.307500e-12
1.307612e-12
1.307719e-12
1.307823e-12
1.307923e-12
1.308020e-12
1.308113e-12
1.308202e-12
1.308288e-12
1.308370e-12
1.308449e-12
1.308524e-12
1.308595e-12
1.308662e-12
1.308726e-12
1.308786e-12
1.308843e-12
1.308896e-12
1.308945e-12
1.308991e-12
1.309033e-12
1.309071e-12
1.309106e-12
1.309137e-12
1.309164e-12
1.309188e-12
1.309208e-12
1.309224e-12
1.309237e-12
1.309246e-12
1.309252e-12
1.309254e-12
