1.419657e-12
1.419655e-12
1.419647e-12
1.419636e-12
1.419619e-12
1.419598e-12
1.419572e-12
1.419541e-12
1.419506e-12
1.419465e-12
1.419420e-12
1.419371e-12
1.419316e-12
1.419257e-12
1.419193e-12
1.419125e-12
1.419052e-12
1.418973e-12
1.418891e-12
1.418803e-12
1.418711e-12
1.418614e-12
1.418513e-12
1.418406e-12
1.418295e-12
1.418179e-12
1.418059e-12
1.417934e-12
1.417804e-12
1.417669e-12
1.417530e-12
1.417386e-12
1.417237e-12
1.417084e-12
1.416926e-12
1.416763e-12
1.416596e-12
1.416423e-12
1.416246e-12
1.416065e-12
1.415879e-12
1.415688e-12
1.415492e-12
1.415292e-12
1.415087e-12
1.414877e-12
1.414663e-12
1.414444e-12
1.414220e-12
1.413992e-12
1.413759e-12
1.413522e-12
1.413279e-12
1.413032e-12
1.412781e-12
1.412525e-12
1.412264e-12
1.411998e-12
1.411728e-12
1.411454e-12
1.411174e-12
1.410890e-12
1.410602e-12
1.410308e-12
1.410011e-12
1.409708e-12
1.409401e-12
1.409090e-12
1.408773e-12
1.408453e-12
1.408127e-12
1.407797e-12
1.407463e-12
1.407124e-12
1.406780e-12
1.406432e-12
1.406079e-12
1.405722e-12
1.405360e-12
1.404993e-12
1.404622e-12
1.404247e-12
1.403867e-12
1.403482e-12
1.403093e-12
1.402699e-12
1.402301e-12
1.401899e-12
1.401491e-12
1.401080e-12
1.400664e-12
1.400243e-12
1.399818e-12
1.399388e-12
1.398954e-12
1.398516e-12
1.398073e-12
1.397626e-12
1.397174e-12
1.396717e-12
1.396257e-12
1.395792e-12
1.395322e-12
1.394848e-12
1.394370e-12
1.393887e-12
1.393400e-12
1.392908e-12
1.392412e-12
1.391912e-12
1.391407e-12
1.390898e-12
1.390384e-12
1.389867e-12
1.389344e-12
1.388818e-12
1.388287e-12
1.387752e-12
1.387213e-12
1.386669e-12
1.386121e-12
1.385568e-12
1.385012e-12
1.384451e-12
1.383886e-12
1.383316e-12
1.382742e-12
1.382164e-12
1.381582e-12
1.380996e-12
1.380405e-12
1.379810e-12
1.379211e-12
1.378608e-12
1.378000e-12
1.377388e-12
1.376772e-12
1.376152e-12
1.375528e-12
1.374900e-12
1.374267e-12
1.373630e-12
1.372989e-12
1.372344e-12
1.371695e-12
1.371042e-12
1.370385e-12
1.369723e-12
1.369058e-12
1.368388e-12
1.367715e-12
1.367037e-12
1.366355e-12
1.365669e-12
1.364980e-12
1.364286e-12
1.363588e-12
1.362886e-12
1.362180e-12
1.361470e-12
1.360756e-12
1.360039e-12
1.359317e-12
1.358591e-12
1.357861e-12
1.357128e-12
1.356390e-12
1.355649e-12
1.354904e-12
1.354154e-12
1.353401e-12
1.352644e-12
1.351883e-12
1.351119e-12
1.350350e-12
1.349578e-12
1.348801e-12
1.348021e-12
1.347238e-12
1.346450e-12
1.345659e-12
1.344863e-12
1.344064e-12
1.343262e-12
1.342455e-12
1.341645e-12
1.340831e-12
1.340013e-12
1.339192e-12
1.338367e-12
1.337538e-12
1.336706e-12
1.335870e-12
1.335030e-12
1.334187e-12
1.333340e-12
1.332489e-12
1.331635e-12
1.330777e-12
1.329916e-12
1.329051e-12
1.328182e-12
1.327310e-12
1.326435e-12
1.325556e-12
1.324673e-12
1.323787e-12
1.322897e-12
1.322004e-12
1.321107e-12
1.320207e-12
1.319304e-12
1.318397e-12
1.317486e-12
1.316572e-12
1.315655e-12
1.314735e-12
1.313811e-12
1.312883e-12
1.311953e-12
1.311019e-12
1.310081e-12
1.309140e-12
1.308196e-12
1.307249e-12
1.306298e-12
1.305345e-12
1.304387e-12
1.303427e-12
1.302463e-12
1.301497e-12
1.300526e-12
1.299553e-12
1.298577e-12
1.297597e-12
1.296614e-12
1.295628e-12
1.294639e-12
1.293647e-12
1.292652e-12
1.291653e-12
1.290652e-12
1.289647e-12
1.288640e-12
1.287629e-12
1.286615e-12
1.285598e-12
1.284579e-12
1.283556e-12
1.282530e-12
1.281501e-12
1.280470e-12
1.279435e-12
1.278398e-12
1.277357e-12
1.276314e-12
1.275267e-12
1.274218e-12
1.273166e-12
1.272111e-12
1.271054e-12
1.269993e-12
1.268930e-12
1.267864e-12
1.266795e-12
1.265723e-12
1.264649e-12
1.263571e-12
1.262491e-12
1.261409e-12
1.260323e-12
1.259235e-12
1.258145e-12
1.257051e-12
1.255955e-12
1.254856e-12
1.253755e-12
1.252651e-12
1.251545e-12
1.250436e-12
1.249324e-12
1.248210e-12
1.247093e-12
1.245974e-12
1.244852e-12
1.243728e-12
1.242601e-12
1.241472e-12
1.240340e-12
1.239206e-12
1.238069e-12
1.236930e-12
1.235789e-12
1.234645e-12
1.233499e-12
1.232351e-12
1.231200e-12
1.230047e-12
1.228891e-12
1.227733e-12
1.226573e-12
1.225411e-12
1.224247e-12
1.223080e-12
1.221911e-12
1.220740e-12
1.219566e-12
1.218391e-12
1.217213e-12
1.216033e-12
1.214851e-12
1.213667e-12
1.212481e-12
1.211292e-12
1.210102e-12
1.208909e-12
1.207715e-12
1.206518e-12
1.205320e-12
1.204119e-12
1.202916e-12
1.201712e-12
1.200505e-12
1.199297e-12
1.198087e-12
1.196874e-12
1.195660e-12
1.194444e-12
1.193226e-12
1.192006e-12
1.190785e-12
1.189561e-12
1.188336e-12
1.187109e-12
1.185880e-12
1.184650e-12
1.183417e-12
1.182183e-12
1.180947e-12
1.179710e-12
1.178471e-12
1.177230e-12
1.175987e-12
1.174743e-12
1.173498e-12
1.172250e-12
1.171001e-12
1.169751e-12
1.168499e-12
1.167245e-12
1.165990e-12
1.164733e-12
1.163475e-12
1.162215e-12
1.160954e-12
1.159692e-12
1.158428e-12
1.157162e-12
1.155896e-12
1.154627e-12
1.153358e-12
1.152087e-12
1.150814e-12
1.149541e-12
1.148266e-12
1.146990e-12
1.145712e-12
1.144433e-12
1.143153e-12
1.141872e-12
1.140590e-12
1.139306e-12
1.138021e-12
1.136735e-12
1.135448e-12
1.134159e-12
1.132870e-12
1.131579e-12
1.130288e-12
1.128995e-12
1.127701e-12
1.126406e-12
1.125110e-12
1.123813e-12
1.122516e-12
1.121217e-12
1.119917e-12
1.118616e-12
1.117314e-12
1.116012e-12
1.114708e-12
1.113404e-12
1.112098e-12
1.110792e-12
1.109485e-12
1.108177e-12
1.106869e-12
1.105559e-12
1.104249e-12
1.102938e-12
1.101626e-12
1.100314e-12
1.099001e-12
1.097687e-12
1.096373e-12
1.095057e-12
1.093742e-12
1.092425e-12
1.091108e-12
1.089790e-12
1.088472e-12
1.087153e-12
1.085834e-12
1.084514e-12
1.083193e-12
1.081872e-12
1.080551e-12
1.079229e-12
1.077907e-12
1.076584e-12
1.075261e-12
1.073937e-12
1.072613e-12
1.071288e-12
1.069964e-12
1.068639e-12
1.067313e-12
1.065987e-12
1.064661e-12
1.063335e-12
1.062008e-12
1.060681e-12
1.059354e-12
1.058027e-12
1.056699e-12
1.055372e-12
1.054044e-12
1.052716e-12
1.051387e-12
1.050059e-12
1.048731e-12
1.047402e-12
1.046074e-12
1.044745e-12
1.043416e-12
1.042088e-12
1.040759e-12
1.039430e-12
1.038101e-12
1.036773e-12
1.035444e-12
1.034115e-12
1.032787e-12
1.031458e-12
1.030130e-12
1.028802e-12
1.027474e-12
1.026146e-12
1.024818e-12
1.023491e-12
1.022164e-12
1.020837e-12
1.019510e-12
1.018183e-12
1.016857e-12
1.015531e-12
1.014205e-12
1.012880e-12
1.011555e-12
1.010230e-12
1.008906e-12
1.007582e-12
1.006258e-12
1.004935e-12
1.003612e-12
1.002290e-12
1.000968e-12
9.996465e-13
9.983256e-13
9.970052e-13
9.956853e-13
9.943660e-13
9.930472e-13
9.917290e-13
9.904113e-13
9.890942e-13
9.877778e-13
9.864620e-13
9.851468e-13
9.838323e-13
9.825184e-13
9.812052e-13
9.798928e-13
9.785810e-13
9.772700e-13
9.759597e-13
9.746502e-13
9.733415e-13
9.720335e-13
9.707264e-13
9.694201e-13
9.681146e-13
9.668100e-13
9.655062e-13
9.642034e-13
9.629014e-13
9.616004e-13
9.603002e-13
9.590011e-13
9.577028e-13
9.564056e-13
9.551093e-13
9.538141e-13
9.525198e-13
9.512266e-13
9.499344e-13
9.486433e-13
9.473533e-13
9.460644e-13
9.447766e-13
9.434899e-13
9.422043e-13
9.409199e-13
9.396366e-13
9.383546e-13
9.370737e-13
9.357940e-13
9.345156e-13
9.332384e-13
9.319624e-13
9.306878e-13
9.294143e-13
9.281422e-13
9.268714e-13
9.256020e-13
9.243338e-13
9.230671e-13
9.218017e-13
9.205376e-13
9.192750e-13
9.180138e-13
9.167540e-13
9.154956e-13
9.142387e-13
9.129833e-13
9.117293e-13
9.104769e-13
9.092259e-13
9.079765e-13
9.067286e-13
9.054823e-13
9.042375e-13
9.029943e-13
9.017527e-13
9.005127e-13
8.992744e-13
8.980376e-13
8.968025e-13
8.955691e-13
8.943374e-13
8.931073e-13
8.918790e-13
8.906523e-13
8.894274e-13
8.882043e-13
8.869829e-13
8.857632e-13
8.845454e-13
8.833293e-13
8.821151e-13
8.809027e-13
8.796921e-13
8.784834e-13
8.772766e-13
8.760716e-13
8.748685e-13
8.736673e-13
8.724681e-13
8.712707e-13
8.700753e-13
8.688819e-13
8.676905e-13
8.665010e-13
8.653135e-13
8.641280e-13
8.629446e-13
8.617632e-13
8.605838e-13
8.594065e-13
8.582313e-13
8.570582e-13
8.558871e-13
8.547182e-13
8.535514e-13
8.523867e-13
8.512242e-13
8.500638e-13
8.489057e-13
8.477497e-13
8.465959e-13
8.454443e-13
8.442949e-13
8.431478e-13
8.420030e-13
8.408603e-13
8.397200e-13
8.385820e-13
8.374462e-13
8.363128e-13
8.351817e-13
8.340529e-13
8.329264e-13
8.318024e-13
8.306806e-13
8.295613e-13
8.284444e-13
8.273299e-13
8.262178e-13
8.251081e-13
8.240008e-13
8.228961e-13
8.217937e-13
8.206939e-13
8.195965e-13
8.185017e-13
8.174093e-13
8.163195e-13
8.152322e-13
8.141475e-13
8.130653e-13
8.119857e-13
8.109086e-13
8.098342e-13
8.087623e-13
8.076931e-13
8.066264e-13
8.055625e-13
8.045011e-13
8.034424e-13
8.023864e-13
8.013331e-13
8.002825e-13
7.992345e-13
7.981893e-13
7.971468e-13
7.961070e-13
7.950699e-13
7.940357e-13
7.930041e-13
7.919754e-13
7.909494e-13
7.899263e-13
7.889059e-13
7.878884e-13
7.868737e-13
7.858618e-13
7.848527e-13
7.838466e-13
7.828433e-13
7.818428e-13
7.808453e-13
7.798506e-13
7.788589e-13
7.778701e-13
7.768842e-13
7.759012e-13
7.749212e-13
7.739442e-13
7.729701e-13
7.719990e-13
7.710309e-13
7.700657e-13
7.691036e-13
7.681445e-13
7.671884e-13
7.662354e-13
7.652854e-13
7.643384e-13
7.633945e-13
7.624537e-13
7.615160e-13
7.605813e-13
7.596498e-13
7.587213e-13
7.577960e-13
7.568738e-13
7.559547e-13
7.550388e-13
7.541260e-13
7.532164e-13
7.523100e-13
7.514067e-13
7.505066e-13
7.496098e-13
7.487161e-13
7.478256e-13
7.469384e-13
7.460543e-13
7.451736e-13
7.442960e-13
7.434218e-13
7.425507e-13
7.416830e-13
7.408185e-13
7.399574e-13
7.390995e-13
7.382449e-13
7.373936e-13
7.365457e-13
7.357011e-13
7.348598e-13
7.340218e-13
7.331872e-13
7.323560e-13
7.315281e-13
7.307036e-13
7.298825e-13
7.290648e-13
7.282505e-13
7.274396e-13
7.266320e-13
7.258279e-13
7.250273e-13
7.242300e-13
7.234362e-13
7.226459e-13
7.218590e-13
7.210755e-13
7.202956e-13
7.195191e-13
7.187460e-13
7.179765e-13
7.172105e-13
7.164480e-13
7.156889e-13
7.149334e-13
7.141814e-13
7.134330e-13
7.126881e-13
7.119467e-13
7.112089e-13
7.104746e-13
7.097439e-13
7.090167e-13
7.082931e-13
7.075731e-13
7.068567e-13
7.061439e-13
7.054347e-13
7.047291e-13
7.040270e-13
7.033287e-13
7.026339e-13
7.019427e-13
7.012552e-13
7.005713e-13
6.998911e-13
6.992145e-13
6.985416e-13
6.978723e-13
6.972067e-13
6.965448e-13
6.958865e-13
6.952319e-13
6.945810e-13
6.939338e-13
6.932903e-13
6.926505e-13
6.920144e-13
6.913820e-13
6.907534e-13
6.901284e-13
6.895072e-13
6.888897e-13
6.882760e-13
6.876660e-13
6.870597e-13
6.864572e-13
6.858584e-13
6.852634e-13
6.846722e-13
6.840847e-13
6.835010e-13
6.829211e-13
6.823450e-13
6.817726e-13
6.812041e-13
6.806393e-13
6.800783e-13
6.795211e-13
6.789678e-13
6.784182e-13
6.778725e-13
6.773305e-13
6.767924e-13
6.762581e-13
6.757277e-13
6.752010e-13
6.746782e-13
6.741593e-13
6.736442e-13
6.731329e-13
6.726255e-13
6.721219e-13
6.716222e-13
6.711264e-13
6.706344e-13
6.701462e-13
6.696620e-13
6.691816e-13
6.687050e-13
6.682324e-13
6.677636e-13
6.672987e-13
6.668377e-13
6.663806e-13
6.659274e-13
6.654781e-13
6.650326e-13
6.645911e-13
6.641535e-13
6.637197e-13
6.632899e-13
6.628640e-13
6.624419e-13
6.620238e-13
6.616096e-13
6.611994e-13
6.607930e-13
6.603906e-13
6.599920e-13
6.595974e-13
6.592068e-13
6.588200e-13
6.584372e-13
6.580583e-13
6.576833e-13
6.573123e-13
6.569452e-13
6.565821e-13
6.562229e-13
6.558676e-13
6.555162e-13
6.551688e-13
6.548254e-13
6.544859e-13
6.541503e-13
6.538187e-13
6.534910e-13
6.531673e-13
6.528475e-13
6.525317e-13
6.522198e-13
6.519119e-13
6.516080e-13
6.513079e-13
6.510119e-13
6.507198e-13
6.504316e-13
6.501474e-13
6.498672e-13
6.495909e-13
6.493186e-13
6.490502e-13
6.487858e-13
6.485253e-13
6.482688e-13
6.480163e-13
6.477677e-13
6.475231e-13
6.472824e-13
6.470457e-13
6.468130e-13
6.465842e-13
6.463593e-13
6.461384e-13
6.459215e-13
6.457085e-13
6.454995e-13
6.452945e-13
6.450933e-13
6.448962e-13
6.447030e-13
6.445137e-13
6.443284e-13
6.441471e-13
6.439697e-13
6.437963e-13
6.436268e-13
6.434612e-13
6.432996e-13
6.431419e-13
6.429882e-13
6.428385e-13
6.426926e-13
6.425507e-13
6.424128e-13
6.422788e-13
6.421487e-13
6.420225e-13
6.419003e-13
6.417821e-13
6.416677e-13
6.415573e-13
6.414508e-13
6.413482e-13
6.412496e-13
6.411549e-13
6.410641e-13
6.409772e-13
6.408942e-13
6.408152e-13
6.407400e-13
6.406688e-13
6.406015e-13
6.405381e-13
6.404785e-13
6.404229e-13
6.403712e-13
6.403234e-13
6.402795e-13
6.402394e-13
6.402033e-13
6.401710e-13
6.401426e-13
6.401182e-13
6.400975e-13
6.400808e-13
6.400679e-13
6.400589e-13
6.400538e-13
6.400525e-13
6.400551e-13
6.400616e-13
6.400719e-13
6.400860e-13
6.401040e-13
6.401259e-13
6.401516e-13
6.401811e-13
6.402145e-13
6.402517e-13
6.402927e-13
6.403375e-13
6.403862e-13
6.404387e-13
6.404950e-13
6.405551e-13
6.406191e-13
6.406868e-13
6.407583e-13
6.408336e-13
6.409128e-13
6.409957e-13
6.410824e-13
6.411728e-13
6.412671e-13
6.413651e-13
6.414669e-13
6.415724e-13
6.416817e-13
6.417948e-13
6.419116e-13
6.420322e-13
6.421565e-13
6.422845e-13
6.424163e-13
6.425518e-13
6.426910e-13
6.428340e-13
6.429806e-13
6.431310e-13
6.432851e-13
6.434428e-13
6.436043e-13
6.437695e-13
6.439383e-13
6.441109e-13
6.442871e-13
6.444669e-13
6.446505e-13
6.448377e-13
6.450286e-13
6.452231e-13
6.454212e-13
6.456230e-13
6.458285e-13
6.460375e-13
6.462502e-13
6.464665e-13
6.466865e-13
6.469100e-13
6.471371e-13
6.473678e-13
6.476022e-13
6.478401e-13
6.480816e-13
6.483266e-13
6.485752e-13
6.488274e-13
6.490832e-13
6.493425e-13
6.496053e-13
6.498717e-13
6.501416e-13
6.504150e-13
6.506920e-13
6.509725e-13
6.512565e-13
6.515439e-13
6.518349e-13
6.521294e-13
6.524273e-13
6.527288e-13
6.530337e-13
6.533420e-13
6.536539e-13
6.539691e-13
6.542878e-13
6.546100e-13
6.549356e-13
6.552646e-13
6.555970e-13
6.559329e-13
6.562721e-13
6.566148e-13
6.569608e-13
6.573102e-13
6.576630e-13
6.580192e-13
6.583787e-13
6.587416e-13
6.591078e-13
6.594774e-13
6.598503e-13
6.602265e-13
6.606061e-13
6.609889e-13
6.613751e-13
6.617646e-13
6.621573e-13
6.625534e-13
6.629527e-13
6.633553e-13
6.637611e-13
6.641702e-13
6.645826e-13
6.649982e-13
6.654170e-13
6.658390e-13
6.662643e-13
6.666928e-13
6.671244e-13
6.675593e-13
6.679973e-13
6.684386e-13
6.688830e-13
6.693305e-13
6.697812e-13
6.702351e-13
6.706921e-13
6.711522e-13
6.716154e-13
6.720818e-13
6.725512e-13
6.730238e-13
6.734994e-13
6.739781e-13
6.744599e-13
6.749448e-13
6.754327e-13
6.759236e-13
6.764176e-13
6.769146e-13
6.774147e-13
6.779177e-13
6.784238e-13
6.789329e-13
6.794449e-13
6.799599e-13
6.804779e-13
6.809989e-13
6.815228e-13
6.820496e-13
6.825794e-13
6.831121e-13
6.836477e-13
6.841863e-13
6.847277e-13
6.852720e-13
6.858193e-13
6.863693e-13
6.869223e-13
6.874781e-13
6.880367e-13
6.885982e-13
6.891625e-13
6.897297e-13
6.902996e-13
6.908723e-13
6.914479e-13
6.920262e-13
6.926073e-13
6.931911e-13
6.937777e-13
6.943670e-13
6.949591e-13
6.955539e-13
6.961515e-13
6.967517e-13
6.973546e-13
6.979602e-13
6.985685e-13
6.991795e-13
6.997931e-13
7.004094e-13
7.010283e-13
7.016498e-13
7.022740e-13
7.029007e-13
7.035301e-13
7.041621e-13
7.047966e-13
7.054337e-13
7.060734e-13
7.067156e-13
7.073604e-13
7.080077e-13
7.086575e-13
7.093099e-13
7.099647e-13
7.106220e-13
7.112818e-13
7.119441e-13
7.126089e-13
7.132761e-13
7.139457e-13
7.146178e-13
7.152923e-13
7.159692e-13
7.166485e-13
7.173302e-13
7.180143e-13
7.187007e-13
7.193895e-13
7.200807e-13
7.207742e-13
7.214700e-13
7.221682e-13
7.228686e-13
7.235714e-13
7.242764e-13
7.249837e-13
7.256933e-13
7.264052e-13
7.271192e-13
7.278356e-13
7.285541e-13
7.292749e-13
7.299978e-13
7.307230e-13
7.314503e-13
7.321798e-13
7.329115e-13
7.336453e-13
7.343812e-13
7.351193e-13
7.358595e-13
7.366018e-13
7.373462e-13
7.380927e-13
7.388413e-13
7.395919e-13
7.403446e-13
7.410993e-13
7.418561e-13
7.426148e-13
7.433756e-13
7.441384e-13
7.449032e-13
7.456699e-13
7.464386e-13
7.472093e-13
7.479819e-13
7.487564e-13
7.495329e-13
7.503113e-13
7.510915e-13
7.518737e-13
7.526577e-13
7.534436e-13
7.542314e-13
7.550209e-13
7.558124e-13
7.566056e-13
7.574007e-13
7.581975e-13
7.589962e-13
7.597966e-13
7.605988e-13
7.614027e-13
7.622084e-13
7.630158e-13
7.638249e-13
7.646357e-13
7.654483e-13
7.662625e-13
7.670784e-13
7.678959e-13
7.687151e-13
7.695360e-13
7.703584e-13
7.711825e-13
7.720082e-13
7.728355e-13
7.736644e-13
7.744948e-13
7.753268e-13
7.761604e-13
7.769954e-13
7.778321e-13
7.786702e-13
7.795098e-13
7.803509e-13
7.811935e-13
7.820376e-13
7.828831e-13
7.837300e-13
7.845784e-13
7.854282e-13
7.862794e-13
7.871321e-13
7.879861e-13
7.888414e-13
7.896982e-13
7.905562e-13
7.914157e-13
7.922764e-13
7.931385e-13
7.940019e-13
7.948665e-13
7.957325e-13
7.965997e-13
7.974681e-13
7.983379e-13
7.992088e-13
8.000810e-13
8.009543e-13
8.018289e-13
8.027047e-13
8.035816e-13
8.044597e-13
8.053390e-13
8.062193e-13
8.071009e-13
8.079835e-13
8.088672e-13
8.097520e-13
8.106379e-13
8.115249e-13
8.124129e-13
8.133020e-13
8.141921e-13
8.150832e-13
8.159753e-13
8.168685e-13
8.177626e-13
8.186577e-13
8.195537e-13
8.204507e-13
8.213486e-13
8.222475e-13
8.231472e-13
8.240479e-13
8.249495e-13
8.258519e-13
8.267552e-13
8.276593e-13
8.285643e-13
8.294701e-13
8.303768e-13
8.312842e-13
8.321925e-13
8.331015e-13
8.340113e-13
8.349218e-13
8.358331e-13
8.367451e-13
8.376579e-13
8.385713e-13
8.394855e-13
8.404003e-13
8.413158e-13
8.422320e-13
8.431488e-13
8.440663e-13
8.449844e-13
8.459031e-13
8.468224e-13
8.477423e-13
8.486628e-13
8.495838e-13
8.505054e-13
8.514275e-13
8.523502e-13
8.532734e-13
8.541971e-13
8.551212e-13
8.560459e-13
8.569710e-13
8.578966e-13
8.588227e-13
8.597491e-13
8.606760e-13
8.616033e-13
8.625311e-13
8.634591e-13
8.643876e-13
8.653164e-13
8.662456e-13
8.671751e-13
8.681050e-13
8.690351e-13
8.699656e-13
8.708963e-13
8.718274e-13
8.727587e-13
8.736902e-13
8.746220e-13
8.755540e-13
8.764863e-13
8.774187e-13
8.783514e-13
8.792842e-13
8.802172e-13
8.811503e-13
8.820836e-13
8.830171e-13
8.839507e-13
8.848843e-13
8.858181e-13
8.867520e-13
8.876859e-13
8.886199e-13
8.895540e-13
8.904881e-13
8.914222e-13
8.923564e-13
8.932905e-13
8.942247e-13
8.951588e-13
8.960929e-13
8.970269e-13
8.979609e-13
8.988949e-13
8.998287e-13
9.007625e-13
9.016961e-13
9.026297e-13
9.035631e-13
9.044964e-13
9.054296e-13
9.063625e-13
9.072953e-13
9.082280e-13
9.091604e-13
9.100926e-13
9.110246e-13
9.119564e-13
9.128879e-13
9.138192e-13
9.147502e-13
9.156810e-13
9.166114e-13
9.175416e-13
9.184714e-13
9.194009e-13
9.203301e-13
9.212590e-13
9.221874e-13
9.231155e-13
9.240433e-13
9.249706e-13
9.258975e-13
9.268240e-13
9.277501e-13
9.286757e-13
9.296009e-13
9.305257e-13
9.314499e-13
9.323737e-13
9.332970e-13
9.342197e-13
9.351420e-13
9.360637e-13
9.369849e-13
9.379055e-13
9.388256e-13
9.397450e-13
9.406639e-13
9.415822e-13
9.424999e-13
9.434170e-13
9.443334e-13
9.452492e-13
9.461643e-13
9.470788e-13
9.479925e-13
9.489056e-13
9.498180e-13
9.507297e-13
9.516407e-13
9.525509e-13
9.534603e-13
9.543691e-13
9.552770e-13
9.561842e-13
9.570906e-13
9.579961e-13
9.589009e-13
9.598048e-13
9.607080e-13
9.616102e-13
9.625116e-13
9.634122e-13
9.643118e-13
9.652106e-13
9.661084e-13
9.670054e-13
9.679014e-13
9.687965e-13
9.696907e-13
9.705839e-13
9.714761e-13
9.723674e-13
9.732576e-13
9.741469e-13
9.750352e-13
9.759224e-13
9.768086e-13
9.776938e-13
9.785779e-13
9.794609e-13
9.803429e-13
9.812238e-13
9.821036e-13
9.829822e-13
9.838598e-13
9.847362e-13
9.856115e-13
9.864857e-13
9.873587e-13
9.882305e-13
9.891011e-13
9.899706e-13
9.908388e-13
9.917059e-13
9.925717e-13
9.934362e-13
9.942996e-13
9.951617e-13
9.960225e-13
9.968820e-13
9.977403e-13
9.985972e-13
9.994529e-13
1.000307e-12
1.001160e-12
1.002012e-12
1.002862e-12
1.003711e-12
1.004559e-12
1.005405e-12
1.006250e-12
1.007093e-12
1.007935e-12
1.008776e-12
1.009615e-12
1.010453e-12
1.011289e-12
1.012124e-12
1.012957e-12
1.013789e-12
1.014620e-12
1.015448e-12
1.016276e-12
1.017102e-12
1.017926e-12
1.018749e-12
1.019570e-12
1.020390e-12
1.021208e-12
1.022025e-12
1.022840e-12
1.023653e-12
1.024465e-12
1.025275e-12
1.026083e-12
1.026890e-12
1.027695e-12
1.028499e-12
1.029301e-12
1.030101e-12
1.030900e-12
1.031697e-12
1.032492e-12
1.033285e-12
1.034077e-12
1.034867e-12
1.035655e-12
1.036442e-12
1.037227e-12
1.038010e-12
1.038791e-12
1.039570e-12
1.040348e-12
1.041124e-12
1.041898e-12
1.042670e-12
1.043440e-12
1.044209e-12
1.044975e-12
1.045740e-12
1.046503e-12
1.047264e-12
1.048023e-12
1.048781e-12
1.049536e-12
1.050289e-12
1.051041e-12
1.051791e-12
1.052538e-12
1.053284e-12
1.054028e-12
1.054769e-12
1.055509e-12
1.056247e-12
1.056983e-12
1.057717e-12
1.058449e-12
1.059178e-12
1.059906e-12
1.060632e-12
1.061356e-12
1.062077e-12
1.062797e-12
1.063514e-12
1.064230e-12
1.064943e-12
1.065654e-12
1.066363e-12
1.067070e-12
1.067775e-12
1.068478e-12
1.069179e-12
1.069877e-12
1.070574e-12
1.071268e-12
1.071960e-12
1.072650e-12
1.073337e-12
1.074023e-12
1.074706e-12
1.075387e-12
1.076066e-12
1.076742e-12
1.077417e-12
1.078089e-12
1.078759e-12
1.079426e-12
1.080092e-12
1.080755e-12
1.081416e-12
1.082074e-12
1.082730e-12
1.083384e-12
1.084036e-12
1.084685e-12
1.085332e-12
1.085977e-12
1.086619e-12
1.087259e-12
1.087896e-12
1.088532e-12
1.089164e-12
1.089795e-12
1.090423e-12
1.091049e-12
1.091672e-12
1.092293e-12
1.092911e-12
1.093527e-12
1.094141e-12
1.094752e-12
1.095361e-12
1.095967e-12
1.096571e-12
1.097172e-12
1.097771e-12
1.098367e-12
1.098961e-12
1.099553e-12
1.100141e-12
1.100728e-12
1.101312e-12
1.101893e-12
1.102472e-12
1.103048e-12
1.103622e-12
1.104193e-12
1.104762e-12
1.105328e-12
1.105891e-12
1.106452e-12
1.107011e-12
1.107567e-12
1.108120e-12
1.108670e-12
1.109218e-12
1.109764e-12
1.110307e-12
1.110847e-12
1.111384e-12
1.111919e-12
1.112451e-12
1.112981e-12
1.113508e-12
1.114032e-12
1.114554e-12
1.115073e-12
1.115589e-12
1.116102e-12
1.116613e-12
1.117121e-12
1.117627e-12
1.118130e-12
1.118630e-12
1.119127e-12
1.119622e-12
1.120113e-12
1.120602e-12
1.121089e-12
1.121572e-12
1.122053e-12
1.122531e-12
1.123007e-12
1.123479e-12
1.123949e-12
1.124416e-12
1.124880e-12
1.125342e-12
1.125800e-12
1.126256e-12
1.126709e-12
1.127160e-12
1.127607e-12
1.128051e-12
1.128493e-12
1.128932e-12
1.129368e-12
1.129801e-12
1.130232e-12
1.130659e-12
1.131084e-12
1.131506e-12
1.131925e-12
1.132341e-12
1.132754e-12
1.133164e-12
1.133571e-12
1.133976e-12
1.134378e-12
1.134776e-12
1.135172e-12
1.135565e-12
1.135955e-12
1.136342e-12
1.136726e-12
1.137107e-12
1.137486e-12
1.137861e-12
1.138233e-12
1.138603e-12
1.138969e-12
1.139333e-12
1.139693e-12
1.140051e-12
1.140405e-12
1.140757e-12
1.141106e-12
1.141452e-12
1.141794e-12
1.142134e-12
1.142471e-12
1.142804e-12
1.143135e-12
1.143463e-12
1.143788e-12
1.144109e-12
1.144428e-12
1.144744e-12
1.145057e-12
1.145366e-12
1.145673e-12
1.145976e-12
1.146277e-12
1.146574e-12
1.146869e-12
1.147160e-12
1.147449e-12
1.147734e-12
1.148016e-12
1.148296e-12
1.148572e-12
1.148845e-12
1.149115e-12
1.149382e-12
1.149646e-12
1.149906e-12
1.150164e-12
1.150419e-12
1.150670e-12
1.150919e-12
1.151164e-12
1.151406e-12
1.151646e-12
1.151882e-12
1.152115e-12
1.152345e-12
1.152571e-12
1.152795e-12
1.153015e-12
1.153233e-12
1.153447e-12
1.153658e-12
1.153866e-12
1.154071e-12
1.154273e-12
1.154472e-12
1.154667e-12
1.154860e-12
1.155049e-12
1.155235e-12
1.155418e-12
1.155598e-12
1.155775e-12
1.155948e-12
1.156119e-12
1.156286e-12
1.156450e-12
1.156611e-12
1.156769e-12
1.156923e-12
1.157075e-12
1.157223e-12
1.157368e-12
1.157510e-12
1.157649e-12
1.157785e-12
1.157917e-12
1.158046e-12
1.158173e-12
1.158296e-12
1.158415e-12
1.158532e-12
1.158645e-12
1.158756e-12
1.158863e-12
1.158966e-12
1.159067e-12
1.159165e-12
1.159259e-12
1.159350e-12
1.159438e-12
1.159523e-12
1.159604e-12
1.159683e-12
1.159758e-12
1.159830e-12
1.159899e-12
1.159964e-12
1.160027e-12
1.160086e-12
1.160142e-12
1.160195e-12
1.160244e-12
1.160291e-12
1.160334e-12
1.160374e-12
1.160411e-12
1.160444e-12
1.160475e-12
1.160502e-12
1.160526e-12
1.160547e-12
1.160564e-12
1.160579e-12
1.160590e-12
1.160598e-12
1.160603e-12
1.160605e-12
