1.413689e-12
1.413687e-12
1.413680e-12
1.413668e-12
1.413652e-12
1.413630e-12
1.413605e-12
1.413574e-12
1.413539e-12
1.413499e-12
1.413454e-12
1.413405e-12
1.413350e-12
1.413292e-12
1.413228e-12
1.413160e-12
1.413087e-12
1.413009e-12
1.412927e-12
1.412840e-12
1.412749e-12
1.412652e-12
1.412551e-12
1.412445e-12
1.412335e-12
1.412220e-12
1.412100e-12
1.411975e-12
1.411846e-12
1.411712e-12
1.411574e-12
1.411431e-12
1.411283e-12
1.411130e-12
1.410973e-12
1.410811e-12
1.410644e-12
1.410473e-12
1.410297e-12
1.410117e-12
1.409932e-12
1.409742e-12
1.409547e-12
1.409348e-12
1.409144e-12
1.408936e-12
1.408722e-12
1.408505e-12
1.408282e-12
1.408055e-12
1.407824e-12
1.407587e-12
1.407346e-12
1.407101e-12
1.406851e-12
1.406596e-12
1.406336e-12
1.406072e-12
1.405804e-12
1.405531e-12
1.405253e-12
1.404970e-12
1.404683e-12
1.404392e-12
1.404095e-12
1.403795e-12
1.403489e-12
1.403179e-12
1.402865e-12
1.402546e-12
1.402222e-12
1.401894e-12
1.401561e-12
1.401224e-12
1.400882e-12
1.400536e-12
1.400185e-12
1.399830e-12
1.399470e-12
1.399105e-12
1.398736e-12
1.398363e-12
1.397985e-12
1.397602e-12
1.397215e-12
1.396824e-12
1.396428e-12
1.396027e-12
1.395622e-12
1.395213e-12
1.394799e-12
1.394381e-12
1.393958e-12
1.393531e-12
1.393099e-12
1.392663e-12
1.392223e-12
1.391778e-12
1.391328e-12
1.390874e-12
1.390416e-12
1.389953e-12
1.389486e-12
1.389015e-12
1.388539e-12
1.388059e-12
1.387574e-12
1.387086e-12
1.386592e-12
1.386095e-12
1.385593e-12
1.385086e-12
1.384576e-12
1.384061e-12
1.383541e-12
1.383018e-12
1.382490e-12
1.381958e-12
1.381421e-12
1.380880e-12
1.380335e-12
1.379786e-12
1.379232e-12
1.378674e-12
1.378112e-12
1.377546e-12
1.376975e-12
1.376400e-12
1.375821e-12
1.375238e-12
1.374650e-12
1.374058e-12
1.373462e-12
1.372862e-12
1.372258e-12
1.371650e-12
1.371037e-12
1.370420e-12
1.369799e-12
1.369174e-12
1.368545e-12
1.367912e-12
1.367274e-12
1.366633e-12
1.365987e-12
1.365338e-12
1.364684e-12
1.364026e-12
1.363364e-12
1.362698e-12
1.362028e-12
1.361354e-12
1.360676e-12
1.359994e-12
1.359308e-12
1.358618e-12
1.357923e-12
1.357225e-12
1.356523e-12
1.355817e-12
1.355107e-12
1.354393e-12
1.353675e-12
1.352954e-12
1.352228e-12
1.351498e-12
1.350765e-12
1.350027e-12
1.349286e-12
1.348541e-12
1.347792e-12
1.347039e-12
1.346282e-12
1.345521e-12
1.344757e-12
1.343988e-12
1.343216e-12
1.342441e-12
1.341661e-12
1.340877e-12
1.340090e-12
1.339299e-12
1.338505e-12
1.337706e-12
1.336904e-12
1.336098e-12
1.335289e-12
1.334475e-12
1.333658e-12
1.332838e-12
1.332013e-12
1.331185e-12
1.330354e-12
1.329519e-12
1.328680e-12
1.327837e-12
1.326991e-12
1.326142e-12
1.325288e-12
1.324432e-12
1.323571e-12
1.322707e-12
1.321840e-12
1.320969e-12
1.320095e-12
1.319217e-12
1.318335e-12
1.317450e-12
1.316562e-12
1.315670e-12
1.314775e-12
1.313876e-12
1.312974e-12
1.312068e-12
1.311159e-12
1.310247e-12
1.309331e-12
1.308412e-12
1.307490e-12
1.306564e-12
1.305635e-12
1.304702e-12
1.303766e-12
1.302827e-12
1.301885e-12
1.300940e-12
1.299991e-12
1.299039e-12
1.298083e-12
1.297125e-12
1.296163e-12
1.295198e-12
1.294230e-12
1.293259e-12
1.292284e-12
1.291307e-12
1.290326e-12
1.289342e-12
1.288355e-12
1.287365e-12
1.286372e-12
1.285376e-12
1.284376e-12
1.283374e-12
1.282369e-12
1.281360e-12
1.280349e-12
1.279334e-12
1.278317e-12
1.277297e-12
1.276273e-12
1.275247e-12
1.274218e-12
1.273186e-12
1.272151e-12
1.271113e-12
1.270072e-12
1.269028e-12
1.267982e-12
1.266933e-12
1.265880e-12
1.264825e-12
1.263768e-12
1.262707e-12
1.261644e-12
1.260578e-12
1.259509e-12
1.258437e-12
1.257363e-12
1.256286e-12
1.255206e-12
1.254124e-12
1.253039e-12
1.251951e-12
1.250861e-12
1.249768e-12
1.248672e-12
1.247574e-12
1.246473e-12
1.245370e-12
1.244264e-12
1.243156e-12
1.242045e-12
1.240931e-12
1.239815e-12
1.238697e-12
1.237576e-12
1.236453e-12
1.235327e-12
1.234199e-12
1.233068e-12
1.231935e-12
1.230799e-12
1.229662e-12
1.228521e-12
1.227379e-12
1.226234e-12
1.225087e-12
1.223937e-12
1.222786e-12
1.221632e-12
1.220475e-12
1.219317e-12
1.218156e-12
1.216993e-12
1.215828e-12
1.214661e-12
1.213491e-12
1.212319e-12
1.211146e-12
1.209970e-12
1.208792e-12
1.207611e-12
1.206429e-12
1.205245e-12
1.204059e-12
1.202870e-12
1.201680e-12
1.200487e-12
1.199293e-12
1.198097e-12
1.196898e-12
1.195698e-12
1.194496e-12
1.193291e-12
1.192085e-12
1.190877e-12
1.189668e-12
1.188456e-12
1.187242e-12
1.186027e-12
1.184810e-12
1.183591e-12
1.182370e-12
1.181147e-12
1.179923e-12
1.178697e-12
1.177469e-12
1.176240e-12
1.175009e-12
1.173776e-12
1.172541e-12
1.171305e-12
1.170067e-12
1.168828e-12
1.167587e-12
1.166344e-12
1.165100e-12
1.163855e-12
1.162607e-12
1.161359e-12
1.160108e-12
1.158856e-12
1.157603e-12
1.156349e-12
1.155092e-12
1.153835e-12
1.152576e-12
1.151315e-12
1.150053e-12
1.148790e-12
1.147526e-12
1.146260e-12
1.144993e-12
1.143724e-12
1.142454e-12
1.141183e-12
1.139911e-12
1.138637e-12
1.137363e-12
1.136086e-12
1.134809e-12
1.133531e-12
1.132251e-12
1.130971e-12
1.129689e-12
1.128406e-12
1.127122e-12
1.125836e-12
1.124550e-12
1.123263e-12
1.121974e-12
1.120685e-12
1.119395e-12
1.118103e-12
1.116811e-12
1.115517e-12
1.114223e-12
1.112928e-12
1.111632e-12
1.110335e-12
1.109037e-12
1.107738e-12
1.106438e-12
1.105138e-12
1.103837e-12
1.102534e-12
1.101232e-12
1.099928e-12
1.098623e-12
1.097318e-12
1.096012e-12
1.094706e-12
1.093398e-12
1.092090e-12
1.090782e-12
1.089472e-12
1.088162e-12
1.086852e-12
1.085541e-12
1.084229e-12
1.082917e-12
1.081604e-12
1.080290e-12
1.078976e-12
1.077662e-12
1.076347e-12
1.075032e-12
1.073716e-12
1.072399e-12
1.071083e-12
1.069765e-12
1.068448e-12
1.067130e-12
1.065812e-12
1.064493e-12
1.063174e-12
1.061855e-12
1.060535e-12
1.059215e-12
1.057895e-12
1.056575e-12
1.055254e-12
1.053933e-12
1.052612e-12
1.051291e-12
1.049970e-12
1.048648e-12
1.047326e-12
1.046004e-12
1.044682e-12
1.043360e-12
1.042038e-12
1.040716e-12
1.039394e-12
1.038072e-12
1.036749e-12
1.035427e-12
1.034105e-12
1.032782e-12
1.031460e-12
1.030138e-12
1.028816e-12
1.027494e-12
1.026172e-12
1.024850e-12
1.023529e-12
1.022207e-12
1.020886e-12
1.019565e-12
1.018244e-12
1.016923e-12
1.015603e-12
1.014283e-12
1.012963e-12
1.011643e-12
1.010324e-12
1.009005e-12
1.007686e-12
1.006368e-12
1.005050e-12
1.003732e-12
1.002415e-12
1.001098e-12
9.997815e-13
9.984655e-13
9.971499e-13
9.958348e-13
9.945202e-13
9.932061e-13
9.918925e-13
9.905795e-13
9.892670e-13
9.879550e-13
9.866436e-13
9.853328e-13
9.840226e-13
9.827130e-13
9.814041e-13
9.800958e-13
9.787881e-13
9.774812e-13
9.761749e-13
9.748694e-13
9.735645e-13
9.722604e-13
9.709571e-13
9.696546e-13
9.683528e-13
9.670518e-13
9.657516e-13
9.644523e-13
9.631538e-13
9.618562e-13
9.605595e-13
9.592636e-13
9.579687e-13
9.566746e-13
9.553815e-13
9.540894e-13
9.527982e-13
9.515080e-13
9.502188e-13
9.489306e-13
9.476434e-13
9.463573e-13
9.450722e-13
9.437882e-13
9.425053e-13
9.412235e-13
9.399427e-13
9.386632e-13
9.373847e-13
9.361074e-13
9.348313e-13
9.335563e-13
9.322826e-13
9.310101e-13
9.297388e-13
9.284687e-13
9.272000e-13
9.259324e-13
9.246662e-13
9.234013e-13
9.221376e-13
9.208754e-13
9.196144e-13
9.183548e-13
9.170966e-13
9.158398e-13
9.145843e-13
9.133303e-13
9.120777e-13
9.108266e-13
9.095769e-13
9.083287e-13
9.070820e-13
9.058367e-13
9.045930e-13
9.033508e-13
9.021102e-13
9.008711e-13
8.996335e-13
8.983976e-13
8.971632e-13
8.959305e-13
8.946994e-13
8.934699e-13
8.922421e-13
8.910159e-13
8.897914e-13
8.885687e-13
8.873476e-13
8.861282e-13
8.849106e-13
8.836947e-13
8.824805e-13
8.812682e-13
8.800576e-13
8.788489e-13
8.776419e-13
8.764368e-13
8.752335e-13
8.740320e-13
8.728325e-13
8.716348e-13
8.704390e-13
8.692451e-13
8.680531e-13
8.668631e-13
8.656750e-13
8.644888e-13
8.633047e-13
8.621225e-13
8.609423e-13
8.597641e-13
8.585880e-13
8.574138e-13
8.562418e-13
8.550718e-13
8.539038e-13
8.527380e-13
8.515742e-13
8.504126e-13
8.492531e-13
8.480957e-13
8.469404e-13
8.457874e-13
8.446365e-13
8.434878e-13
8.423413e-13
8.411970e-13
8.400549e-13
8.389150e-13
8.377774e-13
8.366421e-13
8.355090e-13
8.343783e-13
8.332498e-13
8.321236e-13
8.309998e-13
8.298782e-13
8.287591e-13
8.276422e-13
8.265278e-13
8.254157e-13
8.243060e-13
8.231987e-13
8.220939e-13
8.209914e-13
8.198914e-13
8.187939e-13
8.176988e-13
8.166062e-13
8.155161e-13
8.144284e-13
8.133433e-13
8.122607e-13
8.111806e-13
8.101031e-13
8.090281e-13
8.079557e-13
8.068859e-13
8.058186e-13
8.047539e-13
8.036919e-13
8.026325e-13
8.015757e-13
8.005215e-13
7.994700e-13
7.984212e-13
7.973750e-13
7.963315e-13
7.952907e-13
7.942526e-13
7.932173e-13
7.921846e-13
7.911547e-13
7.901276e-13
7.891032e-13
7.880816e-13
7.870627e-13
7.860467e-13
7.850334e-13
7.840230e-13
7.830153e-13
7.820106e-13
7.810086e-13
7.800095e-13
7.790133e-13
7.780199e-13
7.770294e-13
7.760418e-13
7.750572e-13
7.740754e-13
7.730965e-13
7.721206e-13
7.711476e-13
7.701776e-13
7.692105e-13
7.682464e-13
7.672853e-13
7.663272e-13
7.653720e-13
7.644199e-13
7.634708e-13
7.625247e-13
7.615817e-13
7.606417e-13
7.597047e-13
7.587709e-13
7.578401e-13
7.569123e-13
7.559877e-13
7.550662e-13
7.541477e-13
7.532324e-13
7.523202e-13
7.514112e-13
7.505053e-13
7.496025e-13
7.487030e-13
7.478065e-13
7.469133e-13
7.460233e-13
7.451364e-13
7.442527e-13
7.433723e-13
7.424951e-13
7.416211e-13
7.407504e-13
7.398829e-13
7.390186e-13
7.381576e-13
7.372999e-13
7.364455e-13
7.355943e-13
7.347465e-13
7.339019e-13
7.330607e-13
7.322227e-13
7.313882e-13
7.305569e-13
7.297290e-13
7.289044e-13
7.280832e-13
7.272653e-13
7.264508e-13
7.256397e-13
7.248320e-13
7.240277e-13
7.232268e-13
7.224293e-13
7.216352e-13
7.208445e-13
7.200572e-13
7.192734e-13
7.184931e-13
7.177161e-13
7.169427e-13
7.161727e-13
7.154062e-13
7.146431e-13
7.138836e-13
7.131275e-13
7.123749e-13
7.116259e-13
7.108803e-13
7.101383e-13
7.093998e-13
7.086648e-13
7.079334e-13
7.072055e-13
7.064811e-13
7.057603e-13
7.050431e-13
7.043294e-13
7.036193e-13
7.029128e-13
7.022099e-13
7.015106e-13
7.008148e-13
7.001227e-13
6.994342e-13
6.987493e-13
6.980680e-13
6.973904e-13
6.967163e-13
6.960459e-13
6.953792e-13
6.947161e-13
6.940567e-13
6.934009e-13
6.927488e-13
6.921003e-13
6.914555e-13
6.908144e-13
6.901770e-13
6.895433e-13
6.889133e-13
6.882870e-13
6.876643e-13
6.870454e-13
6.864302e-13
6.858188e-13
6.852110e-13
6.846070e-13
6.840067e-13
6.834101e-13
6.828173e-13
6.822283e-13
6.816429e-13
6.810614e-13
6.804836e-13
6.799095e-13
6.793393e-13
6.787728e-13
6.782101e-13
6.776511e-13
6.770960e-13
6.765446e-13
6.759970e-13
6.754532e-13
6.749133e-13
6.743771e-13
6.738447e-13
6.733162e-13
6.727914e-13
6.722705e-13
6.717534e-13
6.712401e-13
6.707306e-13
6.702250e-13
6.697232e-13
6.692253e-13
6.687312e-13
6.682409e-13
6.677545e-13
6.672719e-13
6.667932e-13
6.663184e-13
6.658474e-13
6.653802e-13
6.649170e-13
6.644576e-13
6.640020e-13
6.635504e-13
6.631026e-13
6.626587e-13
6.622187e-13
6.617825e-13
6.613503e-13
6.609219e-13
6.604974e-13
6.600769e-13
6.596602e-13
6.592474e-13
6.588385e-13
6.584335e-13
6.580324e-13
6.576352e-13
6.572419e-13
6.568526e-13
6.564671e-13
6.560855e-13
6.557079e-13
6.553342e-13
6.549644e-13
6.545985e-13
6.542365e-13
6.538785e-13
6.535244e-13
6.531742e-13
6.528279e-13
6.524856e-13
6.521472e-13
6.518127e-13
6.514821e-13
6.511555e-13
6.508328e-13
6.505141e-13
6.501992e-13
6.498883e-13
6.495814e-13
6.492784e-13
6.489793e-13
6.486842e-13
6.483930e-13
6.481057e-13
6.478224e-13
6.475430e-13
6.472675e-13
6.469960e-13
6.467285e-13
6.464649e-13
6.462052e-13
6.459495e-13
6.456977e-13
6.454498e-13
6.452059e-13
6.449659e-13
6.447299e-13
6.444978e-13
6.442697e-13
6.440455e-13
6.438252e-13
6.436089e-13
6.433966e-13
6.431881e-13
6.429836e-13
6.427831e-13
6.425864e-13
6.423938e-13
6.422050e-13
6.420202e-13
6.418393e-13
6.416624e-13
6.414894e-13
6.413203e-13
6.411552e-13
6.409940e-13
6.408367e-13
6.406834e-13
6.405340e-13
6.403885e-13
6.402469e-13
6.401093e-13
6.399756e-13
6.398458e-13
6.397199e-13
6.395980e-13
6.394799e-13
6.393658e-13
6.392556e-13
6.391493e-13
6.390469e-13
6.389485e-13
6.388539e-13
6.387632e-13
6.386765e-13
6.385936e-13
6.385147e-13
6.384396e-13
6.383685e-13
6.383012e-13
6.382378e-13
6.381783e-13
6.381227e-13
6.380710e-13
6.380232e-13
6.379793e-13
6.379392e-13
6.379030e-13
6.378707e-13
6.378422e-13
6.378176e-13
6.377969e-13
6.377800e-13
6.377670e-13
6.377579e-13
6.377526e-13
6.377511e-13
6.377535e-13
6.377598e-13
6.377699e-13
6.377838e-13
6.378016e-13
6.378232e-13
6.378486e-13
6.378779e-13
6.379109e-13
6.379478e-13
6.379885e-13
6.380331e-13
6.380814e-13
6.381335e-13
6.381895e-13
6.382492e-13
6.383127e-13
6.383800e-13
6.384512e-13
6.385260e-13
6.386047e-13
6.386872e-13
6.387734e-13
6.388634e-13
6.389571e-13
6.390546e-13
6.391559e-13
6.392609e-13
6.393697e-13
6.394822e-13
6.395984e-13
6.397184e-13
6.398421e-13
6.399696e-13
6.401007e-13
6.402356e-13
6.403742e-13
6.405165e-13
6.406625e-13
6.408122e-13
6.409656e-13
6.411226e-13
6.412834e-13
6.414478e-13
6.416160e-13
6.417877e-13
6.419632e-13
6.421423e-13
6.423251e-13
6.425115e-13
6.427016e-13
6.428953e-13
6.430926e-13
6.432936e-13
6.434981e-13
6.437063e-13
6.439182e-13
6.441336e-13
6.443526e-13
6.445753e-13
6.448015e-13
6.450313e-13
6.452647e-13
6.455016e-13
6.457421e-13
6.459862e-13
6.462339e-13
6.464851e-13
6.467398e-13
6.469981e-13
6.472599e-13
6.475253e-13
6.477942e-13
6.480666e-13
6.483425e-13
6.486219e-13
6.489048e-13
6.491912e-13
6.494810e-13
6.497744e-13
6.500712e-13
6.503715e-13
6.506753e-13
6.509825e-13
6.512932e-13
6.516073e-13
6.519248e-13
6.522458e-13
6.525701e-13
6.528979e-13
6.532292e-13
6.535638e-13
6.539018e-13
6.542432e-13
6.545879e-13
6.549361e-13
6.552876e-13
6.556425e-13
6.560007e-13
6.563623e-13
6.567272e-13
6.570955e-13
6.574670e-13
6.578419e-13
6.582201e-13
6.586016e-13
6.589864e-13
6.593745e-13
6.597659e-13
6.601606e-13
6.605585e-13
6.609597e-13
6.613641e-13
6.617718e-13
6.621827e-13
6.625968e-13
6.630142e-13
6.634348e-13
6.638586e-13
6.642856e-13
6.647158e-13
6.651491e-13
6.655857e-13
6.660254e-13
6.664683e-13
6.669143e-13
6.673634e-13
6.678158e-13
6.682712e-13
6.687297e-13
6.691914e-13
6.696562e-13
6.701241e-13
6.705950e-13
6.710691e-13
6.715462e-13
6.720264e-13
6.725096e-13
6.729959e-13
6.734852e-13
6.739775e-13
6.744729e-13
6.749713e-13
6.754727e-13
6.759771e-13
6.764845e-13
6.769948e-13
6.775082e-13
6.780244e-13
6.785437e-13
6.790659e-13
6.795910e-13
6.801191e-13
6.806500e-13
6.811839e-13
6.817207e-13
6.822604e-13
6.828030e-13
6.833484e-13
6.838967e-13
6.844479e-13
6.850019e-13
6.855588e-13
6.861184e-13
6.866810e-13
6.872463e-13
6.878144e-13
6.883853e-13
6.889590e-13
6.895355e-13
6.901147e-13
6.906967e-13
6.912815e-13
6.918689e-13
6.924592e-13
6.930521e-13
6.936477e-13
6.942461e-13
6.948471e-13
6.954508e-13
6.960572e-13
6.966663e-13
6.972780e-13
6.978923e-13
6.985093e-13
6.991289e-13
6.997512e-13
7.003760e-13
7.010034e-13
7.016334e-13
7.022660e-13
7.029012e-13
7.035389e-13
7.041791e-13
7.048219e-13
7.054673e-13
7.061151e-13
7.067654e-13
7.074183e-13
7.080736e-13
7.087314e-13
7.093917e-13
7.100544e-13
7.107196e-13
7.113872e-13
7.120573e-13
7.127297e-13
7.134046e-13
7.140819e-13
7.147615e-13
7.154436e-13
7.161280e-13
7.168147e-13
7.175038e-13
7.181952e-13
7.188890e-13
7.195851e-13
7.202834e-13
7.209841e-13
7.216870e-13
7.223923e-13
7.230998e-13
7.238095e-13
7.245215e-13
7.252357e-13
7.259521e-13
7.266708e-13
7.273916e-13
7.281146e-13
7.288398e-13
7.295672e-13
7.302968e-13
7.310284e-13
7.317622e-13
7.324982e-13
7.332362e-13
7.339764e-13
7.347186e-13
7.354630e-13
7.362094e-13
7.369578e-13
7.377084e-13
7.384609e-13
7.392155e-13
7.399721e-13
7.407307e-13
7.414913e-13
7.422539e-13
7.430184e-13
7.437849e-13
7.445534e-13
7.453238e-13
7.460962e-13
7.468704e-13
7.476466e-13
7.484246e-13
7.492046e-13
7.499864e-13
7.507701e-13
7.515556e-13
7.523430e-13
7.531322e-13
7.539232e-13
7.547161e-13
7.555107e-13
7.563071e-13
7.571053e-13
7.579052e-13
7.587069e-13
7.595103e-13
7.603155e-13
7.611224e-13
7.619310e-13
7.627413e-13
7.635532e-13
7.643669e-13
7.651822e-13
7.659991e-13
7.668177e-13
7.676379e-13
7.684597e-13
7.692832e-13
7.701082e-13
7.709348e-13
7.717630e-13
7.725927e-13
7.734240e-13
7.742568e-13
7.750911e-13
7.759270e-13
7.767643e-13
7.776031e-13
7.784435e-13
7.792852e-13
7.801285e-13
7.809731e-13
7.818192e-13
7.826668e-13
7.835157e-13
7.843660e-13
7.852177e-13
7.860708e-13
7.869253e-13
7.877811e-13
7.886382e-13
7.894967e-13
7.903564e-13
7.912175e-13
7.920799e-13
7.929435e-13
7.938084e-13
7.946746e-13
7.955420e-13
7.964107e-13
7.972805e-13
7.981516e-13
7.990239e-13
7.998973e-13
8.007720e-13
8.016478e-13
8.025247e-13
8.034028e-13
8.042820e-13
8.051623e-13
8.060438e-13
8.069263e-13
8.078099e-13
8.086945e-13
8.095803e-13
8.104670e-13
8.113548e-13
8.122436e-13
8.131335e-13
8.140243e-13
8.149161e-13
8.158089e-13
8.167026e-13
8.175973e-13
8.184929e-13
8.193895e-13
8.202869e-13
8.211853e-13
8.220845e-13
8.229847e-13
8.238857e-13
8.247875e-13
8.256902e-13
8.265937e-13
8.274980e-13
8.284032e-13
8.293091e-13
8.302158e-13
8.311233e-13
8.320316e-13
8.329406e-13
8.338503e-13
8.347608e-13
8.356719e-13
8.365838e-13
8.374963e-13
8.384095e-13
8.393234e-13
8.402380e-13
8.411531e-13
8.420689e-13
8.429853e-13
8.439023e-13
8.448200e-13
8.457381e-13
8.466569e-13
8.475762e-13
8.484960e-13
8.494164e-13
8.503373e-13
8.512587e-13
8.521806e-13
8.531030e-13
8.540259e-13
8.549492e-13
8.558730e-13
8.567972e-13
8.577218e-13
8.586468e-13
8.595722e-13
8.604981e-13
8.614243e-13
8.623508e-13
8.632777e-13
8.642050e-13
8.651326e-13
8.660605e-13
8.669887e-13
8.679172e-13
8.688459e-13
8.697750e-13
8.707043e-13
8.716338e-13
8.725636e-13
8.734936e-13
8.744238e-13
8.753542e-13
8.762848e-13
8.772155e-13
8.781465e-13
8.790775e-13
8.800087e-13
8.809401e-13
8.818715e-13
8.828031e-13
8.837347e-13
8.846664e-13
8.855982e-13
8.865300e-13
8.874619e-13
8.883938e-13
8.893258e-13
8.902577e-13
8.911896e-13
8.921216e-13
8.930534e-13
8.939853e-13
8.949171e-13
8.958488e-13
8.967805e-13
8.977121e-13
8.986435e-13
8.995749e-13
9.005061e-13
9.014372e-13
9.023682e-13
9.032990e-13
9.042296e-13
9.051601e-13
9.060903e-13
9.070204e-13
9.079502e-13
9.088798e-13
9.098092e-13
9.107383e-13
9.116672e-13
9.125958e-13
9.135241e-13
9.144521e-13
9.153798e-13
9.163071e-13
9.172342e-13
9.181609e-13
9.190872e-13
9.200132e-13
9.209388e-13
9.218640e-13
9.227888e-13
9.237131e-13
9.246371e-13
9.255606e-13
9.264837e-13
9.274063e-13
9.283285e-13
9.292501e-13
9.301713e-13
9.310920e-13
9.320121e-13
9.329317e-13
9.338508e-13
9.347694e-13
9.356873e-13
9.366047e-13
9.375215e-13
9.384378e-13
9.393534e-13
9.402684e-13
9.411827e-13
9.420964e-13
9.430095e-13
9.439219e-13
9.448336e-13
9.457447e-13
9.466550e-13
9.475646e-13
9.484736e-13
9.493817e-13
9.502892e-13
9.511959e-13
9.521018e-13
9.530069e-13
9.539113e-13
9.548149e-13
9.557176e-13
9.566195e-13
9.575206e-13
9.584209e-13
9.593203e-13
9.602188e-13
9.611165e-13
9.620133e-13
9.629092e-13
9.638041e-13
9.646982e-13
9.655913e-13
9.664835e-13
9.673747e-13
9.682650e-13
9.691543e-13
9.700426e-13
9.709299e-13
9.718162e-13
9.727015e-13
9.735857e-13
9.744690e-13
9.753511e-13
9.762323e-13
9.771123e-13
9.779913e-13
9.788691e-13
9.797459e-13
9.806215e-13
9.814961e-13
9.823695e-13
9.832417e-13
9.841128e-13
9.849827e-13
9.858515e-13
9.867190e-13
9.875854e-13
9.884506e-13
9.893145e-13
9.901772e-13
9.910387e-13
9.918989e-13
9.927578e-13
9.936155e-13
9.944719e-13
9.953270e-13
9.961809e-13
9.970334e-13
9.978845e-13
9.987344e-13
9.995829e-13
1.000430e-12
1.001276e-12
1.002120e-12
1.002963e-12
1.003805e-12
1.004645e-12
1.005484e-12
1.006321e-12
1.007157e-12
1.007992e-12
1.008825e-12
1.009656e-12
1.010487e-12
1.011315e-12
1.012142e-12
1.012968e-12
1.013792e-12
1.014615e-12
1.015436e-12
1.016255e-12
1.017073e-12
1.017890e-12
1.018704e-12
1.019518e-12
1.020329e-12
1.021139e-12
1.021948e-12
1.022755e-12
1.023560e-12
1.024363e-12
1.025165e-12
1.025965e-12
1.026764e-12
1.027561e-12
1.028356e-12
1.029150e-12
1.029941e-12
1.030732e-12
1.031520e-12
1.032306e-12
1.033091e-12
1.033874e-12
1.034656e-12
1.035435e-12
1.036213e-12
1.036989e-12
1.037763e-12
1.038536e-12
1.039306e-12
1.040075e-12
1.040842e-12
1.041607e-12
1.042370e-12
1.043132e-12
1.043891e-12
1.044649e-12
1.045404e-12
1.046158e-12
1.046910e-12
1.047660e-12
1.048408e-12
1.049154e-12
1.049898e-12
1.050641e-12
1.051381e-12
1.052119e-12
1.052855e-12
1.053590e-12
1.054322e-12
1.055052e-12
1.055781e-12
1.056507e-12
1.057231e-12
1.057953e-12
1.058674e-12
1.059392e-12
1.060108e-12
1.060822e-12
1.061534e-12
1.062243e-12
1.062951e-12
1.063657e-12
1.064360e-12
1.065061e-12
1.065761e-12
1.066458e-12
1.067153e-12
1.067845e-12
1.068536e-12
1.069224e-12
1.069911e-12
1.070595e-12
1.071277e-12
1.071956e-12
1.072634e-12
1.073309e-12
1.073982e-12
1.074653e-12
1.075321e-12
1.075987e-12
1.076651e-12
1.077313e-12
1.077973e-12
1.078630e-12
1.079285e-12
1.079937e-12
1.080587e-12
1.081235e-12
1.081881e-12
1.082524e-12
1.083165e-12
1.083804e-12
1.084440e-12
1.085074e-12
1.085706e-12
1.086335e-12
1.086962e-12
1.087586e-12
1.088208e-12
1.088828e-12
1.089445e-12
1.090060e-12
1.090672e-12
1.091282e-12
1.091889e-12
1.092494e-12
1.093097e-12
1.093697e-12
1.094295e-12
1.094890e-12
1.095483e-12
1.096073e-12
1.096661e-12
1.097246e-12
1.097829e-12
1.098409e-12
1.098986e-12
1.099562e-12
1.100134e-12
1.100704e-12
1.101272e-12
1.101837e-12
1.102399e-12
1.102959e-12
1.103516e-12
1.104071e-12
1.104623e-12
1.105173e-12
1.105719e-12
1.106264e-12
1.106805e-12
1.107344e-12
1.107881e-12
1.108415e-12
1.108946e-12
1.109474e-12
1.110000e-12
1.110524e-12
1.111044e-12
1.111562e-12
1.112077e-12
1.112590e-12
1.113100e-12
1.113607e-12
1.114111e-12
1.114613e-12
1.115112e-12
1.115608e-12
1.116102e-12
1.116593e-12
1.117081e-12
1.117566e-12
1.118049e-12
1.118529e-12
1.119006e-12
1.119481e-12
1.119952e-12
1.120421e-12
1.120887e-12
1.121350e-12
1.121811e-12
1.122269e-12
1.122724e-12
1.123176e-12
1.123625e-12
1.124072e-12
1.124515e-12
1.124956e-12
1.125394e-12
1.125829e-12
1.126262e-12
1.126691e-12
1.127118e-12
1.127542e-12
1.127963e-12
1.128381e-12
1.128796e-12
1.129208e-12
1.129618e-12
1.130024e-12
1.130428e-12
1.130829e-12
1.131227e-12
1.131622e-12
1.132014e-12
1.132403e-12
1.132789e-12
1.133173e-12
1.133553e-12
1.133931e-12
1.134305e-12
1.134677e-12
1.135046e-12
1.135411e-12
1.135774e-12
1.136134e-12
1.136491e-12
1.136845e-12
1.137196e-12
1.137544e-12
1.137889e-12
1.138231e-12
1.138570e-12
1.138906e-12
1.139239e-12
1.139569e-12
1.139896e-12
1.140221e-12
1.140542e-12
1.140860e-12
1.141175e-12
1.141487e-12
1.141796e-12
1.142102e-12
1.142405e-12
1.142705e-12
1.143002e-12
1.143296e-12
1.143587e-12
1.143874e-12
1.144159e-12
1.144441e-12
1.144720e-12
1.144995e-12
1.145268e-12
1.145537e-12
1.145804e-12
1.146067e-12
1.146327e-12
1.146585e-12
1.146839e-12
1.147090e-12
1.147338e-12
1.147583e-12
1.147824e-12
1.148063e-12
1.148299e-12
1.148531e-12
1.148761e-12
1.148987e-12
1.149210e-12
1.149430e-12
1.149647e-12
1.149861e-12
1.150072e-12
1.150280e-12
1.150484e-12
1.150686e-12
1.150884e-12
1.151079e-12
1.151271e-12
1.151460e-12
1.151646e-12
1.151828e-12
1.152008e-12
1.152184e-12
1.152357e-12
1.152527e-12
1.152694e-12
1.152858e-12
1.153019e-12
1.153176e-12
1.153331e-12
1.153482e-12
1.153630e-12
1.153775e-12
1.153916e-12
1.154055e-12
1.154190e-12
1.154323e-12
1.154452e-12
1.154577e-12
1.154700e-12
1.154820e-12
1.154936e-12
1.155049e-12
1.155159e-12
1.155266e-12
1.155370e-12
1.155470e-12
1.155568e-12
1.155662e-12
1.155753e-12
1.155840e-12
1.155925e-12
1.156006e-12
1.156085e-12
1.156160e-12
1.156232e-12
1.156300e-12
1.156366e-12
1.156428e-12
1.156487e-12
1.156543e-12
1.156596e-12
1.156645e-12
1.156692e-12
1.156735e-12
1.156775e-12
1.156811e-12
1.156845e-12
1.156875e-12
1.156902e-12
1.156926e-12
1.156947e-12
1.156965e-12
1.156979e-12
1.156990e-12
1.156998e-12
1.157003e-12
1.157005e-12
