1.588218e-12
1.588216e-12
1.588208e-12
1.588195e-12
1.588176e-12
1.588153e-12
1.588124e-12
1.588090e-12
1.588051e-12
1.588006e-12
1.587956e-12
1.587901e-12
1.587841e-12
1.587775e-12
1.587704e-12
1.587628e-12
1.587547e-12
1.587460e-12
1.587369e-12
1.587272e-12
1.587170e-12
1.587062e-12
1.586949e-12
1.586831e-12
1.586708e-12
1.586580e-12
1.586446e-12
1.586307e-12
1.586163e-12
1.586014e-12
1.585860e-12
1.585700e-12
1.585535e-12
1.585365e-12
1.585190e-12
1.585009e-12
1.584823e-12
1.584632e-12
1.584436e-12
1.584235e-12
1.584028e-12
1.583817e-12
1.583600e-12
1.583378e-12
1.583150e-12
1.582918e-12
1.582680e-12
1.582437e-12
1.582189e-12
1.581936e-12
1.581678e-12
1.581414e-12
1.581146e-12
1.580872e-12
1.580593e-12
1.580309e-12
1.580019e-12
1.579725e-12
1.579425e-12
1.579121e-12
1.578811e-12
1.578496e-12
1.578176e-12
1.577851e-12
1.577520e-12
1.577185e-12
1.576845e-12
1.576499e-12
1.576148e-12
1.575792e-12
1.575432e-12
1.575066e-12
1.574695e-12
1.574318e-12
1.573937e-12
1.573551e-12
1.573160e-12
1.572763e-12
1.572362e-12
1.571956e-12
1.571544e-12
1.571128e-12
1.570706e-12
1.570279e-12
1.569848e-12
1.569411e-12
1.568970e-12
1.568523e-12
1.568072e-12
1.567615e-12
1.567153e-12
1.566687e-12
1.566215e-12
1.565739e-12
1.565257e-12
1.564771e-12
1.564280e-12
1.563784e-12
1.563282e-12
1.562776e-12
1.562265e-12
1.561749e-12
1.561228e-12
1.560703e-12
1.560172e-12
1.559636e-12
1.559096e-12
1.558551e-12
1.558001e-12
1.557445e-12
1.556886e-12
1.556321e-12
1.555751e-12
1.555177e-12
1.554598e-12
1.554014e-12
1.553425e-12
1.552831e-12
1.552233e-12
1.551630e-12
1.551022e-12
1.550409e-12
1.549791e-12
1.549169e-12
1.548542e-12
1.547910e-12
1.547274e-12
1.546633e-12
1.545987e-12
1.545336e-12
1.544681e-12
1.544021e-12
1.543356e-12
1.542687e-12
1.542013e-12
1.541334e-12
1.540651e-12
1.539963e-12
1.539270e-12
1.538573e-12
1.537871e-12
1.537165e-12
1.536454e-12
1.535738e-12
1.535018e-12
1.534293e-12
1.533564e-12
1.532830e-12
1.532092e-12
1.531349e-12
1.530601e-12
1.529849e-12
1.529093e-12
1.528332e-12
1.527567e-12
1.526797e-12
1.526022e-12
1.525244e-12
1.524460e-12
1.523673e-12
1.522881e-12
1.522084e-12
1.521283e-12
1.520478e-12
1.519668e-12
1.518854e-12
1.518036e-12
1.517213e-12
1.516386e-12
1.515555e-12
1.514719e-12
1.513879e-12
1.513035e-12
1.512186e-12
1.511333e-12
1.510476e-12
1.509615e-12
1.508749e-12
1.507879e-12
1.507005e-12
1.506127e-12
1.505244e-12
1.504358e-12
1.503467e-12
1.502572e-12
1.501672e-12
1.500769e-12
1.499862e-12
1.498950e-12
1.498034e-12
1.497115e-12
1.496191e-12
1.495263e-12
1.494331e-12
1.493395e-12
1.492455e-12
1.491511e-12
1.490563e-12
1.489611e-12
1.488654e-12
1.487694e-12
1.486730e-12
1.485762e-12
1.484790e-12
1.483815e-12
1.482835e-12
1.481851e-12
1.480864e-12
1.479872e-12
1.478877e-12
1.477878e-12
1.476875e-12
1.475868e-12
1.474857e-12
1.473843e-12
1.472825e-12
1.471803e-12
1.470777e-12
1.469747e-12
1.468714e-12
1.467677e-12
1.466637e-12
1.465592e-12
1.464544e-12
1.463492e-12
1.462437e-12
1.461378e-12
1.460315e-12
1.459249e-12
1.458179e-12
1.457106e-12
1.456029e-12
1.454948e-12
1.453864e-12
1.452776e-12
1.451685e-12
1.450590e-12
1.449492e-12
1.448390e-12
1.447285e-12
1.446176e-12
1.445064e-12
1.443949e-12
1.442830e-12
1.441708e-12
1.440582e-12
1.439453e-12
1.438320e-12
1.437185e-12
1.436046e-12
1.434903e-12
1.433758e-12
1.432609e-12
1.431456e-12
1.430301e-12
1.429142e-12
1.427980e-12
1.426815e-12
1.425647e-12
1.424475e-12
1.423300e-12
1.422122e-12
1.420941e-12
1.419757e-12
1.418570e-12
1.417380e-12
1.416186e-12
1.414990e-12
1.413790e-12
1.412588e-12
1.411382e-12
1.410173e-12
1.408962e-12
1.407747e-12
1.406530e-12
1.405309e-12
1.404086e-12
1.402860e-12
1.401630e-12
1.400398e-12
1.399163e-12
1.397926e-12
1.396685e-12
1.395442e-12
1.394195e-12
1.392946e-12
1.391694e-12
1.390440e-12
1.389183e-12
1.387923e-12
1.386660e-12
1.385394e-12
1.384126e-12
1.382855e-12
1.381582e-12
1.380306e-12
1.379027e-12
1.377746e-12
1.376462e-12
1.375176e-12
1.373887e-12
1.372595e-12
1.371301e-12
1.370005e-12
1.368706e-12
1.367404e-12
1.366100e-12
1.364794e-12
1.363485e-12
1.362174e-12
1.360860e-12
1.359544e-12
1.358226e-12
1.356905e-12
1.355582e-12
1.354257e-12
1.352929e-12
1.351599e-12
1.350267e-12
1.348932e-12
1.347596e-12
1.346257e-12
1.344916e-12
1.343573e-12
1.342227e-12
1.340880e-12
1.339530e-12
1.338178e-12
1.336824e-12
1.335469e-12
1.334111e-12
1.332750e-12
1.331388e-12
1.330024e-12
1.328658e-12
1.327290e-12
1.325920e-12
1.324548e-12
1.323174e-12
1.321799e-12
1.320421e-12
1.319041e-12
1.317660e-12
1.316277e-12
1.314892e-12
1.313505e-12
1.312116e-12
1.310725e-12
1.309333e-12
1.307939e-12
1.306544e-12
1.305146e-12
1.303747e-12
1.302346e-12
1.300944e-12
1.299540e-12
1.298134e-12
1.296727e-12
1.295318e-12
1.293908e-12
1.292496e-12
1.291082e-12
1.289667e-12
1.288251e-12
1.286833e-12
1.285413e-12
1.283992e-12
1.282570e-12
1.281146e-12
1.279721e-12
1.278295e-12
1.276867e-12
1.275438e-12
1.274007e-12
1.272575e-12
1.271142e-12
1.269708e-12
1.268272e-12
1.266835e-12
1.265397e-12
1.263957e-12
1.262517e-12
1.261075e-12
1.259632e-12
1.258188e-12
1.256743e-12
1.255297e-12
1.253850e-12
1.252401e-12
1.250952e-12
1.249502e-12
1.248050e-12
1.246598e-12
1.245144e-12
1.243690e-12
1.242235e-12
1.240778e-12
1.239321e-12
1.237863e-12
1.236404e-12
1.234945e-12
1.233484e-12
1.232023e-12
1.230560e-12
1.229097e-12
1.227634e-12
1.226169e-12
1.224704e-12
1.223238e-12
1.221771e-12
1.220304e-12
1.218836e-12
1.217367e-12
1.215898e-12
1.214428e-12
1.212958e-12
1.211487e-12
1.210015e-12
1.208543e-12
1.207071e-12
1.205598e-12
1.204124e-12
1.202650e-12
1.201175e-12
1.199700e-12
1.198225e-12
1.196749e-12
1.195273e-12
1.193797e-12
1.192320e-12
1.190843e-12
1.189365e-12
1.187888e-12
1.186409e-12
1.184931e-12
1.183453e-12
1.181974e-12
1.180495e-12
1.179016e-12
1.177537e-12
1.176057e-12
1.174578e-12
1.173098e-12
1.171618e-12
1.170138e-12
1.168658e-12
1.167179e-12
1.165699e-12
1.164219e-12
1.162739e-12
1.161259e-12
1.159779e-12
1.158299e-12
1.156819e-12
1.155339e-12
1.153860e-12
1.152380e-12
1.150901e-12
1.149422e-12
1.147943e-12
1.146464e-12
1.144986e-12
1.143508e-12
1.142030e-12
1.140552e-12
1.139074e-12
1.137597e-12
1.136120e-12
1.134644e-12
1.133168e-12
1.131692e-12
1.130217e-12
1.128742e-12
1.127267e-12
1.125793e-12
1.124319e-12
1.122846e-12
1.121374e-12
1.119902e-12
1.118430e-12
1.116959e-12
1.115488e-12
1.114018e-12
1.112549e-12
1.111080e-12
1.109612e-12
1.108145e-12
1.106678e-12
1.105212e-12
1.103747e-12
1.102282e-12
1.100818e-12
1.099355e-12
1.097893e-12
1.096431e-12
1.094970e-12
1.093510e-12
1.092051e-12
1.090593e-12
1.089135e-12
1.087679e-12
1.086223e-12
1.084768e-12
1.083315e-12
1.081862e-12
1.080410e-12
1.078959e-12
1.077509e-12
1.076060e-12
1.074613e-12
1.073166e-12
1.071720e-12
1.070276e-12
1.068832e-12
1.067390e-12
1.065949e-12
1.064508e-12
1.063070e-12
1.061632e-12
1.060195e-12
1.058760e-12
1.057326e-12
1.055893e-12
1.054462e-12
1.053031e-12
1.051602e-12
1.050175e-12
1.048748e-12
1.047323e-12
1.045900e-12
1.044478e-12
1.043057e-12
1.041637e-12
1.040220e-12
1.038803e-12
1.037388e-12
1.035974e-12
1.034562e-12
1.033152e-12
1.031743e-12
1.030335e-12
1.028929e-12
1.027525e-12
1.026122e-12
1.024721e-12
1.023321e-12
1.021923e-12
1.020527e-12
1.019133e-12
1.017740e-12
1.016348e-12
1.014959e-12
1.013571e-12
1.012185e-12
1.010801e-12
1.009418e-12
1.008038e-12
1.006659e-12
1.005282e-12
1.003907e-12
1.002533e-12
1.001162e-12
9.997920e-13
9.984243e-13
9.970585e-13
9.956947e-13
9.943328e-13
9.929728e-13
9.916148e-13
9.902588e-13
9.889049e-13
9.875529e-13
9.862030e-13
9.848551e-13
9.835093e-13
9.821655e-13
9.808239e-13
9.794844e-13
9.781470e-13
9.768117e-13
9.754786e-13
9.741477e-13
9.728189e-13
9.714923e-13
9.701680e-13
9.688459e-13
9.675260e-13
9.662084e-13
9.648930e-13
9.635799e-13
9.622692e-13
9.609607e-13
9.596546e-13
9.583508e-13
9.570494e-13
9.557503e-13
9.544536e-13
9.531593e-13
9.518675e-13
9.505780e-13
9.492910e-13
9.480065e-13
9.467244e-13
9.454448e-13
9.441677e-13
9.428931e-13
9.416210e-13
9.403514e-13
9.390845e-13
9.378200e-13
9.365582e-13
9.352989e-13
9.340423e-13
9.327882e-13
9.315368e-13
9.302880e-13
9.290419e-13
9.277985e-13
9.265578e-13
9.253197e-13
9.240843e-13
9.228517e-13
9.216218e-13
9.203947e-13
9.191703e-13
9.179487e-13
9.167299e-13
9.155139e-13
9.143007e-13
9.130903e-13
9.118828e-13
9.106781e-13
9.094763e-13
9.082774e-13
9.070813e-13
9.058882e-13
9.046980e-13
9.035107e-13
9.023263e-13
9.011449e-13
8.999664e-13
8.987910e-13
8.976185e-13
8.964490e-13
8.952825e-13
8.941191e-13
8.929587e-13
8.918013e-13
8.906470e-13
8.894958e-13
8.883477e-13
8.872026e-13
8.860607e-13
8.849219e-13
8.837862e-13
8.826537e-13
8.815243e-13
8.803981e-13
8.792750e-13
8.781552e-13
8.770385e-13
8.759251e-13
8.748149e-13
8.737079e-13
8.726042e-13
8.715037e-13
8.704065e-13
8.693125e-13
8.682219e-13
8.671346e-13
8.660505e-13
8.649698e-13
8.638924e-13
8.628184e-13
8.617477e-13
8.606804e-13
8.596165e-13
8.585560e-13
8.574988e-13
8.564451e-13
8.553948e-13
8.543479e-13
8.533044e-13
8.522644e-13
8.512279e-13
8.501948e-13
8.491652e-13
8.481391e-13
8.471165e-13
8.460974e-13
8.450819e-13
8.440698e-13
8.430613e-13
8.420564e-13
8.410550e-13
8.400571e-13
8.390629e-13
8.380722e-13
8.370852e-13
8.361017e-13
8.351219e-13
8.341457e-13
8.331731e-13
8.322042e-13
8.312389e-13
8.302773e-13
8.293194e-13
8.283651e-13
8.274146e-13
8.264677e-13
8.255245e-13
8.245851e-13
8.236494e-13
8.227174e-13
8.217892e-13
8.208647e-13
8.199440e-13
8.190270e-13
8.181138e-13
8.172044e-13
8.162988e-13
8.153971e-13
8.144991e-13
8.136049e-13
8.127146e-13
8.118281e-13
8.109454e-13
8.100666e-13
8.091917e-13
8.083206e-13
8.074534e-13
8.065901e-13
8.057307e-13
8.048752e-13
8.040236e-13
8.031759e-13
8.023321e-13
8.014923e-13
8.006564e-13
7.998244e-13
7.989964e-13
7.981723e-13
7.973523e-13
7.965361e-13
7.957240e-13
7.949159e-13
7.941117e-13
7.933116e-13
7.925154e-13
7.917233e-13
7.909352e-13
7.901512e-13
7.893711e-13
7.885951e-13
7.878232e-13
7.870553e-13
7.862915e-13
7.855318e-13
7.847761e-13
7.840245e-13
7.832770e-13
7.825336e-13
7.817943e-13
7.810590e-13
7.803280e-13
7.796010e-13
7.788781e-13
7.781594e-13
7.774448e-13
7.767344e-13
7.760281e-13
7.753259e-13
7.746280e-13
7.739341e-13
7.732445e-13
7.725590e-13
7.718777e-13
7.712006e-13
7.705277e-13
7.698590e-13
7.691945e-13
7.685341e-13
7.678780e-13
7.672262e-13
7.665785e-13
7.659351e-13
7.652959e-13
7.646609e-13
7.640302e-13
7.634037e-13
7.627815e-13
7.621635e-13
7.615498e-13
7.609403e-13
7.603352e-13
7.597343e-13
7.591376e-13
7.585453e-13
7.579572e-13
7.573734e-13
7.567940e-13
7.562188e-13
7.556479e-13
7.550813e-13
7.545190e-13
7.539611e-13
7.534074e-13
7.528581e-13
7.523131e-13
7.517725e-13
7.512361e-13
7.507041e-13
7.501765e-13
7.496532e-13
7.491342e-13
7.486195e-13
7.481093e-13
7.476033e-13
7.471018e-13
7.466046e-13
7.461117e-13
7.456233e-13
7.451391e-13
7.446594e-13
7.441840e-13
7.437131e-13
7.432465e-13
7.427842e-13
7.423264e-13
7.418729e-13
7.414239e-13
7.409792e-13
7.405389e-13
7.401031e-13
7.396716e-13
7.392445e-13
7.388218e-13
7.384035e-13
7.379897e-13
7.375802e-13
7.371752e-13
7.367745e-13
7.363783e-13
7.359865e-13
7.355991e-13
7.352161e-13
7.348376e-13
7.344635e-13
7.340938e-13
7.337285e-13
7.333676e-13
7.330112e-13
7.326592e-13
7.323116e-13
7.319685e-13
7.316298e-13
7.312955e-13
7.309656e-13
7.306402e-13
7.303193e-13
7.300027e-13
7.296906e-13
7.293829e-13
7.290797e-13
7.287809e-13
7.284866e-13
7.281966e-13
7.279112e-13
7.276301e-13
7.273535e-13
7.270814e-13
7.268137e-13
7.265504e-13
7.262915e-13
7.260371e-13
7.257872e-13
7.255416e-13
7.253006e-13
7.250639e-13
7.248317e-13
7.246040e-13
7.243806e-13
7.241617e-13
7.239473e-13
7.237373e-13
7.235317e-13
7.233305e-13
7.231338e-13
7.229415e-13
7.227537e-13
7.225703e-13
7.223913e-13
7.222167e-13
7.220466e-13
7.218809e-13
7.217197e-13
7.215628e-13
7.214104e-13
7.212624e-13
7.211188e-13
7.209796e-13
7.208449e-13
7.207146e-13
7.205887e-13
7.204672e-13
7.203501e-13
7.202374e-13
7.201291e-13
7.200253e-13
7.199258e-13
7.198308e-13
7.197401e-13
7.196539e-13
7.195720e-13
7.194945e-13
7.194215e-13
7.193528e-13
7.192885e-13
7.192286e-13
7.191730e-13
7.191219e-13
7.190751e-13
7.190327e-13
7.189947e-13
7.189610e-13
7.189317e-13
7.189068e-13
7.188862e-13
7.188700e-13
7.188581e-13
7.188506e-13
7.188475e-13
7.188487e-13
7.188542e-13
7.188641e-13
7.188783e-13
7.188968e-13
7.189197e-13
7.189469e-13
7.189784e-13
7.190142e-13
7.190544e-13
7.190988e-13
7.191476e-13
7.192007e-13
7.192580e-13
7.193197e-13
7.193857e-13
7.194559e-13
7.195304e-13
7.196093e-13
7.196923e-13
7.197797e-13
7.198713e-13
7.199672e-13
7.200674e-13
7.201718e-13
7.202805e-13
7.203934e-13
7.205105e-13
7.206319e-13
7.207575e-13
7.208874e-13
7.210215e-13
7.211598e-13
7.213023e-13
7.214490e-13
7.215999e-13
7.217550e-13
7.219143e-13
7.220778e-13
7.222455e-13
7.224174e-13
7.225934e-13
7.227737e-13
7.229580e-13
7.231466e-13
7.233393e-13
7.235361e-13
7.237371e-13
7.239422e-13
7.241514e-13
7.243648e-13
7.245823e-13
7.248039e-13
7.250296e-13
7.252594e-13
7.254934e-13
7.257314e-13
7.259735e-13
7.262196e-13
7.264699e-13
7.267242e-13
7.269826e-13
7.272450e-13
7.275115e-13
7.277820e-13
7.280566e-13
7.283352e-13
7.286178e-13
7.289044e-13
7.291951e-13
7.294897e-13
7.297884e-13
7.300910e-13
7.303976e-13
7.307082e-13
7.310228e-13
7.313413e-13
7.316638e-13
7.319903e-13
7.323207e-13
7.326550e-13
7.329933e-13
7.333354e-13
7.336815e-13
7.340315e-13
7.343855e-13
7.347433e-13
7.351049e-13
7.354705e-13
7.358400e-13
7.362133e-13
7.365905e-13
7.369715e-13
7.373563e-13
7.377450e-13
7.381376e-13
7.385339e-13
7.389341e-13
7.393380e-13
7.397458e-13
7.401574e-13
7.405727e-13
7.409918e-13
7.414147e-13
7.418413e-13
7.422717e-13
7.427058e-13
7.431437e-13
7.435853e-13
7.440306e-13
7.444796e-13
7.449323e-13
7.453887e-13
7.458488e-13
7.463126e-13
7.467800e-13
7.472511e-13
7.477259e-13
7.482043e-13
7.486863e-13
7.491720e-13
7.496612e-13
7.501541e-13
7.506506e-13
7.511507e-13
7.516543e-13
7.521615e-13
7.526723e-13
7.531867e-13
7.537046e-13
7.542260e-13
7.547510e-13
7.552795e-13
7.558115e-13
7.563469e-13
7.568859e-13
7.574284e-13
7.579743e-13
7.585238e-13
7.590766e-13
7.596329e-13
7.601927e-13
7.607559e-13
7.613225e-13
7.618925e-13
7.624659e-13
7.630427e-13
7.636228e-13
7.642064e-13
7.647933e-13
7.653835e-13
7.659771e-13
7.665741e-13
7.671743e-13
7.677779e-13
7.683847e-13
7.689949e-13
7.696083e-13
7.702251e-13
7.708450e-13
7.714683e-13
7.720947e-13
7.727244e-13
7.733574e-13
7.739935e-13
7.746328e-13
7.752754e-13
7.759211e-13
7.765700e-13
7.772220e-13
7.778772e-13
7.785356e-13
7.791970e-13
7.798616e-13
7.805293e-13
7.812001e-13
7.818740e-13
7.825510e-13
7.832310e-13
7.839141e-13
7.846002e-13
7.852894e-13
7.859816e-13
7.866768e-13
7.873750e-13
7.880762e-13
7.887804e-13
7.894876e-13
7.901977e-13
7.909107e-13
7.916267e-13
7.923457e-13
7.930675e-13
7.937923e-13
7.945199e-13
7.952504e-13
7.959838e-13
7.967201e-13
7.974592e-13
7.982011e-13
7.989459e-13
7.996935e-13
8.004439e-13
8.011971e-13
8.019530e-13
8.027118e-13
8.034733e-13
8.042375e-13
8.050045e-13
8.057742e-13
8.065466e-13
8.073217e-13
8.080995e-13
8.088800e-13
8.096632e-13
8.104490e-13
8.112374e-13
8.120285e-13
8.128222e-13
8.136186e-13
8.144175e-13
8.152190e-13
8.160230e-13
8.168297e-13
8.176389e-13
8.184506e-13
8.192648e-13
8.200816e-13
8.209009e-13
8.217226e-13
8.225469e-13
8.233736e-13
8.242027e-13
8.250343e-13
8.258683e-13
8.267048e-13
8.275436e-13
8.283849e-13
8.292285e-13
8.300745e-13
8.309229e-13
8.317736e-13
8.326266e-13
8.334820e-13
8.343396e-13
8.351996e-13
8.360619e-13
8.369264e-13
8.377932e-13
8.386622e-13
8.395334e-13
8.404069e-13
8.412826e-13
8.421605e-13
8.430406e-13
8.439228e-13
8.448072e-13
8.456938e-13
8.465825e-13
8.474733e-13
8.483662e-13
8.492612e-13
8.501583e-13
8.510575e-13
8.519588e-13
8.528620e-13
8.537674e-13
8.546747e-13
8.555840e-13
8.564954e-13
8.574087e-13
8.583240e-13
8.592413e-13
8.601605e-13
8.610816e-13
8.620046e-13
8.629296e-13
8.638564e-13
8.647852e-13
8.657158e-13
8.666482e-13
8.675825e-13
8.685186e-13
8.694566e-13
8.703963e-13
8.713379e-13
8.722812e-13
8.732262e-13
8.741731e-13
8.751216e-13
8.760719e-13
8.770239e-13
8.779776e-13
8.789330e-13
8.798901e-13
8.808488e-13
8.818091e-13
8.827711e-13
8.837348e-13
8.847000e-13
8.856668e-13
8.866352e-13
8.876052e-13
8.885767e-13
8.895498e-13
8.905243e-13
8.915004e-13
8.924781e-13
8.934572e-13
8.944377e-13
8.954198e-13
8.964032e-13
8.973881e-13
8.983745e-13
8.993622e-13
9.003514e-13
9.013419e-13
9.023338e-13
9.033270e-13
9.043216e-13
9.053175e-13
9.063148e-13
9.073133e-13
9.083131e-13
9.093142e-13
9.103166e-13
9.113202e-13
9.123250e-13
9.133311e-13
9.143383e-13
9.153468e-13
9.163564e-13
9.173672e-13
9.183792e-13
9.193923e-13
9.204065e-13
9.214219e-13
9.224383e-13
9.234558e-13
9.244745e-13
9.254941e-13
9.265148e-13
9.275366e-13
9.285593e-13
9.295831e-13
9.306078e-13
9.316336e-13
9.326603e-13
9.336879e-13
9.347165e-13
9.357460e-13
9.367764e-13
9.378078e-13
9.388400e-13
9.398730e-13
9.409070e-13
9.419417e-13
9.429773e-13
9.440138e-13
9.450510e-13
9.460890e-13
9.471278e-13
9.481673e-13
9.492076e-13
9.502486e-13
9.512903e-13
9.523328e-13
9.533759e-13
9.544198e-13
9.554642e-13
9.565094e-13
9.575552e-13
9.586016e-13
9.596486e-13
9.606962e-13
9.617444e-13
9.627932e-13
9.638425e-13
9.648923e-13
9.659427e-13
9.669937e-13
9.680451e-13
9.690970e-13
9.701494e-13
9.712022e-13
9.722555e-13
9.733092e-13
9.743634e-13
9.754179e-13
9.764729e-13
9.775282e-13
9.785839e-13
9.796399e-13
9.806963e-13
9.817530e-13
9.828101e-13
9.838674e-13
9.849250e-13
9.859829e-13
9.870410e-13
9.880994e-13
9.891580e-13
9.902168e-13
9.912759e-13
9.923351e-13
9.933945e-13
9.944541e-13
9.955138e-13
9.965736e-13
9.976336e-13
9.986937e-13
9.997539e-13
1.000814e-12
1.001874e-12
1.002935e-12
1.003995e-12
1.005056e-12
1.006116e-12
1.007177e-12
1.008237e-12
1.009298e-12
1.010358e-12
1.011418e-12
1.012479e-12
1.013539e-12
1.014599e-12
1.015659e-12
1.016719e-12
1.017778e-12
1.018838e-12
1.019897e-12
1.020957e-12
1.022016e-12
1.023075e-12
1.024133e-12
1.025192e-12
1.026250e-12
1.027308e-12
1.028366e-12
1.029423e-12
1.030480e-12
1.031537e-12
1.032593e-12
1.033649e-12
1.034705e-12
1.035761e-12
1.036816e-12
1.037870e-12
1.038925e-12
1.039979e-12
1.041032e-12
1.042085e-12
1.043138e-12
1.044190e-12
1.045241e-12
1.046292e-12
1.047343e-12
1.048393e-12
1.049443e-12
1.050492e-12
1.051540e-12
1.052588e-12
1.053635e-12
1.054682e-12
1.055728e-12
1.056774e-12
1.057818e-12
1.058863e-12
1.059906e-12
1.060949e-12
1.061991e-12
1.063033e-12
1.064073e-12
1.065113e-12
1.066153e-12
1.067191e-12
1.068229e-12
1.069266e-12
1.070302e-12
1.071338e-12
1.072372e-12
1.073406e-12
1.074439e-12
1.075471e-12
1.076502e-12
1.077532e-12
1.078562e-12
1.079590e-12
1.080618e-12
1.081645e-12
1.082670e-12
1.083695e-12
1.084719e-12
1.085742e-12
1.086764e-12
1.087784e-12
1.088804e-12
1.089823e-12
1.090841e-12
1.091857e-12
1.092873e-12
1.093887e-12
1.094901e-12
1.095913e-12
1.096924e-12
1.097934e-12
1.098943e-12
1.099951e-12
1.100958e-12
1.101963e-12
1.102967e-12
1.103970e-12
1.104972e-12
1.105973e-12
1.106972e-12
1.107970e-12
1.108967e-12
1.109963e-12
1.110957e-12
1.111950e-12
1.112941e-12
1.113932e-12
1.114921e-12
1.115908e-12
1.116895e-12
1.117879e-12
1.118863e-12
1.119845e-12
1.120826e-12
1.121805e-12
1.122783e-12
1.123759e-12
1.124734e-12
1.125707e-12
1.126679e-12
1.127650e-12
1.128619e-12
1.129586e-12
1.130552e-12
1.131517e-12
1.132479e-12
1.133441e-12
1.134400e-12
1.135358e-12
1.136315e-12
1.137270e-12
1.138223e-12
1.139175e-12
1.140125e-12
1.141073e-12
1.142020e-12
1.142965e-12
1.143908e-12
1.144850e-12
1.145789e-12
1.146728e-12
1.147664e-12
1.148599e-12
1.149532e-12
1.150463e-12
1.151392e-12
1.152320e-12
1.153245e-12
1.154169e-12
1.155091e-12
1.156012e-12
1.156930e-12
1.157847e-12
1.158761e-12
1.159674e-12
1.160585e-12
1.161494e-12
1.162401e-12
1.163306e-12
1.164210e-12
1.165111e-12
1.166010e-12
1.166908e-12
1.167803e-12
1.168697e-12
1.169588e-12
1.170477e-12
1.171365e-12
1.172250e-12
1.173133e-12
1.174015e-12
1.174894e-12
1.175771e-12
1.176646e-12
1.177519e-12
1.178390e-12
1.179258e-12
1.180125e-12
1.180989e-12
1.181852e-12
1.182712e-12
1.183570e-12
1.184425e-12
1.185279e-12
1.186130e-12
1.186980e-12
1.187827e-12
1.188671e-12
1.189514e-12
1.190354e-12
1.191192e-12
1.192028e-12
1.192861e-12
1.193692e-12
1.194521e-12
1.195348e-12
1.196172e-12
1.196994e-12
1.197814e-12
1.198631e-12
1.199446e-12
1.200258e-12
1.201068e-12
1.201876e-12
1.202681e-12
1.203484e-12
1.204285e-12
1.205083e-12
1.205878e-12
1.206672e-12
1.207462e-12
1.208251e-12
1.209037e-12
1.209820e-12
1.210601e-12
1.211379e-12
1.212155e-12
1.212928e-12
1.213699e-12
1.214467e-12
1.215233e-12
1.215996e-12
1.216757e-12
1.217515e-12
1.218270e-12
1.219023e-12
1.219773e-12
1.220521e-12
1.221266e-12
1.222008e-12
1.222748e-12
1.223485e-12
1.224220e-12
1.224952e-12
1.225681e-12
1.226407e-12
1.227131e-12
1.227852e-12
1.228570e-12
1.229286e-12
1.229999e-12
1.230709e-12
1.231417e-12
1.232122e-12
1.232824e-12
1.233523e-12
1.234219e-12
1.234913e-12
1.235604e-12
1.236292e-12
1.236977e-12
1.237660e-12
1.238339e-12
1.239016e-12
1.239690e-12
1.240361e-12
1.241030e-12
1.241695e-12
1.242358e-12
1.243017e-12
1.243674e-12
1.244328e-12
1.244979e-12
1.245627e-12
1.246273e-12
1.246915e-12
1.247554e-12
1.248191e-12
1.248824e-12
1.249455e-12
1.250082e-12
1.250707e-12
1.251329e-12
1.251947e-12
1.252563e-12
1.253176e-12
1.253785e-12
1.254392e-12
1.254996e-12
1.255596e-12
1.256194e-12
1.256789e-12
1.257380e-12
1.257969e-12
1.258554e-12
1.259136e-12
1.259716e-12
1.260292e-12
1.260865e-12
1.261435e-12
1.262002e-12
1.262566e-12
1.263127e-12
1.263684e-12
1.264239e-12
1.264790e-12
1.265338e-12
1.265883e-12
1.266425e-12
1.266964e-12
1.267500e-12
1.268032e-12
1.268562e-12
1.269088e-12
1.269611e-12
1.270130e-12
1.270647e-12
1.271160e-12
1.271670e-12
1.272177e-12
1.272681e-12
1.273181e-12
1.273678e-12
1.274172e-12
1.274663e-12
1.275151e-12
1.275635e-12
1.276116e-12
1.276593e-12
1.277068e-12
1.277539e-12
1.278007e-12
1.278471e-12
1.278933e-12
1.279391e-12
1.279845e-12
1.280296e-12
1.280744e-12
1.281189e-12
1.281631e-12
1.282069e-12
1.282503e-12
1.282935e-12
1.283363e-12
1.283787e-12
1.284209e-12
1.284626e-12
1.285041e-12
1.285452e-12
1.285860e-12
1.286264e-12
1.286666e-12
1.287063e-12
1.287457e-12
1.287848e-12
1.288236e-12
1.288620e-12
1.289000e-12
1.289378e-12
1.289751e-12
1.290122e-12
1.290489e-12
1.290852e-12
1.291212e-12
1.291569e-12
1.291922e-12
1.292272e-12
1.292618e-12
1.292961e-12
1.293300e-12
1.293636e-12
1.293968e-12
1.294297e-12
1.294623e-12
1.294945e-12
1.295263e-12
1.295578e-12
1.295890e-12
1.296198e-12
1.296502e-12
1.296803e-12
1.297100e-12
1.297394e-12
1.297685e-12
1.297972e-12
1.298255e-12
1.298535e-12
1.298811e-12
1.299084e-12
1.299353e-12
1.299619e-12
1.299881e-12
1.300140e-12
1.300395e-12
1.300647e-12
1.300895e-12
1.301139e-12
1.301380e-12
1.301617e-12
1.301851e-12
1.302081e-12
1.302308e-12
1.302531e-12
1.302750e-12
1.302966e-12
1.303179e-12
1.303387e-12
1.303592e-12
1.303794e-12
1.303992e-12
1.304186e-12
1.304377e-12
1.304564e-12
1.304748e-12
1.304928e-12
1.305104e-12
1.305277e-12
1.305446e-12
1.305612e-12
1.305774e-12
1.305932e-12
1.306087e-12
1.306238e-12
1.306385e-12
1.306529e-12
1.306670e-12
1.306806e-12
1.306939e-12
1.307069e-12
1.307194e-12
1.307316e-12
1.307435e-12
1.307550e-12
1.307661e-12
1.307769e-12
1.307873e-12
1.307973e-12
1.308070e-12
1.308163e-12
1.308252e-12
1.308338e-12
1.308420e-12
1.308498e-12
1.308573e-12
1.308644e-12
1.308712e-12
1.308776e-12
1.308836e-12
1.308893e-12
1.308946e-12
1.308995e-12
1.309041e-12
1.309083e-12
1.309121e-12
1.309156e-12
1.309187e-12
1.309214e-12
1.309238e-12
1.309258e-12
1.309274e-12
1.309287e-12
1.309296e-12
1.309302e-12
1.309304e-12
