1.419654e-12
1.419652e-12
1.419645e-12
1.419633e-12
1.419616e-12
1.419595e-12
1.419569e-12
1.419538e-12
1.419503e-12
1.419463e-12
1.419418e-12
1.419368e-12
1.419314e-12
1.419255e-12
1.419191e-12
1.419122e-12
1.419049e-12
1.418971e-12
1.418888e-12
1.418801e-12
1.418709e-12
1.418612e-12
1.418510e-12
1.418404e-12
1.418293e-12
1.418177e-12
1.418056e-12
1.417931e-12
1.417801e-12
1.417667e-12
1.417527e-12
1.417383e-12
1.417235e-12
1.417081e-12
1.416923e-12
1.416760e-12
1.416593e-12
1.416421e-12
1.416244e-12
1.416062e-12
1.415876e-12
1.415685e-12
1.415490e-12
1.415289e-12
1.415084e-12
1.414875e-12
1.414660e-12
1.414442e-12
1.414218e-12
1.413990e-12
1.413757e-12
1.413519e-12
1.413277e-12
1.413030e-12
1.412778e-12
1.412522e-12
1.412261e-12
1.411996e-12
1.411726e-12
1.411451e-12
1.411172e-12
1.410888e-12
1.410599e-12
1.410306e-12
1.410008e-12
1.409706e-12
1.409399e-12
1.409087e-12
1.408771e-12
1.408450e-12
1.408125e-12
1.407795e-12
1.407460e-12
1.407121e-12
1.406778e-12
1.406429e-12
1.406077e-12
1.405719e-12
1.405357e-12
1.404991e-12
1.404620e-12
1.404244e-12
1.403864e-12
1.403480e-12
1.403091e-12
1.402697e-12
1.402299e-12
1.401896e-12
1.401489e-12
1.401078e-12
1.400661e-12
1.400241e-12
1.399816e-12
1.399386e-12
1.398952e-12
1.398514e-12
1.398071e-12
1.397623e-12
1.397172e-12
1.396715e-12
1.396255e-12
1.395789e-12
1.395320e-12
1.394846e-12
1.394367e-12
1.393885e-12
1.393398e-12
1.392906e-12
1.392410e-12
1.391910e-12
1.391405e-12
1.390896e-12
1.390382e-12
1.389865e-12
1.389343e-12
1.388816e-12
1.388285e-12
1.387750e-12
1.387211e-12
1.386667e-12
1.386119e-12
1.385567e-12
1.385010e-12
1.384449e-12
1.383884e-12
1.383314e-12
1.382741e-12
1.382163e-12
1.381580e-12
1.380994e-12
1.380403e-12
1.379808e-12
1.379209e-12
1.378606e-12
1.377998e-12
1.377387e-12
1.376771e-12
1.376151e-12
1.375526e-12
1.374898e-12
1.374265e-12
1.373629e-12
1.372988e-12
1.372343e-12
1.371694e-12
1.371040e-12
1.370383e-12
1.369722e-12
1.369056e-12
1.368387e-12
1.367713e-12
1.367035e-12
1.366354e-12
1.365668e-12
1.364978e-12
1.364284e-12
1.363586e-12
1.362884e-12
1.362179e-12
1.361469e-12
1.360755e-12
1.360037e-12
1.359315e-12
1.358590e-12
1.357860e-12
1.357126e-12
1.356389e-12
1.355647e-12
1.354902e-12
1.354153e-12
1.353400e-12
1.352643e-12
1.351882e-12
1.351117e-12
1.350349e-12
1.349576e-12
1.348800e-12
1.348020e-12
1.347236e-12
1.346449e-12
1.345657e-12
1.344862e-12
1.344063e-12
1.343260e-12
1.342454e-12
1.341644e-12
1.340830e-12
1.340012e-12
1.339191e-12
1.338366e-12
1.337537e-12
1.336705e-12
1.335869e-12
1.335029e-12
1.334186e-12
1.333339e-12
1.332488e-12
1.331634e-12
1.330776e-12
1.329915e-12
1.329050e-12
1.328181e-12
1.327309e-12
1.326434e-12
1.325555e-12
1.324672e-12
1.323786e-12
1.322896e-12
1.322003e-12
1.321106e-12
1.320206e-12
1.319303e-12
1.318396e-12
1.317485e-12
1.316572e-12
1.315654e-12
1.314734e-12
1.313810e-12
1.312883e-12
1.311952e-12
1.311018e-12
1.310080e-12
1.309140e-12
1.308196e-12
1.307248e-12
1.306298e-12
1.305344e-12
1.304387e-12
1.303426e-12
1.302463e-12
1.301496e-12
1.300526e-12
1.299553e-12
1.298576e-12
1.297596e-12
1.296614e-12
1.295628e-12
1.294639e-12
1.293646e-12
1.292651e-12
1.291653e-12
1.290651e-12
1.289647e-12
1.288639e-12
1.287628e-12
1.286615e-12
1.285598e-12
1.284578e-12
1.283555e-12
1.282530e-12
1.281501e-12
1.280469e-12
1.279435e-12
1.278397e-12
1.277357e-12
1.276313e-12
1.275267e-12
1.274218e-12
1.273166e-12
1.272111e-12
1.271053e-12
1.269993e-12
1.268930e-12
1.267863e-12
1.266794e-12
1.265723e-12
1.264648e-12
1.263571e-12
1.262491e-12
1.261409e-12
1.260323e-12
1.259235e-12
1.258144e-12
1.257051e-12
1.255955e-12
1.254856e-12
1.253755e-12
1.252651e-12
1.251545e-12
1.250435e-12
1.249324e-12
1.248210e-12
1.247093e-12
1.245974e-12
1.244852e-12
1.243728e-12
1.242601e-12
1.241472e-12
1.240340e-12
1.239206e-12
1.238069e-12
1.236930e-12
1.235789e-12
1.234645e-12
1.233499e-12
1.232351e-12
1.231200e-12
1.230047e-12
1.228891e-12
1.227734e-12
1.226574e-12
1.225411e-12
1.224247e-12
1.223080e-12
1.221911e-12
1.220740e-12
1.219566e-12
1.218391e-12
1.217213e-12
1.216033e-12
1.214851e-12
1.213667e-12
1.212481e-12
1.211292e-12
1.210102e-12
1.208910e-12
1.207715e-12
1.206518e-12
1.205320e-12
1.204119e-12
1.202917e-12
1.201712e-12
1.200506e-12
1.199297e-12
1.198087e-12
1.196875e-12
1.195660e-12
1.194444e-12
1.193226e-12
1.192007e-12
1.190785e-12
1.189562e-12
1.188336e-12
1.187109e-12
1.185881e-12
1.184650e-12
1.183418e-12
1.182184e-12
1.180948e-12
1.179710e-12
1.178471e-12
1.177230e-12
1.175988e-12
1.174744e-12
1.173498e-12
1.172251e-12
1.171002e-12
1.169751e-12
1.168499e-12
1.167246e-12
1.165990e-12
1.164734e-12
1.163476e-12
1.162216e-12
1.160955e-12
1.159692e-12
1.158428e-12
1.157163e-12
1.155896e-12
1.154628e-12
1.153358e-12
1.152087e-12
1.150815e-12
1.149541e-12
1.148267e-12
1.146990e-12
1.145713e-12
1.144434e-12
1.143154e-12
1.141873e-12
1.140590e-12
1.139307e-12
1.138022e-12
1.136736e-12
1.135448e-12
1.134160e-12
1.132871e-12
1.131580e-12
1.130288e-12
1.128996e-12
1.127702e-12
1.126407e-12
1.125111e-12
1.123814e-12
1.122516e-12
1.121217e-12
1.119918e-12
1.118617e-12
1.117315e-12
1.116012e-12
1.114709e-12
1.113404e-12
1.112099e-12
1.110793e-12
1.109486e-12
1.108178e-12
1.106870e-12
1.105560e-12
1.104250e-12
1.102939e-12
1.101627e-12
1.100315e-12
1.099002e-12
1.097688e-12
1.096373e-12
1.095058e-12
1.093742e-12
1.092426e-12
1.091109e-12
1.089791e-12
1.088473e-12
1.087154e-12
1.085835e-12
1.084515e-12
1.083194e-12
1.081873e-12
1.080552e-12
1.079230e-12
1.077908e-12
1.076585e-12
1.075262e-12
1.073938e-12
1.072614e-12
1.071289e-12
1.069965e-12
1.068639e-12
1.067314e-12
1.065988e-12
1.064662e-12
1.063336e-12
1.062009e-12
1.060682e-12
1.059355e-12
1.058028e-12
1.056700e-12
1.055373e-12
1.054045e-12
1.052717e-12
1.051388e-12
1.050060e-12
1.048732e-12
1.047403e-12
1.046075e-12
1.044746e-12
1.043417e-12
1.042088e-12
1.040760e-12
1.039431e-12
1.038102e-12
1.036774e-12
1.035445e-12
1.034116e-12
1.032788e-12
1.031459e-12
1.030131e-12
1.028803e-12
1.027475e-12
1.026147e-12
1.024819e-12
1.023492e-12
1.022165e-12
1.020838e-12
1.019511e-12
1.018184e-12
1.016858e-12
1.015532e-12
1.014206e-12
1.012881e-12
1.011556e-12
1.010231e-12
1.008907e-12
1.007583e-12
1.006259e-12
1.004936e-12
1.003613e-12
1.002291e-12
1.000969e-12
9.996475e-13
9.983266e-13
9.970062e-13
9.956863e-13
9.943669e-13
9.930481e-13
9.917299e-13
9.904122e-13
9.890952e-13
9.877787e-13
9.864629e-13
9.851477e-13
9.838332e-13
9.825193e-13
9.812062e-13
9.798937e-13
9.785819e-13
9.772709e-13
9.759606e-13
9.746511e-13
9.733424e-13
9.720345e-13
9.707273e-13
9.694210e-13
9.681155e-13
9.668109e-13
9.655072e-13
9.642043e-13
9.629023e-13
9.616013e-13
9.603012e-13
9.590020e-13
9.577037e-13
9.564065e-13
9.551102e-13
9.538150e-13
9.525207e-13
9.512275e-13
9.499354e-13
9.486443e-13
9.473542e-13
9.460653e-13
9.447775e-13
9.434908e-13
9.422052e-13
9.409208e-13
9.396375e-13
9.383555e-13
9.370746e-13
9.357949e-13
9.345165e-13
9.332393e-13
9.319633e-13
9.306886e-13
9.294152e-13
9.281431e-13
9.268723e-13
9.256028e-13
9.243347e-13
9.230679e-13
9.218025e-13
9.205385e-13
9.192759e-13
9.180146e-13
9.167548e-13
9.154965e-13
9.142396e-13
9.129841e-13
9.117302e-13
9.104777e-13
9.092268e-13
9.079773e-13
9.067294e-13
9.054831e-13
9.042383e-13
9.029951e-13
9.017535e-13
9.005135e-13
8.992752e-13
8.980384e-13
8.968034e-13
8.955699e-13
8.943382e-13
8.931081e-13
8.918798e-13
8.906531e-13
8.894282e-13
8.882051e-13
8.869837e-13
8.857640e-13
8.845462e-13
8.833301e-13
8.821159e-13
8.809035e-13
8.796929e-13
8.784842e-13
8.772773e-13
8.760723e-13
8.748692e-13
8.736681e-13
8.724688e-13
8.712715e-13
8.700761e-13
8.688827e-13
8.676912e-13
8.665017e-13
8.653142e-13
8.641288e-13
8.629453e-13
8.617639e-13
8.605845e-13
8.594072e-13
8.582320e-13
8.570589e-13
8.558878e-13
8.547189e-13
8.535521e-13
8.523874e-13
8.512249e-13
8.500645e-13
8.489064e-13
8.477504e-13
8.465966e-13
8.454450e-13
8.442956e-13
8.431485e-13
8.420036e-13
8.408610e-13
8.397207e-13
8.385826e-13
8.374469e-13
8.363134e-13
8.351823e-13
8.340535e-13
8.329271e-13
8.318030e-13
8.306813e-13
8.295620e-13
8.284450e-13
8.273305e-13
8.262184e-13
8.251087e-13
8.240015e-13
8.228967e-13
8.217943e-13
8.206945e-13
8.195971e-13
8.185023e-13
8.174099e-13
8.163201e-13
8.152328e-13
8.141481e-13
8.130659e-13
8.119862e-13
8.109092e-13
8.098347e-13
8.087629e-13
8.076936e-13
8.066270e-13
8.055630e-13
8.045017e-13
8.034430e-13
8.023870e-13
8.013336e-13
8.002830e-13
7.992351e-13
7.981898e-13
7.971473e-13
7.961075e-13
7.950705e-13
7.940362e-13
7.930047e-13
7.919759e-13
7.909500e-13
7.899268e-13
7.889064e-13
7.878889e-13
7.868742e-13
7.858623e-13
7.848532e-13
7.838471e-13
7.828438e-13
7.818433e-13
7.808458e-13
7.798511e-13
7.788594e-13
7.778706e-13
7.768847e-13
7.759017e-13
7.749217e-13
7.739447e-13
7.729706e-13
7.719995e-13
7.710313e-13
7.700662e-13
7.691041e-13
7.681450e-13
7.671889e-13
7.662358e-13
7.652858e-13
7.643389e-13
7.633950e-13
7.624542e-13
7.615164e-13
7.605818e-13
7.596502e-13
7.587218e-13
7.577964e-13
7.568742e-13
7.559552e-13
7.550392e-13
7.541265e-13
7.532168e-13
7.523104e-13
7.514071e-13
7.505070e-13
7.496102e-13
7.487165e-13
7.478260e-13
7.469388e-13
7.460547e-13
7.451740e-13
7.442964e-13
7.434222e-13
7.425511e-13
7.416834e-13
7.408189e-13
7.399577e-13
7.390999e-13
7.382453e-13
7.373940e-13
7.365461e-13
7.357014e-13
7.348602e-13
7.340222e-13
7.331876e-13
7.323564e-13
7.315285e-13
7.307040e-13
7.298829e-13
7.290652e-13
7.282508e-13
7.274399e-13
7.266324e-13
7.258283e-13
7.250276e-13
7.242304e-13
7.234366e-13
7.226462e-13
7.218593e-13
7.210759e-13
7.202959e-13
7.195194e-13
7.187464e-13
7.179769e-13
7.172108e-13
7.164483e-13
7.156893e-13
7.149338e-13
7.141818e-13
7.134333e-13
7.126884e-13
7.119470e-13
7.112092e-13
7.104749e-13
7.097442e-13
7.090171e-13
7.082935e-13
7.075735e-13
7.068571e-13
7.061442e-13
7.054350e-13
7.047294e-13
7.040274e-13
7.033290e-13
7.026342e-13
7.019431e-13
7.012555e-13
7.005717e-13
6.998914e-13
6.992148e-13
6.985419e-13
6.978726e-13
6.972070e-13
6.965451e-13
6.958868e-13
6.952322e-13
6.945813e-13
6.939341e-13
6.932906e-13
6.926508e-13
6.920147e-13
6.913824e-13
6.907537e-13
6.901288e-13
6.895075e-13
6.888901e-13
6.882763e-13
6.876663e-13
6.870600e-13
6.864575e-13
6.858588e-13
6.852638e-13
6.846725e-13
6.840851e-13
6.835014e-13
6.829214e-13
6.823453e-13
6.817730e-13
6.812044e-13
6.806396e-13
6.800786e-13
6.795215e-13
6.789681e-13
6.784185e-13
6.778728e-13
6.773309e-13
6.767928e-13
6.762585e-13
6.757280e-13
6.752014e-13
6.746786e-13
6.741596e-13
6.736445e-13
6.731333e-13
6.726258e-13
6.721223e-13
6.716226e-13
6.711267e-13
6.706347e-13
6.701466e-13
6.696623e-13
6.691819e-13
6.687054e-13
6.682328e-13
6.677640e-13
6.672991e-13
6.668381e-13
6.663810e-13
6.659278e-13
6.654785e-13
6.650330e-13
6.645915e-13
6.641539e-13
6.637201e-13
6.632903e-13
6.628644e-13
6.624423e-13
6.620242e-13
6.616100e-13
6.611998e-13
6.607934e-13
6.603910e-13
6.599924e-13
6.595979e-13
6.592072e-13
6.588204e-13
6.584376e-13
6.580587e-13
6.576838e-13
6.573128e-13
6.569457e-13
6.565825e-13
6.562233e-13
6.558680e-13
6.555167e-13
6.551693e-13
6.548259e-13
6.544864e-13
6.541508e-13
6.538192e-13
6.534915e-13
6.531678e-13
6.528480e-13
6.525322e-13
6.522203e-13
6.519124e-13
6.516085e-13
6.513085e-13
6.510124e-13
6.507203e-13
6.504321e-13
6.501480e-13
6.498677e-13
6.495914e-13
6.493191e-13
6.490507e-13
6.487863e-13
6.485259e-13
6.482694e-13
6.480169e-13
6.477683e-13
6.475237e-13
6.472830e-13
6.470463e-13
6.468135e-13
6.465847e-13
6.463599e-13
6.461390e-13
6.459221e-13
6.457091e-13
6.455001e-13
6.452951e-13
6.450940e-13
6.448968e-13
6.447036e-13
6.445144e-13
6.443291e-13
6.441477e-13
6.439704e-13
6.437969e-13
6.436274e-13
6.434619e-13
6.433003e-13
6.431426e-13
6.429889e-13
6.428391e-13
6.426933e-13
6.425514e-13
6.424135e-13
6.422795e-13
6.421494e-13
6.420233e-13
6.419011e-13
6.417828e-13
6.416685e-13
6.415581e-13
6.414516e-13
6.413490e-13
6.412504e-13
6.411557e-13
6.410649e-13
6.409780e-13
6.408950e-13
6.408160e-13
6.407408e-13
6.406696e-13
6.406023e-13
6.405389e-13
6.404794e-13
6.404238e-13
6.403721e-13
6.403243e-13
6.402803e-13
6.402403e-13
6.402042e-13
6.401719e-13
6.401436e-13
6.401191e-13
6.400985e-13
6.400817e-13
6.400689e-13
6.400599e-13
6.400547e-13
6.400535e-13
6.400561e-13
6.400625e-13
6.400728e-13
6.400870e-13
6.401050e-13
6.401269e-13
6.401526e-13
6.401821e-13
6.402155e-13
6.402527e-13
6.402937e-13
6.403386e-13
6.403873e-13
6.404398e-13
6.404961e-13
6.405562e-13
6.406202e-13
6.406879e-13
6.407594e-13
6.408348e-13
6.409139e-13
6.409968e-13
6.410835e-13
6.411740e-13
6.412682e-13
6.413663e-13
6.414681e-13
6.415736e-13
6.416829e-13
6.417960e-13
6.419128e-13
6.420334e-13
6.421577e-13
6.422858e-13
6.424175e-13
6.425531e-13
6.426923e-13
6.428353e-13
6.429819e-13
6.431323e-13
6.432864e-13
6.434442e-13
6.436057e-13
6.437708e-13
6.439397e-13
6.441122e-13
6.442885e-13
6.444683e-13
6.446519e-13
6.448391e-13
6.450300e-13
6.452245e-13
6.454227e-13
6.456245e-13
6.458299e-13
6.460390e-13
6.462517e-13
6.464680e-13
6.466880e-13
6.469115e-13
6.471387e-13
6.473694e-13
6.476037e-13
6.478416e-13
6.480831e-13
6.483282e-13
6.485768e-13
6.488290e-13
6.490848e-13
6.493441e-13
6.496070e-13
6.498733e-13
6.501433e-13
6.504167e-13
6.506937e-13
6.509742e-13
6.512582e-13
6.515457e-13
6.518367e-13
6.521311e-13
6.524291e-13
6.527305e-13
6.530355e-13
6.533438e-13
6.536557e-13
6.539709e-13
6.542897e-13
6.546118e-13
6.549374e-13
6.552665e-13
6.555989e-13
6.559348e-13
6.562740e-13
6.566167e-13
6.569627e-13
6.573121e-13
6.576649e-13
6.580211e-13
6.583806e-13
6.587435e-13
6.591098e-13
6.594794e-13
6.598523e-13
6.602285e-13
6.606081e-13
6.609910e-13
6.613772e-13
6.617666e-13
6.621594e-13
6.625555e-13
6.629548e-13
6.633574e-13
6.637633e-13
6.641724e-13
6.645848e-13
6.650004e-13
6.654192e-13
6.658412e-13
6.662665e-13
6.666950e-13
6.671267e-13
6.675616e-13
6.679996e-13
6.684408e-13
6.688852e-13
6.693328e-13
6.697835e-13
6.702374e-13
6.706944e-13
6.711545e-13
6.716178e-13
6.720841e-13
6.725536e-13
6.730262e-13
6.735018e-13
6.739805e-13
6.744623e-13
6.749472e-13
6.754351e-13
6.759261e-13
6.764201e-13
6.769171e-13
6.774172e-13
6.779202e-13
6.784263e-13
6.789354e-13
6.794474e-13
6.799625e-13
6.804805e-13
6.810014e-13
6.815254e-13
6.820522e-13
6.825820e-13
6.831147e-13
6.836504e-13
6.841889e-13
6.847304e-13
6.852747e-13
6.858219e-13
6.863720e-13
6.869250e-13
6.874808e-13
6.880395e-13
6.886010e-13
6.891653e-13
6.897324e-13
6.903024e-13
6.908751e-13
6.914507e-13
6.920290e-13
6.926101e-13
6.931939e-13
6.937806e-13
6.943699e-13
6.949620e-13
6.955568e-13
6.961543e-13
6.967546e-13
6.973575e-13
6.979631e-13
6.985714e-13
6.991824e-13
6.997960e-13
7.004123e-13
7.010312e-13
7.016528e-13
7.022770e-13
7.029037e-13
7.035331e-13
7.041651e-13
7.047996e-13
7.054368e-13
7.060765e-13
7.067187e-13
7.073635e-13
7.080108e-13
7.086606e-13
7.093130e-13
7.099678e-13
7.106252e-13
7.112850e-13
7.119473e-13
7.126120e-13
7.132792e-13
7.139489e-13
7.146210e-13
7.152955e-13
7.159724e-13
7.166517e-13
7.173334e-13
7.180175e-13
7.187040e-13
7.193928e-13
7.200839e-13
7.207774e-13
7.214733e-13
7.221714e-13
7.228719e-13
7.235747e-13
7.242797e-13
7.249870e-13
7.256966e-13
7.264085e-13
7.271225e-13
7.278389e-13
7.285574e-13
7.292782e-13
7.300012e-13
7.307263e-13
7.314536e-13
7.321832e-13
7.329148e-13
7.336487e-13
7.343846e-13
7.351227e-13
7.358629e-13
7.366052e-13
7.373496e-13
7.380961e-13
7.388447e-13
7.395953e-13
7.403480e-13
7.411027e-13
7.418595e-13
7.426183e-13
7.433790e-13
7.441418e-13
7.449066e-13
7.456733e-13
7.464420e-13
7.472127e-13
7.479853e-13
7.487599e-13
7.495363e-13
7.503147e-13
7.510950e-13
7.518771e-13
7.526611e-13
7.534470e-13
7.542348e-13
7.550244e-13
7.558158e-13
7.566091e-13
7.574041e-13
7.582010e-13
7.589996e-13
7.598000e-13
7.606022e-13
7.614061e-13
7.622118e-13
7.630192e-13
7.638283e-13
7.646392e-13
7.654517e-13
7.662659e-13
7.670818e-13
7.678993e-13
7.687185e-13
7.695394e-13
7.703619e-13
7.711859e-13
7.720116e-13
7.728389e-13
7.736678e-13
7.744982e-13
7.753302e-13
7.761637e-13
7.769988e-13
7.778354e-13
7.786735e-13
7.795131e-13
7.803542e-13
7.811968e-13
7.820409e-13
7.828864e-13
7.837333e-13
7.845817e-13
7.854315e-13
7.862827e-13
7.871353e-13
7.879893e-13
7.888447e-13
7.897014e-13
7.905595e-13
7.914189e-13
7.922796e-13
7.931417e-13
7.940050e-13
7.948697e-13
7.957356e-13
7.966028e-13
7.974713e-13
7.983410e-13
7.992119e-13
8.000841e-13
8.009574e-13
8.018320e-13
8.027077e-13
8.035847e-13
8.044627e-13
8.053420e-13
8.062223e-13
8.071038e-13
8.079864e-13
8.088702e-13
8.097550e-13
8.106408e-13
8.115278e-13
8.124158e-13
8.133049e-13
8.141949e-13
8.150860e-13
8.159781e-13
8.168712e-13
8.177653e-13
8.186604e-13
8.195564e-13
8.204534e-13
8.213513e-13
8.222501e-13
8.231499e-13
8.240505e-13
8.249520e-13
8.258545e-13
8.267577e-13
8.276618e-13
8.285668e-13
8.294726e-13
8.303792e-13
8.312866e-13
8.321949e-13
8.331038e-13
8.340136e-13
8.349241e-13
8.358354e-13
8.367474e-13
8.376601e-13
8.385735e-13
8.394877e-13
8.404025e-13
8.413180e-13
8.422341e-13
8.431509e-13
8.440683e-13
8.449864e-13
8.459051e-13
8.468243e-13
8.477442e-13
8.486646e-13
8.495856e-13
8.505072e-13
8.514293e-13
8.523519e-13
8.532751e-13
8.541987e-13
8.551229e-13
8.560475e-13
8.569726e-13
8.578981e-13
8.588241e-13
8.597506e-13
8.606774e-13
8.616047e-13
8.625324e-13
8.634604e-13
8.643888e-13
8.653176e-13
8.662468e-13
8.671762e-13
8.681060e-13
8.690362e-13
8.699666e-13
8.708973e-13
8.718283e-13
8.727595e-13
8.736910e-13
8.746228e-13
8.755547e-13
8.764869e-13
8.774193e-13
8.783519e-13
8.792847e-13
8.802177e-13
8.811508e-13
8.820840e-13
8.830174e-13
8.839510e-13
8.848846e-13
8.858183e-13
8.867521e-13
8.876860e-13
8.886200e-13
8.895540e-13
8.904880e-13
8.914221e-13
8.923562e-13
8.932903e-13
8.942244e-13
8.951584e-13
8.960925e-13
8.970265e-13
8.979604e-13
8.988943e-13
8.998281e-13
9.007618e-13
9.016954e-13
9.026289e-13
9.035623e-13
9.044955e-13
9.054286e-13
9.063615e-13
9.072943e-13
9.082268e-13
9.091592e-13
9.100914e-13
9.110233e-13
9.119550e-13
9.128865e-13
9.138177e-13
9.147487e-13
9.156793e-13
9.166097e-13
9.175398e-13
9.184696e-13
9.193990e-13
9.203281e-13
9.212569e-13
9.221853e-13
9.231133e-13
9.240410e-13
9.249682e-13
9.258951e-13
9.268215e-13
9.277476e-13
9.286731e-13
9.295982e-13
9.305229e-13
9.314471e-13
9.323708e-13
9.332940e-13
9.342167e-13
9.351389e-13
9.360605e-13
9.369816e-13
9.379021e-13
9.388221e-13
9.397415e-13
9.406603e-13
9.415785e-13
9.424961e-13
9.434131e-13
9.443295e-13
9.452452e-13
9.461602e-13
9.470746e-13
9.479883e-13
9.489013e-13
9.498136e-13
9.507252e-13
9.516361e-13
9.525462e-13
9.534556e-13
9.543642e-13
9.552721e-13
9.561792e-13
9.570855e-13
9.579910e-13
9.588956e-13
9.597995e-13
9.607025e-13
9.616047e-13
9.625060e-13
9.634065e-13
9.643060e-13
9.652047e-13
9.661025e-13
9.669993e-13
9.678953e-13
9.687903e-13
9.696843e-13
9.705774e-13
9.714696e-13
9.723607e-13
9.732509e-13
9.741401e-13
9.750283e-13
9.759154e-13
9.768015e-13
9.776866e-13
9.785706e-13
9.794535e-13
9.803354e-13
9.812162e-13
9.820959e-13
9.829745e-13
9.838519e-13
9.847283e-13
9.856035e-13
9.864775e-13
9.873504e-13
9.882221e-13
9.890927e-13
9.899620e-13
9.908301e-13
9.916971e-13
9.925628e-13
9.934272e-13
9.942905e-13
9.951524e-13
9.960132e-13
9.968726e-13
9.977307e-13
9.985876e-13
9.994431e-13
1.000297e-12
1.001150e-12
1.002002e-12
1.002852e-12
1.003701e-12
1.004548e-12
1.005395e-12
1.006239e-12
1.007083e-12
1.007924e-12
1.008765e-12
1.009604e-12
1.010442e-12
1.011278e-12
1.012113e-12
1.012946e-12
1.013778e-12
1.014608e-12
1.015437e-12
1.016264e-12
1.017090e-12
1.017914e-12
1.018737e-12
1.019558e-12
1.020377e-12
1.021195e-12
1.022012e-12
1.022827e-12
1.023640e-12
1.024452e-12
1.025262e-12
1.026070e-12
1.026877e-12
1.027682e-12
1.028485e-12
1.029287e-12
1.030087e-12
1.030886e-12
1.031683e-12
1.032478e-12
1.033271e-12
1.034063e-12
1.034852e-12
1.035641e-12
1.036427e-12
1.037212e-12
1.037994e-12
1.038776e-12
1.039555e-12
1.040332e-12
1.041108e-12
1.041882e-12
1.042654e-12
1.043424e-12
1.044193e-12
1.044959e-12
1.045724e-12
1.046487e-12
1.047248e-12
1.048007e-12
1.048764e-12
1.049519e-12
1.050272e-12
1.051024e-12
1.051773e-12
1.052521e-12
1.053266e-12
1.054010e-12
1.054752e-12
1.055491e-12
1.056229e-12
1.056965e-12
1.057698e-12
1.058430e-12
1.059160e-12
1.059887e-12
1.060613e-12
1.061337e-12
1.062058e-12
1.062778e-12
1.063495e-12
1.064210e-12
1.064923e-12
1.065635e-12
1.066344e-12
1.067050e-12
1.067755e-12
1.068458e-12
1.069158e-12
1.069857e-12
1.070553e-12
1.071247e-12
1.071939e-12
1.072629e-12
1.073316e-12
1.074001e-12
1.074685e-12
1.075366e-12
1.076044e-12
1.076721e-12
1.077395e-12
1.078067e-12
1.078737e-12
1.079404e-12
1.080069e-12
1.080732e-12
1.081393e-12
1.082051e-12
1.082707e-12
1.083361e-12
1.084013e-12
1.084662e-12
1.085309e-12
1.085953e-12
1.086595e-12
1.087235e-12
1.087873e-12
1.088508e-12
1.089140e-12
1.089771e-12
1.090399e-12
1.091024e-12
1.091647e-12
1.092268e-12
1.092886e-12
1.093502e-12
1.094116e-12
1.094727e-12
1.095335e-12
1.095941e-12
1.096545e-12
1.097146e-12
1.097745e-12
1.098341e-12
1.098935e-12
1.099526e-12
1.100115e-12
1.100701e-12
1.101285e-12
1.101866e-12
1.102445e-12
1.103021e-12
1.103595e-12
1.104166e-12
1.104735e-12
1.105301e-12
1.105864e-12
1.106425e-12
1.106983e-12
1.107539e-12
1.108092e-12
1.108642e-12
1.109190e-12
1.109735e-12
1.110278e-12
1.110818e-12
1.111355e-12
1.111890e-12
1.112422e-12
1.112952e-12
1.113479e-12
1.114003e-12
1.114524e-12
1.115043e-12
1.115559e-12
1.116073e-12
1.116583e-12
1.117091e-12
1.117597e-12
1.118099e-12
1.118599e-12
1.119096e-12
1.119591e-12
1.120083e-12
1.120572e-12
1.121058e-12
1.121541e-12
1.122022e-12
1.122500e-12
1.122975e-12
1.123448e-12
1.123918e-12
1.124385e-12
1.124849e-12
1.125310e-12
1.125769e-12
1.126224e-12
1.126677e-12
1.127127e-12
1.127575e-12
1.128019e-12
1.128461e-12
1.128899e-12
1.129335e-12
1.129768e-12
1.130199e-12
1.130626e-12
1.131051e-12
1.131472e-12
1.131891e-12
1.132307e-12
1.132720e-12
1.133130e-12
1.133538e-12
1.133942e-12
1.134344e-12
1.134742e-12
1.135138e-12
1.135531e-12
1.135921e-12
1.136308e-12
1.136692e-12
1.137073e-12
1.137451e-12
1.137826e-12
1.138198e-12
1.138568e-12
1.138934e-12
1.139297e-12
1.139658e-12
1.140015e-12
1.140370e-12
1.140722e-12
1.141070e-12
1.141416e-12
1.141758e-12
1.142098e-12
1.142435e-12
1.142768e-12
1.143099e-12
1.143427e-12
1.143751e-12
1.144073e-12
1.144392e-12
1.144707e-12
1.145020e-12
1.145329e-12
1.145636e-12
1.145940e-12
1.146240e-12
1.146537e-12
1.146832e-12
1.147123e-12
1.147412e-12
1.147697e-12
1.147979e-12
1.148258e-12
1.148534e-12
1.148807e-12
1.149077e-12
1.149344e-12
1.149608e-12
1.149869e-12
1.150126e-12
1.150381e-12
1.150632e-12
1.150881e-12
1.151126e-12
1.151368e-12
1.151607e-12
1.151843e-12
1.152076e-12
1.152306e-12
1.152533e-12
1.152756e-12
1.152977e-12
1.153194e-12
1.153408e-12
1.153620e-12
1.153828e-12
1.154032e-12
1.154234e-12
1.154433e-12
1.154628e-12
1.154821e-12
1.155010e-12
1.155196e-12
1.155379e-12
1.155559e-12
1.155735e-12
1.155909e-12
1.156079e-12
1.156246e-12
1.156410e-12
1.156571e-12
1.156729e-12
1.156884e-12
1.157035e-12
1.157183e-12
1.157328e-12
1.157470e-12
1.157609e-12
1.157745e-12
1.157877e-12
1.158006e-12
1.158133e-12
1.158255e-12
1.158375e-12
1.158492e-12
1.158605e-12
1.158715e-12
1.158822e-12
1.158926e-12
1.159027e-12
1.159124e-12
1.159219e-12
1.159310e-12
1.159398e-12
1.159482e-12
1.159564e-12
1.159642e-12
1.159717e-12
1.159789e-12
1.159858e-12
1.159924e-12
1.159986e-12
1.160045e-12
1.160101e-12
1.160154e-12
1.160204e-12
1.160250e-12
1.160293e-12
1.160333e-12
1.160370e-12
1.160404e-12
1.160434e-12
1.160461e-12
1.160485e-12
1.160506e-12
1.160524e-12
1.160538e-12
1.160549e-12
1.160557e-12
1.160562e-12
1.160564e-12
