1.413687e-12
1.413685e-12
1.413678e-12
1.413666e-12
1.413650e-12
1.413629e-12
1.413603e-12
1.413572e-12
1.413537e-12
1.413497e-12
1.413452e-12
1.413403e-12
1.413349e-12
1.413290e-12
1.413226e-12
1.413158e-12
1.413085e-12
1.413008e-12
1.412925e-12
1.412839e-12
1.412747e-12
1.412650e-12
1.412549e-12
1.412444e-12
1.412333e-12
1.412218e-12
1.412098e-12
1.411974e-12
1.411845e-12
1.411711e-12
1.411572e-12
1.411429e-12
1.411281e-12
1.411128e-12
1.410971e-12
1.410809e-12
1.410643e-12
1.410471e-12
1.410296e-12
1.410115e-12
1.409930e-12
1.409740e-12
1.409545e-12
1.409346e-12
1.409142e-12
1.408934e-12
1.408721e-12
1.408503e-12
1.408281e-12
1.408053e-12
1.407822e-12
1.407585e-12
1.407345e-12
1.407099e-12
1.406849e-12
1.406594e-12
1.406335e-12
1.406071e-12
1.405802e-12
1.405529e-12
1.405251e-12
1.404968e-12
1.404681e-12
1.404390e-12
1.404094e-12
1.403793e-12
1.403488e-12
1.403178e-12
1.402863e-12
1.402544e-12
1.402221e-12
1.401892e-12
1.401560e-12
1.401222e-12
1.400881e-12
1.400534e-12
1.400183e-12
1.399828e-12
1.399468e-12
1.399103e-12
1.398734e-12
1.398361e-12
1.397983e-12
1.397600e-12
1.397213e-12
1.396822e-12
1.396426e-12
1.396026e-12
1.395621e-12
1.395211e-12
1.394797e-12
1.394379e-12
1.393956e-12
1.393529e-12
1.393097e-12
1.392661e-12
1.392221e-12
1.391776e-12
1.391326e-12
1.390872e-12
1.390414e-12
1.389952e-12
1.389485e-12
1.389013e-12
1.388537e-12
1.388057e-12
1.387573e-12
1.387084e-12
1.386590e-12
1.386093e-12
1.385591e-12
1.385084e-12
1.384574e-12
1.384059e-12
1.383539e-12
1.383016e-12
1.382488e-12
1.381956e-12
1.381419e-12
1.380878e-12
1.380333e-12
1.379784e-12
1.379230e-12
1.378672e-12
1.378110e-12
1.377544e-12
1.376973e-12
1.376398e-12
1.375819e-12
1.375236e-12
1.374648e-12
1.374056e-12
1.373460e-12
1.372860e-12
1.372256e-12
1.371648e-12
1.371035e-12
1.370418e-12
1.369797e-12
1.369172e-12
1.368543e-12
1.367910e-12
1.367272e-12
1.366631e-12
1.365985e-12
1.365336e-12
1.364682e-12
1.364024e-12
1.363362e-12
1.362696e-12
1.362026e-12
1.361352e-12
1.360674e-12
1.359992e-12
1.359306e-12
1.358615e-12
1.357921e-12
1.357223e-12
1.356521e-12
1.355815e-12
1.355105e-12
1.354391e-12
1.353673e-12
1.352951e-12
1.352226e-12
1.351496e-12
1.350762e-12
1.350025e-12
1.349284e-12
1.348538e-12
1.347789e-12
1.347036e-12
1.346280e-12
1.345519e-12
1.344755e-12
1.343986e-12
1.343214e-12
1.342438e-12
1.341659e-12
1.340875e-12
1.340088e-12
1.339297e-12
1.338502e-12
1.337704e-12
1.336902e-12
1.336096e-12
1.335286e-12
1.334473e-12
1.333656e-12
1.332835e-12
1.332011e-12
1.331183e-12
1.330352e-12
1.329516e-12
1.328677e-12
1.327835e-12
1.326989e-12
1.326139e-12
1.325286e-12
1.324429e-12
1.323569e-12
1.322705e-12
1.321838e-12
1.320967e-12
1.320092e-12
1.319214e-12
1.318333e-12
1.317448e-12
1.316559e-12
1.315667e-12
1.314772e-12
1.313873e-12
1.312971e-12
1.312066e-12
1.311157e-12
1.310244e-12
1.309329e-12
1.308410e-12
1.307487e-12
1.306561e-12
1.305632e-12
1.304700e-12
1.303764e-12
1.302825e-12
1.301883e-12
1.300937e-12
1.299988e-12
1.299036e-12
1.298081e-12
1.297122e-12
1.296160e-12
1.295195e-12
1.294227e-12
1.293256e-12
1.292282e-12
1.291304e-12
1.290323e-12
1.289339e-12
1.288352e-12
1.287362e-12
1.286369e-12
1.285373e-12
1.284374e-12
1.283371e-12
1.282366e-12
1.281357e-12
1.280346e-12
1.279332e-12
1.278314e-12
1.277294e-12
1.276271e-12
1.275244e-12
1.274215e-12
1.273183e-12
1.272148e-12
1.271110e-12
1.270069e-12
1.269026e-12
1.267979e-12
1.266930e-12
1.265878e-12
1.264823e-12
1.263765e-12
1.262704e-12
1.261641e-12
1.260575e-12
1.259506e-12
1.258434e-12
1.257360e-12
1.256283e-12
1.255203e-12
1.254121e-12
1.253036e-12
1.251948e-12
1.250858e-12
1.249765e-12
1.248669e-12
1.247571e-12
1.246470e-12
1.245367e-12
1.244261e-12
1.243153e-12
1.242042e-12
1.240928e-12
1.239812e-12
1.238694e-12
1.237573e-12
1.236450e-12
1.235324e-12
1.234196e-12
1.233065e-12
1.231932e-12
1.230796e-12
1.229659e-12
1.228518e-12
1.227376e-12
1.226231e-12
1.225084e-12
1.223934e-12
1.222783e-12
1.221629e-12
1.220472e-12
1.219314e-12
1.218153e-12
1.216990e-12
1.215825e-12
1.214658e-12
1.213488e-12
1.212316e-12
1.211143e-12
1.209967e-12
1.208788e-12
1.207608e-12
1.206426e-12
1.205242e-12
1.204055e-12
1.202867e-12
1.201677e-12
1.200484e-12
1.199290e-12
1.198093e-12
1.196895e-12
1.195695e-12
1.194492e-12
1.193288e-12
1.192082e-12
1.190874e-12
1.189664e-12
1.188453e-12
1.187239e-12
1.186024e-12
1.184806e-12
1.183587e-12
1.182367e-12
1.181144e-12
1.179920e-12
1.178694e-12
1.177466e-12
1.176237e-12
1.175005e-12
1.173773e-12
1.172538e-12
1.171302e-12
1.170064e-12
1.168825e-12
1.167584e-12
1.166341e-12
1.165097e-12
1.163851e-12
1.162604e-12
1.161355e-12
1.160105e-12
1.158853e-12
1.157600e-12
1.156345e-12
1.155089e-12
1.153831e-12
1.152572e-12
1.151312e-12
1.150050e-12
1.148787e-12
1.147522e-12
1.146256e-12
1.144989e-12
1.143721e-12
1.142451e-12
1.141180e-12
1.139907e-12
1.138634e-12
1.137359e-12
1.136083e-12
1.134806e-12
1.133527e-12
1.132248e-12
1.130967e-12
1.129685e-12
1.128402e-12
1.127118e-12
1.125833e-12
1.124546e-12
1.123259e-12
1.121971e-12
1.120681e-12
1.119391e-12
1.118100e-12
1.116807e-12
1.115514e-12
1.114219e-12
1.112924e-12
1.111628e-12
1.110331e-12
1.109033e-12
1.107734e-12
1.106435e-12
1.105134e-12
1.103833e-12
1.102531e-12
1.101228e-12
1.099924e-12
1.098620e-12
1.097314e-12
1.096009e-12
1.094702e-12
1.093395e-12
1.092087e-12
1.090778e-12
1.089469e-12
1.088159e-12
1.086848e-12
1.085537e-12
1.084225e-12
1.082913e-12
1.081600e-12
1.080286e-12
1.078972e-12
1.077658e-12
1.076343e-12
1.075028e-12
1.073712e-12
1.072395e-12
1.071079e-12
1.069762e-12
1.068444e-12
1.067126e-12
1.065808e-12
1.064489e-12
1.063170e-12
1.061851e-12
1.060531e-12
1.059211e-12
1.057891e-12
1.056571e-12
1.055250e-12
1.053929e-12
1.052608e-12
1.051287e-12
1.049966e-12
1.048644e-12
1.047322e-12
1.046000e-12
1.044678e-12
1.043356e-12
1.042034e-12
1.040712e-12
1.039390e-12
1.038068e-12
1.036745e-12
1.035423e-12
1.034101e-12
1.032778e-12
1.031456e-12
1.030134e-12
1.028812e-12
1.027490e-12
1.026168e-12
1.024846e-12
1.023525e-12
1.022203e-12
1.020882e-12
1.019561e-12
1.018240e-12
1.016919e-12
1.015599e-12
1.014279e-12
1.012959e-12
1.011639e-12
1.010320e-12
1.009001e-12
1.007682e-12
1.006363e-12
1.005045e-12
1.003728e-12
1.002411e-12
1.001094e-12
9.997773e-13
9.984613e-13
9.971457e-13
9.958306e-13
9.945160e-13
9.932019e-13
9.918883e-13
9.905752e-13
9.892627e-13
9.879507e-13
9.866393e-13
9.853285e-13
9.840183e-13
9.827087e-13
9.813998e-13
9.800915e-13
9.787838e-13
9.774769e-13
9.761706e-13
9.748651e-13
9.735602e-13
9.722561e-13
9.709528e-13
9.696502e-13
9.683484e-13
9.670475e-13
9.657473e-13
9.644480e-13
9.631495e-13
9.618519e-13
9.605551e-13
9.592592e-13
9.579643e-13
9.566703e-13
9.553772e-13
9.540850e-13
9.527938e-13
9.515036e-13
9.502144e-13
9.489262e-13
9.476390e-13
9.463529e-13
9.450678e-13
9.437838e-13
9.425009e-13
9.412190e-13
9.399383e-13
9.386587e-13
9.373803e-13
9.361030e-13
9.348268e-13
9.335519e-13
9.322781e-13
9.310056e-13
9.297343e-13
9.284643e-13
9.271955e-13
9.259279e-13
9.246617e-13
9.233968e-13
9.221331e-13
9.208708e-13
9.196099e-13
9.183503e-13
9.170921e-13
9.158352e-13
9.145798e-13
9.133258e-13
9.120732e-13
9.108221e-13
9.095724e-13
9.083241e-13
9.070774e-13
9.058322e-13
9.045885e-13
9.033463e-13
9.021056e-13
9.008665e-13
8.996290e-13
8.983930e-13
8.971587e-13
8.959259e-13
8.946948e-13
8.934653e-13
8.922375e-13
8.910113e-13
8.897868e-13
8.885640e-13
8.873429e-13
8.861236e-13
8.849059e-13
8.836900e-13
8.824759e-13
8.812636e-13
8.800530e-13
8.788442e-13
8.776373e-13
8.764321e-13
8.752288e-13
8.740274e-13
8.728278e-13
8.716301e-13
8.704343e-13
8.692404e-13
8.680484e-13
8.668584e-13
8.656703e-13
8.644842e-13
8.633000e-13
8.621178e-13
8.609376e-13
8.597594e-13
8.585833e-13
8.574091e-13
8.562371e-13
8.550670e-13
8.538991e-13
8.527332e-13
8.515695e-13
8.504078e-13
8.492483e-13
8.480909e-13
8.469357e-13
8.457826e-13
8.446317e-13
8.434830e-13
8.423365e-13
8.411922e-13
8.400501e-13
8.389103e-13
8.377727e-13
8.366373e-13
8.355043e-13
8.343735e-13
8.332450e-13
8.321188e-13
8.309950e-13
8.298734e-13
8.287543e-13
8.276374e-13
8.265230e-13
8.254109e-13
8.243012e-13
8.231939e-13
8.220891e-13
8.209866e-13
8.198866e-13
8.187891e-13
8.176940e-13
8.166014e-13
8.155112e-13
8.144236e-13
8.133385e-13
8.122559e-13
8.111758e-13
8.100983e-13
8.090233e-13
8.079509e-13
8.068810e-13
8.058138e-13
8.047491e-13
8.036870e-13
8.026276e-13
8.015708e-13
8.005166e-13
7.994651e-13
7.984163e-13
7.973701e-13
7.963266e-13
7.952858e-13
7.942477e-13
7.932124e-13
7.921797e-13
7.911498e-13
7.901227e-13
7.890983e-13
7.880767e-13
7.870578e-13
7.860418e-13
7.850285e-13
7.840181e-13
7.830104e-13
7.820056e-13
7.810037e-13
7.800046e-13
7.790084e-13
7.780150e-13
7.770245e-13
7.760369e-13
7.750522e-13
7.740705e-13
7.730916e-13
7.721157e-13
7.711427e-13
7.701727e-13
7.692056e-13
7.682415e-13
7.672804e-13
7.663222e-13
7.653671e-13
7.644150e-13
7.634659e-13
7.625198e-13
7.615767e-13
7.606367e-13
7.596998e-13
7.587659e-13
7.578351e-13
7.569074e-13
7.559827e-13
7.550612e-13
7.541428e-13
7.532275e-13
7.523153e-13
7.514062e-13
7.505003e-13
7.495976e-13
7.486980e-13
7.478016e-13
7.469083e-13
7.460183e-13
7.451314e-13
7.442478e-13
7.433673e-13
7.424901e-13
7.416161e-13
7.407454e-13
7.398779e-13
7.390136e-13
7.381526e-13
7.372949e-13
7.364405e-13
7.355893e-13
7.347415e-13
7.338969e-13
7.330557e-13
7.322177e-13
7.313831e-13
7.305519e-13
7.297240e-13
7.288994e-13
7.280782e-13
7.272603e-13
7.264458e-13
7.256347e-13
7.248270e-13
7.240227e-13
7.232217e-13
7.224242e-13
7.216301e-13
7.208395e-13
7.200522e-13
7.192684e-13
7.184880e-13
7.177111e-13
7.169377e-13
7.161677e-13
7.154011e-13
7.146381e-13
7.138785e-13
7.131225e-13
7.123699e-13
7.116208e-13
7.108753e-13
7.101333e-13
7.093947e-13
7.086598e-13
7.079283e-13
7.072004e-13
7.064761e-13
7.057553e-13
7.050380e-13
7.043244e-13
7.036143e-13
7.029078e-13
7.022049e-13
7.015055e-13
7.008098e-13
7.001177e-13
6.994291e-13
6.987442e-13
6.980630e-13
6.973853e-13
6.967113e-13
6.960409e-13
6.953741e-13
6.947110e-13
6.940516e-13
6.933958e-13
6.927437e-13
6.920952e-13
6.914505e-13
6.908094e-13
6.901720e-13
6.895382e-13
6.889082e-13
6.882819e-13
6.876593e-13
6.870404e-13
6.864252e-13
6.858137e-13
6.852059e-13
6.846019e-13
6.840016e-13
6.834051e-13
6.828122e-13
6.822232e-13
6.816379e-13
6.810563e-13
6.804785e-13
6.799045e-13
6.793342e-13
6.787677e-13
6.782050e-13
6.776460e-13
6.770909e-13
6.765395e-13
6.759919e-13
6.754482e-13
6.749082e-13
6.743720e-13
6.738396e-13
6.733111e-13
6.727863e-13
6.722654e-13
6.717483e-13
6.712350e-13
6.707256e-13
6.702199e-13
6.697182e-13
6.692202e-13
6.687261e-13
6.682358e-13
6.677494e-13
6.672669e-13
6.667881e-13
6.663133e-13
6.658423e-13
6.653752e-13
6.649119e-13
6.644525e-13
6.639970e-13
6.635453e-13
6.630975e-13
6.626536e-13
6.622136e-13
6.617775e-13
6.613452e-13
6.609168e-13
6.604924e-13
6.600718e-13
6.596551e-13
6.592423e-13
6.588334e-13
6.584284e-13
6.580273e-13
6.576301e-13
6.572369e-13
6.568475e-13
6.564620e-13
6.560805e-13
6.557028e-13
6.553291e-13
6.549593e-13
6.545934e-13
6.542315e-13
6.538734e-13
6.535193e-13
6.531691e-13
6.528229e-13
6.524805e-13
6.521421e-13
6.518076e-13
6.514771e-13
6.511504e-13
6.508277e-13
6.505090e-13
6.501942e-13
6.498833e-13
6.495763e-13
6.492733e-13
6.489742e-13
6.486791e-13
6.483879e-13
6.481006e-13
6.478173e-13
6.475379e-13
6.472625e-13
6.469910e-13
6.467234e-13
6.464598e-13
6.462001e-13
6.459444e-13
6.456926e-13
6.454448e-13
6.452009e-13
6.449609e-13
6.447249e-13
6.444928e-13
6.442646e-13
6.440404e-13
6.438202e-13
6.436039e-13
6.433915e-13
6.431831e-13
6.429786e-13
6.427780e-13
6.425814e-13
6.423887e-13
6.422000e-13
6.420152e-13
6.418343e-13
6.416574e-13
6.414844e-13
6.413153e-13
6.411502e-13
6.409890e-13
6.408317e-13
6.406784e-13
6.405289e-13
6.403835e-13
6.402419e-13
6.401043e-13
6.399705e-13
6.398408e-13
6.397149e-13
6.395929e-13
6.394749e-13
6.393608e-13
6.392506e-13
6.391443e-13
6.390419e-13
6.389434e-13
6.388489e-13
6.387582e-13
6.386715e-13
6.385886e-13
6.385097e-13
6.384346e-13
6.383635e-13
6.382962e-13
6.382328e-13
6.381733e-13
6.381177e-13
6.380660e-13
6.380182e-13
6.379742e-13
6.379342e-13
6.378980e-13
6.378656e-13
6.378372e-13
6.378126e-13
6.377919e-13
6.377750e-13
6.377620e-13
6.377529e-13
6.377476e-13
6.377461e-13
6.377485e-13
6.377548e-13
6.377649e-13
6.377788e-13
6.377966e-13
6.378182e-13
6.378436e-13
6.378729e-13
6.379059e-13
6.379428e-13
6.379836e-13
6.380281e-13
6.380764e-13
6.381285e-13
6.381845e-13
6.382442e-13
6.383078e-13
6.383751e-13
6.384462e-13
6.385211e-13
6.385998e-13
6.386822e-13
6.387684e-13
6.388584e-13
6.389522e-13
6.390497e-13
6.391509e-13
6.392560e-13
6.393647e-13
6.394772e-13
6.395935e-13
6.397135e-13
6.398372e-13
6.399646e-13
6.400958e-13
6.402307e-13
6.403692e-13
6.405115e-13
6.406575e-13
6.408072e-13
6.409606e-13
6.411177e-13
6.412785e-13
6.414429e-13
6.416110e-13
6.417828e-13
6.419583e-13
6.421374e-13
6.423202e-13
6.425066e-13
6.426966e-13
6.428903e-13
6.430877e-13
6.432886e-13
6.434932e-13
6.437014e-13
6.439133e-13
6.441287e-13
6.443477e-13
6.445704e-13
6.447966e-13
6.450264e-13
6.452598e-13
6.454967e-13
6.457373e-13
6.459814e-13
6.462290e-13
6.464802e-13
6.467350e-13
6.469933e-13
6.472551e-13
6.475204e-13
6.477893e-13
6.480617e-13
6.483376e-13
6.486170e-13
6.488999e-13
6.491863e-13
6.494762e-13
6.497695e-13
6.500664e-13
6.503667e-13
6.506704e-13
6.509777e-13
6.512883e-13
6.516024e-13
6.519200e-13
6.522409e-13
6.525653e-13
6.528931e-13
6.532243e-13
6.535589e-13
6.538970e-13
6.542383e-13
6.545831e-13
6.549313e-13
6.552828e-13
6.556377e-13
6.559959e-13
6.563575e-13
6.567224e-13
6.570907e-13
6.574622e-13
6.578371e-13
6.582153e-13
6.585969e-13
6.589817e-13
6.593698e-13
6.597611e-13
6.601558e-13
6.605537e-13
6.609549e-13
6.613593e-13
6.617670e-13
6.621779e-13
6.625921e-13
6.630095e-13
6.634300e-13
6.638538e-13
6.642808e-13
6.647110e-13
6.651444e-13
6.655809e-13
6.660206e-13
6.664635e-13
6.669095e-13
6.673587e-13
6.678110e-13
6.682665e-13
6.687250e-13
6.691867e-13
6.696515e-13
6.701194e-13
6.705903e-13
6.710644e-13
6.715415e-13
6.720217e-13
6.725049e-13
6.729912e-13
6.734805e-13
6.739729e-13
6.744682e-13
6.749666e-13
6.754680e-13
6.759724e-13
6.764798e-13
6.769902e-13
6.775035e-13
6.780198e-13
6.785390e-13
6.790612e-13
6.795864e-13
6.801144e-13
6.806454e-13
6.811793e-13
6.817161e-13
6.822558e-13
6.827983e-13
6.833438e-13
6.838921e-13
6.844433e-13
6.849973e-13
6.855541e-13
6.861138e-13
6.866763e-13
6.872417e-13
6.878098e-13
6.883807e-13
6.889544e-13
6.895309e-13
6.901101e-13
6.906921e-13
6.912769e-13
6.918644e-13
6.924546e-13
6.930475e-13
6.936432e-13
6.942415e-13
6.948426e-13
6.954463e-13
6.960527e-13
6.966617e-13
6.972734e-13
6.978878e-13
6.985048e-13
6.991244e-13
6.997466e-13
7.003715e-13
7.009989e-13
7.016289e-13
7.022615e-13
7.028967e-13
7.035344e-13
7.041746e-13
7.048174e-13
7.054628e-13
7.061106e-13
7.067609e-13
7.074138e-13
7.080691e-13
7.087269e-13
7.093872e-13
7.100500e-13
7.107151e-13
7.113828e-13
7.120528e-13
7.127253e-13
7.134001e-13
7.140774e-13
7.147571e-13
7.154391e-13
7.161235e-13
7.168103e-13
7.174994e-13
7.181908e-13
7.188846e-13
7.195806e-13
7.202790e-13
7.209797e-13
7.216826e-13
7.223879e-13
7.230953e-13
7.238051e-13
7.245171e-13
7.252313e-13
7.259477e-13
7.266664e-13
7.273872e-13
7.281103e-13
7.288355e-13
7.295628e-13
7.302924e-13
7.310241e-13
7.317579e-13
7.324938e-13
7.332319e-13
7.339721e-13
7.347143e-13
7.354586e-13
7.362050e-13
7.369535e-13
7.377040e-13
7.384566e-13
7.392112e-13
7.399678e-13
7.407264e-13
7.414870e-13
7.422496e-13
7.430141e-13
7.437807e-13
7.445491e-13
7.453195e-13
7.460919e-13
7.468661e-13
7.476423e-13
7.484204e-13
7.492003e-13
7.499821e-13
7.507658e-13
7.515514e-13
7.523388e-13
7.531280e-13
7.539190e-13
7.547118e-13
7.555065e-13
7.563029e-13
7.571011e-13
7.579010e-13
7.587027e-13
7.595061e-13
7.603113e-13
7.611182e-13
7.619268e-13
7.627371e-13
7.635491e-13
7.643627e-13
7.651780e-13
7.659950e-13
7.668135e-13
7.676338e-13
7.684556e-13
7.692790e-13
7.701041e-13
7.709307e-13
7.717588e-13
7.725886e-13
7.734199e-13
7.742527e-13
7.750870e-13
7.759229e-13
7.767602e-13
7.775990e-13
7.784394e-13
7.792811e-13
7.801244e-13
7.809691e-13
7.818152e-13
7.826627e-13
7.835116e-13
7.843620e-13
7.852137e-13
7.860668e-13
7.869212e-13
7.877770e-13
7.886342e-13
7.894926e-13
7.903524e-13
7.912135e-13
7.920759e-13
7.929395e-13
7.938044e-13
7.946706e-13
7.955380e-13
7.964067e-13
7.972766e-13
7.981476e-13
7.990199e-13
7.998934e-13
8.007680e-13
8.016438e-13
8.025208e-13
8.033989e-13
8.042781e-13
8.051584e-13
8.060398e-13
8.069224e-13
8.078060e-13
8.086906e-13
8.095763e-13
8.104631e-13
8.113509e-13
8.122397e-13
8.131296e-13
8.140204e-13
8.149122e-13
8.158050e-13
8.166987e-13
8.175934e-13
8.184890e-13
8.193856e-13
8.202831e-13
8.211814e-13
8.220807e-13
8.229808e-13
8.238818e-13
8.247837e-13
8.256864e-13
8.265899e-13
8.274942e-13
8.283994e-13
8.293053e-13
8.302121e-13
8.311196e-13
8.320278e-13
8.329368e-13
8.338465e-13
8.347570e-13
8.356682e-13
8.365800e-13
8.374926e-13
8.384058e-13
8.393197e-13
8.402342e-13
8.411494e-13
8.420652e-13
8.429816e-13
8.438986e-13
8.448163e-13
8.457344e-13
8.466532e-13
8.475725e-13
8.484924e-13
8.494128e-13
8.503337e-13
8.512551e-13
8.521770e-13
8.530994e-13
8.540222e-13
8.549456e-13
8.558693e-13
8.567935e-13
8.577182e-13
8.586432e-13
8.595686e-13
8.604945e-13
8.614207e-13
8.623472e-13
8.632742e-13
8.642014e-13
8.651290e-13
8.660569e-13
8.669851e-13
8.679136e-13
8.688424e-13
8.697714e-13
8.707007e-13
8.716303e-13
8.725601e-13
8.734901e-13
8.744203e-13
8.753507e-13
8.762813e-13
8.772120e-13
8.781430e-13
8.790741e-13
8.800053e-13
8.809366e-13
8.818681e-13
8.827996e-13
8.837313e-13
8.846630e-13
8.855948e-13
8.865266e-13
8.874585e-13
8.883904e-13
8.893224e-13
8.902543e-13
8.911862e-13
8.921182e-13
8.930501e-13
8.939819e-13
8.949137e-13
8.958455e-13
8.967771e-13
8.977087e-13
8.986402e-13
8.995715e-13
9.005028e-13
9.014339e-13
9.023649e-13
9.032957e-13
9.042263e-13
9.051568e-13
9.060870e-13
9.070171e-13
9.079469e-13
9.088766e-13
9.098059e-13
9.107351e-13
9.116639e-13
9.125925e-13
9.135208e-13
9.144488e-13
9.153765e-13
9.163039e-13
9.172309e-13
9.181576e-13
9.190840e-13
9.200100e-13
9.209356e-13
9.218608e-13
9.227856e-13
9.237100e-13
9.246339e-13
9.255575e-13
9.264805e-13
9.274032e-13
9.283253e-13
9.292470e-13
9.301682e-13
9.310889e-13
9.320090e-13
9.329286e-13
9.338477e-13
9.347663e-13
9.356842e-13
9.366016e-13
9.375185e-13
9.384347e-13
9.393503e-13
9.402653e-13
9.411797e-13
9.420934e-13
9.430065e-13
9.439189e-13
9.448306e-13
9.457417e-13
9.466520e-13
9.475616e-13
9.484706e-13
9.493788e-13
9.502862e-13
9.511929e-13
9.520988e-13
9.530040e-13
9.539083e-13
9.548119e-13
9.557147e-13
9.566166e-13
9.575177e-13
9.584180e-13
9.593174e-13
9.602159e-13
9.611136e-13
9.620104e-13
9.629063e-13
9.638012e-13
9.646953e-13
9.655884e-13
9.664806e-13
9.673719e-13
9.682621e-13
9.691514e-13
9.700397e-13
9.709271e-13
9.718134e-13
9.726987e-13
9.735829e-13
9.744662e-13
9.753484e-13
9.762295e-13
9.771095e-13
9.779885e-13
9.788664e-13
9.797431e-13
9.806188e-13
9.814933e-13
9.823667e-13
9.832390e-13
9.841101e-13
9.849800e-13
9.858488e-13
9.867163e-13
9.875827e-13
9.884479e-13
9.893118e-13
9.901745e-13
9.910360e-13
9.918962e-13
9.927552e-13
9.936129e-13
9.944693e-13
9.953244e-13
9.961782e-13
9.970307e-13
9.978819e-13
9.987318e-13
9.995803e-13
1.000427e-12
1.001273e-12
1.002118e-12
1.002961e-12
1.003802e-12
1.004643e-12
1.005481e-12
1.006319e-12
1.007155e-12
1.007989e-12
1.008822e-12
1.009654e-12
1.010484e-12
1.011313e-12
1.012140e-12
1.012965e-12
1.013790e-12
1.014612e-12
1.015433e-12
1.016253e-12
1.017071e-12
1.017887e-12
1.018702e-12
1.019515e-12
1.020327e-12
1.021137e-12
1.021945e-12
1.022752e-12
1.023557e-12
1.024361e-12
1.025163e-12
1.025963e-12
1.026762e-12
1.027559e-12
1.028354e-12
1.029147e-12
1.029939e-12
1.030729e-12
1.031518e-12
1.032304e-12
1.033089e-12
1.033872e-12
1.034654e-12
1.035433e-12
1.036211e-12
1.036987e-12
1.037761e-12
1.038534e-12
1.039304e-12
1.040073e-12
1.040840e-12
1.041605e-12
1.042368e-12
1.043129e-12
1.043889e-12
1.044647e-12
1.045402e-12
1.046156e-12
1.046908e-12
1.047658e-12
1.048406e-12
1.049152e-12
1.049896e-12
1.050638e-12
1.051379e-12
1.052117e-12
1.052853e-12
1.053588e-12
1.054320e-12
1.055050e-12
1.055779e-12
1.056505e-12
1.057229e-12
1.057951e-12
1.058671e-12
1.059390e-12
1.060106e-12
1.060820e-12
1.061531e-12
1.062241e-12
1.062949e-12
1.063655e-12
1.064358e-12
1.065059e-12
1.065759e-12
1.066456e-12
1.067151e-12
1.067843e-12
1.068534e-12
1.069222e-12
1.069909e-12
1.070593e-12
1.071275e-12
1.071954e-12
1.072632e-12
1.073307e-12
1.073980e-12
1.074651e-12
1.075319e-12
1.075985e-12
1.076649e-12
1.077311e-12
1.077971e-12
1.078628e-12
1.079283e-12
1.079935e-12
1.080586e-12
1.081233e-12
1.081879e-12
1.082522e-12
1.083163e-12
1.083802e-12
1.084438e-12
1.085072e-12
1.085704e-12
1.086333e-12
1.086960e-12
1.087584e-12
1.088206e-12
1.088826e-12
1.089443e-12
1.090058e-12
1.090670e-12
1.091280e-12
1.091888e-12
1.092493e-12
1.093095e-12
1.093695e-12
1.094293e-12
1.094888e-12
1.095481e-12
1.096071e-12
1.096659e-12
1.097244e-12
1.097827e-12
1.098407e-12
1.098985e-12
1.099560e-12
1.100132e-12
1.100703e-12
1.101270e-12
1.101835e-12
1.102397e-12
1.102957e-12
1.103515e-12
1.104069e-12
1.104621e-12
1.105171e-12
1.105718e-12
1.106262e-12
1.106804e-12
1.107343e-12
1.107879e-12
1.108413e-12
1.108944e-12
1.109473e-12
1.109999e-12
1.110522e-12
1.111042e-12
1.111560e-12
1.112076e-12
1.112588e-12
1.113098e-12
1.113605e-12
1.114110e-12
1.114611e-12
1.115110e-12
1.115607e-12
1.116100e-12
1.116591e-12
1.117079e-12
1.117565e-12
1.118047e-12
1.118527e-12
1.119005e-12
1.119479e-12
1.119951e-12
1.120419e-12
1.120886e-12
1.121349e-12
1.121809e-12
1.122267e-12
1.122722e-12
1.123174e-12
1.123624e-12
1.124070e-12
1.124514e-12
1.124955e-12
1.125393e-12
1.125828e-12
1.126260e-12
1.126690e-12
1.127116e-12
1.127540e-12
1.127961e-12
1.128379e-12
1.128795e-12
1.129207e-12
1.129616e-12
1.130023e-12
1.130427e-12
1.130827e-12
1.131225e-12
1.131620e-12
1.132013e-12
1.132402e-12
1.132788e-12
1.133171e-12
1.133552e-12
1.133929e-12
1.134304e-12
1.134676e-12
1.135044e-12
1.135410e-12
1.135773e-12
1.136133e-12
1.136490e-12
1.136844e-12
1.137195e-12
1.137543e-12
1.137888e-12
1.138230e-12
1.138569e-12
1.138905e-12
1.139238e-12
1.139568e-12
1.139895e-12
1.140219e-12
1.140540e-12
1.140858e-12
1.141174e-12
1.141486e-12
1.141795e-12
1.142101e-12
1.142404e-12
1.142704e-12
1.143001e-12
1.143295e-12
1.143585e-12
1.143873e-12
1.144158e-12
1.144440e-12
1.144718e-12
1.144994e-12
1.145267e-12
1.145536e-12
1.145802e-12
1.146066e-12
1.146326e-12
1.146583e-12
1.146837e-12
1.147089e-12
1.147337e-12
1.147581e-12
1.147823e-12
1.148062e-12
1.148298e-12
1.148530e-12
1.148759e-12
1.148986e-12
1.149209e-12
1.149429e-12
1.149646e-12
1.149860e-12
1.150071e-12
1.150278e-12
1.150483e-12
1.150684e-12
1.150883e-12
1.151078e-12
1.151270e-12
1.151459e-12
1.151645e-12
1.151827e-12
1.152007e-12
1.152183e-12
1.152356e-12
1.152526e-12
1.152693e-12
1.152857e-12
1.153018e-12
1.153175e-12
1.153329e-12
1.153481e-12
1.153629e-12
1.153773e-12
1.153915e-12
1.154054e-12
1.154189e-12
1.154321e-12
1.154450e-12
1.154576e-12
1.154699e-12
1.154818e-12
1.154935e-12
1.155048e-12
1.155158e-12
1.155265e-12
1.155369e-12
1.155469e-12
1.155566e-12
1.155661e-12
1.155752e-12
1.155839e-12
1.155924e-12
1.156005e-12
1.156083e-12
1.156159e-12
1.156230e-12
1.156299e-12
1.156365e-12
1.156427e-12
1.156486e-12
1.156542e-12
1.156594e-12
1.156644e-12
1.156690e-12
1.156733e-12
1.156773e-12
1.156810e-12
1.156844e-12
1.156874e-12
1.156901e-12
1.156925e-12
1.156946e-12
1.156964e-12
1.156978e-12
1.156989e-12
1.156997e-12
1.157002e-12
1.157004e-12
