1.413686e-12
1.413683e-12
1.413676e-12
1.413665e-12
1.413648e-12
1.413627e-12
1.413601e-12
1.413570e-12
1.413535e-12
1.413495e-12
1.413451e-12
1.413401e-12
1.413347e-12
1.413288e-12
1.413225e-12
1.413156e-12
1.413084e-12
1.413006e-12
1.412924e-12
1.412837e-12
1.412745e-12
1.412648e-12
1.412547e-12
1.412441e-12
1.412331e-12
1.412216e-12
1.412096e-12
1.411971e-12
1.411842e-12
1.411708e-12
1.411569e-12
1.411426e-12
1.411278e-12
1.411125e-12
1.410967e-12
1.410805e-12
1.410638e-12
1.410467e-12
1.410290e-12
1.410110e-12
1.409924e-12
1.409734e-12
1.409539e-12
1.409339e-12
1.409135e-12
1.408925e-12
1.408712e-12
1.408493e-12
1.408270e-12
1.408042e-12
1.407810e-12
1.407573e-12
1.407331e-12
1.407084e-12
1.406833e-12
1.406577e-12
1.406317e-12
1.406052e-12
1.405782e-12
1.405507e-12
1.405228e-12
1.404944e-12
1.404656e-12
1.404363e-12
1.404065e-12
1.403762e-12
1.403455e-12
1.403143e-12
1.402827e-12
1.402506e-12
1.402180e-12
1.401850e-12
1.401515e-12
1.401175e-12
1.400830e-12
1.400481e-12
1.400128e-12
1.399769e-12
1.399407e-12
1.399039e-12
1.398667e-12
1.398290e-12
1.397908e-12
1.397522e-12
1.397132e-12
1.396736e-12
1.396336e-12
1.395932e-12
1.395522e-12
1.395108e-12
1.394690e-12
1.394267e-12
1.393839e-12
1.393407e-12
1.392970e-12
1.392528e-12
1.392082e-12
1.391632e-12
1.391176e-12
1.390716e-12
1.390252e-12
1.389783e-12
1.389309e-12
1.388831e-12
1.388348e-12
1.387860e-12
1.387368e-12
1.386871e-12
1.386370e-12
1.385864e-12
1.385354e-12
1.384839e-12
1.384319e-12
1.383795e-12
1.383267e-12
1.382733e-12
1.382196e-12
1.381653e-12
1.381106e-12
1.380555e-12
1.379999e-12
1.379439e-12
1.378873e-12
1.378304e-12
1.377730e-12
1.377151e-12
1.376568e-12
1.375980e-12
1.375388e-12
1.374791e-12
1.374189e-12
1.373584e-12
1.372973e-12
1.372358e-12
1.371739e-12
1.371115e-12
1.370487e-12
1.369854e-12
1.369216e-12
1.368574e-12
1.367928e-12
1.367277e-12
1.366622e-12
1.365962e-12
1.365297e-12
1.364629e-12
1.363955e-12
1.363278e-12
1.362595e-12
1.361909e-12
1.361217e-12
1.360522e-12
1.359822e-12
1.359117e-12
1.358408e-12
1.357695e-12
1.356977e-12
1.356255e-12
1.355528e-12
1.354797e-12
1.354061e-12
1.353321e-12
1.352577e-12
1.351828e-12
1.351074e-12
1.350317e-12
1.349555e-12
1.348788e-12
1.348017e-12
1.347242e-12
1.346462e-12
1.345678e-12
1.344890e-12
1.344097e-12
1.343299e-12
1.342498e-12
1.341692e-12
1.340881e-12
1.340067e-12
1.339248e-12
1.338424e-12
1.337596e-12
1.336764e-12
1.335928e-12
1.335087e-12
1.334242e-12
1.333392e-12
1.332538e-12
1.331680e-12
1.330818e-12
1.329951e-12
1.329080e-12
1.328205e-12
1.327325e-12
1.326441e-12
1.325552e-12
1.324660e-12
1.323763e-12
1.322862e-12
1.321956e-12
1.321047e-12
1.320132e-12
1.319214e-12
1.318292e-12
1.317365e-12
1.316434e-12
1.315498e-12
1.314559e-12
1.313615e-12
1.312667e-12
1.311715e-12
1.310758e-12
1.309798e-12
1.308833e-12
1.307863e-12
1.306890e-12
1.305912e-12
1.304931e-12
1.303945e-12
1.302954e-12
1.301960e-12
1.300962e-12
1.299959e-12
1.298952e-12
1.297941e-12
1.296926e-12
1.295906e-12
1.294883e-12
1.293855e-12
1.292823e-12
1.291787e-12
1.290747e-12
1.289703e-12
1.288654e-12
1.287602e-12
1.286545e-12
1.285484e-12
1.284419e-12
1.283350e-12
1.282277e-12
1.281200e-12
1.280119e-12
1.279034e-12
1.277944e-12
1.276851e-12
1.275753e-12
1.274651e-12
1.273546e-12
1.272436e-12
1.271322e-12
1.270204e-12
1.269083e-12
1.267957e-12
1.266827e-12
1.265693e-12
1.264555e-12
1.263413e-12
1.262267e-12
1.261117e-12
1.259963e-12
1.258805e-12
1.257643e-12
1.256477e-12
1.255307e-12
1.254133e-12
1.252955e-12
1.251773e-12
1.250588e-12
1.249398e-12
1.248204e-12
1.247006e-12
1.245805e-12
1.244599e-12
1.243390e-12
1.242177e-12
1.240959e-12
1.239738e-12
1.238513e-12
1.237284e-12
1.236052e-12
1.234815e-12
1.233574e-12
1.232330e-12
1.231081e-12
1.229829e-12
1.228573e-12
1.227313e-12
1.226050e-12
1.224782e-12
1.223511e-12
1.222235e-12
1.220956e-12
1.219673e-12
1.218387e-12
1.217096e-12
1.215802e-12
1.214504e-12
1.213202e-12
1.211896e-12
1.210587e-12
1.209274e-12
1.207957e-12
1.206636e-12
1.205312e-12
1.203983e-12
1.202651e-12
1.201316e-12
1.199976e-12
1.198633e-12
1.197286e-12
1.195936e-12
1.194582e-12
1.193224e-12
1.191862e-12
1.190497e-12
1.189128e-12
1.187755e-12
1.186379e-12
1.184999e-12
1.183615e-12
1.182228e-12
1.180837e-12
1.179442e-12
1.178044e-12
1.176642e-12
1.175237e-12
1.173827e-12
1.172415e-12
1.170999e-12
1.169579e-12
1.168155e-12
1.166728e-12
1.165298e-12
1.163863e-12
1.162426e-12
1.160984e-12
1.159540e-12
1.158091e-12
1.156639e-12
1.155184e-12
1.153725e-12
1.152262e-12
1.150796e-12
1.149327e-12
1.147854e-12
1.146377e-12
1.144897e-12
1.143414e-12
1.141927e-12
1.140437e-12
1.138943e-12
1.137446e-12
1.135945e-12
1.134441e-12
1.132933e-12
1.131422e-12
1.129908e-12
1.128390e-12
1.126869e-12
1.125344e-12
1.123816e-12
1.122285e-12
1.120750e-12
1.119212e-12
1.117670e-12
1.116125e-12
1.114577e-12
1.113025e-12
1.111470e-12
1.109912e-12
1.108351e-12
1.106786e-12
1.105218e-12
1.103646e-12
1.102071e-12
1.100493e-12
1.098912e-12
1.097327e-12
1.095739e-12
1.094148e-12
1.092554e-12
1.090956e-12
1.089355e-12
1.087751e-12
1.086144e-12
1.084533e-12
1.082919e-12
1.081302e-12
1.079682e-12
1.078059e-12
1.076432e-12
1.074802e-12
1.073170e-12
1.071533e-12
1.069894e-12
1.068252e-12
1.066606e-12
1.064958e-12
1.063306e-12
1.061651e-12
1.059993e-12
1.058332e-12
1.056668e-12
1.055000e-12
1.053330e-12
1.051656e-12
1.049980e-12
1.048300e-12
1.046618e-12
1.044932e-12
1.043243e-12
1.041551e-12
1.039857e-12
1.038159e-12
1.036458e-12
1.034754e-12
1.033047e-12
1.031337e-12
1.029624e-12
1.027909e-12
1.026190e-12
1.024468e-12
1.022743e-12
1.021016e-12
1.019285e-12
1.017552e-12
1.015815e-12
1.014076e-12
1.012334e-12
1.010589e-12
1.008841e-12
1.007090e-12
1.005336e-12
1.003579e-12
1.001820e-12
1.000057e-12
9.982920e-13
9.965239e-13
9.947530e-13
9.929792e-13
9.912027e-13
9.894233e-13
9.876411e-13
9.858561e-13
9.840683e-13
9.822778e-13
9.804844e-13
9.786884e-13
9.768895e-13
9.750879e-13
9.732835e-13
9.714764e-13
9.696666e-13
9.678541e-13
9.660388e-13
9.642209e-13
9.624002e-13
9.605769e-13
9.587509e-13
9.569222e-13
9.550908e-13
9.532568e-13
9.514201e-13
9.495807e-13
9.477388e-13
9.458942e-13
9.440470e-13
9.421971e-13
9.403447e-13
9.384897e-13
9.366321e-13
9.347719e-13
9.329091e-13
9.310437e-13
9.291758e-13
9.273054e-13
9.254324e-13
9.235568e-13
9.216788e-13
9.197982e-13
9.179151e-13
9.160295e-13
9.141414e-13
9.122508e-13
9.103577e-13
9.084622e-13
9.065641e-13
9.046637e-13
9.027607e-13
9.008554e-13
8.989476e-13
8.970374e-13
8.951247e-13
8.932097e-13
8.912922e-13
8.893724e-13
8.874501e-13
8.855255e-13
8.835985e-13
8.816692e-13
8.797375e-13
8.778034e-13
8.758670e-13
8.739283e-13
8.719872e-13
8.700439e-13
8.680982e-13
8.661502e-13
8.641999e-13
8.622474e-13
8.602926e-13
8.583355e-13
8.563761e-13
8.544145e-13
8.524507e-13
8.504846e-13
8.485163e-13
8.465457e-13
8.445730e-13
8.425980e-13
8.406209e-13
8.386415e-13
8.366600e-13
8.346763e-13
8.326905e-13
8.307025e-13
8.287123e-13
8.267200e-13
8.247256e-13
8.227290e-13
8.207304e-13
8.187296e-13
8.167267e-13
8.147217e-13
8.127147e-13
8.107055e-13
8.086943e-13
8.066811e-13
8.046658e-13
8.026484e-13
8.006290e-13
7.986076e-13
7.965842e-13
7.945588e-13
7.925313e-13
7.905019e-13
7.884704e-13
7.864370e-13
7.844017e-13
7.823643e-13
7.803250e-13
7.782838e-13
7.762406e-13
7.741955e-13
7.721485e-13
7.700995e-13
7.680487e-13
7.659959e-13
7.639413e-13
7.618848e-13
7.598264e-13
7.577661e-13
7.557040e-13
7.536400e-13
7.515742e-13
7.495066e-13
7.474371e-13
7.453659e-13
7.432928e-13
7.412179e-13
7.391412e-13
7.370627e-13
7.349825e-13
7.329005e-13
7.308168e-13
7.287312e-13
7.266440e-13
7.245550e-13
7.224643e-13
7.203718e-13
7.182777e-13
7.161819e-13
7.140843e-13
7.119851e-13
7.098842e-13
7.077816e-13
7.056774e-13
7.035715e-13
7.014640e-13
6.993548e-13
6.972440e-13
6.951316e-13
6.930176e-13
6.909019e-13
6.887847e-13
6.866659e-13
6.845455e-13
6.824235e-13
6.803000e-13
6.781749e-13
6.760483e-13
6.739201e-13
6.717904e-13
6.696592e-13
6.675265e-13
6.653922e-13
6.632565e-13
6.611192e-13
6.589805e-13
6.568404e-13
6.546987e-13
6.525556e-13
6.504111e-13
6.482651e-13
6.461176e-13
6.439688e-13
6.418185e-13
6.396669e-13
6.375138e-13
6.353593e-13
6.332035e-13
6.310463e-13
6.288877e-13
6.267277e-13
6.245665e-13
6.224038e-13
6.202398e-13
6.180746e-13
6.159079e-13
6.137400e-13
6.115708e-13
6.094003e-13
6.072285e-13
6.050554e-13
6.028811e-13
6.007054e-13
5.985286e-13
5.963505e-13
5.941711e-13
5.919906e-13
5.898088e-13
5.876258e-13
5.854416e-13
5.832562e-13
5.810696e-13
5.788819e-13
5.766929e-13
5.745028e-13
5.723116e-13
5.701192e-13
5.679257e-13
5.657310e-13
5.635352e-13
5.613383e-13
5.591403e-13
5.569412e-13
5.547410e-13
5.525398e-13
5.503374e-13
5.481340e-13
5.459295e-13
5.437240e-13
5.415175e-13
5.393099e-13
5.371013e-13
5.348916e-13
5.326810e-13
5.304694e-13
5.282567e-13
5.260431e-13
5.238285e-13
5.216130e-13
5.193965e-13
5.171790e-13
5.149606e-13
5.127413e-13
5.105210e-13
5.082998e-13
5.060777e-13
5.038547e-13
5.016308e-13
4.994060e-13
4.971804e-13
4.949538e-13
4.927264e-13
4.904982e-13
4.882691e-13
4.860392e-13
4.838084e-13
4.815768e-13
4.793444e-13
4.771112e-13
4.748772e-13
4.726424e-13
4.704068e-13
4.681704e-13
4.659333e-13
4.636955e-13
4.614568e-13
4.592175e-13
4.569773e-13
4.547365e-13
4.524950e-13
4.502527e-13
4.480098e-13
4.457661e-13
4.435218e-13
4.412767e-13
4.390310e-13
4.367847e-13
4.345377e-13
4.322900e-13
4.300417e-13
4.277928e-13
4.255433e-13
4.232931e-13
4.210424e-13
4.187910e-13
4.165390e-13
4.142865e-13
4.120334e-13
4.097797e-13
4.075255e-13
4.052707e-13
4.030153e-13
4.007595e-13
3.985031e-13
3.962462e-13
3.939887e-13
3.917308e-13
3.894724e-13
3.872134e-13
3.849541e-13
3.826942e-13
3.804338e-13
3.781731e-13
3.759118e-13
3.736501e-13
3.713880e-13
3.691255e-13
3.668625e-13
3.645991e-13
3.623354e-13
3.600712e-13
3.578067e-13
3.555417e-13
3.532764e-13
3.510108e-13
3.487448e-13
3.464784e-13
3.442117e-13
3.419446e-13
3.396773e-13
3.374096e-13
3.351416e-13
3.328733e-13
3.306047e-13
3.283359e-13
3.260667e-13
3.237973e-13
3.215276e-13
3.192577e-13
3.169875e-13
3.147171e-13
3.124464e-13
3.101756e-13
3.079045e-13
3.056332e-13
3.033617e-13
3.010900e-13
2.988181e-13
2.965460e-13
2.942738e-13
2.920014e-13
2.897289e-13
2.874562e-13
2.851833e-13
2.829103e-13
2.806373e-13
2.783640e-13
2.760907e-13
2.738173e-13
2.715438e-13
2.692702e-13
2.669965e-13
2.647227e-13
2.624489e-13
2.601750e-13
2.579011e-13
2.556272e-13
2.533531e-13
2.510791e-13
2.488051e-13
2.465310e-13
2.442569e-13
2.419829e-13
2.397088e-13
2.374348e-13
2.351608e-13
2.328868e-13
2.306129e-13
2.283390e-13
2.260652e-13
2.237914e-13
2.215177e-13
2.192441e-13
2.169706e-13
2.146971e-13
2.124238e-13
2.101506e-13
2.078774e-13
2.056044e-13
2.033316e-13
2.010588e-13
1.987863e-13
1.965138e-13
1.942416e-13
1.919694e-13
1.896975e-13
1.874257e-13
1.851542e-13
1.828828e-13
1.806116e-13
1.783407e-13
1.760699e-13
1.737994e-13
1.715291e-13
1.692591e-13
1.669893e-13
1.647197e-13
1.624504e-13
1.601814e-13
1.579127e-13
1.556442e-13
1.533760e-13
1.511082e-13
1.488406e-13
1.465733e-13
1.443064e-13
1.420398e-13
1.397735e-13
1.375075e-13
1.352419e-13
1.329767e-13
1.307118e-13
1.284473e-13
1.261831e-13
1.239194e-13
1.216560e-13
1.193930e-13
1.171305e-13
1.148683e-13
1.126066e-13
1.103452e-13
1.080844e-13
1.058239e-13
1.035639e-13
1.013044e-13
9.904526e-14
9.678664e-14
9.452849e-14
9.227082e-14
9.001364e-14
8.775695e-14
8.550076e-14
8.324509e-14
8.098992e-14
7.873528e-14
7.648117e-14
7.422760e-14
7.197457e-14
6.972208e-14
6.747016e-14
6.521880e-14
6.296801e-14
6.071779e-14
5.846816e-14
5.621913e-14
5.397069e-14
5.172285e-14
4.947562e-14
4.722902e-14
4.498304e-14
4.273769e-14
4.049298e-14
3.824891e-14
3.600550e-14
3.376274e-14
3.152066e-14
2.927924e-14
2.703850e-14
2.479845e-14
2.255909e-14
2.032043e-14
1.808248e-14
1.584524e-14
1.360872e-14
1.137292e-14
9.137856e-15
6.903532e-15
4.669953e-15
2.437127e-15
2.050600e-16
-2.026242e-15
-4.256771e-15
-6.486521e-15
-8.715486e-15
-1.094366e-14
-1.317103e-14
-1.539760e-14
-1.762336e-14
-1.984830e-14
-2.207242e-14
-2.429570e-14
-2.651815e-14
-2.873975e-14
-3.096050e-14
-3.318039e-14
-3.539942e-14
-3.761759e-14
-3.983487e-14
-4.205127e-14
-4.426678e-14
-4.648140e-14
-4.869511e-14
-5.090792e-14
-5.311981e-14
-5.533078e-14
-5.754082e-14
-5.974993e-14
-6.195809e-14
-6.416531e-14
-6.637158e-14
-6.857689e-14
-7.078123e-14
-7.298460e-14
-7.518699e-14
-7.738840e-14
-7.958881e-14
-8.178823e-14
-8.398665e-14
-8.618405e-14
-8.838044e-14
-9.057581e-14
-9.277015e-14
-9.496345e-14
-9.715572e-14
-9.934693e-14
-1.015371e-13
-1.037262e-13
-1.059142e-13
-1.081012e-13
-1.102871e-13
-1.124719e-13
-1.146556e-13
-1.168382e-13
-1.190198e-13
-1.212002e-13
-1.233795e-13
-1.255576e-13
-1.277347e-13
-1.299106e-13
-1.320854e-13
-1.342590e-13
-1.364315e-13
-1.386028e-13
-1.407730e-13
-1.429420e-13
-1.451098e-13
-1.472764e-13
-1.494419e-13
-1.516061e-13
-1.537692e-13
-1.559311e-13
-1.580917e-13
-1.602511e-13
-1.624093e-13
-1.645663e-13
-1.667221e-13
-1.688766e-13
-1.710298e-13
-1.731818e-13
-1.753326e-13
-1.774821e-13
-1.796303e-13
-1.817772e-13
-1.839229e-13
-1.860673e-13
-1.882104e-13
-1.903522e-13
-1.924926e-13
-1.946318e-13
-1.967697e-13
-1.989062e-13
-2.010414e-13
-2.031753e-13
-2.053078e-13
-2.074390e-13
-2.095689e-13
-2.116974e-13
-2.138245e-13
-2.159503e-13
-2.180747e-13
-2.201977e-13
-2.223193e-13
-2.244396e-13
-2.265584e-13
-2.286759e-13
-2.307919e-13
-2.329065e-13
-2.350197e-13
-2.371315e-13
-2.392419e-13
-2.413508e-13
-2.434583e-13
-2.455644e-13
-2.476690e-13
-2.497721e-13
-2.518738e-13
-2.539740e-13
-2.560727e-13
-2.581700e-13
-2.602658e-13
-2.623601e-13
-2.644529e-13
-2.665442e-13
-2.686340e-13
-2.707223e-13
-2.728090e-13
-2.748943e-13
-2.769780e-13
-2.790602e-13
-2.811409e-13
-2.832200e-13
-2.852976e-13
-2.873736e-13
-2.894480e-13
-2.915209e-13
-2.935923e-13
-2.956620e-13
-2.977302e-13
-2.997968e-13
-3.018618e-13
-3.039252e-13
-3.059870e-13
-3.080472e-13
-3.101058e-13
-3.121627e-13
-3.142181e-13
-3.162718e-13
-3.183239e-13
-3.203744e-13
-3.224232e-13
-3.244704e-13
-3.265159e-13
-3.285598e-13
-3.306020e-13
-3.326425e-13
-3.346814e-13
-3.367186e-13
-3.387541e-13
-3.407879e-13
-3.428200e-13
-3.448505e-13
-3.468792e-13
-3.489062e-13
-3.509315e-13
-3.529551e-13
-3.549770e-13
-3.569971e-13
-3.590155e-13
-3.610322e-13
-3.630471e-13
-3.650603e-13
-3.670718e-13
-3.690815e-13
-3.710894e-13
-3.730955e-13
-3.750999e-13
-3.771025e-13
-3.791033e-13
-3.811024e-13
-3.830996e-13
-3.850951e-13
-3.870887e-13
-3.890806e-13
-3.910706e-13
-3.930588e-13
-3.950452e-13
-3.970298e-13
-3.990126e-13
-4.009935e-13
-4.029726e-13
-4.049498e-13
-4.069252e-13
-4.088988e-13
-4.108704e-13
-4.128403e-13
-4.148082e-13
-4.167743e-13
-4.187385e-13
-4.207008e-13
-4.226613e-13
-4.246198e-13
-4.265765e-13
-4.285312e-13
-4.304841e-13
-4.324351e-13
-4.343841e-13
-4.363312e-13
-4.382764e-13
-4.402197e-13
-4.421610e-13
-4.441004e-13
-4.460379e-13
-4.479734e-13
-4.499070e-13
-4.518386e-13
-4.537683e-13
-4.556960e-13
-4.576217e-13
-4.595455e-13
-4.614673e-13
-4.633871e-13
-4.653050e-13
-4.672208e-13
-4.691346e-13
-4.710465e-13
-4.729563e-13
-4.748642e-13
-4.767700e-13
-4.786738e-13
-4.805756e-13
-4.824754e-13
-4.843732e-13
-4.862689e-13
-4.881626e-13
-4.900542e-13
-4.919438e-13
-4.938314e-13
-4.957169e-13
-4.976003e-13
-4.994817e-13
-5.013610e-13
-5.032383e-13
-5.051134e-13
-5.069865e-13
-5.088575e-13
-5.107265e-13
-5.125933e-13
-5.144580e-13
-5.163207e-13
-5.181812e-13
-5.200396e-13
-5.218959e-13
-5.237501e-13
-5.256022e-13
-5.274522e-13
-5.293000e-13
-5.311457e-13
-5.329893e-13
-5.348307e-13
-5.366700e-13
-5.385071e-13
-5.403421e-13
-5.421749e-13
-5.440056e-13
-5.458341e-13
-5.476605e-13
-5.494846e-13
-5.513066e-13
-5.531264e-13
-5.549440e-13
-5.567595e-13
-5.585727e-13
-5.603838e-13
-5.621926e-13
-5.639993e-13
-5.658037e-13
-5.676060e-13
-5.694060e-13
-5.712038e-13
-5.729994e-13
-5.747927e-13
-5.765839e-13
-5.783727e-13
-5.801594e-13
-5.819438e-13
-5.837260e-13
-5.855059e-13
-5.872836e-13
-5.890590e-13
-5.908321e-13
-5.926030e-13
-5.943716e-13
-5.961380e-13
-5.979021e-13
-5.996639e-13
-6.014234e-13
-6.031806e-13
-6.049356e-13
-6.066882e-13
-6.084386e-13
-6.101866e-13
-6.119323e-13
-6.136758e-13
-6.154169e-13
-6.171557e-13
-6.188922e-13
-6.206264e-13
-6.223583e-13
-6.240878e-13
-6.258150e-13
-6.275398e-13
-6.292623e-13
-6.309825e-13
-6.327003e-13
-6.344158e-13
-6.361289e-13
-6.378397e-13
-6.395481e-13
-6.412541e-13
-6.429578e-13
-6.446591e-13
-6.463580e-13
-6.480546e-13
-6.497487e-13
-6.514405e-13
-6.531299e-13
-6.548169e-13
-6.565015e-13
-6.581838e-13
-6.598636e-13
-6.615410e-13
-6.632160e-13
-6.648886e-13
-6.665587e-13
-6.682265e-13
-6.698918e-13
-6.715547e-13
-6.732152e-13
-6.748733e-13
-6.765289e-13
-6.781821e-13
-6.798328e-13
-6.814811e-13
-6.831270e-13
-6.847704e-13
-6.864113e-13
-6.880498e-13
-6.896858e-13
-6.913194e-13
-6.929505e-13
-6.945791e-13
-6.962053e-13
-6.978289e-13
-6.994501e-13
-7.010689e-13
-7.026851e-13
-7.042988e-13
-7.059101e-13
-7.075188e-13
-7.091251e-13
-7.107289e-13
-7.123301e-13
-7.139289e-13
-7.155251e-13
-7.171188e-13
-7.187101e-13
-7.202987e-13
-7.218849e-13
-7.234686e-13
-7.250497e-13
-7.266283e-13
-7.282043e-13
-7.297778e-13
-7.313488e-13
-7.329172e-13
-7.344831e-13
-7.360465e-13
-7.376072e-13
-7.391655e-13
-7.407211e-13
-7.422743e-13
-7.438248e-13
-7.453728e-13
-7.469182e-13
-7.484611e-13
-7.500013e-13
-7.515390e-13
-7.530741e-13
-7.546066e-13
-7.561366e-13
-7.576639e-13
-7.591887e-13
-7.607109e-13
-7.622304e-13
-7.637474e-13
-7.652618e-13
-7.667735e-13
-7.682827e-13
-7.697892e-13
-7.712931e-13
-7.727944e-13
-7.742931e-13
-7.757892e-13
-7.772826e-13
-7.787735e-13
-7.802616e-13
-7.817472e-13
-7.832301e-13
-7.847104e-13
-7.861880e-13
-7.876630e-13
-7.891354e-13
-7.906051e-13
-7.920721e-13
-7.935365e-13
-7.949982e-13
-7.964573e-13
-7.979137e-13
-7.993675e-13
-8.008186e-13
-8.022670e-13
-8.037127e-13
-8.051558e-13
-8.065962e-13
-8.080339e-13
-8.094689e-13
-8.109012e-13
-8.123309e-13
-8.137579e-13
-8.151821e-13
-8.166037e-13
-8.180226e-13
-8.194388e-13
-8.208523e-13
-8.222630e-13
-8.236711e-13
-8.250765e-13
-8.264791e-13
-8.278790e-13
-8.292763e-13
-8.306707e-13
-8.320625e-13
-8.334516e-13
-8.348379e-13
-8.362215e-13
-8.376023e-13
-8.389805e-13
-8.403559e-13
-8.417285e-13
-8.430984e-13
-8.444656e-13
-8.458300e-13
-8.471917e-13
-8.485506e-13
-8.499068e-13
-8.512602e-13
-8.526109e-13
-8.539588e-13
-8.553039e-13
-8.566463e-13
-8.579859e-13
-8.593228e-13
-8.606569e-13
-8.619882e-13
-8.633167e-13
-8.646424e-13
-8.659654e-13
-8.672856e-13
-8.686030e-13
-8.699176e-13
-8.712295e-13
-8.725385e-13
-8.738448e-13
-8.751482e-13
-8.764489e-13
-8.777467e-13
-8.790418e-13
-8.803341e-13
-8.816235e-13
-8.829101e-13
-8.841940e-13
-8.854750e-13
-8.867532e-13
-8.880286e-13
-8.893012e-13
-8.905709e-13
-8.918379e-13
-8.931020e-13
-8.943633e-13
-8.956217e-13
-8.968773e-13
-8.981301e-13
-8.993801e-13
-9.006272e-13
-9.018715e-13
-9.031130e-13
-9.043516e-13
-9.055873e-13
-9.068202e-13
-9.080503e-13
-9.092775e-13
-9.105019e-13
-9.117234e-13
-9.129420e-13
-9.141578e-13
-9.153708e-13
-9.165808e-13
-9.177880e-13
-9.189924e-13
-9.201939e-13
-9.213925e-13
-9.225882e-13
-9.237811e-13
-9.249710e-13
-9.261582e-13
-9.273424e-13
-9.285237e-13
-9.297022e-13
-9.308778e-13
-9.320505e-13
-9.332203e-13
-9.343872e-13
-9.355512e-13
-9.367124e-13
-9.378706e-13
-9.390260e-13
-9.401784e-13
-9.413280e-13
-9.424746e-13
-9.436183e-13
-9.447592e-13
-9.458971e-13
-9.470321e-13
-9.481642e-13
-9.492934e-13
-9.504197e-13
-9.515430e-13
-9.526635e-13
-9.537810e-13
-9.548956e-13
-9.560073e-13
-9.571160e-13
-9.582219e-13
-9.593248e-13
-9.604247e-13
-9.615218e-13
-9.626159e-13
-9.637070e-13
-9.647953e-13
-9.658806e-13
-9.669629e-13
-9.680423e-13
-9.691188e-13
-9.701923e-13
-9.712629e-13
-9.723305e-13
-9.733952e-13
-9.744569e-13
-9.755157e-13
-9.765716e-13
-9.776244e-13
-9.786743e-13
-9.797213e-13
-9.807653e-13
-9.818063e-13
-9.828444e-13
-9.838795e-13
-9.849116e-13
-9.859408e-13
-9.869670e-13
-9.879902e-13
-9.890105e-13
-9.900278e-13
-9.910421e-13
-9.920534e-13
-9.930617e-13
-9.940671e-13
-9.950695e-13
-9.960689e-13
-9.970653e-13
-9.980588e-13
-9.990492e-13
-1.000037e-12
-1.001021e-12
-1.002003e-12
-1.002981e-12
-1.003957e-12
-1.004929e-12
-1.005899e-12
-1.006865e-12
-1.007829e-12
-1.008789e-12
-1.009747e-12
-1.010701e-12
-1.011653e-12
-1.012601e-12
-1.013547e-12
-1.014489e-12
-1.015428e-12
-1.016365e-12
-1.017298e-12
-1.018229e-12
-1.019156e-12
-1.020081e-12
-1.021002e-12
-1.021920e-12
-1.022836e-12
-1.023748e-12
-1.024657e-12
-1.025563e-12
-1.026467e-12
-1.027367e-12
-1.028264e-12
-1.029158e-12
-1.030049e-12
-1.030937e-12
-1.031822e-12
-1.032704e-12
-1.033583e-12
-1.034459e-12
-1.035332e-12
-1.036202e-12
-1.037069e-12
-1.037932e-12
-1.038793e-12
-1.039651e-12
-1.040505e-12
-1.041357e-12
-1.042206e-12
-1.043051e-12
-1.043894e-12
-1.044733e-12
-1.045569e-12
-1.046403e-12
-1.047233e-12
-1.048060e-12
-1.048884e-12
-1.049705e-12
-1.050523e-12
-1.051338e-12
-1.052150e-12
-1.052959e-12
-1.053764e-12
-1.054567e-12
-1.055367e-12
-1.056163e-12
-1.056957e-12
-1.057747e-12
-1.058534e-12
-1.059319e-12
-1.060100e-12
-1.060878e-12
-1.061653e-12
-1.062425e-12
-1.063194e-12
-1.063960e-12
-1.064722e-12
-1.065482e-12
-1.066239e-12
-1.066992e-12
-1.067742e-12
-1.068490e-12
-1.069234e-12
-1.069975e-12
-1.070713e-12
-1.071448e-12
-1.072180e-12
-1.072909e-12
-1.073635e-12
-1.074357e-12
-1.075077e-12
-1.075793e-12
-1.076506e-12
-1.077217e-12
-1.077924e-12
-1.078628e-12
-1.079329e-12
-1.080027e-12
-1.080721e-12
-1.081413e-12
-1.082101e-12
-1.082787e-12
-1.083469e-12
-1.084148e-12
-1.084825e-12
-1.085498e-12
-1.086167e-12
-1.086834e-12
-1.087498e-12
-1.088159e-12
-1.088816e-12
-1.089470e-12
-1.090122e-12
-1.090770e-12
-1.091415e-12
-1.092057e-12
-1.092695e-12
-1.093331e-12
-1.093964e-12
-1.094593e-12
-1.095219e-12
-1.095843e-12
-1.096463e-12
-1.097080e-12
-1.097693e-12
-1.098304e-12
-1.098912e-12
-1.099516e-12
-1.100117e-12
-1.100716e-12
-1.101311e-12
-1.101903e-12
-1.102491e-12
-1.103077e-12
-1.103660e-12
-1.104239e-12
-1.104815e-12
-1.105389e-12
-1.105959e-12
-1.106526e-12
-1.107089e-12
-1.107650e-12
-1.108207e-12
-1.108762e-12
-1.109313e-12
-1.109861e-12
-1.110406e-12
-1.110948e-12
-1.111486e-12
-1.112022e-12
-1.112554e-12
-1.113084e-12
-1.113610e-12
-1.114133e-12
-1.114652e-12
-1.115169e-12
-1.115683e-12
-1.116193e-12
-1.116700e-12
-1.117204e-12
-1.117705e-12
-1.118203e-12
-1.118698e-12
-1.119189e-12
-1.119677e-12
-1.120163e-12
-1.120645e-12
-1.121123e-12
-1.121599e-12
-1.122072e-12
-1.122541e-12
-1.123007e-12
-1.123470e-12
-1.123930e-12
-1.124387e-12
-1.124841e-12
-1.125291e-12
-1.125739e-12
-1.126183e-12
-1.126624e-12
-1.127062e-12
-1.127496e-12
-1.127928e-12
-1.128356e-12
-1.128781e-12
-1.129203e-12
-1.129622e-12
-1.130038e-12
-1.130451e-12
-1.130860e-12
-1.131266e-12
-1.131669e-12
-1.132069e-12
-1.132466e-12
-1.132859e-12
-1.133250e-12
-1.133637e-12
-1.134021e-12
-1.134402e-12
-1.134780e-12
-1.135154e-12
-1.135525e-12
-1.135894e-12
-1.136259e-12
-1.136621e-12
-1.136979e-12
-1.137335e-12
-1.137687e-12
-1.138036e-12
-1.138382e-12
-1.138725e-12
-1.139065e-12
-1.139401e-12
-1.139734e-12
-1.140065e-12
-1.140392e-12
-1.140715e-12
-1.141036e-12
-1.141353e-12
-1.141668e-12
-1.141979e-12
-1.142286e-12
-1.142591e-12
-1.142893e-12
-1.143191e-12
-1.143486e-12
-1.143778e-12
-1.144067e-12
-1.144353e-12
-1.144635e-12
-1.144914e-12
-1.145190e-12
-1.145463e-12
-1.145733e-12
-1.145999e-12
-1.146263e-12
-1.146523e-12
-1.146780e-12
-1.147034e-12
-1.147284e-12
-1.147532e-12
-1.147776e-12
-1.148017e-12
-1.148255e-12
-1.148490e-12
-1.148721e-12
-1.148949e-12
-1.149174e-12
-1.149396e-12
-1.149615e-12
-1.149831e-12
-1.150043e-12
-1.150252e-12
-1.150458e-12
-1.150661e-12
-1.150861e-12
-1.151057e-12
-1.151250e-12
-1.151440e-12
-1.151627e-12
-1.151811e-12
-1.151991e-12
-1.152169e-12
-1.152343e-12
-1.152514e-12
-1.152681e-12
-1.152846e-12
-1.153007e-12
-1.153165e-12
-1.153320e-12
-1.153472e-12
-1.153621e-12
-1.153766e-12
-1.153908e-12
-1.154047e-12
-1.154183e-12
-1.154316e-12
-1.154445e-12
-1.154571e-12
-1.154694e-12
-1.154814e-12
-1.154931e-12
-1.155044e-12
-1.155154e-12
-1.155261e-12
-1.155365e-12
-1.155466e-12
-1.155563e-12
-1.155658e-12
-1.155749e-12
-1.155837e-12
-1.155921e-12
-1.156003e-12
-1.156081e-12
-1.156156e-12
-1.156228e-12
-1.156297e-12
-1.156362e-12
-1.156425e-12
-1.156484e-12
-1.156540e-12
-1.156593e-12
-1.156642e-12
-1.156688e-12
-1.156732e-12
-1.156772e-12
-1.156808e-12
-1.156842e-12
-1.156872e-12
-1.156899e-12
-1.156923e-12
-1.156944e-12
-1.156962e-12
-1.156976e-12
-1.156987e-12
-1.156995e-12
-1.157000e-12
-1.157002e-12
