1.419653e-12
1.419651e-12
1.419644e-12
1.419632e-12
1.419615e-12
1.419594e-12
1.419568e-12
1.419537e-12
1.419502e-12
1.419462e-12
1.419417e-12
1.419367e-12
1.419313e-12
1.419254e-12
1.419190e-12
1.419121e-12
1.419048e-12
1.418970e-12
1.418887e-12
1.418799e-12
1.418707e-12
1.418610e-12
1.418509e-12
1.418402e-12
1.418291e-12
1.418175e-12
1.418055e-12
1.417929e-12
1.417799e-12
1.417665e-12
1.417525e-12
1.417381e-12
1.417232e-12
1.417078e-12
1.416920e-12
1.416757e-12
1.416589e-12
1.416417e-12
1.416239e-12
1.416058e-12
1.415871e-12
1.415680e-12
1.415483e-12
1.415283e-12
1.415077e-12
1.414867e-12
1.414652e-12
1.414432e-12
1.414208e-12
1.413979e-12
1.413745e-12
1.413507e-12
1.413264e-12
1.413016e-12
1.412763e-12
1.412506e-12
1.412244e-12
1.411978e-12
1.411706e-12
1.411430e-12
1.411150e-12
1.410864e-12
1.410574e-12
1.410279e-12
1.409980e-12
1.409676e-12
1.409367e-12
1.409053e-12
1.408735e-12
1.408412e-12
1.408085e-12
1.407752e-12
1.407416e-12
1.407074e-12
1.406728e-12
1.406377e-12
1.406021e-12
1.405661e-12
1.405296e-12
1.404926e-12
1.404552e-12
1.404173e-12
1.403790e-12
1.403402e-12
1.403009e-12
1.402611e-12
1.402209e-12
1.401802e-12
1.401391e-12
1.400975e-12
1.400554e-12
1.400128e-12
1.399698e-12
1.399264e-12
1.398824e-12
1.398381e-12
1.397932e-12
1.397479e-12
1.397021e-12
1.396559e-12
1.396091e-12
1.395620e-12
1.395143e-12
1.394663e-12
1.394177e-12
1.393687e-12
1.393192e-12
1.392693e-12
1.392189e-12
1.391680e-12
1.391167e-12
1.390649e-12
1.390127e-12
1.389600e-12
1.389068e-12
1.388532e-12
1.387992e-12
1.387446e-12
1.386897e-12
1.386342e-12
1.385783e-12
1.385220e-12
1.384651e-12
1.384079e-12
1.383501e-12
1.382920e-12
1.382333e-12
1.381742e-12
1.381147e-12
1.380547e-12
1.379942e-12
1.379333e-12
1.378719e-12
1.378101e-12
1.377478e-12
1.376851e-12
1.376219e-12
1.375583e-12
1.374942e-12
1.374297e-12
1.373647e-12
1.372992e-12
1.372333e-12
1.371670e-12
1.371002e-12
1.370329e-12
1.369652e-12
1.368971e-12
1.368285e-12
1.367595e-12
1.366900e-12
1.366200e-12
1.365497e-12
1.364788e-12
1.364075e-12
1.363358e-12
1.362636e-12
1.361910e-12
1.361179e-12
1.360444e-12
1.359705e-12
1.358961e-12
1.358212e-12
1.357459e-12
1.356702e-12
1.355940e-12
1.355174e-12
1.354403e-12
1.353628e-12
1.352849e-12
1.352065e-12
1.351277e-12
1.350484e-12
1.349687e-12
1.348885e-12
1.348079e-12
1.347269e-12
1.346454e-12
1.345635e-12
1.344812e-12
1.343984e-12
1.343152e-12
1.342315e-12
1.341474e-12
1.340629e-12
1.339779e-12
1.338925e-12
1.338066e-12
1.337204e-12
1.336337e-12
1.335465e-12
1.334589e-12
1.333709e-12
1.332825e-12
1.331936e-12
1.331043e-12
1.330146e-12
1.329244e-12
1.328338e-12
1.327427e-12
1.326513e-12
1.325594e-12
1.324671e-12
1.323743e-12
1.322811e-12
1.321875e-12
1.320935e-12
1.319991e-12
1.319042e-12
1.318089e-12
1.317131e-12
1.316170e-12
1.315204e-12
1.314234e-12
1.313259e-12
1.312281e-12
1.311298e-12
1.310311e-12
1.309320e-12
1.308324e-12
1.307325e-12
1.306321e-12
1.305313e-12
1.304300e-12
1.303284e-12
1.302263e-12
1.301238e-12
1.300209e-12
1.299176e-12
1.298139e-12
1.297097e-12
1.296052e-12
1.295002e-12
1.293948e-12
1.292890e-12
1.291827e-12
1.290761e-12
1.289691e-12
1.288616e-12
1.287537e-12
1.286454e-12
1.285367e-12
1.284276e-12
1.283181e-12
1.282082e-12
1.280978e-12
1.279871e-12
1.278759e-12
1.277644e-12
1.276524e-12
1.275400e-12
1.274272e-12
1.273141e-12
1.272005e-12
1.270865e-12
1.269721e-12
1.268573e-12
1.267421e-12
1.266265e-12
1.265105e-12
1.263940e-12
1.262772e-12
1.261600e-12
1.260424e-12
1.259244e-12
1.258060e-12
1.256872e-12
1.255680e-12
1.254484e-12
1.253284e-12
1.252080e-12
1.250872e-12
1.249660e-12
1.248444e-12
1.247225e-12
1.246001e-12
1.244774e-12
1.243542e-12
1.242307e-12
1.241067e-12
1.239824e-12
1.238577e-12
1.237326e-12
1.236071e-12
1.234813e-12
1.233550e-12
1.232283e-12
1.231013e-12
1.229739e-12
1.228461e-12
1.227179e-12
1.225893e-12
1.224604e-12
1.223310e-12
1.222013e-12
1.220712e-12
1.219407e-12
1.218098e-12
1.216786e-12
1.215470e-12
1.214150e-12
1.212826e-12
1.211498e-12
1.210167e-12
1.208832e-12
1.207493e-12
1.206150e-12
1.204804e-12
1.203454e-12
1.202100e-12
1.200742e-12
1.199381e-12
1.198016e-12
1.196647e-12
1.195275e-12
1.193899e-12
1.192519e-12
1.191135e-12
1.189748e-12
1.188357e-12
1.186963e-12
1.185565e-12
1.184163e-12
1.182758e-12
1.181348e-12
1.179936e-12
1.178519e-12
1.177099e-12
1.175676e-12
1.174249e-12
1.172818e-12
1.171383e-12
1.169945e-12
1.168504e-12
1.167059e-12
1.165610e-12
1.164158e-12
1.162702e-12
1.161242e-12
1.159779e-12
1.158313e-12
1.156843e-12
1.155370e-12
1.153892e-12
1.152412e-12
1.150928e-12
1.149440e-12
1.147949e-12
1.146455e-12
1.144957e-12
1.143455e-12
1.141950e-12
1.140442e-12
1.138930e-12
1.137415e-12
1.135896e-12
1.134374e-12
1.132848e-12
1.131319e-12
1.129787e-12
1.128251e-12
1.126712e-12
1.125169e-12
1.123623e-12
1.122074e-12
1.120521e-12
1.118965e-12
1.117405e-12
1.115842e-12
1.114276e-12
1.112707e-12
1.111134e-12
1.109558e-12
1.107978e-12
1.106396e-12
1.104809e-12
1.103220e-12
1.101627e-12
1.100031e-12
1.098432e-12
1.096830e-12
1.095224e-12
1.093615e-12
1.092003e-12
1.090387e-12
1.088768e-12
1.087147e-12
1.085521e-12
1.083893e-12
1.082261e-12
1.080627e-12
1.078989e-12
1.077348e-12
1.075703e-12
1.074056e-12
1.072405e-12
1.070751e-12
1.069094e-12
1.067434e-12
1.065771e-12
1.064105e-12
1.062435e-12
1.060763e-12
1.059087e-12
1.057408e-12
1.055726e-12
1.054041e-12
1.052353e-12
1.050662e-12
1.048968e-12
1.047271e-12
1.045570e-12
1.043867e-12
1.042161e-12
1.040452e-12
1.038739e-12
1.037024e-12
1.035305e-12
1.033584e-12
1.031860e-12
1.030132e-12
1.028402e-12
1.026669e-12
1.024933e-12
1.023193e-12
1.021451e-12
1.019706e-12
1.017958e-12
1.016207e-12
1.014454e-12
1.012697e-12
1.010937e-12
1.009175e-12
1.007409e-12
1.005641e-12
1.003870e-12
1.002096e-12
1.000319e-12
9.985394e-13
9.967569e-13
9.949716e-13
9.931834e-13
9.913924e-13
9.895986e-13
9.878021e-13
9.860027e-13
9.842005e-13
9.823956e-13
9.805879e-13
9.787774e-13
9.769642e-13
9.751482e-13
9.733295e-13
9.715081e-13
9.696839e-13
9.678570e-13
9.660274e-13
9.641952e-13
9.623602e-13
9.605225e-13
9.586822e-13
9.568392e-13
9.549935e-13
9.531452e-13
9.512943e-13
9.494407e-13
9.475844e-13
9.457256e-13
9.438641e-13
9.420001e-13
9.401334e-13
9.382641e-13
9.363923e-13
9.345179e-13
9.326409e-13
9.307613e-13
9.288792e-13
9.269946e-13
9.251074e-13
9.232177e-13
9.213255e-13
9.194307e-13
9.175335e-13
9.156338e-13
9.137315e-13
9.118268e-13
9.099196e-13
9.080100e-13
9.060979e-13
9.041833e-13
9.022663e-13
9.003469e-13
8.984251e-13
8.965008e-13
8.945741e-13
8.926450e-13
8.907135e-13
8.887797e-13
8.868434e-13
8.849048e-13
8.829638e-13
8.810205e-13
8.790748e-13
8.771268e-13
8.751765e-13
8.732238e-13
8.712688e-13
8.693116e-13
8.673520e-13
8.653901e-13
8.634259e-13
8.614595e-13
8.594908e-13
8.575199e-13
8.555467e-13
8.535712e-13
8.515935e-13
8.496136e-13
8.476315e-13
8.456472e-13
8.436606e-13
8.416719e-13
8.396810e-13
8.376879e-13
8.356927e-13
8.336952e-13
8.316957e-13
8.296939e-13
8.276901e-13
8.256841e-13
8.236760e-13
8.216658e-13
8.196535e-13
8.176390e-13
8.156225e-13
8.136039e-13
8.115833e-13
8.095606e-13
8.075358e-13
8.055089e-13
8.034801e-13
8.014492e-13
7.994163e-13
7.973813e-13
7.953444e-13
7.933054e-13
7.912645e-13
7.892216e-13
7.871767e-13
7.851298e-13
7.830810e-13
7.810302e-13
7.789775e-13
7.769229e-13
7.748663e-13
7.728079e-13
7.707475e-13
7.686852e-13
7.666210e-13
7.645549e-13
7.624870e-13
7.604171e-13
7.583455e-13
7.562719e-13
7.541966e-13
7.521194e-13
7.500403e-13
7.479595e-13
7.458768e-13
7.437924e-13
7.417061e-13
7.396180e-13
7.375282e-13
7.354366e-13
7.333433e-13
7.312482e-13
7.291513e-13
7.270527e-13
7.249524e-13
7.228504e-13
7.207466e-13
7.186412e-13
7.165340e-13
7.144252e-13
7.123147e-13
7.102025e-13
7.080886e-13
7.059731e-13
7.038559e-13
7.017372e-13
6.996167e-13
6.974947e-13
6.953710e-13
6.932458e-13
6.911189e-13
6.889905e-13
6.868604e-13
6.847288e-13
6.825957e-13
6.804610e-13
6.783247e-13
6.761869e-13
6.740475e-13
6.719067e-13
6.697643e-13
6.676204e-13
6.654750e-13
6.633282e-13
6.611798e-13
6.590300e-13
6.568787e-13
6.547259e-13
6.525717e-13
6.504161e-13
6.482590e-13
6.461005e-13
6.439406e-13
6.417793e-13
6.396166e-13
6.374525e-13
6.352870e-13
6.331201e-13
6.309519e-13
6.287823e-13
6.266114e-13
6.244391e-13
6.222655e-13
6.200905e-13
6.179143e-13
6.157367e-13
6.135578e-13
6.113777e-13
6.091962e-13
6.070135e-13
6.048295e-13
6.026443e-13
6.004578e-13
5.982700e-13
5.960810e-13
5.938908e-13
5.916994e-13
5.895068e-13
5.873129e-13
5.851179e-13
5.829217e-13
5.807243e-13
5.785257e-13
5.763260e-13
5.741251e-13
5.719231e-13
5.697199e-13
5.675157e-13
5.653103e-13
5.631037e-13
5.608961e-13
5.586874e-13
5.564776e-13
5.542667e-13
5.520547e-13
5.498417e-13
5.476277e-13
5.454125e-13
5.431964e-13
5.409792e-13
5.387610e-13
5.365417e-13
5.343215e-13
5.321003e-13
5.298781e-13
5.276549e-13
5.254307e-13
5.232056e-13
5.209795e-13
5.187524e-13
5.165244e-13
5.142955e-13
5.120657e-13
5.098349e-13
5.076032e-13
5.053707e-13
5.031372e-13
5.009029e-13
4.986677e-13
4.964316e-13
4.941946e-13
4.919568e-13
4.897182e-13
4.874787e-13
4.852384e-13
4.829973e-13
4.807554e-13
4.785126e-13
4.762691e-13
4.740248e-13
4.717797e-13
4.695338e-13
4.672872e-13
4.650398e-13
4.627917e-13
4.605428e-13
4.582932e-13
4.560429e-13
4.537918e-13
4.515401e-13
4.492877e-13
4.470345e-13
4.447807e-13
4.425262e-13
4.402711e-13
4.380153e-13
4.357588e-13
4.335017e-13
4.312440e-13
4.289856e-13
4.267266e-13
4.244670e-13
4.222068e-13
4.199460e-13
4.176847e-13
4.154227e-13
4.131602e-13
4.108971e-13
4.086335e-13
4.063693e-13
4.041045e-13
4.018393e-13
3.995735e-13
3.973072e-13
3.950404e-13
3.927731e-13
3.905053e-13
3.882370e-13
3.859683e-13
3.836991e-13
3.814294e-13
3.791593e-13
3.768887e-13
3.746177e-13
3.723462e-13
3.700744e-13
3.678021e-13
3.655294e-13
3.632564e-13
3.609829e-13
3.587091e-13
3.564349e-13
3.541603e-13
3.518853e-13
3.496101e-13
3.473344e-13
3.450585e-13
3.427822e-13
3.405056e-13
3.382287e-13
3.359514e-13
3.336739e-13
3.313961e-13
3.291180e-13
3.268397e-13
3.245611e-13
3.222822e-13
3.200031e-13
3.177237e-13
3.154441e-13
3.131643e-13
3.108842e-13
3.086040e-13
3.063235e-13
3.040429e-13
3.017620e-13
2.994810e-13
2.971998e-13
2.949185e-13
2.926370e-13
2.903553e-13
2.880735e-13
2.857916e-13
2.835096e-13
2.812274e-13
2.789451e-13
2.766627e-13
2.743802e-13
2.720977e-13
2.698150e-13
2.675323e-13
2.652495e-13
2.629667e-13
2.606838e-13
2.584008e-13
2.561179e-13
2.538349e-13
2.515518e-13
2.492688e-13
2.469858e-13
2.447028e-13
2.424197e-13
2.401367e-13
2.378538e-13
2.355708e-13
2.332879e-13
2.310051e-13
2.287223e-13
2.264395e-13
2.241569e-13
2.218743e-13
2.195918e-13
2.173094e-13
2.150271e-13
2.127449e-13
2.104628e-13
2.081808e-13
2.058990e-13
2.036173e-13
2.013357e-13
1.990543e-13
1.967731e-13
1.944920e-13
1.922111e-13
1.899304e-13
1.876499e-13
1.853695e-13
1.830894e-13
1.808095e-13
1.785298e-13
1.762503e-13
1.739711e-13
1.716921e-13
1.694133e-13
1.671348e-13
1.648566e-13
1.625786e-13
1.603009e-13
1.580235e-13
1.557464e-13
1.534696e-13
1.511930e-13
1.489168e-13
1.466409e-13
1.443654e-13
1.420902e-13
1.398153e-13
1.375408e-13
1.352666e-13
1.329928e-13
1.307193e-13
1.284462e-13
1.261736e-13
1.239013e-13
1.216294e-13
1.193579e-13
1.170868e-13
1.148161e-13
1.125459e-13
1.102761e-13
1.080067e-13
1.057378e-13
1.034694e-13
1.012014e-13
9.893385e-14
9.666680e-14
9.440023e-14
9.213416e-14
8.986858e-14
8.760350e-14
8.533893e-14
8.307489e-14
8.081136e-14
7.854837e-14
7.628592e-14
7.402401e-14
7.176265e-14
6.950186e-14
6.724163e-14
6.498197e-14
6.272290e-14
6.046441e-14
5.820651e-14
5.594922e-14
5.369253e-14
5.143646e-14
4.918100e-14
4.692618e-14
4.467199e-14
4.241844e-14
4.016554e-14
3.791330e-14
3.566172e-14
3.341080e-14
3.116056e-14
2.891101e-14
2.666214e-14
2.441397e-14
2.216650e-14
1.991974e-14
1.767370e-14
1.542838e-14
1.318379e-14
1.093993e-14
8.696818e-15
6.454454e-15
4.212846e-15
1.972001e-15
-2.680756e-16
-2.507376e-15
-4.745894e-15
-6.983623e-15
-9.220557e-15
-1.145669e-14
-1.369201e-14
-1.592652e-14
-1.816020e-14
-2.039306e-14
-2.262508e-14
-2.485626e-14
-2.708659e-14
-2.931607e-14
-3.154469e-14
-3.377244e-14
-3.599931e-14
-3.822531e-14
-4.045041e-14
-4.267463e-14
-4.489794e-14
-4.712035e-14
-4.934184e-14
-5.156242e-14
-5.378207e-14
-5.600079e-14
-5.821857e-14
-6.043541e-14
-6.265129e-14
-6.486622e-14
-6.708018e-14
-6.929317e-14
-7.150519e-14
-7.371622e-14
-7.592627e-14
-7.813532e-14
-8.034337e-14
-8.255041e-14
-8.475643e-14
-8.696144e-14
-8.916541e-14
-9.136836e-14
-9.357027e-14
-9.577113e-14
-9.797094e-14
-1.001697e-13
-1.023674e-13
-1.045640e-13
-1.067595e-13
-1.089540e-13
-1.111474e-13
-1.133396e-13
-1.155308e-13
-1.177209e-13
-1.199098e-13
-1.220977e-13
-1.242844e-13
-1.264699e-13
-1.286544e-13
-1.308377e-13
-1.330198e-13
-1.352008e-13
-1.373806e-13
-1.395593e-13
-1.417368e-13
-1.439131e-13
-1.460882e-13
-1.482622e-13
-1.504349e-13
-1.526064e-13
-1.547767e-13
-1.569458e-13
-1.591137e-13
-1.612804e-13
-1.634458e-13
-1.656100e-13
-1.677729e-13
-1.699346e-13
-1.720950e-13
-1.742542e-13
-1.764121e-13
-1.785687e-13
-1.807240e-13
-1.828781e-13
-1.850309e-13
-1.871823e-13
-1.893325e-13
-1.914813e-13
-1.936289e-13
-1.957751e-13
-1.979200e-13
-2.000635e-13
-2.022058e-13
-2.043466e-13
-2.064862e-13
-2.086243e-13
-2.107612e-13
-2.128966e-13
-2.150307e-13
-2.171634e-13
-2.192947e-13
-2.214246e-13
-2.235531e-13
-2.256802e-13
-2.278060e-13
-2.299303e-13
-2.320532e-13
-2.341746e-13
-2.362947e-13
-2.384133e-13
-2.405304e-13
-2.426462e-13
-2.447604e-13
-2.468732e-13
-2.489846e-13
-2.510945e-13
-2.532029e-13
-2.553098e-13
-2.574153e-13
-2.595192e-13
-2.616217e-13
-2.637227e-13
-2.658221e-13
-2.679201e-13
-2.700165e-13
-2.721115e-13
-2.742048e-13
-2.762967e-13
-2.783870e-13
-2.804758e-13
-2.825630e-13
-2.846487e-13
-2.867328e-13
-2.888154e-13
-2.908963e-13
-2.929757e-13
-2.950536e-13
-2.971298e-13
-2.992045e-13
-3.012775e-13
-3.033490e-13
-3.054188e-13
-3.074870e-13
-3.095537e-13
-3.116187e-13
-3.136820e-13
-3.157438e-13
-3.178039e-13
-3.198623e-13
-3.219191e-13
-3.239743e-13
-3.260278e-13
-3.280796e-13
-3.301298e-13
-3.321783e-13
-3.342251e-13
-3.362702e-13
-3.383137e-13
-3.403554e-13
-3.423955e-13
-3.444338e-13
-3.464705e-13
-3.485054e-13
-3.505386e-13
-3.525701e-13
-3.545998e-13
-3.566278e-13
-3.586541e-13
-3.606787e-13
-3.627014e-13
-3.647225e-13
-3.667418e-13
-3.687593e-13
-3.707750e-13
-3.727890e-13
-3.748012e-13
-3.768116e-13
-3.788202e-13
-3.808271e-13
-3.828321e-13
-3.848353e-13
-3.868368e-13
-3.888364e-13
-3.908342e-13
-3.928301e-13
-3.948243e-13
-3.968166e-13
-3.988071e-13
-4.007957e-13
-4.027825e-13
-4.047675e-13
-4.067506e-13
-4.087318e-13
-4.107112e-13
-4.126887e-13
-4.146643e-13
-4.166381e-13
-4.186099e-13
-4.205799e-13
-4.225480e-13
-4.245142e-13
-4.264785e-13
-4.284409e-13
-4.304014e-13
-4.323599e-13
-4.343166e-13
-4.362713e-13
-4.382241e-13
-4.401749e-13
-4.421239e-13
-4.440708e-13
-4.460159e-13
-4.479590e-13
-4.499001e-13
-4.518392e-13
-4.537764e-13
-4.557117e-13
-4.576449e-13
-4.595762e-13
-4.615055e-13
-4.634328e-13
-4.653581e-13
-4.672815e-13
-4.692028e-13
-4.711221e-13
-4.730394e-13
-4.749547e-13
-4.768680e-13
-4.787793e-13
-4.806885e-13
-4.825957e-13
-4.845009e-13
-4.864040e-13
-4.883051e-13
-4.902041e-13
-4.921011e-13
-4.939961e-13
-4.958889e-13
-4.977797e-13
-4.996685e-13
-5.015551e-13
-5.034397e-13
-5.053222e-13
-5.072027e-13
-5.090810e-13
-5.109572e-13
-5.128314e-13
-5.147034e-13
-5.165734e-13
-5.184412e-13
-5.203069e-13
-5.221705e-13
-5.240320e-13
-5.258913e-13
-5.277485e-13
-5.296036e-13
-5.314565e-13
-5.333073e-13
-5.351560e-13
-5.370025e-13
-5.388468e-13
-5.406890e-13
-5.425290e-13
-5.443669e-13
-5.462026e-13
-5.480361e-13
-5.498674e-13
-5.516965e-13
-5.535235e-13
-5.553483e-13
-5.571708e-13
-5.589912e-13
-5.608094e-13
-5.626254e-13
-5.644391e-13
-5.662507e-13
-5.680600e-13
-5.698671e-13
-5.716720e-13
-5.734746e-13
-5.752750e-13
-5.770732e-13
-5.788692e-13
-5.806628e-13
-5.824543e-13
-5.842435e-13
-5.860304e-13
-5.878151e-13
-5.895975e-13
-5.913777e-13
-5.931555e-13
-5.949311e-13
-5.967045e-13
-5.984755e-13
-6.002443e-13
-6.020107e-13
-6.037749e-13
-6.055368e-13
-6.072964e-13
-6.090536e-13
-6.108086e-13
-6.125613e-13
-6.143116e-13
-6.160596e-13
-6.178053e-13
-6.195487e-13
-6.212898e-13
-6.230285e-13
-6.247648e-13
-6.264989e-13
-6.282306e-13
-6.299599e-13
-6.316869e-13
-6.334116e-13
-6.351339e-13
-6.368538e-13
-6.385713e-13
-6.402865e-13
-6.419994e-13
-6.437098e-13
-6.454179e-13
-6.471236e-13
-6.488269e-13
-6.505278e-13
-6.522263e-13
-6.539225e-13
-6.556162e-13
-6.573075e-13
-6.589965e-13
-6.606830e-13
-6.623671e-13
-6.640488e-13
-6.657280e-13
-6.674049e-13
-6.690793e-13
-6.707513e-13
-6.724209e-13
-6.740880e-13
-6.757527e-13
-6.774149e-13
-6.790748e-13
-6.807321e-13
-6.823870e-13
-6.840395e-13
-6.856895e-13
-6.873370e-13
-6.889821e-13
-6.906247e-13
-6.922648e-13
-6.939025e-13
-6.955376e-13
-6.971703e-13
-6.988006e-13
-7.004283e-13
-7.020535e-13
-7.036763e-13
-7.052965e-13
-7.069143e-13
-7.085296e-13
-7.101423e-13
-7.117526e-13
-7.133603e-13
-7.149655e-13
-7.165682e-13
-7.181684e-13
-7.197660e-13
-7.213612e-13
-7.229538e-13
-7.245439e-13
-7.261314e-13
-7.277164e-13
-7.292988e-13
-7.308788e-13
-7.324561e-13
-7.340309e-13
-7.356032e-13
-7.371729e-13
-7.387401e-13
-7.403046e-13
-7.418667e-13
-7.434261e-13
-7.449830e-13
-7.465373e-13
-7.480890e-13
-7.496382e-13
-7.511848e-13
-7.527288e-13
-7.542702e-13
-7.558090e-13
-7.573452e-13
-7.588788e-13
-7.604098e-13
-7.619383e-13
-7.634641e-13
-7.649873e-13
-7.665079e-13
-7.680259e-13
-7.695413e-13
-7.710540e-13
-7.725642e-13
-7.740717e-13
-7.755765e-13
-7.770788e-13
-7.785784e-13
-7.800754e-13
-7.815698e-13
-7.830615e-13
-7.845506e-13
-7.860370e-13
-7.875208e-13
-7.890019e-13
-7.904804e-13
-7.919562e-13
-7.934293e-13
-7.948998e-13
-7.963677e-13
-7.978328e-13
-7.992953e-13
-8.007552e-13
-8.022123e-13
-8.036668e-13
-8.051186e-13
-8.065677e-13
-8.080142e-13
-8.094579e-13
-8.108990e-13
-8.123373e-13
-8.137730e-13
-8.152060e-13
-8.166363e-13
-8.180638e-13
-8.194887e-13
-8.209109e-13
-8.223303e-13
-8.237471e-13
-8.251611e-13
-8.265724e-13
-8.279810e-13
-8.293869e-13
-8.307900e-13
-8.321905e-13
-8.335882e-13
-8.349831e-13
-8.363754e-13
-8.377649e-13
-8.391516e-13
-8.405356e-13
-8.419169e-13
-8.432955e-13
-8.446712e-13
-8.460443e-13
-8.474146e-13
-8.487821e-13
-8.501469e-13
-8.515089e-13
-8.528681e-13
-8.542246e-13
-8.555783e-13
-8.569293e-13
-8.582775e-13
-8.596229e-13
-8.609655e-13
-8.623054e-13
-8.636425e-13
-8.649768e-13
-8.663083e-13
-8.676370e-13
-8.689630e-13
-8.702861e-13
-8.716065e-13
-8.729241e-13
-8.742388e-13
-8.755508e-13
-8.768600e-13
-8.781663e-13
-8.794699e-13
-8.807707e-13
-8.820686e-13
-8.833637e-13
-8.846561e-13
-8.859456e-13
-8.872323e-13
-8.885161e-13
-8.897972e-13
-8.910754e-13
-8.923508e-13
-8.936233e-13
-8.948931e-13
-8.961600e-13
-8.974240e-13
-8.986853e-13
-8.999437e-13
-9.011992e-13
-9.024519e-13
-9.037018e-13
-9.049488e-13
-9.061930e-13
-9.074343e-13
-9.086728e-13
-9.099084e-13
-9.111411e-13
-9.123710e-13
-9.135981e-13
-9.148223e-13
-9.160436e-13
-9.172620e-13
-9.184776e-13
-9.196903e-13
-9.209001e-13
-9.221071e-13
-9.233112e-13
-9.245124e-13
-9.257107e-13
-9.269062e-13
-9.280987e-13
-9.292884e-13
-9.304752e-13
-9.316591e-13
-9.328401e-13
-9.340182e-13
-9.351935e-13
-9.363658e-13
-9.375352e-13
-9.387018e-13
-9.398654e-13
-9.410261e-13
-9.421840e-13
-9.433389e-13
-9.444909e-13
-9.456400e-13
-9.467862e-13
-9.479295e-13
-9.490698e-13
-9.502073e-13
-9.513418e-13
-9.524734e-13
-9.536021e-13
-9.547278e-13
-9.558506e-13
-9.569705e-13
-9.580875e-13
-9.592016e-13
-9.603127e-13
-9.614208e-13
-9.625261e-13
-9.636284e-13
-9.647278e-13
-9.658242e-13
-9.669177e-13
-9.680082e-13
-9.690958e-13
-9.701804e-13
-9.712621e-13
-9.723409e-13
-9.734166e-13
-9.744895e-13
-9.755594e-13
-9.766263e-13
-9.776903e-13
-9.787513e-13
-9.798093e-13
-9.808644e-13
-9.819165e-13
-9.829657e-13
-9.840118e-13
-9.850550e-13
-9.860953e-13
-9.871326e-13
-9.881669e-13
-9.891982e-13
-9.902265e-13
-9.912519e-13
-9.922743e-13
-9.932937e-13
-9.943101e-13
-9.953235e-13
-9.963340e-13
-9.973414e-13
-9.983459e-13
-9.993474e-13
-1.000346e-12
-1.001341e-12
-1.002334e-12
-1.003323e-12
-1.004310e-12
-1.005293e-12
-1.006274e-12
-1.007251e-12
-1.008226e-12
-1.009197e-12
-1.010166e-12
-1.011131e-12
-1.012094e-12
-1.013053e-12
-1.014010e-12
-1.014963e-12
-1.015914e-12
-1.016861e-12
-1.017806e-12
-1.018747e-12
-1.019685e-12
-1.020621e-12
-1.021553e-12
-1.022482e-12
-1.023409e-12
-1.024332e-12
-1.025252e-12
-1.026169e-12
-1.027083e-12
-1.027995e-12
-1.028903e-12
-1.029808e-12
-1.030710e-12
-1.031609e-12
-1.032505e-12
-1.033398e-12
-1.034287e-12
-1.035174e-12
-1.036058e-12
-1.036939e-12
-1.037817e-12
-1.038691e-12
-1.039563e-12
-1.040431e-12
-1.041297e-12
-1.042159e-12
-1.043019e-12
-1.043875e-12
-1.044729e-12
-1.045579e-12
-1.046426e-12
-1.047270e-12
-1.048111e-12
-1.048949e-12
-1.049784e-12
-1.050616e-12
-1.051445e-12
-1.052271e-12
-1.053093e-12
-1.053913e-12
-1.054730e-12
-1.055543e-12
-1.056354e-12
-1.057161e-12
-1.057965e-12
-1.058766e-12
-1.059565e-12
-1.060360e-12
-1.061152e-12
-1.061941e-12
-1.062726e-12
-1.063509e-12
-1.064289e-12
-1.065065e-12
-1.065839e-12
-1.066609e-12
-1.067377e-12
-1.068141e-12
-1.068902e-12
-1.069660e-12
-1.070415e-12
-1.071167e-12
-1.071916e-12
-1.072662e-12
-1.073404e-12
-1.074144e-12
-1.074880e-12
-1.075614e-12
-1.076344e-12
-1.077071e-12
-1.077795e-12
-1.078516e-12
-1.079234e-12
-1.079949e-12
-1.080660e-12
-1.081369e-12
-1.082074e-12
-1.082776e-12
-1.083476e-12
-1.084172e-12
-1.084865e-12
-1.085555e-12
-1.086242e-12
-1.086925e-12
-1.087606e-12
-1.088283e-12
-1.088958e-12
-1.089629e-12
-1.090297e-12
-1.090962e-12
-1.091624e-12
-1.092283e-12
-1.092938e-12
-1.093591e-12
-1.094240e-12
-1.094886e-12
-1.095530e-12
-1.096170e-12
-1.096807e-12
-1.097440e-12
-1.098071e-12
-1.098699e-12
-1.099323e-12
-1.099944e-12
-1.100563e-12
-1.101178e-12
-1.101789e-12
-1.102398e-12
-1.103004e-12
-1.103606e-12
-1.104206e-12
-1.104802e-12
-1.105395e-12
-1.105985e-12
-1.106572e-12
-1.107156e-12
-1.107736e-12
-1.108314e-12
-1.108888e-12
-1.109459e-12
-1.110027e-12
-1.110592e-12
-1.111154e-12
-1.111712e-12
-1.112268e-12
-1.112820e-12
-1.113369e-12
-1.113915e-12
-1.114458e-12
-1.114998e-12
-1.115534e-12
-1.116068e-12
-1.116598e-12
-1.117125e-12
-1.117649e-12
-1.118170e-12
-1.118688e-12
-1.119202e-12
-1.119713e-12
-1.120222e-12
-1.120727e-12
-1.121229e-12
-1.121727e-12
-1.122223e-12
-1.122715e-12
-1.123205e-12
-1.123691e-12
-1.124174e-12
-1.124654e-12
-1.125130e-12
-1.125604e-12
-1.126074e-12
-1.126541e-12
-1.127005e-12
-1.127466e-12
-1.127924e-12
-1.128378e-12
-1.128830e-12
-1.129278e-12
-1.129723e-12
-1.130165e-12
-1.130603e-12
-1.131039e-12
-1.131471e-12
-1.131900e-12
-1.132327e-12
-1.132749e-12
-1.133169e-12
-1.133586e-12
-1.133999e-12
-1.134409e-12
-1.134816e-12
-1.135220e-12
-1.135621e-12
-1.136018e-12
-1.136412e-12
-1.136804e-12
-1.137192e-12
-1.137576e-12
-1.137958e-12
-1.138336e-12
-1.138712e-12
-1.139084e-12
-1.139453e-12
-1.139818e-12
-1.140181e-12
-1.140540e-12
-1.140897e-12
-1.141250e-12
-1.141599e-12
-1.141946e-12
-1.142290e-12
-1.142630e-12
-1.142967e-12
-1.143301e-12
-1.143632e-12
-1.143959e-12
-1.144284e-12
-1.144605e-12
-1.144923e-12
-1.145238e-12
-1.145549e-12
-1.145858e-12
-1.146163e-12
-1.146465e-12
-1.146764e-12
-1.147060e-12
-1.147352e-12
-1.147642e-12
-1.147928e-12
-1.148211e-12
-1.148491e-12
-1.148767e-12
-1.149041e-12
-1.149311e-12
-1.149578e-12
-1.149842e-12
-1.150103e-12
-1.150360e-12
-1.150614e-12
-1.150865e-12
-1.151113e-12
-1.151358e-12
-1.151600e-12
-1.151838e-12
-1.152073e-12
-1.152305e-12
-1.152534e-12
-1.152759e-12
-1.152982e-12
-1.153201e-12
-1.153417e-12
-1.153630e-12
-1.153839e-12
-1.154045e-12
-1.154249e-12
-1.154449e-12
-1.154646e-12
-1.154839e-12
-1.155030e-12
-1.155217e-12
-1.155401e-12
-1.155582e-12
-1.155759e-12
-1.155934e-12
-1.156105e-12
-1.156273e-12
-1.156438e-12
-1.156599e-12
-1.156758e-12
-1.156913e-12
-1.157065e-12
-1.157214e-12
-1.157360e-12
-1.157502e-12
-1.157641e-12
-1.157777e-12
-1.157910e-12
-1.158040e-12
-1.158166e-12
-1.158290e-12
-1.158410e-12
-1.158527e-12
-1.158640e-12
-1.158751e-12
-1.158858e-12
-1.158962e-12
-1.159063e-12
-1.159161e-12
-1.159255e-12
-1.159346e-12
-1.159434e-12
-1.159519e-12
-1.159601e-12
-1.159679e-12
-1.159755e-12
-1.159827e-12
-1.159895e-12
-1.159961e-12
-1.160024e-12
-1.160083e-12
-1.160139e-12
-1.160192e-12
-1.160241e-12
-1.160288e-12
-1.160331e-12
-1.160371e-12
-1.160408e-12
-1.160441e-12
-1.160472e-12
-1.160499e-12
-1.160523e-12
-1.160544e-12
-1.160562e-12
-1.160576e-12
-1.160587e-12
-1.160595e-12
-1.160600e-12
-1.160602e-12
