1.413688e-12
1.413685e-12
1.413678e-12
1.413666e-12
1.413650e-12
1.413629e-12
1.413603e-12
1.413572e-12
1.413537e-12
1.413497e-12
1.413452e-12
1.413403e-12
1.413349e-12
1.413290e-12
1.413227e-12
1.413158e-12
1.413085e-12
1.413008e-12
1.412925e-12
1.412838e-12
1.412747e-12
1.412650e-12
1.412549e-12
1.412443e-12
1.412333e-12
1.412218e-12
1.412098e-12
1.411973e-12
1.411844e-12
1.411710e-12
1.411571e-12
1.411428e-12
1.411280e-12
1.411127e-12
1.410969e-12
1.410807e-12
1.410640e-12
1.410469e-12
1.410292e-12
1.410111e-12
1.409926e-12
1.409735e-12
1.409540e-12
1.409341e-12
1.409136e-12
1.408927e-12
1.408714e-12
1.408495e-12
1.408272e-12
1.408044e-12
1.407812e-12
1.407575e-12
1.407333e-12
1.407086e-12
1.406835e-12
1.406579e-12
1.406319e-12
1.406054e-12
1.405784e-12
1.405509e-12
1.405230e-12
1.404946e-12
1.404658e-12
1.404365e-12
1.404067e-12
1.403764e-12
1.403457e-12
1.403145e-12
1.402829e-12
1.402508e-12
1.402182e-12
1.401852e-12
1.401516e-12
1.401177e-12
1.400832e-12
1.400483e-12
1.400130e-12
1.399771e-12
1.399408e-12
1.399041e-12
1.398669e-12
1.398292e-12
1.397910e-12
1.397524e-12
1.397134e-12
1.396738e-12
1.396338e-12
1.395934e-12
1.395524e-12
1.395110e-12
1.394692e-12
1.394269e-12
1.393841e-12
1.393409e-12
1.392972e-12
1.392530e-12
1.392084e-12
1.391634e-12
1.391178e-12
1.390718e-12
1.390254e-12
1.389785e-12
1.389311e-12
1.388833e-12
1.388350e-12
1.387862e-12
1.387370e-12
1.386873e-12
1.386372e-12
1.385866e-12
1.385356e-12
1.384841e-12
1.384322e-12
1.383797e-12
1.383269e-12
1.382736e-12
1.382198e-12
1.381655e-12
1.381109e-12
1.380557e-12
1.380001e-12
1.379441e-12
1.378876e-12
1.378306e-12
1.377732e-12
1.377153e-12
1.376570e-12
1.375982e-12
1.375390e-12
1.374793e-12
1.374192e-12
1.373586e-12
1.372975e-12
1.372361e-12
1.371741e-12
1.371117e-12
1.370489e-12
1.369856e-12
1.369218e-12
1.368577e-12
1.367930e-12
1.367279e-12
1.366624e-12
1.365964e-12
1.365300e-12
1.364631e-12
1.363958e-12
1.363280e-12
1.362598e-12
1.361911e-12
1.361220e-12
1.360524e-12
1.359824e-12
1.359119e-12
1.358411e-12
1.357697e-12
1.356979e-12
1.356257e-12
1.355530e-12
1.354799e-12
1.354063e-12
1.353323e-12
1.352579e-12
1.351830e-12
1.351077e-12
1.350319e-12
1.349557e-12
1.348790e-12
1.348020e-12
1.347244e-12
1.346465e-12
1.345680e-12
1.344892e-12
1.344099e-12
1.343302e-12
1.342500e-12
1.341694e-12
1.340884e-12
1.340069e-12
1.339250e-12
1.338427e-12
1.337599e-12
1.336767e-12
1.335930e-12
1.335089e-12
1.334244e-12
1.333395e-12
1.332541e-12
1.331683e-12
1.330820e-12
1.329954e-12
1.329082e-12
1.328207e-12
1.327327e-12
1.326443e-12
1.325555e-12
1.324662e-12
1.323765e-12
1.322864e-12
1.321959e-12
1.321049e-12
1.320135e-12
1.319217e-12
1.318294e-12
1.317367e-12
1.316436e-12
1.315501e-12
1.314561e-12
1.313618e-12
1.312670e-12
1.311717e-12
1.310761e-12
1.309800e-12
1.308835e-12
1.307866e-12
1.306893e-12
1.305915e-12
1.304933e-12
1.303947e-12
1.302957e-12
1.301963e-12
1.300964e-12
1.299962e-12
1.298955e-12
1.297944e-12
1.296928e-12
1.295909e-12
1.294885e-12
1.293858e-12
1.292826e-12
1.291790e-12
1.290750e-12
1.289705e-12
1.288657e-12
1.287604e-12
1.286548e-12
1.285487e-12
1.284422e-12
1.283353e-12
1.282280e-12
1.281203e-12
1.280122e-12
1.279036e-12
1.277947e-12
1.276854e-12
1.275756e-12
1.274654e-12
1.273549e-12
1.272439e-12
1.271325e-12
1.270207e-12
1.269085e-12
1.267960e-12
1.266830e-12
1.265696e-12
1.264558e-12
1.263416e-12
1.262270e-12
1.261120e-12
1.259966e-12
1.258808e-12
1.257646e-12
1.256480e-12
1.255310e-12
1.254136e-12
1.252958e-12
1.251776e-12
1.250591e-12
1.249401e-12
1.248207e-12
1.247009e-12
1.245808e-12
1.244602e-12
1.243393e-12
1.242180e-12
1.240963e-12
1.239741e-12
1.238516e-12
1.237287e-12
1.236055e-12
1.234818e-12
1.233577e-12
1.232333e-12
1.231085e-12
1.229832e-12
1.228576e-12
1.227316e-12
1.226053e-12
1.224785e-12
1.223514e-12
1.222239e-12
1.220959e-12
1.219677e-12
1.218390e-12
1.217099e-12
1.215805e-12
1.214507e-12
1.213205e-12
1.211900e-12
1.210590e-12
1.209277e-12
1.207960e-12
1.206639e-12
1.205315e-12
1.203987e-12
1.202655e-12
1.201319e-12
1.199980e-12
1.198637e-12
1.197290e-12
1.195939e-12
1.194585e-12
1.193227e-12
1.191865e-12
1.190500e-12
1.189131e-12
1.187758e-12
1.186382e-12
1.185002e-12
1.183618e-12
1.182231e-12
1.180840e-12
1.179445e-12
1.178047e-12
1.176645e-12
1.175240e-12
1.173831e-12
1.172418e-12
1.171002e-12
1.169582e-12
1.168159e-12
1.166732e-12
1.165301e-12
1.163867e-12
1.162429e-12
1.160988e-12
1.159543e-12
1.158095e-12
1.156643e-12
1.155187e-12
1.153728e-12
1.152266e-12
1.150800e-12
1.149330e-12
1.147857e-12
1.146381e-12
1.144901e-12
1.143417e-12
1.141931e-12
1.140440e-12
1.138946e-12
1.137449e-12
1.135948e-12
1.134444e-12
1.132937e-12
1.131426e-12
1.129911e-12
1.128393e-12
1.126872e-12
1.125348e-12
1.123820e-12
1.122288e-12
1.120753e-12
1.119215e-12
1.117674e-12
1.116129e-12
1.114581e-12
1.113029e-12
1.111474e-12
1.109916e-12
1.108354e-12
1.106789e-12
1.105221e-12
1.103650e-12
1.102075e-12
1.100497e-12
1.098916e-12
1.097331e-12
1.095743e-12
1.094152e-12
1.092557e-12
1.090960e-12
1.089359e-12
1.087755e-12
1.086147e-12
1.084537e-12
1.082923e-12
1.081306e-12
1.079686e-12
1.078062e-12
1.076436e-12
1.074806e-12
1.073173e-12
1.071537e-12
1.069898e-12
1.068256e-12
1.066610e-12
1.064961e-12
1.063310e-12
1.061655e-12
1.059997e-12
1.058336e-12
1.056671e-12
1.055004e-12
1.053334e-12
1.051660e-12
1.049984e-12
1.048304e-12
1.046621e-12
1.044936e-12
1.043247e-12
1.041555e-12
1.039860e-12
1.038162e-12
1.036462e-12
1.034758e-12
1.033051e-12
1.031341e-12
1.029628e-12
1.027912e-12
1.026194e-12
1.024472e-12
1.022747e-12
1.021020e-12
1.019289e-12
1.017556e-12
1.015819e-12
1.014080e-12
1.012338e-12
1.010592e-12
1.008844e-12
1.007094e-12
1.005340e-12
1.003583e-12
1.001824e-12
1.000061e-12
9.982959e-13
9.965278e-13
9.947569e-13
9.929831e-13
9.912065e-13
9.894272e-13
9.876450e-13
9.858600e-13
9.840722e-13
9.822817e-13
9.804883e-13
9.786922e-13
9.768934e-13
9.750918e-13
9.732874e-13
9.714803e-13
9.696705e-13
9.678580e-13
9.660427e-13
9.642248e-13
9.624041e-13
9.605808e-13
9.587548e-13
9.569261e-13
9.550947e-13
9.532607e-13
9.514240e-13
9.495847e-13
9.477427e-13
9.458981e-13
9.440509e-13
9.422011e-13
9.403486e-13
9.384936e-13
9.366360e-13
9.347758e-13
9.329130e-13
9.310477e-13
9.291798e-13
9.273093e-13
9.254363e-13
9.235608e-13
9.216827e-13
9.198021e-13
9.179190e-13
9.160334e-13
9.141453e-13
9.122547e-13
9.103616e-13
9.084661e-13
9.065681e-13
9.046676e-13
9.027647e-13
9.008593e-13
8.989515e-13
8.970413e-13
8.951287e-13
8.932136e-13
8.912962e-13
8.893763e-13
8.874541e-13
8.855294e-13
8.836025e-13
8.816731e-13
8.797414e-13
8.778073e-13
8.758709e-13
8.739322e-13
8.719912e-13
8.700478e-13
8.681021e-13
8.661541e-13
8.642039e-13
8.622513e-13
8.602965e-13
8.583394e-13
8.563801e-13
8.544184e-13
8.524546e-13
8.504885e-13
8.485202e-13
8.465496e-13
8.445769e-13
8.426019e-13
8.406248e-13
8.386455e-13
8.366639e-13
8.346802e-13
8.326944e-13
8.307064e-13
8.287162e-13
8.267239e-13
8.247295e-13
8.227329e-13
8.207343e-13
8.187335e-13
8.167306e-13
8.147256e-13
8.127186e-13
8.107094e-13
8.086982e-13
8.066850e-13
8.046697e-13
8.026523e-13
8.006329e-13
7.986115e-13
7.965881e-13
7.945626e-13
7.925352e-13
7.905057e-13
7.884743e-13
7.864409e-13
7.844055e-13
7.823682e-13
7.803289e-13
7.782876e-13
7.762444e-13
7.741993e-13
7.721523e-13
7.701034e-13
7.680525e-13
7.659997e-13
7.639451e-13
7.618886e-13
7.598302e-13
7.577699e-13
7.557078e-13
7.536438e-13
7.515780e-13
7.495104e-13
7.474409e-13
7.453697e-13
7.432966e-13
7.412217e-13
7.391450e-13
7.370665e-13
7.349863e-13
7.329043e-13
7.308205e-13
7.287350e-13
7.266477e-13
7.245588e-13
7.224680e-13
7.203756e-13
7.182814e-13
7.161856e-13
7.140881e-13
7.119888e-13
7.098879e-13
7.077853e-13
7.056811e-13
7.035752e-13
7.014677e-13
6.993585e-13
6.972477e-13
6.951353e-13
6.930212e-13
6.909056e-13
6.887884e-13
6.866695e-13
6.845491e-13
6.824272e-13
6.803036e-13
6.781786e-13
6.760519e-13
6.739237e-13
6.717940e-13
6.696628e-13
6.675301e-13
6.653958e-13
6.632601e-13
6.611228e-13
6.589841e-13
6.568439e-13
6.547023e-13
6.525592e-13
6.504146e-13
6.482686e-13
6.461212e-13
6.439723e-13
6.418221e-13
6.396704e-13
6.375173e-13
6.353629e-13
6.332070e-13
6.310498e-13
6.288912e-13
6.267312e-13
6.245699e-13
6.224073e-13
6.202433e-13
6.180780e-13
6.159114e-13
6.137435e-13
6.115742e-13
6.094037e-13
6.072319e-13
6.050588e-13
6.028845e-13
6.007089e-13
5.985320e-13
5.963539e-13
5.941745e-13
5.919940e-13
5.898122e-13
5.876292e-13
5.854450e-13
5.832596e-13
5.810730e-13
5.788852e-13
5.766963e-13
5.745062e-13
5.723149e-13
5.701225e-13
5.679290e-13
5.657343e-13
5.635385e-13
5.613416e-13
5.591436e-13
5.569445e-13
5.547443e-13
5.525430e-13
5.503406e-13
5.481372e-13
5.459327e-13
5.437272e-13
5.415207e-13
5.393131e-13
5.371044e-13
5.348948e-13
5.326842e-13
5.304725e-13
5.282599e-13
5.260463e-13
5.238317e-13
5.216161e-13
5.193996e-13
5.171821e-13
5.149637e-13
5.127443e-13
5.105241e-13
5.083029e-13
5.060808e-13
5.038577e-13
5.016338e-13
4.994090e-13
4.971834e-13
4.949568e-13
4.927294e-13
4.905012e-13
4.882721e-13
4.860421e-13
4.838113e-13
4.815797e-13
4.793473e-13
4.771141e-13
4.748801e-13
4.726453e-13
4.704097e-13
4.681733e-13
4.659362e-13
4.636983e-13
4.614597e-13
4.592203e-13
4.569802e-13
4.547393e-13
4.524978e-13
4.502555e-13
4.480125e-13
4.457689e-13
4.435245e-13
4.412795e-13
4.390338e-13
4.367874e-13
4.345404e-13
4.322927e-13
4.300444e-13
4.277955e-13
4.255459e-13
4.232958e-13
4.210450e-13
4.187936e-13
4.165417e-13
4.142891e-13
4.120360e-13
4.097823e-13
4.075280e-13
4.052732e-13
4.030179e-13
4.007620e-13
3.985056e-13
3.962487e-13
3.939912e-13
3.917333e-13
3.894748e-13
3.872159e-13
3.849565e-13
3.826966e-13
3.804363e-13
3.781755e-13
3.759142e-13
3.736525e-13
3.713904e-13
3.691278e-13
3.668649e-13
3.646015e-13
3.623377e-13
3.600735e-13
3.578090e-13
3.555440e-13
3.532787e-13
3.510130e-13
3.487470e-13
3.464806e-13
3.442139e-13
3.419469e-13
3.396795e-13
3.374118e-13
3.351438e-13
3.328755e-13
3.306069e-13
3.283380e-13
3.260689e-13
3.237994e-13
3.215297e-13
3.192598e-13
3.169896e-13
3.147192e-13
3.124485e-13
3.101776e-13
3.079065e-13
3.056352e-13
3.033637e-13
3.010920e-13
2.988201e-13
2.965480e-13
2.942757e-13
2.920033e-13
2.897308e-13
2.874581e-13
2.851852e-13
2.829122e-13
2.806391e-13
2.783659e-13
2.760926e-13
2.738191e-13
2.715456e-13
2.692720e-13
2.669983e-13
2.647245e-13
2.624507e-13
2.601768e-13
2.579028e-13
2.556289e-13
2.533549e-13
2.510808e-13
2.488067e-13
2.465327e-13
2.442586e-13
2.419845e-13
2.397105e-13
2.374364e-13
2.351624e-13
2.328884e-13
2.306145e-13
2.283406e-13
2.260667e-13
2.237929e-13
2.215192e-13
2.192456e-13
2.169721e-13
2.146986e-13
2.124252e-13
2.101520e-13
2.078789e-13
2.056059e-13
2.033330e-13
2.010602e-13
1.987876e-13
1.965152e-13
1.942429e-13
1.919708e-13
1.896988e-13
1.874270e-13
1.851555e-13
1.828841e-13
1.806129e-13
1.783419e-13
1.760712e-13
1.738006e-13
1.715303e-13
1.692603e-13
1.669904e-13
1.647209e-13
1.624516e-13
1.601825e-13
1.579138e-13
1.556453e-13
1.533771e-13
1.511092e-13
1.488416e-13
1.465744e-13
1.443074e-13
1.420408e-13
1.397745e-13
1.375085e-13
1.352429e-13
1.329776e-13
1.307127e-13
1.284482e-13
1.261840e-13
1.239203e-13
1.216569e-13
1.193939e-13
1.171313e-13
1.148691e-13
1.126074e-13
1.103460e-13
1.080851e-13
1.058247e-13
1.035646e-13
1.013051e-13
9.904598e-14
9.678734e-14
9.452917e-14
9.227149e-14
9.001429e-14
8.775759e-14
8.550139e-14
8.324569e-14
8.099052e-14
7.873586e-14
7.648174e-14
7.422815e-14
7.197510e-14
6.972260e-14
6.747066e-14
6.521929e-14
6.296848e-14
6.071825e-14
5.846861e-14
5.621955e-14
5.397110e-14
5.172325e-14
4.947601e-14
4.722939e-14
4.498339e-14
4.273802e-14
4.049330e-14
3.824922e-14
3.600579e-14
3.376302e-14
3.152092e-14
2.927949e-14
2.703873e-14
2.479867e-14
2.255929e-14
2.032062e-14
1.808265e-14
1.584539e-14
1.360886e-14
1.137304e-14
9.137965e-15
6.903626e-15
4.670032e-15
2.437191e-15
2.051083e-16
-2.026208e-15
-4.256753e-15
-6.486518e-15
-8.715498e-15
-1.094369e-14
-1.317108e-14
-1.539766e-14
-1.762343e-14
-1.984839e-14
-2.207252e-14
-2.429582e-14
-2.651828e-14
-2.873990e-14
-3.096066e-14
-3.318057e-14
-3.539962e-14
-3.761779e-14
-3.983509e-14
-4.205151e-14
-4.426704e-14
-4.648167e-14
-4.869540e-14
-5.090822e-14
-5.312012e-14
-5.533111e-14
-5.754116e-14
-5.975028e-14
-6.195847e-14
-6.416570e-14
-6.637198e-14
-6.857730e-14
-7.078166e-14
-7.298505e-14
-7.518745e-14
-7.738887e-14
-7.958930e-14
-8.178874e-14
-8.398717e-14
-8.618459e-14
-8.838099e-14
-9.057637e-14
-9.277073e-14
-9.496405e-14
-9.715633e-14
-9.934756e-14
-1.015377e-13
-1.037269e-13
-1.059149e-13
-1.081019e-13
-1.102878e-13
-1.124726e-13
-1.146563e-13
-1.168390e-13
-1.190205e-13
-1.212009e-13
-1.233802e-13
-1.255584e-13
-1.277355e-13
-1.299114e-13
-1.320862e-13
-1.342599e-13
-1.364324e-13
-1.386037e-13
-1.407739e-13
-1.429429e-13
-1.451107e-13
-1.472774e-13
-1.494428e-13
-1.516071e-13
-1.537702e-13
-1.559321e-13
-1.580927e-13
-1.602522e-13
-1.624104e-13
-1.645674e-13
-1.667231e-13
-1.688777e-13
-1.710309e-13
-1.731830e-13
-1.753337e-13
-1.774832e-13
-1.796315e-13
-1.817784e-13
-1.839241e-13
-1.860685e-13
-1.882116e-13
-1.903534e-13
-1.924939e-13
-1.946331e-13
-1.967709e-13
-1.989075e-13
-2.010427e-13
-2.031766e-13
-2.053092e-13
-2.074404e-13
-2.095702e-13
-2.116987e-13
-2.138259e-13
-2.159517e-13
-2.180761e-13
-2.201991e-13
-2.223208e-13
-2.244410e-13
-2.265599e-13
-2.286773e-13
-2.307934e-13
-2.329080e-13
-2.350213e-13
-2.371331e-13
-2.392434e-13
-2.413524e-13
-2.434599e-13
-2.455660e-13
-2.476706e-13
-2.497737e-13
-2.518754e-13
-2.539756e-13
-2.560744e-13
-2.581717e-13
-2.602675e-13
-2.623618e-13
-2.644546e-13
-2.665459e-13
-2.686357e-13
-2.707240e-13
-2.728108e-13
-2.748961e-13
-2.769798e-13
-2.790620e-13
-2.811427e-13
-2.832218e-13
-2.852994e-13
-2.873754e-13
-2.894499e-13
-2.915228e-13
-2.935941e-13
-2.956639e-13
-2.977321e-13
-2.997987e-13
-3.018637e-13
-3.039271e-13
-3.059889e-13
-3.080491e-13
-3.101077e-13
-3.121647e-13
-3.142201e-13
-3.162738e-13
-3.183259e-13
-3.203764e-13
-3.224252e-13
-3.244724e-13
-3.265180e-13
-3.285618e-13
-3.306041e-13
-3.326446e-13
-3.346835e-13
-3.367207e-13
-3.387562e-13
-3.407900e-13
-3.428222e-13
-3.448526e-13
-3.468814e-13
-3.489084e-13
-3.509337e-13
-3.529573e-13
-3.549792e-13
-3.569994e-13
-3.590178e-13
-3.610345e-13
-3.630494e-13
-3.650626e-13
-3.670741e-13
-3.690838e-13
-3.710917e-13
-3.730978e-13
-3.751022e-13
-3.771049e-13
-3.791057e-13
-3.811047e-13
-3.831020e-13
-3.850975e-13
-3.870911e-13
-3.890830e-13
-3.910730e-13
-3.930613e-13
-3.950477e-13
-3.970323e-13
-3.990150e-13
-4.009960e-13
-4.029751e-13
-4.049523e-13
-4.069277e-13
-4.089013e-13
-4.108730e-13
-4.128428e-13
-4.148108e-13
-4.167768e-13
-4.187411e-13
-4.207034e-13
-4.226639e-13
-4.246224e-13
-4.265791e-13
-4.285339e-13
-4.304867e-13
-4.324377e-13
-4.343867e-13
-4.363339e-13
-4.382791e-13
-4.402224e-13
-4.421637e-13
-4.441031e-13
-4.460406e-13
-4.479761e-13
-4.499097e-13
-4.518414e-13
-4.537710e-13
-4.556988e-13
-4.576245e-13
-4.595483e-13
-4.614701e-13
-4.633899e-13
-4.653077e-13
-4.672236e-13
-4.691374e-13
-4.710493e-13
-4.729592e-13
-4.748670e-13
-4.767729e-13
-4.786767e-13
-4.805785e-13
-4.824783e-13
-4.843761e-13
-4.862718e-13
-4.881655e-13
-4.900571e-13
-4.919467e-13
-4.938343e-13
-4.957198e-13
-4.976032e-13
-4.994846e-13
-5.013640e-13
-5.032412e-13
-5.051164e-13
-5.069895e-13
-5.088605e-13
-5.107294e-13
-5.125963e-13
-5.144610e-13
-5.163237e-13
-5.181842e-13
-5.200426e-13
-5.218990e-13
-5.237532e-13
-5.256053e-13
-5.274552e-13
-5.293031e-13
-5.311488e-13
-5.329924e-13
-5.348338e-13
-5.366731e-13
-5.385102e-13
-5.403452e-13
-5.421780e-13
-5.440087e-13
-5.458372e-13
-5.476636e-13
-5.494877e-13
-5.513097e-13
-5.531296e-13
-5.549472e-13
-5.567626e-13
-5.585759e-13
-5.603870e-13
-5.621958e-13
-5.640025e-13
-5.658069e-13
-5.676092e-13
-5.694092e-13
-5.712070e-13
-5.730026e-13
-5.747959e-13
-5.765871e-13
-5.783760e-13
-5.801626e-13
-5.819471e-13
-5.837292e-13
-5.855092e-13
-5.872868e-13
-5.890622e-13
-5.908354e-13
-5.926063e-13
-5.943749e-13
-5.961413e-13
-5.979054e-13
-5.996672e-13
-6.014267e-13
-6.031839e-13
-6.049389e-13
-6.066915e-13
-6.084419e-13
-6.101899e-13
-6.119357e-13
-6.136791e-13
-6.154203e-13
-6.171591e-13
-6.188956e-13
-6.206298e-13
-6.223616e-13
-6.240911e-13
-6.258183e-13
-6.275432e-13
-6.292657e-13
-6.309859e-13
-6.327037e-13
-6.344192e-13
-6.361323e-13
-6.378431e-13
-6.395515e-13
-6.412575e-13
-6.429612e-13
-6.446625e-13
-6.463614e-13
-6.480580e-13
-6.497522e-13
-6.514440e-13
-6.531334e-13
-6.548204e-13
-6.565050e-13
-6.581872e-13
-6.598670e-13
-6.615444e-13
-6.632194e-13
-6.648920e-13
-6.665622e-13
-6.682300e-13
-6.698953e-13
-6.715582e-13
-6.732187e-13
-6.748767e-13
-6.765324e-13
-6.781855e-13
-6.798363e-13
-6.814846e-13
-6.831304e-13
-6.847738e-13
-6.864148e-13
-6.880533e-13
-6.896893e-13
-6.913229e-13
-6.929540e-13
-6.945826e-13
-6.962088e-13
-6.978324e-13
-6.994536e-13
-7.010724e-13
-7.026886e-13
-7.043023e-13
-7.059136e-13
-7.075224e-13
-7.091286e-13
-7.107324e-13
-7.123336e-13
-7.139324e-13
-7.155286e-13
-7.171224e-13
-7.187136e-13
-7.203023e-13
-7.218884e-13
-7.234721e-13
-7.250532e-13
-7.266318e-13
-7.282078e-13
-7.297814e-13
-7.313523e-13
-7.329208e-13
-7.344867e-13
-7.360500e-13
-7.376108e-13
-7.391690e-13
-7.407247e-13
-7.422778e-13
-7.438284e-13
-7.453763e-13
-7.469218e-13
-7.484646e-13
-7.500049e-13
-7.515426e-13
-7.530777e-13
-7.546102e-13
-7.561401e-13
-7.576675e-13
-7.591922e-13
-7.607144e-13
-7.622340e-13
-7.637509e-13
-7.652653e-13
-7.667771e-13
-7.682862e-13
-7.697928e-13
-7.712967e-13
-7.727980e-13
-7.742967e-13
-7.757928e-13
-7.772862e-13
-7.787770e-13
-7.802652e-13
-7.817507e-13
-7.832337e-13
-7.847139e-13
-7.861916e-13
-7.876666e-13
-7.891389e-13
-7.906086e-13
-7.920757e-13
-7.935400e-13
-7.950018e-13
-7.964609e-13
-7.979173e-13
-7.993710e-13
-8.008221e-13
-8.022705e-13
-8.037163e-13
-8.051593e-13
-8.065997e-13
-8.080374e-13
-8.094724e-13
-8.109048e-13
-8.123344e-13
-8.137614e-13
-8.151857e-13
-8.166073e-13
-8.180261e-13
-8.194423e-13
-8.208558e-13
-8.222666e-13
-8.236746e-13
-8.250800e-13
-8.264826e-13
-8.278826e-13
-8.292798e-13
-8.306743e-13
-8.320660e-13
-8.334551e-13
-8.348414e-13
-8.362250e-13
-8.376059e-13
-8.389840e-13
-8.403594e-13
-8.417320e-13
-8.431019e-13
-8.444691e-13
-8.458335e-13
-8.471952e-13
-8.485541e-13
-8.499103e-13
-8.512637e-13
-8.526144e-13
-8.539623e-13
-8.553074e-13
-8.566498e-13
-8.579894e-13
-8.593263e-13
-8.606603e-13
-8.619916e-13
-8.633202e-13
-8.646459e-13
-8.659689e-13
-8.672891e-13
-8.686065e-13
-8.699211e-13
-8.712329e-13
-8.725420e-13
-8.738482e-13
-8.751517e-13
-8.764523e-13
-8.777502e-13
-8.790452e-13
-8.803375e-13
-8.816269e-13
-8.829136e-13
-8.841974e-13
-8.854784e-13
-8.867566e-13
-8.880320e-13
-8.893046e-13
-8.905743e-13
-8.918413e-13
-8.931054e-13
-8.943667e-13
-8.956251e-13
-8.968807e-13
-8.981335e-13
-8.993835e-13
-9.006306e-13
-9.018749e-13
-9.031163e-13
-9.043549e-13
-9.055907e-13
-9.068236e-13
-9.080536e-13
-9.092809e-13
-9.105052e-13
-9.117267e-13
-9.129454e-13
-9.141612e-13
-9.153741e-13
-9.165842e-13
-9.177914e-13
-9.189957e-13
-9.201972e-13
-9.213958e-13
-9.225915e-13
-9.237844e-13
-9.249743e-13
-9.261614e-13
-9.273457e-13
-9.285270e-13
-9.297055e-13
-9.308811e-13
-9.320538e-13
-9.332236e-13
-9.343905e-13
-9.355545e-13
-9.367156e-13
-9.378739e-13
-9.390292e-13
-9.401817e-13
-9.413312e-13
-9.424778e-13
-9.436216e-13
-9.447624e-13
-9.459003e-13
-9.470353e-13
-9.481674e-13
-9.492966e-13
-9.504229e-13
-9.515462e-13
-9.526667e-13
-9.537842e-13
-9.548988e-13
-9.560105e-13
-9.571192e-13
-9.582250e-13
-9.593279e-13
-9.604279e-13
-9.615249e-13
-9.626190e-13
-9.637102e-13
-9.647984e-13
-9.658837e-13
-9.669660e-13
-9.680455e-13
-9.691219e-13
-9.701954e-13
-9.712660e-13
-9.723336e-13
-9.733983e-13
-9.744600e-13
-9.755188e-13
-9.765746e-13
-9.776275e-13
-9.786774e-13
-9.797244e-13
-9.807683e-13
-9.818094e-13
-9.828474e-13
-9.838825e-13
-9.849147e-13
-9.859438e-13
-9.869700e-13
-9.879932e-13
-9.890135e-13
-9.900308e-13
-9.910451e-13
-9.920564e-13
-9.930647e-13
-9.940701e-13
-9.950725e-13
-9.960719e-13
-9.970683e-13
-9.980617e-13
-9.990522e-13
-1.000040e-12
-1.001024e-12
-1.002006e-12
-1.002984e-12
-1.003960e-12
-1.004932e-12
-1.005902e-12
-1.006868e-12
-1.007832e-12
-1.008792e-12
-1.009750e-12
-1.010704e-12
-1.011655e-12
-1.012604e-12
-1.013549e-12
-1.014492e-12
-1.015431e-12
-1.016368e-12
-1.017301e-12
-1.018232e-12
-1.019159e-12
-1.020083e-12
-1.021005e-12
-1.021923e-12
-1.022838e-12
-1.023751e-12
-1.024660e-12
-1.025566e-12
-1.026469e-12
-1.027370e-12
-1.028267e-12
-1.029161e-12
-1.030052e-12
-1.030940e-12
-1.031825e-12
-1.032707e-12
-1.033586e-12
-1.034462e-12
-1.035335e-12
-1.036205e-12
-1.037071e-12
-1.037935e-12
-1.038796e-12
-1.039654e-12
-1.040508e-12
-1.041360e-12
-1.042208e-12
-1.043054e-12
-1.043896e-12
-1.044736e-12
-1.045572e-12
-1.046405e-12
-1.047235e-12
-1.048063e-12
-1.048887e-12
-1.049708e-12
-1.050526e-12
-1.051341e-12
-1.052152e-12
-1.052961e-12
-1.053767e-12
-1.054570e-12
-1.055369e-12
-1.056166e-12
-1.056959e-12
-1.057750e-12
-1.058537e-12
-1.059321e-12
-1.060102e-12
-1.060881e-12
-1.061656e-12
-1.062428e-12
-1.063196e-12
-1.063962e-12
-1.064725e-12
-1.065485e-12
-1.066241e-12
-1.066995e-12
-1.067745e-12
-1.068492e-12
-1.069237e-12
-1.069978e-12
-1.070716e-12
-1.071451e-12
-1.072183e-12
-1.072911e-12
-1.073637e-12
-1.074360e-12
-1.075079e-12
-1.075796e-12
-1.076509e-12
-1.077219e-12
-1.077926e-12
-1.078630e-12
-1.079331e-12
-1.080029e-12
-1.080724e-12
-1.081415e-12
-1.082104e-12
-1.082789e-12
-1.083472e-12
-1.084151e-12
-1.084827e-12
-1.085500e-12
-1.086170e-12
-1.086837e-12
-1.087500e-12
-1.088161e-12
-1.088818e-12
-1.089473e-12
-1.090124e-12
-1.090772e-12
-1.091417e-12
-1.092059e-12
-1.092698e-12
-1.093333e-12
-1.093966e-12
-1.094595e-12
-1.095222e-12
-1.095845e-12
-1.096465e-12
-1.097082e-12
-1.097696e-12
-1.098306e-12
-1.098914e-12
-1.099518e-12
-1.100120e-12
-1.100718e-12
-1.101313e-12
-1.101905e-12
-1.102494e-12
-1.103079e-12
-1.103662e-12
-1.104241e-12
-1.104818e-12
-1.105391e-12
-1.105961e-12
-1.106528e-12
-1.107091e-12
-1.107652e-12
-1.108210e-12
-1.108764e-12
-1.109315e-12
-1.109863e-12
-1.110408e-12
-1.110950e-12
-1.111489e-12
-1.112024e-12
-1.112556e-12
-1.113086e-12
-1.113612e-12
-1.114135e-12
-1.114655e-12
-1.115171e-12
-1.115685e-12
-1.116195e-12
-1.116702e-12
-1.117206e-12
-1.117707e-12
-1.118205e-12
-1.118700e-12
-1.119191e-12
-1.119679e-12
-1.120165e-12
-1.120647e-12
-1.121126e-12
-1.121601e-12
-1.122074e-12
-1.122543e-12
-1.123009e-12
-1.123473e-12
-1.123932e-12
-1.124389e-12
-1.124843e-12
-1.125293e-12
-1.125741e-12
-1.126185e-12
-1.126626e-12
-1.127064e-12
-1.127498e-12
-1.127930e-12
-1.128358e-12
-1.128783e-12
-1.129205e-12
-1.129624e-12
-1.130040e-12
-1.130453e-12
-1.130862e-12
-1.131268e-12
-1.131671e-12
-1.132071e-12
-1.132468e-12
-1.132861e-12
-1.133252e-12
-1.133639e-12
-1.134023e-12
-1.134404e-12
-1.134782e-12
-1.135156e-12
-1.135527e-12
-1.135896e-12
-1.136261e-12
-1.136623e-12
-1.136981e-12
-1.137337e-12
-1.137689e-12
-1.138038e-12
-1.138384e-12
-1.138727e-12
-1.139067e-12
-1.139403e-12
-1.139736e-12
-1.140067e-12
-1.140393e-12
-1.140717e-12
-1.141038e-12
-1.141355e-12
-1.141669e-12
-1.141980e-12
-1.142288e-12
-1.142593e-12
-1.142895e-12
-1.143193e-12
-1.143488e-12
-1.143780e-12
-1.144069e-12
-1.144354e-12
-1.144637e-12
-1.144916e-12
-1.145192e-12
-1.145465e-12
-1.145735e-12
-1.146001e-12
-1.146265e-12
-1.146525e-12
-1.146782e-12
-1.147036e-12
-1.147286e-12
-1.147534e-12
-1.147778e-12
-1.148019e-12
-1.148257e-12
-1.148491e-12
-1.148723e-12
-1.148951e-12
-1.149176e-12
-1.149398e-12
-1.149617e-12
-1.149833e-12
-1.150045e-12
-1.150254e-12
-1.150460e-12
-1.150663e-12
-1.150863e-12
-1.151059e-12
-1.151252e-12
-1.151442e-12
-1.151629e-12
-1.151813e-12
-1.151993e-12
-1.152171e-12
-1.152345e-12
-1.152516e-12
-1.152683e-12
-1.152848e-12
-1.153009e-12
-1.153167e-12
-1.153322e-12
-1.153474e-12
-1.153623e-12
-1.153768e-12
-1.153910e-12
-1.154049e-12
-1.154185e-12
-1.154317e-12
-1.154447e-12
-1.154573e-12
-1.154696e-12
-1.154816e-12
-1.154933e-12
-1.155046e-12
-1.155156e-12
-1.155263e-12
-1.155367e-12
-1.155468e-12
-1.155565e-12
-1.155660e-12
-1.155751e-12
-1.155839e-12
-1.155923e-12
-1.156005e-12
-1.156083e-12
-1.156158e-12
-1.156230e-12
-1.156299e-12
-1.156364e-12
-1.156427e-12
-1.156486e-12
-1.156542e-12
-1.156594e-12
-1.156644e-12
-1.156690e-12
-1.156733e-12
-1.156773e-12
-1.156810e-12
-1.156844e-12
-1.156874e-12
-1.156901e-12
-1.156925e-12
-1.156946e-12
-1.156964e-12
-1.156978e-12
-1.156989e-12
-1.156997e-12
-1.157002e-12
-1.157003e-12
