1.419651e-12
1.419648e-12
1.419641e-12
1.419629e-12
1.419613e-12
1.419592e-12
1.419566e-12
1.419535e-12
1.419499e-12
1.419459e-12
1.419414e-12
1.419364e-12
1.419310e-12
1.419251e-12
1.419187e-12
1.419119e-12
1.419045e-12
1.418967e-12
1.418884e-12
1.418797e-12
1.418705e-12
1.418608e-12
1.418506e-12
1.418400e-12
1.418288e-12
1.418173e-12
1.418052e-12
1.417927e-12
1.417797e-12
1.417662e-12
1.417523e-12
1.417378e-12
1.417229e-12
1.417076e-12
1.416917e-12
1.416754e-12
1.416587e-12
1.416414e-12
1.416237e-12
1.416055e-12
1.415868e-12
1.415677e-12
1.415481e-12
1.415280e-12
1.415075e-12
1.414864e-12
1.414650e-12
1.414430e-12
1.414206e-12
1.413977e-12
1.413743e-12
1.413504e-12
1.413261e-12
1.413013e-12
1.412761e-12
1.412504e-12
1.412242e-12
1.411975e-12
1.411704e-12
1.411428e-12
1.411147e-12
1.410862e-12
1.410572e-12
1.410277e-12
1.409977e-12
1.409673e-12
1.409364e-12
1.409051e-12
1.408733e-12
1.408410e-12
1.408082e-12
1.407750e-12
1.407413e-12
1.407072e-12
1.406725e-12
1.406374e-12
1.406019e-12
1.405659e-12
1.405294e-12
1.404924e-12
1.404550e-12
1.404171e-12
1.403787e-12
1.403399e-12
1.403006e-12
1.402609e-12
1.402207e-12
1.401800e-12
1.401388e-12
1.400972e-12
1.400551e-12
1.400126e-12
1.399696e-12
1.399261e-12
1.398822e-12
1.398378e-12
1.397930e-12
1.397476e-12
1.397019e-12
1.396556e-12
1.396089e-12
1.395617e-12
1.395141e-12
1.394660e-12
1.394175e-12
1.393685e-12
1.393190e-12
1.392690e-12
1.392186e-12
1.391678e-12
1.391165e-12
1.390647e-12
1.390125e-12
1.389598e-12
1.389066e-12
1.388530e-12
1.387989e-12
1.387444e-12
1.386894e-12
1.386340e-12
1.385781e-12
1.385217e-12
1.384649e-12
1.384076e-12
1.383499e-12
1.382917e-12
1.382331e-12
1.381740e-12
1.381144e-12
1.380544e-12
1.379940e-12
1.379331e-12
1.378717e-12
1.378099e-12
1.377476e-12
1.376849e-12
1.376217e-12
1.375581e-12
1.374940e-12
1.374294e-12
1.373644e-12
1.372990e-12
1.372331e-12
1.371668e-12
1.371000e-12
1.370327e-12
1.369650e-12
1.368969e-12
1.368283e-12
1.367593e-12
1.366898e-12
1.366198e-12
1.365494e-12
1.364786e-12
1.364073e-12
1.363356e-12
1.362634e-12
1.361908e-12
1.361177e-12
1.360442e-12
1.359703e-12
1.358959e-12
1.358210e-12
1.357457e-12
1.356700e-12
1.355938e-12
1.355172e-12
1.354401e-12
1.353626e-12
1.352847e-12
1.352063e-12
1.351275e-12
1.350482e-12
1.349685e-12
1.348883e-12
1.348077e-12
1.347267e-12
1.346452e-12
1.345633e-12
1.344810e-12
1.343982e-12
1.343150e-12
1.342313e-12
1.341472e-12
1.340627e-12
1.339777e-12
1.338923e-12
1.338064e-12
1.337202e-12
1.336335e-12
1.335463e-12
1.334587e-12
1.333707e-12
1.332823e-12
1.331934e-12
1.331041e-12
1.330144e-12
1.329242e-12
1.328336e-12
1.327426e-12
1.326511e-12
1.325592e-12
1.324669e-12
1.323741e-12
1.322810e-12
1.321874e-12
1.320933e-12
1.319989e-12
1.319040e-12
1.318087e-12
1.317129e-12
1.316168e-12
1.315202e-12
1.314232e-12
1.313257e-12
1.312279e-12
1.311296e-12
1.310309e-12
1.309318e-12
1.308322e-12
1.307323e-12
1.306319e-12
1.305311e-12
1.304298e-12
1.303282e-12
1.302261e-12
1.301237e-12
1.300208e-12
1.299174e-12
1.298137e-12
1.297096e-12
1.296050e-12
1.295000e-12
1.293946e-12
1.292888e-12
1.291826e-12
1.290759e-12
1.289689e-12
1.288614e-12
1.287535e-12
1.286453e-12
1.285366e-12
1.284274e-12
1.283179e-12
1.282080e-12
1.280977e-12
1.279869e-12
1.278758e-12
1.277642e-12
1.276522e-12
1.275399e-12
1.274271e-12
1.273139e-12
1.272003e-12
1.270863e-12
1.269719e-12
1.268571e-12
1.267419e-12
1.266263e-12
1.265103e-12
1.263939e-12
1.262771e-12
1.261599e-12
1.260422e-12
1.259242e-12
1.258058e-12
1.256870e-12
1.255678e-12
1.254482e-12
1.253282e-12
1.252078e-12
1.250870e-12
1.249659e-12
1.248443e-12
1.247223e-12
1.246000e-12
1.244772e-12
1.243541e-12
1.242305e-12
1.241066e-12
1.239823e-12
1.238576e-12
1.237325e-12
1.236070e-12
1.234811e-12
1.233548e-12
1.232282e-12
1.231012e-12
1.229737e-12
1.228459e-12
1.227177e-12
1.225892e-12
1.224602e-12
1.223309e-12
1.222011e-12
1.220710e-12
1.219406e-12
1.218097e-12
1.216784e-12
1.215468e-12
1.214148e-12
1.212824e-12
1.211497e-12
1.210165e-12
1.208830e-12
1.207491e-12
1.206149e-12
1.204802e-12
1.203452e-12
1.202098e-12
1.200741e-12
1.199380e-12
1.198015e-12
1.196646e-12
1.195273e-12
1.193897e-12
1.192517e-12
1.191134e-12
1.189747e-12
1.188356e-12
1.186961e-12
1.185563e-12
1.184162e-12
1.182756e-12
1.181347e-12
1.179934e-12
1.178518e-12
1.177098e-12
1.175674e-12
1.174247e-12
1.172816e-12
1.171382e-12
1.169944e-12
1.168502e-12
1.167057e-12
1.165608e-12
1.164156e-12
1.162700e-12
1.161241e-12
1.159778e-12
1.158312e-12
1.156842e-12
1.155368e-12
1.153891e-12
1.152410e-12
1.150926e-12
1.149439e-12
1.147948e-12
1.146453e-12
1.144955e-12
1.143454e-12
1.141949e-12
1.140440e-12
1.138929e-12
1.137413e-12
1.135895e-12
1.134372e-12
1.132847e-12
1.131318e-12
1.129785e-12
1.128249e-12
1.126710e-12
1.125168e-12
1.123622e-12
1.122072e-12
1.120519e-12
1.118963e-12
1.117404e-12
1.115841e-12
1.114275e-12
1.112705e-12
1.111133e-12
1.109556e-12
1.107977e-12
1.106394e-12
1.104808e-12
1.103219e-12
1.101626e-12
1.100030e-12
1.098431e-12
1.096828e-12
1.095223e-12
1.093614e-12
1.092001e-12
1.090386e-12
1.088767e-12
1.087145e-12
1.085520e-12
1.083892e-12
1.082260e-12
1.080625e-12
1.078987e-12
1.077346e-12
1.075702e-12
1.074054e-12
1.072404e-12
1.070750e-12
1.069093e-12
1.067433e-12
1.065770e-12
1.064103e-12
1.062434e-12
1.060761e-12
1.059085e-12
1.057407e-12
1.055725e-12
1.054040e-12
1.052352e-12
1.050661e-12
1.048967e-12
1.047269e-12
1.045569e-12
1.043866e-12
1.042159e-12
1.040450e-12
1.038738e-12
1.037022e-12
1.035304e-12
1.033583e-12
1.031858e-12
1.030131e-12
1.028401e-12
1.026667e-12
1.024931e-12
1.023192e-12
1.021450e-12
1.019705e-12
1.017957e-12
1.016206e-12
1.014452e-12
1.012695e-12
1.010936e-12
1.009173e-12
1.007408e-12
1.005640e-12
1.003868e-12
1.002094e-12
1.000318e-12
9.985380e-13
9.967555e-13
9.949701e-13
9.931819e-13
9.913909e-13
9.895972e-13
9.878006e-13
9.860012e-13
9.841990e-13
9.823941e-13
9.805864e-13
9.787759e-13
9.769627e-13
9.751467e-13
9.733280e-13
9.715065e-13
9.696824e-13
9.678555e-13
9.660259e-13
9.641936e-13
9.623587e-13
9.605210e-13
9.586807e-13
9.568377e-13
9.549920e-13
9.531437e-13
9.512927e-13
9.494391e-13
9.475829e-13
9.457241e-13
9.438626e-13
9.419985e-13
9.401318e-13
9.382626e-13
9.363907e-13
9.345163e-13
9.326393e-13
9.307598e-13
9.288777e-13
9.269930e-13
9.251059e-13
9.232161e-13
9.213239e-13
9.194292e-13
9.175319e-13
9.156322e-13
9.137300e-13
9.118252e-13
9.099181e-13
9.080084e-13
9.060963e-13
9.041817e-13
9.022647e-13
9.003453e-13
8.984235e-13
8.964992e-13
8.945725e-13
8.926434e-13
8.907119e-13
8.887781e-13
8.868418e-13
8.849032e-13
8.829622e-13
8.810189e-13
8.790732e-13
8.771252e-13
8.751749e-13
8.732222e-13
8.712672e-13
8.693099e-13
8.673503e-13
8.653885e-13
8.634243e-13
8.614579e-13
8.594892e-13
8.575182e-13
8.555450e-13
8.535696e-13
8.515919e-13
8.496120e-13
8.476298e-13
8.456455e-13
8.436590e-13
8.416702e-13
8.396793e-13
8.376862e-13
8.356910e-13
8.336936e-13
8.316940e-13
8.296923e-13
8.276884e-13
8.256824e-13
8.236743e-13
8.216641e-13
8.196517e-13
8.176373e-13
8.156208e-13
8.136022e-13
8.115816e-13
8.095588e-13
8.075341e-13
8.055072e-13
8.034784e-13
8.014475e-13
7.994145e-13
7.973796e-13
7.953426e-13
7.933037e-13
7.912628e-13
7.892198e-13
7.871749e-13
7.851281e-13
7.830793e-13
7.810285e-13
7.789758e-13
7.769211e-13
7.748646e-13
7.728061e-13
7.707457e-13
7.686834e-13
7.666192e-13
7.645531e-13
7.624852e-13
7.604154e-13
7.583437e-13
7.562702e-13
7.541948e-13
7.521176e-13
7.500386e-13
7.479577e-13
7.458750e-13
7.437906e-13
7.417043e-13
7.396163e-13
7.375264e-13
7.354348e-13
7.333415e-13
7.312464e-13
7.291495e-13
7.270509e-13
7.249506e-13
7.228486e-13
7.207448e-13
7.186393e-13
7.165322e-13
7.144234e-13
7.123128e-13
7.102006e-13
7.080868e-13
7.059713e-13
7.038541e-13
7.017353e-13
6.996149e-13
6.974929e-13
6.953692e-13
6.932439e-13
6.911171e-13
6.889886e-13
6.868586e-13
6.847270e-13
6.825938e-13
6.804591e-13
6.783228e-13
6.761850e-13
6.740457e-13
6.719048e-13
6.697625e-13
6.676186e-13
6.654732e-13
6.633263e-13
6.611780e-13
6.590281e-13
6.568768e-13
6.547241e-13
6.525699e-13
6.504143e-13
6.482572e-13
6.460987e-13
6.439388e-13
6.417775e-13
6.396147e-13
6.374506e-13
6.352851e-13
6.331183e-13
6.309500e-13
6.287804e-13
6.266095e-13
6.244372e-13
6.222636e-13
6.200887e-13
6.179124e-13
6.157348e-13
6.135560e-13
6.113758e-13
6.091944e-13
6.070116e-13
6.048276e-13
6.026424e-13
6.004559e-13
5.982682e-13
5.960792e-13
5.938890e-13
5.916975e-13
5.895049e-13
5.873111e-13
5.851160e-13
5.829198e-13
5.807224e-13
5.785239e-13
5.763241e-13
5.741233e-13
5.719212e-13
5.697181e-13
5.675138e-13
5.653084e-13
5.631019e-13
5.608943e-13
5.586855e-13
5.564757e-13
5.542648e-13
5.520529e-13
5.498399e-13
5.476258e-13
5.454107e-13
5.431945e-13
5.409773e-13
5.387591e-13
5.365399e-13
5.343197e-13
5.320984e-13
5.298762e-13
5.276530e-13
5.254288e-13
5.232037e-13
5.209776e-13
5.187506e-13
5.165226e-13
5.142937e-13
5.120638e-13
5.098331e-13
5.076014e-13
5.053688e-13
5.031354e-13
5.009010e-13
4.986658e-13
4.964297e-13
4.941928e-13
4.919550e-13
4.897164e-13
4.874769e-13
4.852366e-13
4.829955e-13
4.807535e-13
4.785108e-13
4.762673e-13
4.740230e-13
4.717779e-13
4.695320e-13
4.672854e-13
4.650380e-13
4.627899e-13
4.605410e-13
4.582914e-13
4.560411e-13
4.537901e-13
4.515383e-13
4.492859e-13
4.470328e-13
4.447789e-13
4.425245e-13
4.402693e-13
4.380135e-13
4.357570e-13
4.334999e-13
4.312422e-13
4.289838e-13
4.267249e-13
4.244653e-13
4.222051e-13
4.199443e-13
4.176829e-13
4.154210e-13
4.131585e-13
4.108954e-13
4.086317e-13
4.063675e-13
4.041028e-13
4.018376e-13
3.995718e-13
3.973055e-13
3.950387e-13
3.927714e-13
3.905036e-13
3.882353e-13
3.859666e-13
3.836974e-13
3.814277e-13
3.791576e-13
3.768870e-13
3.746160e-13
3.723446e-13
3.700727e-13
3.678005e-13
3.655278e-13
3.632547e-13
3.609813e-13
3.587074e-13
3.564332e-13
3.541586e-13
3.518837e-13
3.496084e-13
3.473328e-13
3.450568e-13
3.427806e-13
3.405040e-13
3.382270e-13
3.359498e-13
3.336723e-13
3.313945e-13
3.291164e-13
3.268381e-13
3.245595e-13
3.222806e-13
3.200015e-13
3.177221e-13
3.154425e-13
3.131627e-13
3.108827e-13
3.086024e-13
3.063220e-13
3.040413e-13
3.017605e-13
2.994795e-13
2.971983e-13
2.949170e-13
2.926355e-13
2.903538e-13
2.880720e-13
2.857901e-13
2.835080e-13
2.812259e-13
2.789436e-13
2.766612e-13
2.743787e-13
2.720962e-13
2.698135e-13
2.675308e-13
2.652480e-13
2.629652e-13
2.606823e-13
2.583994e-13
2.561164e-13
2.538334e-13
2.515504e-13
2.492674e-13
2.469843e-13
2.447013e-13
2.424183e-13
2.401353e-13
2.378523e-13
2.355694e-13
2.332865e-13
2.310036e-13
2.287209e-13
2.264381e-13
2.241555e-13
2.218729e-13
2.195904e-13
2.173080e-13
2.150257e-13
2.127435e-13
2.104614e-13
2.081794e-13
2.058976e-13
2.036159e-13
2.013344e-13
1.990530e-13
1.967717e-13
1.944907e-13
1.922098e-13
1.899291e-13
1.876485e-13
1.853682e-13
1.830881e-13
1.808082e-13
1.785285e-13
1.762490e-13
1.739698e-13
1.716908e-13
1.694120e-13
1.671335e-13
1.648553e-13
1.625773e-13
1.602996e-13
1.580222e-13
1.557451e-13
1.534683e-13
1.511918e-13
1.489156e-13
1.466397e-13
1.443641e-13
1.420889e-13
1.398140e-13
1.375395e-13
1.352653e-13
1.329915e-13
1.307181e-13
1.284450e-13
1.261723e-13
1.239000e-13
1.216281e-13
1.193567e-13
1.170856e-13
1.148149e-13
1.125447e-13
1.102749e-13
1.080055e-13
1.057366e-13
1.034682e-13
1.012002e-13
9.893268e-14
9.666563e-14
9.439907e-14
9.213299e-14
8.986742e-14
8.760234e-14
8.533778e-14
8.307374e-14
8.081022e-14
7.854723e-14
7.628478e-14
7.402287e-14
7.176152e-14
6.950073e-14
6.724050e-14
6.498085e-14
6.272178e-14
6.046329e-14
5.820540e-14
5.594810e-14
5.369142e-14
5.143535e-14
4.917990e-14
4.692508e-14
4.467089e-14
4.241735e-14
4.016445e-14
3.791221e-14
3.566063e-14
3.340972e-14
3.115948e-14
2.890993e-14
2.666106e-14
2.441290e-14
2.216543e-14
1.991867e-14
1.767263e-14
1.542731e-14
1.318272e-14
1.093887e-14
8.695757e-15
6.453395e-15
4.211789e-15
1.970945e-15
-2.691297e-16
-2.508429e-15
-4.746945e-15
-6.984673e-15
-9.221605e-15
-1.145773e-14
-1.369306e-14
-1.592756e-14
-1.816125e-14
-2.039410e-14
-2.262612e-14
-2.485730e-14
-2.708763e-14
-2.931711e-14
-3.154572e-14
-3.377347e-14
-3.600035e-14
-3.822634e-14
-4.045145e-14
-4.267566e-14
-4.489897e-14
-4.712138e-14
-4.934288e-14
-5.156345e-14
-5.378310e-14
-5.600182e-14
-5.821960e-14
-6.043644e-14
-6.265232e-14
-6.486725e-14
-6.708121e-14
-6.929420e-14
-7.150622e-14
-7.371726e-14
-7.592730e-14
-7.813635e-14
-8.034440e-14
-8.255144e-14
-8.475747e-14
-8.696247e-14
-8.916645e-14
-9.136940e-14
-9.357130e-14
-9.577217e-14
-9.797198e-14
-1.001707e-13
-1.023684e-13
-1.045650e-13
-1.067606e-13
-1.089550e-13
-1.111484e-13
-1.133407e-13
-1.155319e-13
-1.177219e-13
-1.199109e-13
-1.220987e-13
-1.242854e-13
-1.264710e-13
-1.286555e-13
-1.308387e-13
-1.330209e-13
-1.352019e-13
-1.373817e-13
-1.395604e-13
-1.417379e-13
-1.439142e-13
-1.460893e-13
-1.482632e-13
-1.504360e-13
-1.526075e-13
-1.547778e-13
-1.569469e-13
-1.591148e-13
-1.612815e-13
-1.634469e-13
-1.656111e-13
-1.677740e-13
-1.699357e-13
-1.720961e-13
-1.742553e-13
-1.764132e-13
-1.785698e-13
-1.807252e-13
-1.828792e-13
-1.850320e-13
-1.871835e-13
-1.893336e-13
-1.914825e-13
-1.936300e-13
-1.957763e-13
-1.979212e-13
-2.000647e-13
-2.022070e-13
-2.043478e-13
-2.064874e-13
-2.086255e-13
-2.107624e-13
-2.128978e-13
-2.150319e-13
-2.171646e-13
-2.192959e-13
-2.214258e-13
-2.235544e-13
-2.256815e-13
-2.278072e-13
-2.299315e-13
-2.320544e-13
-2.341759e-13
-2.362959e-13
-2.384146e-13
-2.405317e-13
-2.426475e-13
-2.447617e-13
-2.468745e-13
-2.489859e-13
-2.510958e-13
-2.532042e-13
-2.553112e-13
-2.574166e-13
-2.595206e-13
-2.616231e-13
-2.637240e-13
-2.658235e-13
-2.679215e-13
-2.700179e-13
-2.721128e-13
-2.742062e-13
-2.762981e-13
-2.783884e-13
-2.804772e-13
-2.825644e-13
-2.846501e-13
-2.867342e-13
-2.888168e-13
-2.908978e-13
-2.929772e-13
-2.950550e-13
-2.971313e-13
-2.992059e-13
-3.012790e-13
-3.033505e-13
-3.054203e-13
-3.074886e-13
-3.095552e-13
-3.116202e-13
-3.136836e-13
-3.157453e-13
-3.178054e-13
-3.198639e-13
-3.219207e-13
-3.239759e-13
-3.260294e-13
-3.280812e-13
-3.301314e-13
-3.321799e-13
-3.342267e-13
-3.362719e-13
-3.383153e-13
-3.403571e-13
-3.423971e-13
-3.444355e-13
-3.464721e-13
-3.485071e-13
-3.505403e-13
-3.525718e-13
-3.546015e-13
-3.566296e-13
-3.586558e-13
-3.606804e-13
-3.627032e-13
-3.647242e-13
-3.667435e-13
-3.687610e-13
-3.707768e-13
-3.727908e-13
-3.748030e-13
-3.768134e-13
-3.788220e-13
-3.808289e-13
-3.828339e-13
-3.848372e-13
-3.868386e-13
-3.888382e-13
-3.908360e-13
-3.928320e-13
-3.948262e-13
-3.968185e-13
-3.988090e-13
-4.007977e-13
-4.027845e-13
-4.047694e-13
-4.067525e-13
-4.087338e-13
-4.107132e-13
-4.126907e-13
-4.146663e-13
-4.166401e-13
-4.186119e-13
-4.205819e-13
-4.225500e-13
-4.245162e-13
-4.264805e-13
-4.284429e-13
-4.304034e-13
-4.323620e-13
-4.343187e-13
-4.362734e-13
-4.382262e-13
-4.401770e-13
-4.421260e-13
-4.440730e-13
-4.460180e-13
-4.479611e-13
-4.499022e-13
-4.518414e-13
-4.537786e-13
-4.557138e-13
-4.576471e-13
-4.595784e-13
-4.615077e-13
-4.634350e-13
-4.653604e-13
-4.672837e-13
-4.692050e-13
-4.711244e-13
-4.730417e-13
-4.749570e-13
-4.768703e-13
-4.787815e-13
-4.806908e-13
-4.825980e-13
-4.845032e-13
-4.864063e-13
-4.883074e-13
-4.902065e-13
-4.921035e-13
-4.939984e-13
-4.958913e-13
-4.977821e-13
-4.996708e-13
-5.015575e-13
-5.034421e-13
-5.053246e-13
-5.072051e-13
-5.090834e-13
-5.109597e-13
-5.128338e-13
-5.147058e-13
-5.165758e-13
-5.184436e-13
-5.203093e-13
-5.221729e-13
-5.240344e-13
-5.258938e-13
-5.277510e-13
-5.296061e-13
-5.314590e-13
-5.333098e-13
-5.351585e-13
-5.370050e-13
-5.388493e-13
-5.406915e-13
-5.425315e-13
-5.443694e-13
-5.462051e-13
-5.480386e-13
-5.498699e-13
-5.516991e-13
-5.535260e-13
-5.553508e-13
-5.571734e-13
-5.589938e-13
-5.608119e-13
-5.626279e-13
-5.644417e-13
-5.662532e-13
-5.680625e-13
-5.698697e-13
-5.716745e-13
-5.734772e-13
-5.752776e-13
-5.770758e-13
-5.788717e-13
-5.806654e-13
-5.824569e-13
-5.842461e-13
-5.860330e-13
-5.878177e-13
-5.896001e-13
-5.913802e-13
-5.931581e-13
-5.949337e-13
-5.967071e-13
-5.984781e-13
-6.002469e-13
-6.020133e-13
-6.037775e-13
-6.055394e-13
-6.072989e-13
-6.090562e-13
-6.108112e-13
-6.125638e-13
-6.143142e-13
-6.160622e-13
-6.178079e-13
-6.195513e-13
-6.212923e-13
-6.230310e-13
-6.247674e-13
-6.265014e-13
-6.282331e-13
-6.299625e-13
-6.316895e-13
-6.334141e-13
-6.351364e-13
-6.368563e-13
-6.385739e-13
-6.402891e-13
-6.420019e-13
-6.437123e-13
-6.454204e-13
-6.471261e-13
-6.488294e-13
-6.505303e-13
-6.522288e-13
-6.539249e-13
-6.556187e-13
-6.573100e-13
-6.589989e-13
-6.606854e-13
-6.623695e-13
-6.640512e-13
-6.657304e-13
-6.674073e-13
-6.690817e-13
-6.707537e-13
-6.724232e-13
-6.740904e-13
-6.757550e-13
-6.774173e-13
-6.790771e-13
-6.807344e-13
-6.823893e-13
-6.840418e-13
-6.856917e-13
-6.873393e-13
-6.889843e-13
-6.906269e-13
-6.922670e-13
-6.939047e-13
-6.955398e-13
-6.971725e-13
-6.988027e-13
-7.004304e-13
-7.020557e-13
-7.036784e-13
-7.052986e-13
-7.069164e-13
-7.085316e-13
-7.101444e-13
-7.117546e-13
-7.133623e-13
-7.149675e-13
-7.165702e-13
-7.181703e-13
-7.197680e-13
-7.213631e-13
-7.229557e-13
-7.245457e-13
-7.261332e-13
-7.277182e-13
-7.293006e-13
-7.308805e-13
-7.324579e-13
-7.340327e-13
-7.356049e-13
-7.371746e-13
-7.387417e-13
-7.403063e-13
-7.418683e-13
-7.434277e-13
-7.449846e-13
-7.465388e-13
-7.480906e-13
-7.496397e-13
-7.511862e-13
-7.527302e-13
-7.542716e-13
-7.558104e-13
-7.573465e-13
-7.588801e-13
-7.604111e-13
-7.619395e-13
-7.634653e-13
-7.649885e-13
-7.665091e-13
-7.680270e-13
-7.695424e-13
-7.710551e-13
-7.725652e-13
-7.740727e-13
-7.755775e-13
-7.770797e-13
-7.785793e-13
-7.800763e-13
-7.815706e-13
-7.830623e-13
-7.845513e-13
-7.860377e-13
-7.875214e-13
-7.890025e-13
-7.904810e-13
-7.919567e-13
-7.934299e-13
-7.949003e-13
-7.963681e-13
-7.978332e-13
-7.992957e-13
-8.007555e-13
-8.022126e-13
-8.036670e-13
-8.051188e-13
-8.065679e-13
-8.080143e-13
-8.094580e-13
-8.108990e-13
-8.123373e-13
-8.137729e-13
-8.152059e-13
-8.166361e-13
-8.180636e-13
-8.194885e-13
-8.209106e-13
-8.223300e-13
-8.237467e-13
-8.251607e-13
-8.265719e-13
-8.279805e-13
-8.293863e-13
-8.307894e-13
-8.321898e-13
-8.335874e-13
-8.349823e-13
-8.363745e-13
-8.377640e-13
-8.391507e-13
-8.405346e-13
-8.419159e-13
-8.432943e-13
-8.446701e-13
-8.460431e-13
-8.474133e-13
-8.487808e-13
-8.501455e-13
-8.515074e-13
-8.528666e-13
-8.542231e-13
-8.555767e-13
-8.569276e-13
-8.582757e-13
-8.596211e-13
-8.609637e-13
-8.623035e-13
-8.636405e-13
-8.649747e-13
-8.663062e-13
-8.676349e-13
-8.689607e-13
-8.702838e-13
-8.716041e-13
-8.729216e-13
-8.742363e-13
-8.755482e-13
-8.768573e-13
-8.781636e-13
-8.794671e-13
-8.807678e-13
-8.820657e-13
-8.833608e-13
-8.846530e-13
-8.859425e-13
-8.872291e-13
-8.885129e-13
-8.897938e-13
-8.910720e-13
-8.923473e-13
-8.936198e-13
-8.948895e-13
-8.961563e-13
-8.974203e-13
-8.986814e-13
-8.999398e-13
-9.011952e-13
-9.024479e-13
-9.036977e-13
-9.049446e-13
-9.061887e-13
-9.074299e-13
-9.086683e-13
-9.099039e-13
-9.111365e-13
-9.123664e-13
-9.135933e-13
-9.148174e-13
-9.160386e-13
-9.172570e-13
-9.184725e-13
-9.196851e-13
-9.208949e-13
-9.221018e-13
-9.233058e-13
-9.245069e-13
-9.257051e-13
-9.269005e-13
-9.280930e-13
-9.292826e-13
-9.304693e-13
-9.316531e-13
-9.328340e-13
-9.340121e-13
-9.351872e-13
-9.363594e-13
-9.375288e-13
-9.386952e-13
-9.398588e-13
-9.410194e-13
-9.421771e-13
-9.433320e-13
-9.444839e-13
-9.456329e-13
-9.467790e-13
-9.479222e-13
-9.490624e-13
-9.501998e-13
-9.513342e-13
-9.524657e-13
-9.535943e-13
-9.547200e-13
-9.558427e-13
-9.569625e-13
-9.580794e-13
-9.591933e-13
-9.603043e-13
-9.614124e-13
-9.625176e-13
-9.636198e-13
-9.647190e-13
-9.658154e-13
-9.669087e-13
-9.679992e-13
-9.690867e-13
-9.701712e-13
-9.712528e-13
-9.723314e-13
-9.734071e-13
-9.744799e-13
-9.755496e-13
-9.766165e-13
-9.776803e-13
-9.787412e-13
-9.797992e-13
-9.808541e-13
-9.819062e-13
-9.829552e-13
-9.840013e-13
-9.850444e-13
-9.860845e-13
-9.871217e-13
-9.881559e-13
-9.891871e-13
-9.902153e-13
-9.912406e-13
-9.922628e-13
-9.932821e-13
-9.942985e-13
-9.953118e-13
-9.963221e-13
-9.973295e-13
-9.983338e-13
-9.993352e-13
-1.000334e-12
-1.001329e-12
-1.002321e-12
-1.003311e-12
-1.004297e-12
-1.005281e-12
-1.006261e-12
-1.007238e-12
-1.008213e-12
-1.009184e-12
-1.010153e-12
-1.011118e-12
-1.012080e-12
-1.013040e-12
-1.013996e-12
-1.014949e-12
-1.015900e-12
-1.016847e-12
-1.017791e-12
-1.018733e-12
-1.019671e-12
-1.020606e-12
-1.021538e-12
-1.022467e-12
-1.023394e-12
-1.024317e-12
-1.025237e-12
-1.026154e-12
-1.027068e-12
-1.027979e-12
-1.028887e-12
-1.029792e-12
-1.030694e-12
-1.031593e-12
-1.032488e-12
-1.033381e-12
-1.034271e-12
-1.035158e-12
-1.036041e-12
-1.036922e-12
-1.037800e-12
-1.038674e-12
-1.039546e-12
-1.040414e-12
-1.041280e-12
-1.042142e-12
-1.043001e-12
-1.043857e-12
-1.044711e-12
-1.045561e-12
-1.046408e-12
-1.047252e-12
-1.048093e-12
-1.048931e-12
-1.049766e-12
-1.050597e-12
-1.051426e-12
-1.052252e-12
-1.053074e-12
-1.053894e-12
-1.054710e-12
-1.055524e-12
-1.056334e-12
-1.057141e-12
-1.057945e-12
-1.058746e-12
-1.059544e-12
-1.060339e-12
-1.061131e-12
-1.061920e-12
-1.062706e-12
-1.063488e-12
-1.064268e-12
-1.065044e-12
-1.065818e-12
-1.066588e-12
-1.067355e-12
-1.068119e-12
-1.068881e-12
-1.069638e-12
-1.070393e-12
-1.071145e-12
-1.071894e-12
-1.072639e-12
-1.073382e-12
-1.074121e-12
-1.074858e-12
-1.075591e-12
-1.076321e-12
-1.077048e-12
-1.077772e-12
-1.078493e-12
-1.079210e-12
-1.079925e-12
-1.080637e-12
-1.081345e-12
-1.082050e-12
-1.082753e-12
-1.083452e-12
-1.084148e-12
-1.084841e-12
-1.085530e-12
-1.086217e-12
-1.086901e-12
-1.087581e-12
-1.088258e-12
-1.088933e-12
-1.089604e-12
-1.090272e-12
-1.090937e-12
-1.091598e-12
-1.092257e-12
-1.092913e-12
-1.093565e-12
-1.094214e-12
-1.094860e-12
-1.095503e-12
-1.096143e-12
-1.096780e-12
-1.097414e-12
-1.098044e-12
-1.098672e-12
-1.099296e-12
-1.099917e-12
-1.100535e-12
-1.101150e-12
-1.101762e-12
-1.102371e-12
-1.102976e-12
-1.103579e-12
-1.104178e-12
-1.104774e-12
-1.105367e-12
-1.105957e-12
-1.106544e-12
-1.107127e-12
-1.107708e-12
-1.108285e-12
-1.108859e-12
-1.109430e-12
-1.109998e-12
-1.110563e-12
-1.111124e-12
-1.111683e-12
-1.112238e-12
-1.112790e-12
-1.113339e-12
-1.113885e-12
-1.114428e-12
-1.114968e-12
-1.115504e-12
-1.116037e-12
-1.116568e-12
-1.117095e-12
-1.117619e-12
-1.118139e-12
-1.118657e-12
-1.119171e-12
-1.119682e-12
-1.120191e-12
-1.120696e-12
-1.121197e-12
-1.121696e-12
-1.122191e-12
-1.122684e-12
-1.123173e-12
-1.123659e-12
-1.124142e-12
-1.124622e-12
-1.125098e-12
-1.125571e-12
-1.126042e-12
-1.126509e-12
-1.126973e-12
-1.127433e-12
-1.127891e-12
-1.128345e-12
-1.128797e-12
-1.129245e-12
-1.129690e-12
-1.130131e-12
-1.130570e-12
-1.131006e-12
-1.131438e-12
-1.131867e-12
-1.132293e-12
-1.132716e-12
-1.133135e-12
-1.133552e-12
-1.133965e-12
-1.134375e-12
-1.134782e-12
-1.135186e-12
-1.135586e-12
-1.135984e-12
-1.136378e-12
-1.136769e-12
-1.137157e-12
-1.137541e-12
-1.137923e-12
-1.138301e-12
-1.138676e-12
-1.139048e-12
-1.139417e-12
-1.139783e-12
-1.140145e-12
-1.140505e-12
-1.140861e-12
-1.141214e-12
-1.141564e-12
-1.141910e-12
-1.142254e-12
-1.142594e-12
-1.142931e-12
-1.143265e-12
-1.143595e-12
-1.143923e-12
-1.144247e-12
-1.144568e-12
-1.144886e-12
-1.145201e-12
-1.145513e-12
-1.145821e-12
-1.146126e-12
-1.146428e-12
-1.146727e-12
-1.147023e-12
-1.147315e-12
-1.147605e-12
-1.147891e-12
-1.148174e-12
-1.148453e-12
-1.148730e-12
-1.149003e-12
-1.149273e-12
-1.149540e-12
-1.149804e-12
-1.150065e-12
-1.150322e-12
-1.150576e-12
-1.150827e-12
-1.151075e-12
-1.151320e-12
-1.151561e-12
-1.151800e-12
-1.152035e-12
-1.152267e-12
-1.152495e-12
-1.152721e-12
-1.152943e-12
-1.153162e-12
-1.153378e-12
-1.153591e-12
-1.153800e-12
-1.154007e-12
-1.154210e-12
-1.154410e-12
-1.154607e-12
-1.154800e-12
-1.154990e-12
-1.155178e-12
-1.155362e-12
-1.155542e-12
-1.155720e-12
-1.155894e-12
-1.156066e-12
-1.156234e-12
-1.156398e-12
-1.156560e-12
-1.156718e-12
-1.156874e-12
-1.157026e-12
-1.157174e-12
-1.157320e-12
-1.157462e-12
-1.157602e-12
-1.157738e-12
-1.157871e-12
-1.158000e-12
-1.158127e-12
-1.158250e-12
-1.158370e-12
-1.158487e-12
-1.158600e-12
-1.158711e-12
-1.158818e-12
-1.158922e-12
-1.159023e-12
-1.159120e-12
-1.159215e-12
-1.159306e-12
-1.159394e-12
-1.159479e-12
-1.159561e-12
-1.159639e-12
-1.159714e-12
-1.159786e-12
-1.159855e-12
-1.159921e-12
-1.159983e-12
-1.160042e-12
-1.160098e-12
-1.160151e-12
-1.160201e-12
-1.160247e-12
-1.160291e-12
-1.160331e-12
-1.160367e-12
-1.160401e-12
-1.160431e-12
-1.160459e-12
-1.160483e-12
-1.160503e-12
-1.160521e-12
-1.160535e-12
-1.160547e-12
-1.160555e-12
-1.160559e-12
-1.160561e-12
