1.588215e-12
1.588213e-12
1.588205e-12
1.588192e-12
1.588173e-12
1.588150e-12
1.588121e-12
1.588087e-12
1.588048e-12
1.588003e-12
1.587953e-12
1.587898e-12
1.587838e-12
1.587772e-12
1.587701e-12
1.587625e-12
1.587544e-12
1.587457e-12
1.587366e-12
1.587269e-12
1.587166e-12
1.587059e-12
1.586946e-12
1.586828e-12
1.586705e-12
1.586576e-12
1.586443e-12
1.586304e-12
1.586159e-12
1.586010e-12
1.585855e-12
1.585695e-12
1.585530e-12
1.585360e-12
1.585184e-12
1.585003e-12
1.584817e-12
1.584626e-12
1.584430e-12
1.584228e-12
1.584021e-12
1.583809e-12
1.583591e-12
1.583368e-12
1.583141e-12
1.582907e-12
1.582669e-12
1.582426e-12
1.582177e-12
1.581923e-12
1.581664e-12
1.581399e-12
1.581130e-12
1.580855e-12
1.580575e-12
1.580289e-12
1.579999e-12
1.579703e-12
1.579402e-12
1.579096e-12
1.578785e-12
1.578468e-12
1.578147e-12
1.577820e-12
1.577487e-12
1.577150e-12
1.576808e-12
1.576460e-12
1.576107e-12
1.575749e-12
1.575386e-12
1.575017e-12
1.574644e-12
1.574265e-12
1.573881e-12
1.573492e-12
1.573097e-12
1.572698e-12
1.572293e-12
1.571883e-12
1.571468e-12
1.571048e-12
1.570622e-12
1.570192e-12
1.569756e-12
1.569315e-12
1.568869e-12
1.568418e-12
1.567961e-12
1.567500e-12
1.567033e-12
1.566561e-12
1.566084e-12
1.565602e-12
1.565115e-12
1.564623e-12
1.564125e-12
1.563622e-12
1.563115e-12
1.562602e-12
1.562084e-12
1.561560e-12
1.561032e-12
1.560499e-12
1.559960e-12
1.559417e-12
1.558868e-12
1.558314e-12
1.557755e-12
1.557191e-12
1.556622e-12
1.556047e-12
1.555468e-12
1.554883e-12
1.554294e-12
1.553699e-12
1.553099e-12
1.552494e-12
1.551885e-12
1.551270e-12
1.550649e-12
1.550024e-12
1.549394e-12
1.548759e-12
1.548118e-12
1.547473e-12
1.546822e-12
1.546167e-12
1.545506e-12
1.544841e-12
1.544170e-12
1.543494e-12
1.542813e-12
1.542128e-12
1.541437e-12
1.540741e-12
1.540040e-12
1.539334e-12
1.538623e-12
1.537907e-12
1.537186e-12
1.536460e-12
1.535729e-12
1.534993e-12
1.534252e-12
1.533506e-12
1.532755e-12
1.531999e-12
1.531238e-12
1.530472e-12
1.529701e-12
1.528925e-12
1.528144e-12
1.527359e-12
1.526568e-12
1.525772e-12
1.524971e-12
1.524166e-12
1.523355e-12
1.522539e-12
1.521719e-12
1.520893e-12
1.520063e-12
1.519227e-12
1.518387e-12
1.517542e-12
1.516692e-12
1.515837e-12
1.514977e-12
1.514112e-12
1.513242e-12
1.512367e-12
1.511488e-12
1.510603e-12
1.509714e-12
1.508820e-12
1.507920e-12
1.507016e-12
1.506108e-12
1.505194e-12
1.504275e-12
1.503352e-12
1.502423e-12
1.501490e-12
1.500552e-12
1.499609e-12
1.498661e-12
1.497709e-12
1.496751e-12
1.495789e-12
1.494822e-12
1.493850e-12
1.492874e-12
1.491892e-12
1.490906e-12
1.489915e-12
1.488919e-12
1.487918e-12
1.486913e-12
1.485902e-12
1.484887e-12
1.483868e-12
1.482843e-12
1.481814e-12
1.480780e-12
1.479741e-12
1.478697e-12
1.477649e-12
1.476596e-12
1.475538e-12
1.474475e-12
1.473408e-12
1.472336e-12
1.471259e-12
1.470178e-12
1.469092e-12
1.468001e-12
1.466906e-12
1.465805e-12
1.464700e-12
1.463591e-12
1.462477e-12
1.461358e-12
1.460234e-12
1.459106e-12
1.457973e-12
1.456835e-12
1.455693e-12
1.454546e-12
1.453395e-12
1.452238e-12
1.451078e-12
1.449912e-12
1.448742e-12
1.447568e-12
1.446389e-12
1.445205e-12
1.444016e-12
1.442823e-12
1.441626e-12
1.440424e-12
1.439217e-12
1.438006e-12
1.436790e-12
1.435569e-12
1.434344e-12
1.433115e-12
1.431881e-12
1.430642e-12
1.429399e-12
1.428151e-12
1.426899e-12
1.425643e-12
1.424382e-12
1.423116e-12
1.421846e-12
1.420571e-12
1.419292e-12
1.418008e-12
1.416720e-12
1.415428e-12
1.414131e-12
1.412829e-12
1.411523e-12
1.410213e-12
1.408898e-12
1.407579e-12
1.406255e-12
1.404927e-12
1.403595e-12
1.402258e-12
1.400916e-12
1.399571e-12
1.398221e-12
1.396866e-12
1.395507e-12
1.394144e-12
1.392776e-12
1.391405e-12
1.390028e-12
1.388648e-12
1.387263e-12
1.385873e-12
1.384480e-12
1.383082e-12
1.381679e-12
1.380273e-12
1.378862e-12
1.377447e-12
1.376027e-12
1.374603e-12
1.373175e-12
1.371743e-12
1.370306e-12
1.368865e-12
1.367420e-12
1.365971e-12
1.364517e-12
1.363059e-12
1.361597e-12
1.360131e-12
1.358661e-12
1.357186e-12
1.355707e-12
1.354224e-12
1.352737e-12
1.351245e-12
1.349749e-12
1.348250e-12
1.346746e-12
1.345237e-12
1.343725e-12
1.342209e-12
1.340688e-12
1.339163e-12
1.337635e-12
1.336102e-12
1.334564e-12
1.333023e-12
1.331478e-12
1.329929e-12
1.328375e-12
1.326818e-12
1.325256e-12
1.323691e-12
1.322121e-12
1.320547e-12
1.318969e-12
1.317387e-12
1.315802e-12
1.314212e-12
1.312618e-12
1.311020e-12
1.309418e-12
1.307812e-12
1.306202e-12
1.304588e-12
1.302971e-12
1.301349e-12
1.299723e-12
1.298093e-12
1.296460e-12
1.294822e-12
1.293181e-12
1.291535e-12
1.289886e-12
1.288233e-12
1.286575e-12
1.284914e-12
1.283249e-12
1.281581e-12
1.279908e-12
1.278231e-12
1.276551e-12
1.274867e-12
1.273179e-12
1.271487e-12
1.269791e-12
1.268091e-12
1.266388e-12
1.264681e-12
1.262970e-12
1.261255e-12
1.259536e-12
1.257814e-12
1.256088e-12
1.254358e-12
1.252624e-12
1.250887e-12
1.249146e-12
1.247401e-12
1.245652e-12
1.243900e-12
1.242144e-12
1.240384e-12
1.238621e-12
1.236854e-12
1.235083e-12
1.233308e-12
1.231530e-12
1.229749e-12
1.227963e-12
1.226174e-12
1.224381e-12
1.222585e-12
1.220785e-12
1.218981e-12
1.217174e-12
1.215364e-12
1.213549e-12
1.211731e-12
1.209910e-12
1.208085e-12
1.206256e-12
1.204424e-12
1.202588e-12
1.200749e-12
1.198906e-12
1.197060e-12
1.195210e-12
1.193357e-12
1.191500e-12
1.189640e-12
1.187776e-12
1.185909e-12
1.184038e-12
1.182164e-12
1.180286e-12
1.178405e-12
1.176521e-12
1.174633e-12
1.172742e-12
1.170847e-12
1.168949e-12
1.167047e-12
1.165143e-12
1.163234e-12
1.161323e-12
1.159408e-12
1.157489e-12
1.155568e-12
1.153643e-12
1.151714e-12
1.149783e-12
1.147848e-12
1.145910e-12
1.143968e-12
1.142023e-12
1.140075e-12
1.138124e-12
1.136169e-12
1.134211e-12
1.132250e-12
1.130286e-12
1.128318e-12
1.126347e-12
1.124373e-12
1.122396e-12
1.120415e-12
1.118432e-12
1.116445e-12
1.114455e-12
1.112462e-12
1.110466e-12
1.108466e-12
1.106464e-12
1.104458e-12
1.102449e-12
1.100437e-12
1.098422e-12
1.096404e-12
1.094383e-12
1.092358e-12
1.090331e-12
1.088301e-12
1.086267e-12
1.084231e-12
1.082191e-12
1.080148e-12
1.078103e-12
1.076054e-12
1.074003e-12
1.071948e-12
1.069890e-12
1.067830e-12
1.065766e-12
1.063700e-12
1.061630e-12
1.059558e-12
1.057482e-12
1.055404e-12
1.053323e-12
1.051239e-12
1.049152e-12
1.047062e-12
1.044969e-12
1.042873e-12
1.040775e-12
1.038673e-12
1.036569e-12
1.034462e-12
1.032352e-12
1.030239e-12
1.028124e-12
1.026005e-12
1.023884e-12
1.021760e-12
1.019634e-12
1.017504e-12
1.015372e-12
1.013237e-12
1.011099e-12
1.008959e-12
1.006815e-12
1.004669e-12
1.002521e-12
1.000369e-12
9.982153e-13
9.960585e-13
9.938991e-13
9.917370e-13
9.895722e-13
9.874048e-13
9.852348e-13
9.830621e-13
9.808868e-13
9.787089e-13
9.765284e-13
9.743452e-13
9.721595e-13
9.699712e-13
9.677804e-13
9.655869e-13
9.633910e-13
9.611924e-13
9.589914e-13
9.567878e-13
9.545817e-13
9.523731e-13
9.501619e-13
9.479483e-13
9.457322e-13
9.435137e-13
9.412926e-13
9.390691e-13
9.368432e-13
9.346148e-13
9.323840e-13
9.301508e-13
9.279151e-13
9.256771e-13
9.234366e-13
9.211938e-13
9.189486e-13
9.167010e-13
9.144511e-13
9.121988e-13
9.099442e-13
9.076872e-13
9.054280e-13
9.031664e-13
9.009025e-13
8.986363e-13
8.963678e-13
8.940970e-13
8.918240e-13
8.895487e-13
8.872711e-13
8.849914e-13
8.827093e-13
8.804251e-13
8.781386e-13
8.758500e-13
8.735591e-13
8.712660e-13
8.689708e-13
8.666734e-13
8.643738e-13
8.620721e-13
8.597682e-13
8.574622e-13
8.551541e-13
8.528438e-13
8.505315e-13
8.482170e-13
8.459005e-13
8.435818e-13
8.412611e-13
8.389384e-13
8.366136e-13
8.342867e-13
8.319578e-13
8.296269e-13
8.272939e-13
8.249590e-13
8.226220e-13
8.202831e-13
8.179421e-13
8.155992e-13
8.132544e-13
8.109076e-13
8.085588e-13
8.062081e-13
8.038555e-13
8.015009e-13
7.991444e-13
7.967861e-13
7.944258e-13
7.920637e-13
7.896997e-13
7.873338e-13
7.849661e-13
7.825965e-13
7.802251e-13
7.778519e-13
7.754768e-13
7.730999e-13
7.707213e-13
7.683408e-13
7.659586e-13
7.635745e-13
7.611888e-13
7.588012e-13
7.564119e-13
7.540209e-13
7.516282e-13
7.492337e-13
7.468375e-13
7.444396e-13
7.420400e-13
7.396388e-13
7.372358e-13
7.348312e-13
7.324250e-13
7.300171e-13
7.276075e-13
7.251964e-13
7.227836e-13
7.203692e-13
7.179532e-13
7.155356e-13
7.131164e-13
7.106957e-13
7.082733e-13
7.058495e-13
7.034240e-13
7.009971e-13
6.985686e-13
6.961386e-13
6.937071e-13
6.912741e-13
6.888395e-13
6.864035e-13
6.839661e-13
6.815271e-13
6.790867e-13
6.766449e-13
6.742016e-13
6.717569e-13
6.693108e-13
6.668632e-13
6.644143e-13
6.619639e-13
6.595122e-13
6.570591e-13
6.546047e-13
6.521488e-13
6.496917e-13
6.472332e-13
6.447733e-13
6.423122e-13
6.398497e-13
6.373859e-13
6.349209e-13
6.324545e-13
6.299869e-13
6.275180e-13
6.250479e-13
6.225765e-13
6.201038e-13
6.176299e-13
6.151549e-13
6.126786e-13
6.102010e-13
6.077223e-13
6.052425e-13
6.027614e-13
6.002792e-13
5.977958e-13
5.953112e-13
5.928256e-13
5.903388e-13
5.878508e-13
5.853618e-13
5.828716e-13
5.803804e-13
5.778881e-13
5.753946e-13
5.729002e-13
5.704046e-13
5.679080e-13
5.654104e-13
5.629118e-13
5.604121e-13
5.579114e-13
5.554097e-13
5.529070e-13
5.504033e-13
5.478986e-13
5.453930e-13
5.428864e-13
5.403788e-13
5.378703e-13
5.353609e-13
5.328505e-13
5.303393e-13
5.278271e-13
5.253140e-13
5.228001e-13
5.202852e-13
5.177695e-13
5.152529e-13
5.127355e-13
5.102172e-13
5.076981e-13
5.051782e-13
5.026574e-13
5.001358e-13
4.976135e-13
4.950903e-13
4.925663e-13
4.900416e-13
4.875161e-13
4.849899e-13
4.824629e-13
4.799352e-13
4.774067e-13
4.748776e-13
4.723477e-13
4.698171e-13
4.672858e-13
4.647538e-13
4.622212e-13
4.596879e-13
4.571539e-13
4.546193e-13
4.520840e-13
4.495481e-13
4.470116e-13
4.444744e-13
4.419367e-13
4.393984e-13
4.368594e-13
4.343199e-13
4.317798e-13
4.292392e-13
4.266980e-13
4.241562e-13
4.216140e-13
4.190712e-13
4.165278e-13
4.139840e-13
4.114397e-13
4.088948e-13
4.063495e-13
4.038037e-13
4.012575e-13
3.987108e-13
3.961636e-13
3.936160e-13
3.910679e-13
3.885195e-13
3.859706e-13
3.834213e-13
3.808717e-13
3.783216e-13
3.757712e-13
3.732203e-13
3.706692e-13
3.681176e-13
3.655657e-13
3.630135e-13
3.604610e-13
3.579081e-13
3.553550e-13
3.528015e-13
3.502477e-13
3.476936e-13
3.451393e-13
3.425847e-13
3.400299e-13
3.374747e-13
3.349194e-13
3.323638e-13
3.298080e-13
3.272520e-13
3.246957e-13
3.221393e-13
3.195827e-13
3.170258e-13
3.144689e-13
3.119117e-13
3.093544e-13
3.067969e-13
3.042393e-13
3.016816e-13
2.991237e-13
2.965658e-13
2.940077e-13
2.914495e-13
2.888912e-13
2.863329e-13
2.837745e-13
2.812160e-13
2.786575e-13
2.760989e-13
2.735402e-13
2.709816e-13
2.684229e-13
2.658642e-13
2.633055e-13
2.607468e-13
2.581881e-13
2.556294e-13
2.530708e-13
2.505122e-13
2.479536e-13
2.453951e-13
2.428366e-13
2.402782e-13
2.377199e-13
2.351617e-13
2.326036e-13
2.300456e-13
2.274876e-13
2.249298e-13
2.223722e-13
2.198146e-13
2.172572e-13
2.147000e-13
2.121429e-13
2.095860e-13
2.070293e-13
2.044727e-13
2.019163e-13
1.993602e-13
1.968042e-13
1.942485e-13
1.916930e-13
1.891377e-13
1.865826e-13
1.840278e-13
1.814733e-13
1.789190e-13
1.763650e-13
1.738113e-13
1.712579e-13
1.687048e-13
1.661519e-13
1.635994e-13
1.610472e-13
1.584954e-13
1.559439e-13
1.533927e-13
1.508419e-13
1.482914e-13
1.457413e-13
1.431916e-13
1.406423e-13
1.380933e-13
1.355448e-13
1.329967e-13
1.304490e-13
1.279017e-13
1.253548e-13
1.228084e-13
1.202625e-13
1.177170e-13
1.151719e-13
1.126274e-13
1.100833e-13
1.075397e-13
1.049966e-13
1.024540e-13
9.991193e-14
9.737037e-14
9.482933e-14
9.228883e-14
8.974888e-14
8.720947e-14
8.467063e-14
8.213235e-14
7.959464e-14
7.705752e-14
7.452098e-14
7.198505e-14
6.944971e-14
6.691500e-14
6.438090e-14
6.184743e-14
5.931459e-14
5.678240e-14
5.425086e-14
5.171998e-14
4.918977e-14
4.666023e-14
4.413137e-14
4.160321e-14
3.907574e-14
3.654897e-14
3.402292e-14
3.149758e-14
2.897298e-14
2.644910e-14
2.392597e-14
2.140360e-14
1.888197e-14
1.636112e-14
1.384103e-14
1.132173e-14
8.803215e-15
6.285495e-15
3.768577e-15
1.252469e-15
-1.262821e-15
-3.777287e-15
-6.290920e-15
-8.803713e-15
-1.131566e-14
-1.382675e-14
-1.633698e-14
-1.884634e-14
-2.135482e-14
-2.386242e-14
-2.636913e-14
-2.887494e-14
-3.137984e-14
-3.388383e-14
-3.638689e-14
-3.888903e-14
-4.139024e-14
-4.389050e-14
-4.638981e-14
-4.888816e-14
-5.138555e-14
-5.388197e-14
-5.637740e-14
-5.887186e-14
-6.136531e-14
-6.385777e-14
-6.634922e-14
-6.883965e-14
-7.132907e-14
-7.381745e-14
-7.630479e-14
-7.879110e-14
-8.127635e-14
-8.376054e-14
-8.624367e-14
-8.872572e-14
-9.120670e-14
-9.368659e-14
-9.616538e-14
-9.864308e-14
-1.011197e-13
-1.035951e-13
-1.060695e-13
-1.085427e-13
-1.110148e-13
-1.134857e-13
-1.159555e-13
-1.184242e-13
-1.208916e-13
-1.233580e-13
-1.258231e-13
-1.282870e-13
-1.307498e-13
-1.332113e-13
-1.356717e-13
-1.381308e-13
-1.405887e-13
-1.430454e-13
-1.455009e-13
-1.479551e-13
-1.504080e-13
-1.528598e-13
-1.553102e-13
-1.577594e-13
-1.602073e-13
-1.626539e-13
-1.650993e-13
-1.675433e-13
-1.699861e-13
-1.724275e-13
-1.748677e-13
-1.773065e-13
-1.797439e-13
-1.821801e-13
-1.846149e-13
-1.870483e-13
-1.894804e-13
-1.919112e-13
-1.943406e-13
-1.967685e-13
-1.991952e-13
-2.016204e-13
-2.040442e-13
-2.064667e-13
-2.088877e-13
-2.113073e-13
-2.137255e-13
-2.161422e-13
-2.185576e-13
-2.209714e-13
-2.233839e-13
-2.257949e-13
-2.282044e-13
-2.306125e-13
-2.330190e-13
-2.354241e-13
-2.378278e-13
-2.402299e-13
-2.426305e-13
-2.450296e-13
-2.474272e-13
-2.498233e-13
-2.522179e-13
-2.546109e-13
-2.570024e-13
-2.593924e-13
-2.617808e-13
-2.641677e-13
-2.665529e-13
-2.689367e-13
-2.713188e-13
-2.736994e-13
-2.760783e-13
-2.784557e-13
-2.808315e-13
-2.832057e-13
-2.855782e-13
-2.879492e-13
-2.903185e-13
-2.926862e-13
-2.950522e-13
-2.974166e-13
-2.997794e-13
-3.021404e-13
-3.044999e-13
-3.068576e-13
-3.092137e-13
-3.115681e-13
-3.139208e-13
-3.162719e-13
-3.186212e-13
-3.209688e-13
-3.233147e-13
-3.256589e-13
-3.280014e-13
-3.303421e-13
-3.326811e-13
-3.350184e-13
-3.373539e-13
-3.396877e-13
-3.420197e-13
-3.443499e-13
-3.466784e-13
-3.490051e-13
-3.513300e-13
-3.536531e-13
-3.559744e-13
-3.582939e-13
-3.606116e-13
-3.629275e-13
-3.652416e-13
-3.675539e-13
-3.698643e-13
-3.721729e-13
-3.744796e-13
-3.767845e-13
-3.790875e-13
-3.813887e-13
-3.836881e-13
-3.859855e-13
-3.882811e-13
-3.905748e-13
-3.928666e-13
-3.951565e-13
-3.974445e-13
-3.997306e-13
-4.020148e-13
-4.042970e-13
-4.065774e-13
-4.088558e-13
-4.111323e-13
-4.134068e-13
-4.156794e-13
-4.179501e-13
-4.202188e-13
-4.224855e-13
-4.247503e-13
-4.270131e-13
-4.292739e-13
-4.315327e-13
-4.337896e-13
-4.360444e-13
-4.382973e-13
-4.405481e-13
-4.427969e-13
-4.450437e-13
-4.472885e-13
-4.495313e-13
-4.517720e-13
-4.540107e-13
-4.562473e-13
-4.584819e-13
-4.607145e-13
-4.629449e-13
-4.651733e-13
-4.673997e-13
-4.696239e-13
-4.718461e-13
-4.740662e-13
-4.762842e-13
-4.785001e-13
-4.807139e-13
-4.829256e-13
-4.851352e-13
-4.873426e-13
-4.895480e-13
-4.917512e-13
-4.939522e-13
-4.961511e-13
-4.983479e-13
-5.005426e-13
-5.027350e-13
-5.049253e-13
-5.071135e-13
-5.092995e-13
-5.114833e-13
-5.136649e-13
-5.158443e-13
-5.180215e-13
-5.201966e-13
-5.223694e-13
-5.245400e-13
-5.267085e-13
-5.288747e-13
-5.310386e-13
-5.332004e-13
-5.353599e-13
-5.375172e-13
-5.396722e-13
-5.418250e-13
-5.439756e-13
-5.461238e-13
-5.482699e-13
-5.504136e-13
-5.525551e-13
-5.546943e-13
-5.568312e-13
-5.589658e-13
-5.610982e-13
-5.632282e-13
-5.653560e-13
-5.674814e-13
-5.696045e-13
-5.717253e-13
-5.738438e-13
-5.759600e-13
-5.780738e-13
-5.801853e-13
-5.822945e-13
-5.844013e-13
-5.865057e-13
-5.886078e-13
-5.907076e-13
-5.928049e-13
-5.949000e-13
-5.969926e-13
-5.990828e-13
-6.011707e-13
-6.032562e-13
-6.053393e-13
-6.074200e-13
-6.094983e-13
-6.115742e-13
-6.136477e-13
-6.157187e-13
-6.177874e-13
-6.198536e-13
-6.219174e-13
-6.239787e-13
-6.260376e-13
-6.280941e-13
-6.301481e-13
-6.321997e-13
-6.342488e-13
-6.362955e-13
-6.383397e-13
-6.403814e-13
-6.424206e-13
-6.444574e-13
-6.464917e-13
-6.485235e-13
-6.505528e-13
-6.525796e-13
-6.546039e-13
-6.566257e-13
-6.586450e-13
-6.606618e-13
-6.626760e-13
-6.646877e-13
-6.666969e-13
-6.687036e-13
-6.707078e-13
-6.727093e-13
-6.747084e-13
-6.767049e-13
-6.786988e-13
-6.806902e-13
-6.826791e-13
-6.846653e-13
-6.866490e-13
-6.886301e-13
-6.906087e-13
-6.925846e-13
-6.945580e-13
-6.965288e-13
-6.984969e-13
-7.004625e-13
-7.024255e-13
-7.043859e-13
-7.063436e-13
-7.082988e-13
-7.102513e-13
-7.122012e-13
-7.141484e-13
-7.160931e-13
-7.180350e-13
-7.199744e-13
-7.219111e-13
-7.238452e-13
-7.257766e-13
-7.277053e-13
-7.296314e-13
-7.315548e-13
-7.334756e-13
-7.353936e-13
-7.373090e-13
-7.392218e-13
-7.411318e-13
-7.430391e-13
-7.449438e-13
-7.468458e-13
-7.487450e-13
-7.506416e-13
-7.525354e-13
-7.544265e-13
-7.563149e-13
-7.582006e-13
-7.600836e-13
-7.619638e-13
-7.638413e-13
-7.657161e-13
-7.675881e-13
-7.694574e-13
-7.713240e-13
-7.731877e-13
-7.750488e-13
-7.769071e-13
-7.787626e-13
-7.806153e-13
-7.824653e-13
-7.843125e-13
-7.861569e-13
-7.879986e-13
-7.898374e-13
-7.916735e-13
-7.935068e-13
-7.953373e-13
-7.971650e-13
-7.989898e-13
-8.008119e-13
-8.026312e-13
-8.044476e-13
-8.062613e-13
-8.080721e-13
-8.098801e-13
-8.116852e-13
-8.134876e-13
-8.152871e-13
-8.170837e-13
-8.188775e-13
-8.206685e-13
-8.224566e-13
-8.242419e-13
-8.260243e-13
-8.278038e-13
-8.295805e-13
-8.313543e-13
-8.331253e-13
-8.348934e-13
-8.366586e-13
-8.384209e-13
-8.401803e-13
-8.419369e-13
-8.436905e-13
-8.454413e-13
-8.471891e-13
-8.489341e-13
-8.506761e-13
-8.524153e-13
-8.541515e-13
-8.558849e-13
-8.576153e-13
-8.593427e-13
-8.610673e-13
-8.627889e-13
-8.645076e-13
-8.662234e-13
-8.679362e-13
-8.696461e-13
-8.713531e-13
-8.730571e-13
-8.747581e-13
-8.764562e-13
-8.781513e-13
-8.798435e-13
-8.815327e-13
-8.832190e-13
-8.849022e-13
-8.865825e-13
-8.882599e-13
-8.899342e-13
-8.916056e-13
-8.932740e-13
-8.949393e-13
-8.966017e-13
-8.982611e-13
-8.999175e-13
-9.015710e-13
-9.032214e-13
-9.048687e-13
-9.065131e-13
-9.081545e-13
-9.097928e-13
-9.114282e-13
-9.130605e-13
-9.146898e-13
-9.163160e-13
-9.179393e-13
-9.195595e-13
-9.211766e-13
-9.227907e-13
-9.244018e-13
-9.260098e-13
-9.276148e-13
-9.292167e-13
-9.308156e-13
-9.324114e-13
-9.340041e-13
-9.355938e-13
-9.371804e-13
-9.387640e-13
-9.403445e-13
-9.419219e-13
-9.434962e-13
-9.450674e-13
-9.466356e-13
-9.482007e-13
-9.497627e-13
-9.513215e-13
-9.528773e-13
-9.544300e-13
-9.559796e-13
-9.575261e-13
-9.590695e-13
-9.606098e-13
-9.621470e-13
-9.636810e-13
-9.652119e-13
-9.667398e-13
-9.682645e-13
-9.697860e-13
-9.713045e-13
-9.728198e-13
-9.743319e-13
-9.758410e-13
-9.773469e-13
-9.788496e-13
-9.803493e-13
-9.818457e-13
-9.833390e-13
-9.848292e-13
-9.863162e-13
-9.878001e-13
-9.892808e-13
-9.907583e-13
-9.922327e-13
-9.937039e-13
-9.951719e-13
-9.966368e-13
-9.980985e-13
-9.995570e-13
-1.001012e-12
-1.002464e-12
-1.003913e-12
-1.005359e-12
-1.006802e-12
-1.008241e-12
-1.009677e-12
-1.011110e-12
-1.012540e-12
-1.013967e-12
-1.015390e-12
-1.016810e-12
-1.018227e-12
-1.019641e-12
-1.021052e-12
-1.022459e-12
-1.023863e-12
-1.025264e-12
-1.026662e-12
-1.028056e-12
-1.029447e-12
-1.030835e-12
-1.032220e-12
-1.033601e-12
-1.034980e-12
-1.036355e-12
-1.037727e-12
-1.039095e-12
-1.040460e-12
-1.041822e-12
-1.043181e-12
-1.044537e-12
-1.045889e-12
-1.047238e-12
-1.048584e-12
-1.049926e-12
-1.051265e-12
-1.052601e-12
-1.053934e-12
-1.055264e-12
-1.056590e-12
-1.057913e-12
-1.059232e-12
-1.060548e-12
-1.061861e-12
-1.063171e-12
-1.064478e-12
-1.065781e-12
-1.067081e-12
-1.068377e-12
-1.069671e-12
-1.070961e-12
-1.072247e-12
-1.073531e-12
-1.074811e-12
-1.076087e-12
-1.077361e-12
-1.078631e-12
-1.079898e-12
-1.081161e-12
-1.082422e-12
-1.083679e-12
-1.084932e-12
-1.086182e-12
-1.087429e-12
-1.088673e-12
-1.089913e-12
-1.091150e-12
-1.092384e-12
-1.093614e-12
-1.094841e-12
-1.096064e-12
-1.097285e-12
-1.098501e-12
-1.099715e-12
-1.100925e-12
-1.102132e-12
-1.103336e-12
-1.104536e-12
-1.105733e-12
-1.106926e-12
-1.108116e-12
-1.109303e-12
-1.110486e-12
-1.111666e-12
-1.112843e-12
-1.114016e-12
-1.115186e-12
-1.116353e-12
-1.117516e-12
-1.118675e-12
-1.119832e-12
-1.120985e-12
-1.122134e-12
-1.123281e-12
-1.124424e-12
-1.125563e-12
-1.126699e-12
-1.127832e-12
-1.128961e-12
-1.130087e-12
-1.131210e-12
-1.132329e-12
-1.133445e-12
-1.134557e-12
-1.135666e-12
-1.136771e-12
-1.137873e-12
-1.138972e-12
-1.140067e-12
-1.141159e-12
-1.142248e-12
-1.143333e-12
-1.144415e-12
-1.145493e-12
-1.146568e-12
-1.147639e-12
-1.148707e-12
-1.149772e-12
-1.150833e-12
-1.151890e-12
-1.152945e-12
-1.153996e-12
-1.155043e-12
-1.156087e-12
-1.157128e-12
-1.158165e-12
-1.159198e-12
-1.160229e-12
-1.161255e-12
-1.162279e-12
-1.163299e-12
-1.164315e-12
-1.165328e-12
-1.166338e-12
-1.167344e-12
-1.168346e-12
-1.169346e-12
-1.170341e-12
-1.171334e-12
-1.172322e-12
-1.173308e-12
-1.174290e-12
-1.175268e-12
-1.176243e-12
-1.177215e-12
-1.178183e-12
-1.179147e-12
-1.180108e-12
-1.181066e-12
-1.182020e-12
-1.182971e-12
-1.183918e-12
-1.184862e-12
-1.185802e-12
-1.186739e-12
-1.187672e-12
-1.188602e-12
-1.189528e-12
-1.190451e-12
-1.191371e-12
-1.192287e-12
-1.193199e-12
-1.194108e-12
-1.195013e-12
-1.195915e-12
-1.196814e-12
-1.197709e-12
-1.198600e-12
-1.199488e-12
-1.200372e-12
-1.201253e-12
-1.202131e-12
-1.203005e-12
-1.203875e-12
-1.204742e-12
-1.205605e-12
-1.206465e-12
-1.207322e-12
-1.208175e-12
-1.209024e-12
-1.209870e-12
-1.210712e-12
-1.211551e-12
-1.212386e-12
-1.213218e-12
-1.214046e-12
-1.214871e-12
-1.215692e-12
-1.216510e-12
-1.217324e-12
-1.218135e-12
-1.218942e-12
-1.219746e-12
-1.220546e-12
-1.221342e-12
-1.222135e-12
-1.222925e-12
-1.223711e-12
-1.224493e-12
-1.225272e-12
-1.226047e-12
-1.226819e-12
-1.227587e-12
-1.228352e-12
-1.229113e-12
-1.229871e-12
-1.230625e-12
-1.231375e-12
-1.232122e-12
-1.232866e-12
-1.233606e-12
-1.234342e-12
-1.235075e-12
-1.235804e-12
-1.236530e-12
-1.237252e-12
-1.237971e-12
-1.238686e-12
-1.239397e-12
-1.240105e-12
-1.240809e-12
-1.241510e-12
-1.242207e-12
-1.242901e-12
-1.243591e-12
-1.244278e-12
-1.244961e-12
-1.245640e-12
-1.246316e-12
-1.246988e-12
-1.247657e-12
-1.248322e-12
-1.248984e-12
-1.249642e-12
-1.250296e-12
-1.250947e-12
-1.251595e-12
-1.252238e-12
-1.252878e-12
-1.253515e-12
-1.254148e-12
-1.254777e-12
-1.255403e-12
-1.256026e-12
-1.256644e-12
-1.257259e-12
-1.257871e-12
-1.258479e-12
-1.259083e-12
-1.259684e-12
-1.260281e-12
-1.260875e-12
-1.261465e-12
-1.262051e-12
-1.262634e-12
-1.263213e-12
-1.263789e-12
-1.264361e-12
-1.264929e-12
-1.265494e-12
-1.266056e-12
-1.266613e-12
-1.267167e-12
-1.267718e-12
-1.268265e-12
-1.268808e-12
-1.269348e-12
-1.269884e-12
-1.270416e-12
-1.270945e-12
-1.271471e-12
-1.271992e-12
-1.272510e-12
-1.273025e-12
-1.273536e-12
-1.274043e-12
-1.274547e-12
-1.275047e-12
-1.275543e-12
-1.276036e-12
-1.276526e-12
-1.277011e-12
-1.277493e-12
-1.277972e-12
-1.278447e-12
-1.278918e-12
-1.279385e-12
-1.279849e-12
-1.280310e-12
-1.280766e-12
-1.281220e-12
-1.281669e-12
-1.282115e-12
-1.282557e-12
-1.282996e-12
-1.283431e-12
-1.283863e-12
-1.284290e-12
-1.284715e-12
-1.285135e-12
-1.285552e-12
-1.285966e-12
-1.286375e-12
-1.286781e-12
-1.287184e-12
-1.287583e-12
-1.287978e-12
-1.288370e-12
-1.288758e-12
-1.289142e-12
-1.289523e-12
-1.289900e-12
-1.290273e-12
-1.290643e-12
-1.291009e-12
-1.291372e-12
-1.291731e-12
-1.292086e-12
-1.292438e-12
-1.292786e-12
-1.293131e-12
-1.293471e-12
-1.293809e-12
-1.294142e-12
-1.294472e-12
-1.294798e-12
-1.295121e-12
-1.295440e-12
-1.295756e-12
-1.296067e-12
-1.296375e-12
-1.296680e-12
-1.296981e-12
-1.297278e-12
-1.297572e-12
-1.297862e-12
-1.298148e-12
-1.298431e-12
-1.298710e-12
-1.298985e-12
-1.299257e-12
-1.299525e-12
-1.299789e-12
-1.300050e-12
-1.300307e-12
-1.300561e-12
-1.300811e-12
-1.301057e-12
-1.301300e-12
-1.301539e-12
-1.301774e-12
-1.302006e-12
-1.302234e-12
-1.302458e-12
-1.302679e-12
-1.302896e-12
-1.303110e-12
-1.303320e-12
-1.303526e-12
-1.303728e-12
-1.303927e-12
-1.304123e-12
-1.304314e-12
-1.304502e-12
-1.304687e-12
-1.304867e-12
-1.305044e-12
-1.305218e-12
-1.305387e-12
-1.305554e-12
-1.305716e-12
-1.305875e-12
-1.306030e-12
-1.306182e-12
-1.306329e-12
-1.306474e-12
-1.306614e-12
-1.306751e-12
-1.306884e-12
-1.307014e-12
-1.307140e-12
-1.307262e-12
-1.307381e-12
-1.307496e-12
-1.307607e-12
-1.307715e-12
-1.307819e-12
-1.307920e-12
-1.308016e-12
-1.308109e-12
-1.308199e-12
-1.308285e-12
-1.308367e-12
-1.308445e-12
-1.308520e-12
-1.308591e-12
-1.308659e-12
-1.308723e-12
-1.308783e-12
-1.308840e-12
-1.308893e-12
-1.308942e-12
-1.308988e-12
-1.309030e-12
-1.309068e-12
-1.309103e-12
-1.309134e-12
-1.309161e-12
-1.309185e-12
-1.309205e-12
-1.309221e-12
-1.309234e-12
-1.309243e-12
-1.309249e-12
-1.309251e-12
