1.413689e-12
1.413687e-12
1.413680e-12
1.413668e-12
1.413652e-12
1.413631e-12
1.413605e-12
1.413574e-12
1.413539e-12
1.413499e-12
1.413454e-12
1.413405e-12
1.413351e-12
1.413292e-12
1.413228e-12
1.413160e-12
1.413087e-12
1.413010e-12
1.412927e-12
1.412840e-12
1.412749e-12
1.412652e-12
1.412551e-12
1.412445e-12
1.412335e-12
1.412219e-12
1.412099e-12
1.411975e-12
1.411846e-12
1.411711e-12
1.411573e-12
1.411429e-12
1.411281e-12
1.411128e-12
1.410971e-12
1.410809e-12
1.410642e-12
1.410470e-12
1.410294e-12
1.410113e-12
1.409928e-12
1.409737e-12
1.409542e-12
1.409343e-12
1.409138e-12
1.408929e-12
1.408715e-12
1.408497e-12
1.408274e-12
1.408046e-12
1.407814e-12
1.407576e-12
1.407335e-12
1.407088e-12
1.406837e-12
1.406581e-12
1.406321e-12
1.406055e-12
1.405786e-12
1.405511e-12
1.405232e-12
1.404948e-12
1.404659e-12
1.404366e-12
1.404068e-12
1.403766e-12
1.403459e-12
1.403147e-12
1.402830e-12
1.402509e-12
1.402184e-12
1.401853e-12
1.401518e-12
1.401178e-12
1.400834e-12
1.400485e-12
1.400131e-12
1.399773e-12
1.399410e-12
1.399042e-12
1.398670e-12
1.398293e-12
1.397912e-12
1.397526e-12
1.397135e-12
1.396740e-12
1.396340e-12
1.395935e-12
1.395526e-12
1.395112e-12
1.394693e-12
1.394270e-12
1.393843e-12
1.393410e-12
1.392973e-12
1.392532e-12
1.392086e-12
1.391635e-12
1.391180e-12
1.390720e-12
1.390255e-12
1.389786e-12
1.389312e-12
1.388834e-12
1.388351e-12
1.387864e-12
1.387371e-12
1.386875e-12
1.386374e-12
1.385868e-12
1.385357e-12
1.384842e-12
1.384323e-12
1.383799e-12
1.383270e-12
1.382737e-12
1.382199e-12
1.381657e-12
1.381110e-12
1.380558e-12
1.380002e-12
1.379442e-12
1.378877e-12
1.378307e-12
1.377733e-12
1.377154e-12
1.376571e-12
1.375983e-12
1.375391e-12
1.374794e-12
1.374193e-12
1.373587e-12
1.372977e-12
1.372362e-12
1.371742e-12
1.371118e-12
1.370490e-12
1.369857e-12
1.369220e-12
1.368578e-12
1.367931e-12
1.367280e-12
1.366625e-12
1.365965e-12
1.365301e-12
1.364632e-12
1.363959e-12
1.363281e-12
1.362599e-12
1.361912e-12
1.361221e-12
1.360525e-12
1.359825e-12
1.359120e-12
1.358411e-12
1.357698e-12
1.356980e-12
1.356258e-12
1.355531e-12
1.354800e-12
1.354064e-12
1.353324e-12
1.352580e-12
1.351831e-12
1.351078e-12
1.350320e-12
1.349558e-12
1.348791e-12
1.348020e-12
1.347245e-12
1.346465e-12
1.345681e-12
1.344893e-12
1.344100e-12
1.343303e-12
1.342501e-12
1.341695e-12
1.340885e-12
1.340070e-12
1.339251e-12
1.338427e-12
1.337600e-12
1.336767e-12
1.335931e-12
1.335090e-12
1.334245e-12
1.333395e-12
1.332542e-12
1.331683e-12
1.330821e-12
1.329954e-12
1.329083e-12
1.328208e-12
1.327328e-12
1.326444e-12
1.325556e-12
1.324663e-12
1.323766e-12
1.322865e-12
1.321959e-12
1.321050e-12
1.320136e-12
1.319217e-12
1.318295e-12
1.317368e-12
1.316437e-12
1.315502e-12
1.314562e-12
1.313618e-12
1.312670e-12
1.311718e-12
1.310761e-12
1.309801e-12
1.308836e-12
1.307866e-12
1.306893e-12
1.305915e-12
1.304934e-12
1.303948e-12
1.302957e-12
1.301963e-12
1.300965e-12
1.299962e-12
1.298955e-12
1.297944e-12
1.296929e-12
1.295909e-12
1.294886e-12
1.293858e-12
1.292826e-12
1.291790e-12
1.290750e-12
1.289706e-12
1.288657e-12
1.287605e-12
1.286548e-12
1.285487e-12
1.284422e-12
1.283353e-12
1.282280e-12
1.281203e-12
1.280122e-12
1.279036e-12
1.277947e-12
1.276854e-12
1.275756e-12
1.274654e-12
1.273549e-12
1.272439e-12
1.271325e-12
1.270207e-12
1.269085e-12
1.267960e-12
1.266830e-12
1.265696e-12
1.264558e-12
1.263416e-12
1.262270e-12
1.261120e-12
1.259966e-12
1.258808e-12
1.257646e-12
1.256480e-12
1.255310e-12
1.254136e-12
1.252958e-12
1.251776e-12
1.250590e-12
1.249401e-12
1.248207e-12
1.247009e-12
1.245808e-12
1.244602e-12
1.243393e-12
1.242180e-12
1.240962e-12
1.239741e-12
1.238516e-12
1.237287e-12
1.236054e-12
1.234818e-12
1.233577e-12
1.232333e-12
1.231084e-12
1.229832e-12
1.228576e-12
1.227316e-12
1.226052e-12
1.224785e-12
1.223513e-12
1.222238e-12
1.220959e-12
1.219676e-12
1.218390e-12
1.217099e-12
1.215805e-12
1.214507e-12
1.213205e-12
1.211899e-12
1.210590e-12
1.209277e-12
1.207960e-12
1.206639e-12
1.205314e-12
1.203986e-12
1.202654e-12
1.201319e-12
1.199979e-12
1.198636e-12
1.197289e-12
1.195939e-12
1.194584e-12
1.193226e-12
1.191865e-12
1.190499e-12
1.189130e-12
1.187758e-12
1.186381e-12
1.185001e-12
1.183618e-12
1.182230e-12
1.180839e-12
1.179445e-12
1.178047e-12
1.176645e-12
1.175239e-12
1.173830e-12
1.172418e-12
1.171001e-12
1.169581e-12
1.168158e-12
1.166731e-12
1.165300e-12
1.163866e-12
1.162428e-12
1.160987e-12
1.159542e-12
1.158094e-12
1.156642e-12
1.155187e-12
1.153728e-12
1.152265e-12
1.150799e-12
1.149330e-12
1.147857e-12
1.146380e-12
1.144900e-12
1.143417e-12
1.141930e-12
1.140440e-12
1.138946e-12
1.137448e-12
1.135948e-12
1.134444e-12
1.132936e-12
1.131425e-12
1.129911e-12
1.128393e-12
1.126871e-12
1.125347e-12
1.123819e-12
1.122287e-12
1.120753e-12
1.119214e-12
1.117673e-12
1.116128e-12
1.114580e-12
1.113028e-12
1.111473e-12
1.109915e-12
1.108354e-12
1.106789e-12
1.105220e-12
1.103649e-12
1.102074e-12
1.100496e-12
1.098915e-12
1.097330e-12
1.095742e-12
1.094151e-12
1.092557e-12
1.090959e-12
1.089358e-12
1.087754e-12
1.086147e-12
1.084536e-12
1.082922e-12
1.081305e-12
1.079685e-12
1.078062e-12
1.076435e-12
1.074805e-12
1.073172e-12
1.071536e-12
1.069897e-12
1.068255e-12
1.066609e-12
1.064961e-12
1.063309e-12
1.061654e-12
1.059996e-12
1.058335e-12
1.056671e-12
1.055003e-12
1.053333e-12
1.051659e-12
1.049983e-12
1.048303e-12
1.046621e-12
1.044935e-12
1.043246e-12
1.041554e-12
1.039859e-12
1.038162e-12
1.036461e-12
1.034757e-12
1.033050e-12
1.031340e-12
1.029627e-12
1.027912e-12
1.026193e-12
1.024471e-12
1.022747e-12
1.021019e-12
1.019288e-12
1.017555e-12
1.015818e-12
1.014079e-12
1.012337e-12
1.010592e-12
1.008844e-12
1.007093e-12
1.005339e-12
1.003582e-12
1.001823e-12
1.000060e-12
9.982951e-13
9.965270e-13
9.947561e-13
9.929823e-13
9.912057e-13
9.894264e-13
9.876442e-13
9.858592e-13
9.840714e-13
9.822809e-13
9.804876e-13
9.786915e-13
9.768926e-13
9.750910e-13
9.732867e-13
9.714796e-13
9.696698e-13
9.678572e-13
9.660420e-13
9.642240e-13
9.624034e-13
9.605800e-13
9.587540e-13
9.569253e-13
9.550939e-13
9.532599e-13
9.514232e-13
9.495839e-13
9.477420e-13
9.458974e-13
9.440502e-13
9.422003e-13
9.403479e-13
9.384929e-13
9.366352e-13
9.347750e-13
9.329123e-13
9.310469e-13
9.291790e-13
9.273086e-13
9.254356e-13
9.235600e-13
9.216820e-13
9.198014e-13
9.179183e-13
9.160327e-13
9.141446e-13
9.122540e-13
9.103609e-13
9.084654e-13
9.065674e-13
9.046669e-13
9.027640e-13
9.008586e-13
8.989508e-13
8.970406e-13
8.951280e-13
8.932129e-13
8.912955e-13
8.893756e-13
8.874534e-13
8.855288e-13
8.836018e-13
8.816724e-13
8.797407e-13
8.778067e-13
8.758703e-13
8.739316e-13
8.719905e-13
8.700472e-13
8.681015e-13
8.661535e-13
8.642033e-13
8.622507e-13
8.602959e-13
8.583388e-13
8.563794e-13
8.544178e-13
8.524540e-13
8.504879e-13
8.485196e-13
8.465491e-13
8.445763e-13
8.426014e-13
8.406242e-13
8.386449e-13
8.366634e-13
8.346797e-13
8.326938e-13
8.307058e-13
8.287157e-13
8.267234e-13
8.247289e-13
8.227324e-13
8.207337e-13
8.187329e-13
8.167301e-13
8.147251e-13
8.127180e-13
8.107089e-13
8.086977e-13
8.066845e-13
8.046692e-13
8.026518e-13
8.006324e-13
7.986110e-13
7.965876e-13
7.945621e-13
7.925347e-13
7.905052e-13
7.884738e-13
7.864404e-13
7.844050e-13
7.823677e-13
7.803284e-13
7.782872e-13
7.762440e-13
7.741989e-13
7.721518e-13
7.701029e-13
7.680521e-13
7.659993e-13
7.639447e-13
7.618881e-13
7.598298e-13
7.577695e-13
7.557074e-13
7.536434e-13
7.515776e-13
7.495100e-13
7.474405e-13
7.453692e-13
7.432962e-13
7.412213e-13
7.391446e-13
7.370661e-13
7.349859e-13
7.329039e-13
7.308201e-13
7.287346e-13
7.266474e-13
7.245584e-13
7.224677e-13
7.203752e-13
7.182811e-13
7.161852e-13
7.140877e-13
7.119885e-13
7.098876e-13
7.077850e-13
7.056808e-13
7.035749e-13
7.014673e-13
6.993582e-13
6.972474e-13
6.951349e-13
6.930209e-13
6.909053e-13
6.887881e-13
6.866692e-13
6.845488e-13
6.824269e-13
6.803033e-13
6.781783e-13
6.760516e-13
6.739235e-13
6.717938e-13
6.696625e-13
6.675298e-13
6.653955e-13
6.632598e-13
6.611226e-13
6.589839e-13
6.568437e-13
6.547020e-13
6.525589e-13
6.504144e-13
6.482684e-13
6.461209e-13
6.439721e-13
6.418218e-13
6.396702e-13
6.375171e-13
6.353626e-13
6.332068e-13
6.310496e-13
6.288910e-13
6.267310e-13
6.245697e-13
6.224071e-13
6.202431e-13
6.180778e-13
6.159112e-13
6.137433e-13
6.115740e-13
6.094035e-13
6.072317e-13
6.050586e-13
6.028843e-13
6.007087e-13
5.985318e-13
5.963537e-13
5.941743e-13
5.919938e-13
5.898120e-13
5.876290e-13
5.854448e-13
5.832594e-13
5.810728e-13
5.788850e-13
5.766961e-13
5.745060e-13
5.723147e-13
5.701223e-13
5.679288e-13
5.657341e-13
5.635383e-13
5.613414e-13
5.591434e-13
5.569443e-13
5.547441e-13
5.525428e-13
5.503405e-13
5.481371e-13
5.459326e-13
5.437271e-13
5.415205e-13
5.393129e-13
5.371043e-13
5.348947e-13
5.326840e-13
5.304724e-13
5.282597e-13
5.260461e-13
5.238315e-13
5.216160e-13
5.193994e-13
5.171820e-13
5.149635e-13
5.127442e-13
5.105239e-13
5.083027e-13
5.060806e-13
5.038576e-13
5.016337e-13
4.994089e-13
4.971832e-13
4.949567e-13
4.927293e-13
4.905010e-13
4.882719e-13
4.860420e-13
4.838112e-13
4.815796e-13
4.793472e-13
4.771140e-13
4.748799e-13
4.726451e-13
4.704095e-13
4.681732e-13
4.659360e-13
4.636982e-13
4.614595e-13
4.592201e-13
4.569800e-13
4.547392e-13
4.524976e-13
4.502554e-13
4.480124e-13
4.457687e-13
4.435244e-13
4.412793e-13
4.390336e-13
4.367873e-13
4.345402e-13
4.322926e-13
4.300443e-13
4.277953e-13
4.255458e-13
4.232956e-13
4.210448e-13
4.187935e-13
4.165415e-13
4.142889e-13
4.120358e-13
4.097821e-13
4.075279e-13
4.052731e-13
4.030177e-13
4.007618e-13
3.985054e-13
3.962485e-13
3.939911e-13
3.917331e-13
3.894747e-13
3.872157e-13
3.849563e-13
3.826964e-13
3.804361e-13
3.781753e-13
3.759140e-13
3.736523e-13
3.713902e-13
3.691277e-13
3.668647e-13
3.646013e-13
3.623375e-13
3.600733e-13
3.578088e-13
3.555438e-13
3.532785e-13
3.510128e-13
3.487468e-13
3.464804e-13
3.442137e-13
3.419466e-13
3.396793e-13
3.374116e-13
3.351436e-13
3.328753e-13
3.306067e-13
3.283378e-13
3.260686e-13
3.237992e-13
3.215295e-13
3.192595e-13
3.169893e-13
3.147189e-13
3.124482e-13
3.101773e-13
3.079062e-13
3.056349e-13
3.033634e-13
3.010917e-13
2.988198e-13
2.965477e-13
2.942755e-13
2.920031e-13
2.897305e-13
2.874578e-13
2.851849e-13
2.829119e-13
2.806388e-13
2.783656e-13
2.760923e-13
2.738188e-13
2.715453e-13
2.692717e-13
2.669980e-13
2.647242e-13
2.624504e-13
2.601765e-13
2.579025e-13
2.556285e-13
2.533545e-13
2.510805e-13
2.488064e-13
2.465323e-13
2.442583e-13
2.419842e-13
2.397101e-13
2.374361e-13
2.351620e-13
2.328881e-13
2.306141e-13
2.283402e-13
2.260664e-13
2.237926e-13
2.215189e-13
2.192452e-13
2.169717e-13
2.146982e-13
2.124249e-13
2.101516e-13
2.078785e-13
2.056055e-13
2.033326e-13
2.010598e-13
1.987872e-13
1.965148e-13
1.942425e-13
1.919704e-13
1.896984e-13
1.874266e-13
1.851550e-13
1.828837e-13
1.806125e-13
1.783415e-13
1.760707e-13
1.738002e-13
1.715299e-13
1.692598e-13
1.669900e-13
1.647204e-13
1.624511e-13
1.601821e-13
1.579133e-13
1.556448e-13
1.533767e-13
1.511088e-13
1.488412e-13
1.465739e-13
1.443069e-13
1.420403e-13
1.397740e-13
1.375080e-13
1.352424e-13
1.329771e-13
1.307122e-13
1.284477e-13
1.261835e-13
1.239198e-13
1.216564e-13
1.193934e-13
1.171308e-13
1.148686e-13
1.126069e-13
1.103455e-13
1.080846e-13
1.058242e-13
1.035641e-13
1.013046e-13
9.904546e-14
9.678682e-14
9.452866e-14
9.227097e-14
9.001377e-14
8.775707e-14
8.550086e-14
8.324517e-14
8.098999e-14
7.873533e-14
7.648120e-14
7.422761e-14
7.197456e-14
6.972207e-14
6.747012e-14
6.521875e-14
6.296794e-14
6.071771e-14
5.846806e-14
5.621901e-14
5.397055e-14
5.172270e-14
4.947546e-14
4.722884e-14
4.498284e-14
4.273747e-14
4.049275e-14
3.824866e-14
3.600524e-14
3.376247e-14
3.152036e-14
2.927893e-14
2.703818e-14
2.479811e-14
2.255873e-14
2.032006e-14
1.808209e-14
1.584483e-14
1.360830e-14
1.137248e-14
9.137405e-15
6.903066e-15
4.669472e-15
2.436631e-15
2.045485e-16
-2.026768e-15
-4.257312e-15
-6.487077e-15
-8.716057e-15
-1.094424e-14
-1.317163e-14
-1.539822e-14
-1.762399e-14
-1.984894e-14
-2.207307e-14
-2.429637e-14
-2.651883e-14
-2.874045e-14
-3.096121e-14
-3.318112e-14
-3.540017e-14
-3.761834e-14
-3.983564e-14
-4.205205e-14
-4.426758e-14
-4.648221e-14
-4.869593e-14
-5.090875e-14
-5.312066e-14
-5.533164e-14
-5.754169e-14
-5.975081e-14
-6.195899e-14
-6.416623e-14
-6.637250e-14
-6.857782e-14
-7.078218e-14
-7.298556e-14
-7.518796e-14
-7.738938e-14
-7.958981e-14
-8.178924e-14
-8.398767e-14
-8.618509e-14
-8.838149e-14
-9.057687e-14
-9.277122e-14
-9.496453e-14
-9.715681e-14
-9.934803e-14
-1.015382e-13
-1.037273e-13
-1.059154e-13
-1.081024e-13
-1.102883e-13
-1.124731e-13
-1.146568e-13
-1.168394e-13
-1.190210e-13
-1.212014e-13
-1.233807e-13
-1.255589e-13
-1.277359e-13
-1.299118e-13
-1.320866e-13
-1.342603e-13
-1.364328e-13
-1.386041e-13
-1.407743e-13
-1.429433e-13
-1.451111e-13
-1.472777e-13
-1.494432e-13
-1.516075e-13
-1.537705e-13
-1.559324e-13
-1.580931e-13
-1.602525e-13
-1.624107e-13
-1.645677e-13
-1.667235e-13
-1.688780e-13
-1.710312e-13
-1.731833e-13
-1.753340e-13
-1.774835e-13
-1.796317e-13
-1.817787e-13
-1.839244e-13
-1.860687e-13
-1.882118e-13
-1.903536e-13
-1.924941e-13
-1.946333e-13
-1.967712e-13
-1.989077e-13
-2.010429e-13
-2.031768e-13
-2.053094e-13
-2.074406e-13
-2.095704e-13
-2.116989e-13
-2.138260e-13
-2.159518e-13
-2.180762e-13
-2.201992e-13
-2.223209e-13
-2.244411e-13
-2.265600e-13
-2.286774e-13
-2.307935e-13
-2.329081e-13
-2.350213e-13
-2.371331e-13
-2.392435e-13
-2.413524e-13
-2.434599e-13
-2.455660e-13
-2.476706e-13
-2.497737e-13
-2.518754e-13
-2.539756e-13
-2.560744e-13
-2.581716e-13
-2.602674e-13
-2.623617e-13
-2.644545e-13
-2.665458e-13
-2.686356e-13
-2.707239e-13
-2.728107e-13
-2.748959e-13
-2.769796e-13
-2.790618e-13
-2.811425e-13
-2.832216e-13
-2.852992e-13
-2.873752e-13
-2.894497e-13
-2.915226e-13
-2.935939e-13
-2.956636e-13
-2.977318e-13
-2.997984e-13
-3.018634e-13
-3.039268e-13
-3.059886e-13
-3.080488e-13
-3.101074e-13
-3.121644e-13
-3.142197e-13
-3.162735e-13
-3.183256e-13
-3.203760e-13
-3.224248e-13
-3.244720e-13
-3.265175e-13
-3.285614e-13
-3.306036e-13
-3.326441e-13
-3.346830e-13
-3.367202e-13
-3.387557e-13
-3.407895e-13
-3.428216e-13
-3.448521e-13
-3.468808e-13
-3.489078e-13
-3.509331e-13
-3.529567e-13
-3.549786e-13
-3.569987e-13
-3.590171e-13
-3.610338e-13
-3.630487e-13
-3.650619e-13
-3.670733e-13
-3.690830e-13
-3.710909e-13
-3.730971e-13
-3.751015e-13
-3.771041e-13
-3.791049e-13
-3.811039e-13
-3.831012e-13
-3.850966e-13
-3.870903e-13
-3.890821e-13
-3.910721e-13
-3.930604e-13
-3.950468e-13
-3.970313e-13
-3.990141e-13
-4.009950e-13
-4.029741e-13
-4.049513e-13
-4.069267e-13
-4.089002e-13
-4.108719e-13
-4.128417e-13
-4.148097e-13
-4.167758e-13
-4.187400e-13
-4.207023e-13
-4.226627e-13
-4.246213e-13
-4.265779e-13
-4.285327e-13
-4.304855e-13
-4.324365e-13
-4.343855e-13
-4.363326e-13
-4.382778e-13
-4.402211e-13
-4.421624e-13
-4.441018e-13
-4.460393e-13
-4.479748e-13
-4.499084e-13
-4.518400e-13
-4.537697e-13
-4.556974e-13
-4.576231e-13
-4.595469e-13
-4.614687e-13
-4.633885e-13
-4.653063e-13
-4.672221e-13
-4.691360e-13
-4.710478e-13
-4.729577e-13
-4.748655e-13
-4.767713e-13
-4.786751e-13
-4.805769e-13
-4.824767e-13
-4.843745e-13
-4.862702e-13
-4.881638e-13
-4.900555e-13
-4.919451e-13
-4.938326e-13
-4.957181e-13
-4.976015e-13
-4.994829e-13
-5.013622e-13
-5.032395e-13
-5.051146e-13
-5.069877e-13
-5.088587e-13
-5.107276e-13
-5.125945e-13
-5.144592e-13
-5.163218e-13
-5.181824e-13
-5.200408e-13
-5.218971e-13
-5.237513e-13
-5.256034e-13
-5.274533e-13
-5.293012e-13
-5.311469e-13
-5.329904e-13
-5.348318e-13
-5.366711e-13
-5.385082e-13
-5.403432e-13
-5.421760e-13
-5.440067e-13
-5.458352e-13
-5.476615e-13
-5.494857e-13
-5.513077e-13
-5.531275e-13
-5.549451e-13
-5.567605e-13
-5.585738e-13
-5.603848e-13
-5.621937e-13
-5.640003e-13
-5.658048e-13
-5.676070e-13
-5.694070e-13
-5.712048e-13
-5.730004e-13
-5.747938e-13
-5.765849e-13
-5.783738e-13
-5.801604e-13
-5.819448e-13
-5.837270e-13
-5.855069e-13
-5.872846e-13
-5.890600e-13
-5.908331e-13
-5.926040e-13
-5.943726e-13
-5.961390e-13
-5.979031e-13
-5.996649e-13
-6.014244e-13
-6.031816e-13
-6.049365e-13
-6.066892e-13
-6.084395e-13
-6.101876e-13
-6.119333e-13
-6.136768e-13
-6.154179e-13
-6.171567e-13
-6.188932e-13
-6.206274e-13
-6.223592e-13
-6.240888e-13
-6.258159e-13
-6.275408e-13
-6.292633e-13
-6.309835e-13
-6.327013e-13
-6.344168e-13
-6.361299e-13
-6.378407e-13
-6.395491e-13
-6.412551e-13
-6.429588e-13
-6.446601e-13
-6.463590e-13
-6.480556e-13
-6.497498e-13
-6.514415e-13
-6.531309e-13
-6.548180e-13
-6.565026e-13
-6.581848e-13
-6.598646e-13
-6.615420e-13
-6.632170e-13
-6.648896e-13
-6.665598e-13
-6.682276e-13
-6.698929e-13
-6.715558e-13
-6.732163e-13
-6.748744e-13
-6.765300e-13
-6.781832e-13
-6.798339e-13
-6.814822e-13
-6.831281e-13
-6.847715e-13
-6.864124e-13
-6.880509e-13
-6.896870e-13
-6.913205e-13
-6.929517e-13
-6.945803e-13
-6.962065e-13
-6.978301e-13
-6.994514e-13
-7.010701e-13
-7.026863e-13
-7.043001e-13
-7.059114e-13
-7.075201e-13
-7.091264e-13
-7.107302e-13
-7.123314e-13
-7.139302e-13
-7.155265e-13
-7.171202e-13
-7.187114e-13
-7.203001e-13
-7.218863e-13
-7.234700e-13
-7.250511e-13
-7.266297e-13
-7.282058e-13
-7.297793e-13
-7.313503e-13
-7.329187e-13
-7.344847e-13
-7.360480e-13
-7.376088e-13
-7.391671e-13
-7.407228e-13
-7.422759e-13
-7.438265e-13
-7.453745e-13
-7.469199e-13
-7.484628e-13
-7.500030e-13
-7.515408e-13
-7.530759e-13
-7.546084e-13
-7.561384e-13
-7.576658e-13
-7.591906e-13
-7.607127e-13
-7.622323e-13
-7.637493e-13
-7.652637e-13
-7.667755e-13
-7.682847e-13
-7.697912e-13
-7.712952e-13
-7.727965e-13
-7.742952e-13
-7.757913e-13
-7.772848e-13
-7.787756e-13
-7.802639e-13
-7.817494e-13
-7.832324e-13
-7.847127e-13
-7.861904e-13
-7.876654e-13
-7.891378e-13
-7.906075e-13
-7.920746e-13
-7.935390e-13
-7.950008e-13
-7.964599e-13
-7.979163e-13
-7.993701e-13
-8.008212e-13
-8.022697e-13
-8.037154e-13
-8.051585e-13
-8.065990e-13
-8.080367e-13
-8.094718e-13
-8.109042e-13
-8.123339e-13
-8.137609e-13
-8.151852e-13
-8.166068e-13
-8.180257e-13
-8.194419e-13
-8.208554e-13
-8.222663e-13
-8.236744e-13
-8.250798e-13
-8.264824e-13
-8.278824e-13
-8.292797e-13
-8.306742e-13
-8.320660e-13
-8.334551e-13
-8.348415e-13
-8.362251e-13
-8.376060e-13
-8.389842e-13
-8.403596e-13
-8.417323e-13
-8.431023e-13
-8.444695e-13
-8.458340e-13
-8.471957e-13
-8.485547e-13
-8.499109e-13
-8.512644e-13
-8.526151e-13
-8.539631e-13
-8.553083e-13
-8.566507e-13
-8.579904e-13
-8.593273e-13
-8.606614e-13
-8.619927e-13
-8.633213e-13
-8.646471e-13
-8.659702e-13
-8.672904e-13
-8.686079e-13
-8.699225e-13
-8.712344e-13
-8.725435e-13
-8.738498e-13
-8.751534e-13
-8.764541e-13
-8.777520e-13
-8.790471e-13
-8.803394e-13
-8.816289e-13
-8.829156e-13
-8.841995e-13
-8.854806e-13
-8.867589e-13
-8.880343e-13
-8.893070e-13
-8.905768e-13
-8.918438e-13
-8.931080e-13
-8.943693e-13
-8.956278e-13
-8.968835e-13
-8.981364e-13
-8.993864e-13
-9.006336e-13
-9.018780e-13
-9.031195e-13
-9.043581e-13
-9.055940e-13
-9.068270e-13
-9.080571e-13
-9.092844e-13
-9.105088e-13
-9.117304e-13
-9.129491e-13
-9.141650e-13
-9.153780e-13
-9.165881e-13
-9.177954e-13
-9.189998e-13
-9.202014e-13
-9.214001e-13
-9.225959e-13
-9.237888e-13
-9.249789e-13
-9.261661e-13
-9.273504e-13
-9.285318e-13
-9.297103e-13
-9.308860e-13
-9.320588e-13
-9.332287e-13
-9.343957e-13
-9.355598e-13
-9.367210e-13
-9.378793e-13
-9.390347e-13
-9.401873e-13
-9.413369e-13
-9.424836e-13
-9.436274e-13
-9.447683e-13
-9.459064e-13
-9.470414e-13
-9.481736e-13
-9.493029e-13
-9.504293e-13
-9.515527e-13
-9.526732e-13
-9.537909e-13
-9.549055e-13
-9.560173e-13
-9.571262e-13
-9.582321e-13
-9.593351e-13
-9.604351e-13
-9.615322e-13
-9.626264e-13
-9.637177e-13
-9.648060e-13
-9.658914e-13
-9.669738e-13
-9.680533e-13
-9.691299e-13
-9.702035e-13
-9.712742e-13
-9.723419e-13
-9.734067e-13
-9.744685e-13
-9.755274e-13
-9.765833e-13
-9.776363e-13
-9.786863e-13
-9.797333e-13
-9.807774e-13
-9.818186e-13
-9.828567e-13
-9.838919e-13
-9.849242e-13
-9.859534e-13
-9.869797e-13
-9.880031e-13
-9.890234e-13
-9.900408e-13
-9.910552e-13
-9.920666e-13
-9.930751e-13
-9.940805e-13
-9.950830e-13
-9.960825e-13
-9.970791e-13
-9.980726e-13
-9.990632e-13
-1.000051e-12
-1.001035e-12
-1.002017e-12
-1.002995e-12
-1.003971e-12
-1.004944e-12
-1.005913e-12
-1.006880e-12
-1.007843e-12
-1.008804e-12
-1.009762e-12
-1.010716e-12
-1.011668e-12
-1.012616e-12
-1.013562e-12
-1.014505e-12
-1.015444e-12
-1.016381e-12
-1.017314e-12
-1.018245e-12
-1.019172e-12
-1.020097e-12
-1.021018e-12
-1.021937e-12
-1.022852e-12
-1.023765e-12
-1.024674e-12
-1.025580e-12
-1.026484e-12
-1.027384e-12
-1.028281e-12
-1.029175e-12
-1.030067e-12
-1.030955e-12
-1.031840e-12
-1.032722e-12
-1.033601e-12
-1.034477e-12
-1.035350e-12
-1.036220e-12
-1.037087e-12
-1.037951e-12
-1.038812e-12
-1.039670e-12
-1.040524e-12
-1.041376e-12
-1.042225e-12
-1.043070e-12
-1.043913e-12
-1.044752e-12
-1.045589e-12
-1.046422e-12
-1.047252e-12
-1.048080e-12
-1.048904e-12
-1.049725e-12
-1.050543e-12
-1.051358e-12
-1.052170e-12
-1.052979e-12
-1.053785e-12
-1.054588e-12
-1.055388e-12
-1.056184e-12
-1.056978e-12
-1.057768e-12
-1.058556e-12
-1.059340e-12
-1.060121e-12
-1.060900e-12
-1.061675e-12
-1.062447e-12
-1.063216e-12
-1.063982e-12
-1.064745e-12
-1.065504e-12
-1.066261e-12
-1.067015e-12
-1.067765e-12
-1.068513e-12
-1.069257e-12
-1.069998e-12
-1.070736e-12
-1.071471e-12
-1.072203e-12
-1.072932e-12
-1.073658e-12
-1.074381e-12
-1.075101e-12
-1.075817e-12
-1.076530e-12
-1.077241e-12
-1.077948e-12
-1.078652e-12
-1.079353e-12
-1.080051e-12
-1.080746e-12
-1.081438e-12
-1.082126e-12
-1.082812e-12
-1.083494e-12
-1.084174e-12
-1.084850e-12
-1.085523e-12
-1.086193e-12
-1.086860e-12
-1.087524e-12
-1.088185e-12
-1.088842e-12
-1.089497e-12
-1.090148e-12
-1.090796e-12
-1.091441e-12
-1.092083e-12
-1.092722e-12
-1.093358e-12
-1.093991e-12
-1.094620e-12
-1.095247e-12
-1.095870e-12
-1.096490e-12
-1.097107e-12
-1.097721e-12
-1.098332e-12
-1.098940e-12
-1.099544e-12
-1.100146e-12
-1.100744e-12
-1.101339e-12
-1.101931e-12
-1.102520e-12
-1.103106e-12
-1.103689e-12
-1.104268e-12
-1.104844e-12
-1.105418e-12
-1.105988e-12
-1.106555e-12
-1.107119e-12
-1.107679e-12
-1.108237e-12
-1.108792e-12
-1.109343e-12
-1.109891e-12
-1.110436e-12
-1.110978e-12
-1.111517e-12
-1.112052e-12
-1.112585e-12
-1.113114e-12
-1.113640e-12
-1.114163e-12
-1.114683e-12
-1.115200e-12
-1.115714e-12
-1.116224e-12
-1.116731e-12
-1.117236e-12
-1.117737e-12
-1.118235e-12
-1.118729e-12
-1.119221e-12
-1.119709e-12
-1.120195e-12
-1.120677e-12
-1.121156e-12
-1.121631e-12
-1.122104e-12
-1.122574e-12
-1.123040e-12
-1.123503e-12
-1.123963e-12
-1.124420e-12
-1.124874e-12
-1.125324e-12
-1.125772e-12
-1.126216e-12
-1.126657e-12
-1.127095e-12
-1.127530e-12
-1.127961e-12
-1.128390e-12
-1.128815e-12
-1.129237e-12
-1.129656e-12
-1.130072e-12
-1.130485e-12
-1.130894e-12
-1.131301e-12
-1.131704e-12
-1.132104e-12
-1.132500e-12
-1.132894e-12
-1.133285e-12
-1.133672e-12
-1.134056e-12
-1.134437e-12
-1.134815e-12
-1.135189e-12
-1.135561e-12
-1.135929e-12
-1.136294e-12
-1.136656e-12
-1.137015e-12
-1.137370e-12
-1.137723e-12
-1.138072e-12
-1.138418e-12
-1.138761e-12
-1.139101e-12
-1.139437e-12
-1.139771e-12
-1.140101e-12
-1.140428e-12
-1.140752e-12
-1.141072e-12
-1.141390e-12
-1.141704e-12
-1.142015e-12
-1.142323e-12
-1.142628e-12
-1.142930e-12
-1.143228e-12
-1.143523e-12
-1.143815e-12
-1.144104e-12
-1.144390e-12
-1.144672e-12
-1.144952e-12
-1.145228e-12
-1.145501e-12
-1.145771e-12
-1.146037e-12
-1.146301e-12
-1.146561e-12
-1.146818e-12
-1.147072e-12
-1.147322e-12
-1.147570e-12
-1.147814e-12
-1.148055e-12
-1.148293e-12
-1.148528e-12
-1.148759e-12
-1.148988e-12
-1.149213e-12
-1.149435e-12
-1.149654e-12
-1.149869e-12
-1.150082e-12
-1.150291e-12
-1.150497e-12
-1.150700e-12
-1.150900e-12
-1.151096e-12
-1.151289e-12
-1.151479e-12
-1.151666e-12
-1.151850e-12
-1.152031e-12
-1.152208e-12
-1.152382e-12
-1.152553e-12
-1.152721e-12
-1.152885e-12
-1.153047e-12
-1.153205e-12
-1.153360e-12
-1.153512e-12
-1.153660e-12
-1.153806e-12
-1.153948e-12
-1.154087e-12
-1.154223e-12
-1.154355e-12
-1.154485e-12
-1.154611e-12
-1.154734e-12
-1.154854e-12
-1.154971e-12
-1.155084e-12
-1.155194e-12
-1.155301e-12
-1.155405e-12
-1.155506e-12
-1.155603e-12
-1.155698e-12
-1.155789e-12
-1.155877e-12
-1.155961e-12
-1.156043e-12
-1.156121e-12
-1.156196e-12
-1.156268e-12
-1.156337e-12
-1.156403e-12
-1.156465e-12
-1.156524e-12
-1.156580e-12
-1.156633e-12
-1.156682e-12
-1.156729e-12
-1.156772e-12
-1.156812e-12
-1.156849e-12
-1.156882e-12
-1.156913e-12
-1.156940e-12
-1.156964e-12
-1.156984e-12
-1.157002e-12
-1.157016e-12
-1.157028e-12
-1.157036e-12
-1.157040e-12
-1.157042e-12
