1.588205e-12
1.588202e-12
1.588194e-12
1.588181e-12
1.588163e-12
1.588139e-12
1.588110e-12
1.588076e-12
1.588037e-12
1.587992e-12
1.587943e-12
1.587888e-12
1.587827e-12
1.587762e-12
1.587691e-12
1.587615e-12
1.587533e-12
1.587447e-12
1.587355e-12
1.587258e-12
1.587156e-12
1.587048e-12
1.586936e-12
1.586818e-12
1.586694e-12
1.586566e-12
1.586432e-12
1.586293e-12
1.586149e-12
1.585999e-12
1.585845e-12
1.585685e-12
1.585520e-12
1.585349e-12
1.585174e-12
1.584993e-12
1.584807e-12
1.584616e-12
1.584419e-12
1.584217e-12
1.584010e-12
1.583798e-12
1.583581e-12
1.583358e-12
1.583130e-12
1.582897e-12
1.582659e-12
1.582415e-12
1.582166e-12
1.581912e-12
1.581653e-12
1.581389e-12
1.581119e-12
1.580844e-12
1.580564e-12
1.580279e-12
1.579988e-12
1.579693e-12
1.579392e-12
1.579086e-12
1.578774e-12
1.578458e-12
1.578136e-12
1.577809e-12
1.577477e-12
1.577140e-12
1.576797e-12
1.576449e-12
1.576097e-12
1.575738e-12
1.575375e-12
1.575007e-12
1.574633e-12
1.574254e-12
1.573870e-12
1.573481e-12
1.573087e-12
1.572687e-12
1.572282e-12
1.571872e-12
1.571457e-12
1.571037e-12
1.570612e-12
1.570181e-12
1.569745e-12
1.569305e-12
1.568858e-12
1.568407e-12
1.567951e-12
1.567489e-12
1.567023e-12
1.566551e-12
1.566074e-12
1.565592e-12
1.565105e-12
1.564612e-12
1.564115e-12
1.563612e-12
1.563104e-12
1.562591e-12
1.562073e-12
1.561550e-12
1.561022e-12
1.560488e-12
1.559950e-12
1.559406e-12
1.558857e-12
1.558303e-12
1.557744e-12
1.557180e-12
1.556611e-12
1.556037e-12
1.555457e-12
1.554873e-12
1.554283e-12
1.553689e-12
1.553089e-12
1.552484e-12
1.551874e-12
1.551259e-12
1.550639e-12
1.550014e-12
1.549384e-12
1.548748e-12
1.548108e-12
1.547463e-12
1.546812e-12
1.546157e-12
1.545496e-12
1.544830e-12
1.544160e-12
1.543484e-12
1.542803e-12
1.542117e-12
1.541426e-12
1.540731e-12
1.540030e-12
1.539324e-12
1.538613e-12
1.537897e-12
1.537176e-12
1.536450e-12
1.535719e-12
1.534983e-12
1.534242e-12
1.533496e-12
1.532745e-12
1.531989e-12
1.531228e-12
1.530462e-12
1.529691e-12
1.528915e-12
1.528134e-12
1.527348e-12
1.526557e-12
1.525762e-12
1.524961e-12
1.524155e-12
1.523345e-12
1.522529e-12
1.521708e-12
1.520883e-12
1.520053e-12
1.519217e-12
1.518377e-12
1.517532e-12
1.516682e-12
1.515826e-12
1.514966e-12
1.514102e-12
1.513232e-12
1.512357e-12
1.511478e-12
1.510593e-12
1.509704e-12
1.508809e-12
1.507910e-12
1.507006e-12
1.506097e-12
1.505184e-12
1.504265e-12
1.503342e-12
1.502413e-12
1.501480e-12
1.500542e-12
1.499599e-12
1.498651e-12
1.497699e-12
1.496741e-12
1.495779e-12
1.494812e-12
1.493840e-12
1.492864e-12
1.491882e-12
1.490896e-12
1.489905e-12
1.488909e-12
1.487908e-12
1.486903e-12
1.485893e-12
1.484878e-12
1.483858e-12
1.482833e-12
1.481804e-12
1.480770e-12
1.479731e-12
1.478687e-12
1.477639e-12
1.476586e-12
1.475528e-12
1.474466e-12
1.473398e-12
1.472326e-12
1.471250e-12
1.470168e-12
1.469082e-12
1.467991e-12
1.466896e-12
1.465796e-12
1.464691e-12
1.463581e-12
1.462467e-12
1.461348e-12
1.460224e-12
1.459096e-12
1.457963e-12
1.456826e-12
1.455683e-12
1.454537e-12
1.453385e-12
1.452229e-12
1.451068e-12
1.449903e-12
1.448733e-12
1.447558e-12
1.446379e-12
1.445195e-12
1.444007e-12
1.442814e-12
1.441616e-12
1.440414e-12
1.439208e-12
1.437996e-12
1.436780e-12
1.435560e-12
1.434335e-12
1.433106e-12
1.431872e-12
1.430633e-12
1.429390e-12
1.428142e-12
1.426890e-12
1.425634e-12
1.424372e-12
1.423107e-12
1.421837e-12
1.420562e-12
1.419283e-12
1.417999e-12
1.416711e-12
1.415419e-12
1.414122e-12
1.412820e-12
1.411514e-12
1.410204e-12
1.408889e-12
1.407570e-12
1.406246e-12
1.404918e-12
1.403586e-12
1.402249e-12
1.400908e-12
1.399562e-12
1.398212e-12
1.396857e-12
1.395499e-12
1.394135e-12
1.392768e-12
1.391396e-12
1.390020e-12
1.388639e-12
1.387254e-12
1.385865e-12
1.384471e-12
1.383073e-12
1.381671e-12
1.380264e-12
1.378853e-12
1.377438e-12
1.376019e-12
1.374595e-12
1.373167e-12
1.371735e-12
1.370298e-12
1.368857e-12
1.367412e-12
1.365963e-12
1.364509e-12
1.363051e-12
1.361589e-12
1.360123e-12
1.358653e-12
1.357178e-12
1.355699e-12
1.354216e-12
1.352729e-12
1.351237e-12
1.349741e-12
1.348242e-12
1.346738e-12
1.345230e-12
1.343717e-12
1.342201e-12
1.340680e-12
1.339156e-12
1.337627e-12
1.336094e-12
1.334557e-12
1.333016e-12
1.331470e-12
1.329921e-12
1.328368e-12
1.326810e-12
1.325249e-12
1.323683e-12
1.322113e-12
1.320540e-12
1.318962e-12
1.317380e-12
1.315794e-12
1.314205e-12
1.312611e-12
1.311013e-12
1.309411e-12
1.307805e-12
1.306195e-12
1.304581e-12
1.302964e-12
1.301342e-12
1.299716e-12
1.298086e-12
1.296453e-12
1.294815e-12
1.293174e-12
1.291528e-12
1.289879e-12
1.288226e-12
1.286569e-12
1.284908e-12
1.283243e-12
1.281574e-12
1.279901e-12
1.278225e-12
1.276545e-12
1.274860e-12
1.273172e-12
1.271480e-12
1.269785e-12
1.268085e-12
1.266382e-12
1.264674e-12
1.262963e-12
1.261249e-12
1.259530e-12
1.257808e-12
1.256082e-12
1.254352e-12
1.252618e-12
1.250881e-12
1.249140e-12
1.247395e-12
1.245646e-12
1.243894e-12
1.242138e-12
1.240378e-12
1.238615e-12
1.236848e-12
1.235077e-12
1.233303e-12
1.231525e-12
1.229743e-12
1.227958e-12
1.226169e-12
1.224376e-12
1.222580e-12
1.220780e-12
1.218976e-12
1.217169e-12
1.215358e-12
1.213544e-12
1.211726e-12
1.209905e-12
1.208080e-12
1.206251e-12
1.204419e-12
1.202583e-12
1.200744e-12
1.198901e-12
1.197055e-12
1.195205e-12
1.193352e-12
1.191495e-12
1.189635e-12
1.187771e-12
1.185904e-12
1.184034e-12
1.182160e-12
1.180282e-12
1.178401e-12
1.176517e-12
1.174629e-12
1.172738e-12
1.170843e-12
1.168945e-12
1.167043e-12
1.165139e-12
1.163230e-12
1.161319e-12
1.159404e-12
1.157486e-12
1.155564e-12
1.153639e-12
1.151711e-12
1.149779e-12
1.147844e-12
1.145906e-12
1.143964e-12
1.142020e-12
1.140072e-12
1.138120e-12
1.136166e-12
1.134208e-12
1.132247e-12
1.130282e-12
1.128315e-12
1.126344e-12
1.124370e-12
1.122393e-12
1.120412e-12
1.118429e-12
1.116442e-12
1.114452e-12
1.112459e-12
1.110463e-12
1.108463e-12
1.106461e-12
1.104455e-12
1.102446e-12
1.100434e-12
1.098419e-12
1.096401e-12
1.094380e-12
1.092356e-12
1.090329e-12
1.088298e-12
1.086265e-12
1.084228e-12
1.082189e-12
1.080146e-12
1.078101e-12
1.076052e-12
1.074000e-12
1.071946e-12
1.069888e-12
1.067828e-12
1.065764e-12
1.063698e-12
1.061628e-12
1.059556e-12
1.057480e-12
1.055402e-12
1.053321e-12
1.051237e-12
1.049150e-12
1.047060e-12
1.044967e-12
1.042872e-12
1.040773e-12
1.038672e-12
1.036568e-12
1.034461e-12
1.032351e-12
1.030238e-12
1.028123e-12
1.026004e-12
1.023883e-12
1.021759e-12
1.019633e-12
1.017503e-12
1.015371e-12
1.013236e-12
1.011098e-12
1.008958e-12
1.006814e-12
1.004669e-12
1.002520e-12
1.000369e-12
9.982146e-13
9.960579e-13
9.938985e-13
9.917364e-13
9.895717e-13
9.874043e-13
9.852343e-13
9.830617e-13
9.808864e-13
9.787086e-13
9.765281e-13
9.743450e-13
9.721593e-13
9.699711e-13
9.677802e-13
9.655868e-13
9.633909e-13
9.611924e-13
9.589914e-13
9.567878e-13
9.545818e-13
9.523732e-13
9.501621e-13
9.479485e-13
9.457325e-13
9.435139e-13
9.412929e-13
9.390695e-13
9.368436e-13
9.346152e-13
9.323845e-13
9.301513e-13
9.279157e-13
9.256777e-13
9.234373e-13
9.211945e-13
9.189493e-13
9.167018e-13
9.144519e-13
9.121996e-13
9.099450e-13
9.076881e-13
9.054289e-13
9.031673e-13
9.009035e-13
8.986373e-13
8.963688e-13
8.940981e-13
8.918251e-13
8.895499e-13
8.872724e-13
8.849926e-13
8.827106e-13
8.804264e-13
8.781400e-13
8.758513e-13
8.735605e-13
8.712675e-13
8.689723e-13
8.666749e-13
8.643754e-13
8.620737e-13
8.597698e-13
8.574639e-13
8.551558e-13
8.528455e-13
8.505332e-13
8.482188e-13
8.459023e-13
8.435837e-13
8.412630e-13
8.389403e-13
8.366155e-13
8.342887e-13
8.319598e-13
8.296289e-13
8.272960e-13
8.249611e-13
8.226241e-13
8.202852e-13
8.179443e-13
8.156014e-13
8.132566e-13
8.109098e-13
8.085611e-13
8.062104e-13
8.038578e-13
8.015033e-13
7.991469e-13
7.967885e-13
7.944283e-13
7.920662e-13
7.897022e-13
7.873364e-13
7.849687e-13
7.825991e-13
7.802277e-13
7.778545e-13
7.754795e-13
7.731027e-13
7.707240e-13
7.683436e-13
7.659614e-13
7.635774e-13
7.611916e-13
7.588041e-13
7.564148e-13
7.540238e-13
7.516311e-13
7.492367e-13
7.468405e-13
7.444426e-13
7.420431e-13
7.396418e-13
7.372389e-13
7.348344e-13
7.324281e-13
7.300202e-13
7.276107e-13
7.251996e-13
7.227868e-13
7.203724e-13
7.179565e-13
7.155389e-13
7.131197e-13
7.106990e-13
7.082767e-13
7.058528e-13
7.034274e-13
7.010005e-13
6.985720e-13
6.961420e-13
6.937105e-13
6.912775e-13
6.888431e-13
6.864071e-13
6.839696e-13
6.815307e-13
6.790903e-13
6.766485e-13
6.742052e-13
6.717605e-13
6.693144e-13
6.668669e-13
6.644180e-13
6.619677e-13
6.595160e-13
6.570629e-13
6.546084e-13
6.521526e-13
6.496955e-13
6.472370e-13
6.447772e-13
6.423160e-13
6.398536e-13
6.373898e-13
6.349248e-13
6.324584e-13
6.299908e-13
6.275219e-13
6.250518e-13
6.225804e-13
6.201078e-13
6.176339e-13
6.151589e-13
6.126826e-13
6.102051e-13
6.077264e-13
6.052465e-13
6.027655e-13
6.002832e-13
5.977999e-13
5.953153e-13
5.928297e-13
5.903429e-13
5.878549e-13
5.853659e-13
5.828758e-13
5.803845e-13
5.778922e-13
5.753988e-13
5.729044e-13
5.704088e-13
5.679122e-13
5.654146e-13
5.629160e-13
5.604163e-13
5.579156e-13
5.554139e-13
5.529112e-13
5.504075e-13
5.479029e-13
5.453972e-13
5.428907e-13
5.403831e-13
5.378746e-13
5.353652e-13
5.328549e-13
5.303436e-13
5.278314e-13
5.253183e-13
5.228044e-13
5.202895e-13
5.177738e-13
5.152573e-13
5.127398e-13
5.102216e-13
5.077024e-13
5.051825e-13
5.026618e-13
5.001402e-13
4.976178e-13
4.950947e-13
4.925707e-13
4.900460e-13
4.875205e-13
4.849943e-13
4.824673e-13
4.799396e-13
4.774111e-13
4.748820e-13
4.723521e-13
4.698215e-13
4.672902e-13
4.647582e-13
4.622256e-13
4.596923e-13
4.571583e-13
4.546237e-13
4.520884e-13
4.495525e-13
4.470160e-13
4.444788e-13
4.419411e-13
4.394028e-13
4.368638e-13
4.343243e-13
4.317842e-13
4.292436e-13
4.267024e-13
4.241606e-13
4.216184e-13
4.190755e-13
4.165322e-13
4.139884e-13
4.114440e-13
4.088992e-13
4.063539e-13
4.038081e-13
4.012618e-13
3.987151e-13
3.961680e-13
3.936203e-13
3.910723e-13
3.885238e-13
3.859750e-13
3.834257e-13
3.808760e-13
3.783259e-13
3.757755e-13
3.732247e-13
3.706735e-13
3.681219e-13
3.655701e-13
3.630178e-13
3.604653e-13
3.579124e-13
3.553592e-13
3.528058e-13
3.502520e-13
3.476979e-13
3.451436e-13
3.425890e-13
3.400341e-13
3.374790e-13
3.349236e-13
3.323681e-13
3.298122e-13
3.272562e-13
3.246999e-13
3.221435e-13
3.195869e-13
3.170300e-13
3.144731e-13
3.119159e-13
3.093586e-13
3.068011e-13
3.042435e-13
3.016858e-13
2.991279e-13
2.965699e-13
2.940118e-13
2.914537e-13
2.888954e-13
2.863370e-13
2.837786e-13
2.812201e-13
2.786615e-13
2.761030e-13
2.735443e-13
2.709856e-13
2.684270e-13
2.658682e-13
2.633095e-13
2.607508e-13
2.581921e-13
2.556334e-13
2.530748e-13
2.505162e-13
2.479576e-13
2.453991e-13
2.428406e-13
2.402822e-13
2.377239e-13
2.351657e-13
2.326075e-13
2.300495e-13
2.274916e-13
2.249338e-13
2.223761e-13
2.198185e-13
2.172611e-13
2.147039e-13
2.121468e-13
2.095899e-13
2.070331e-13
2.044765e-13
2.019202e-13
1.993640e-13
1.968080e-13
1.942523e-13
1.916968e-13
1.891415e-13
1.865864e-13
1.840316e-13
1.814771e-13
1.789228e-13
1.763688e-13
1.738151e-13
1.712616e-13
1.687085e-13
1.661556e-13
1.636031e-13
1.610509e-13
1.584991e-13
1.559475e-13
1.533963e-13
1.508455e-13
1.482950e-13
1.457449e-13
1.431952e-13
1.406459e-13
1.380969e-13
1.355484e-13
1.330003e-13
1.304525e-13
1.279053e-13
1.253584e-13
1.228120e-13
1.202660e-13
1.177205e-13
1.151755e-13
1.126309e-13
1.100868e-13
1.075432e-13
1.050001e-13
1.024575e-13
9.991541e-14
9.737384e-14
9.483279e-14
9.229229e-14
8.975232e-14
8.721291e-14
8.467405e-14
8.213577e-14
7.959805e-14
7.706092e-14
7.452438e-14
7.198844e-14
6.945310e-14
6.691837e-14
6.438427e-14
6.185079e-14
5.931795e-14
5.678575e-14
5.425420e-14
5.172332e-14
4.919310e-14
4.666355e-14
4.413469e-14
4.160651e-14
3.907903e-14
3.655226e-14
3.402620e-14
3.150086e-14
2.897625e-14
2.645237e-14
2.392924e-14
2.140685e-14
1.888523e-14
1.636436e-14
1.384427e-14
1.132497e-14
8.806445e-15
6.288719e-15
3.771796e-15
1.255683e-15
-1.259612e-15
-3.774082e-15
-6.287720e-15
-8.800517e-15
-1.131247e-14
-1.382356e-14
-1.633380e-14
-1.884316e-14
-2.135165e-14
-2.385925e-14
-2.636596e-14
-2.887177e-14
-3.137668e-14
-3.388067e-14
-3.638374e-14
-3.888588e-14
-4.138709e-14
-4.388735e-14
-4.638666e-14
-4.888502e-14
-5.138241e-14
-5.387883e-14
-5.637427e-14
-5.886872e-14
-6.136218e-14
-6.385464e-14
-6.634609e-14
-6.883653e-14
-7.132594e-14
-7.381432e-14
-7.630167e-14
-7.878797e-14
-8.127322e-14
-8.375741e-14
-8.624054e-14
-8.872260e-14
-9.120357e-14
-9.368346e-14
-9.616226e-14
-9.863995e-14
-1.011165e-13
-1.035920e-13
-1.060664e-13
-1.085396e-13
-1.110117e-13
-1.134826e-13
-1.159524e-13
-1.184210e-13
-1.208885e-13
-1.233548e-13
-1.258199e-13
-1.282839e-13
-1.307466e-13
-1.332082e-13
-1.356685e-13
-1.381276e-13
-1.405855e-13
-1.430422e-13
-1.454977e-13
-1.479519e-13
-1.504049e-13
-1.528566e-13
-1.553070e-13
-1.577562e-13
-1.602041e-13
-1.626507e-13
-1.650961e-13
-1.675401e-13
-1.699829e-13
-1.724243e-13
-1.748644e-13
-1.773032e-13
-1.797407e-13
-1.821768e-13
-1.846116e-13
-1.870451e-13
-1.894772e-13
-1.919079e-13
-1.943373e-13
-1.967653e-13
-1.991919e-13
-2.016171e-13
-2.040409e-13
-2.064633e-13
-2.088843e-13
-2.113039e-13
-2.137221e-13
-2.161389e-13
-2.185542e-13
-2.209681e-13
-2.233805e-13
-2.257915e-13
-2.282010e-13
-2.306090e-13
-2.330156e-13
-2.354207e-13
-2.378243e-13
-2.402264e-13
-2.426271e-13
-2.450262e-13
-2.474238e-13
-2.498198e-13
-2.522144e-13
-2.546074e-13
-2.569989e-13
-2.593889e-13
-2.617773e-13
-2.641641e-13
-2.665494e-13
-2.689331e-13
-2.713152e-13
-2.736957e-13
-2.760747e-13
-2.784521e-13
-2.808278e-13
-2.832020e-13
-2.855745e-13
-2.879455e-13
-2.903148e-13
-2.926824e-13
-2.950485e-13
-2.974128e-13
-2.997756e-13
-3.021367e-13
-3.044961e-13
-3.068538e-13
-3.092099e-13
-3.115643e-13
-3.139170e-13
-3.162680e-13
-3.186173e-13
-3.209649e-13
-3.233108e-13
-3.256550e-13
-3.279974e-13
-3.303382e-13
-3.326771e-13
-3.350144e-13
-3.373499e-13
-3.396836e-13
-3.420156e-13
-3.443458e-13
-3.466743e-13
-3.490009e-13
-3.513258e-13
-3.536489e-13
-3.559702e-13
-3.582897e-13
-3.606074e-13
-3.629233e-13
-3.652374e-13
-3.675496e-13
-3.698600e-13
-3.721686e-13
-3.744753e-13
-3.767802e-13
-3.790832e-13
-3.813844e-13
-3.836837e-13
-3.859811e-13
-3.882766e-13
-3.905703e-13
-3.928621e-13
-3.951520e-13
-3.974400e-13
-3.997260e-13
-4.020102e-13
-4.042925e-13
-4.065728e-13
-4.088512e-13
-4.111277e-13
-4.134022e-13
-4.156748e-13
-4.179454e-13
-4.202141e-13
-4.224808e-13
-4.247455e-13
-4.270083e-13
-4.292691e-13
-4.315279e-13
-4.337847e-13
-4.360395e-13
-4.382924e-13
-4.405432e-13
-4.427920e-13
-4.450388e-13
-4.472835e-13
-4.495263e-13
-4.517670e-13
-4.540056e-13
-4.562423e-13
-4.584768e-13
-4.607094e-13
-4.629398e-13
-4.651682e-13
-4.673945e-13
-4.696187e-13
-4.718409e-13
-4.740610e-13
-4.762790e-13
-4.784948e-13
-4.807086e-13
-4.829203e-13
-4.851298e-13
-4.873373e-13
-4.895426e-13
-4.917457e-13
-4.939468e-13
-4.961457e-13
-4.983424e-13
-5.005370e-13
-5.027295e-13
-5.049198e-13
-5.071079e-13
-5.092939e-13
-5.114776e-13
-5.136592e-13
-5.158386e-13
-5.180159e-13
-5.201909e-13
-5.223637e-13
-5.245343e-13
-5.267027e-13
-5.288689e-13
-5.310328e-13
-5.331946e-13
-5.353541e-13
-5.375113e-13
-5.396663e-13
-5.418191e-13
-5.439696e-13
-5.461179e-13
-5.482639e-13
-5.504076e-13
-5.525491e-13
-5.546882e-13
-5.568251e-13
-5.589598e-13
-5.610921e-13
-5.632221e-13
-5.653498e-13
-5.674752e-13
-5.695983e-13
-5.717191e-13
-5.738376e-13
-5.759537e-13
-5.780675e-13
-5.801790e-13
-5.822881e-13
-5.843949e-13
-5.864994e-13
-5.886014e-13
-5.907012e-13
-5.927985e-13
-5.948935e-13
-5.969861e-13
-5.990764e-13
-6.011642e-13
-6.032497e-13
-6.053328e-13
-6.074135e-13
-6.094917e-13
-6.115676e-13
-6.136411e-13
-6.157121e-13
-6.177807e-13
-6.198469e-13
-6.219107e-13
-6.239721e-13
-6.260310e-13
-6.280874e-13
-6.301414e-13
-6.321930e-13
-6.342421e-13
-6.362887e-13
-6.383329e-13
-6.403746e-13
-6.424138e-13
-6.444506e-13
-6.464848e-13
-6.485166e-13
-6.505459e-13
-6.525727e-13
-6.545970e-13
-6.566188e-13
-6.586381e-13
-6.606548e-13
-6.626691e-13
-6.646808e-13
-6.666900e-13
-6.686966e-13
-6.707008e-13
-6.727023e-13
-6.747014e-13
-6.766979e-13
-6.786918e-13
-6.806832e-13
-6.826720e-13
-6.846583e-13
-6.866419e-13
-6.886230e-13
-6.906016e-13
-6.925775e-13
-6.945509e-13
-6.965216e-13
-6.984898e-13
-7.004554e-13
-7.024184e-13
-7.043787e-13
-7.063365e-13
-7.082916e-13
-7.102441e-13
-7.121940e-13
-7.141413e-13
-7.160859e-13
-7.180279e-13
-7.199672e-13
-7.219039e-13
-7.238380e-13
-7.257694e-13
-7.276981e-13
-7.296242e-13
-7.315476e-13
-7.334684e-13
-7.353865e-13
-7.373019e-13
-7.392146e-13
-7.411246e-13
-7.430320e-13
-7.449366e-13
-7.468386e-13
-7.487378e-13
-7.506344e-13
-7.525282e-13
-7.544193e-13
-7.563078e-13
-7.581935e-13
-7.600764e-13
-7.619567e-13
-7.638342e-13
-7.657090e-13
-7.675810e-13
-7.694503e-13
-7.713168e-13
-7.731806e-13
-7.750417e-13
-7.769000e-13
-7.787555e-13
-7.806082e-13
-7.824582e-13
-7.843054e-13
-7.861499e-13
-7.879915e-13
-7.898304e-13
-7.916665e-13
-7.934998e-13
-7.953303e-13
-7.971580e-13
-7.989829e-13
-8.008050e-13
-8.026243e-13
-8.044407e-13
-8.062544e-13
-8.080652e-13
-8.098732e-13
-8.116784e-13
-8.134808e-13
-8.152803e-13
-8.170770e-13
-8.188708e-13
-8.206618e-13
-8.224499e-13
-8.242352e-13
-8.260176e-13
-8.277972e-13
-8.295739e-13
-8.313478e-13
-8.331187e-13
-8.348868e-13
-8.366521e-13
-8.384144e-13
-8.401739e-13
-8.419304e-13
-8.436841e-13
-8.454349e-13
-8.471828e-13
-8.489278e-13
-8.506699e-13
-8.524090e-13
-8.541453e-13
-8.558787e-13
-8.576091e-13
-8.593366e-13
-8.610612e-13
-8.627829e-13
-8.645016e-13
-8.662174e-13
-8.679303e-13
-8.696402e-13
-8.713472e-13
-8.730512e-13
-8.747523e-13
-8.764504e-13
-8.781456e-13
-8.798378e-13
-8.815271e-13
-8.832134e-13
-8.848967e-13
-8.865770e-13
-8.882544e-13
-8.899288e-13
-8.916002e-13
-8.932686e-13
-8.949341e-13
-8.965965e-13
-8.982560e-13
-8.999124e-13
-9.015659e-13
-9.032163e-13
-9.048638e-13
-9.065082e-13
-9.081496e-13
-9.097880e-13
-9.114234e-13
-9.130558e-13
-9.146851e-13
-9.163114e-13
-9.179347e-13
-9.195550e-13
-9.211722e-13
-9.227863e-13
-9.243975e-13
-9.260055e-13
-9.276106e-13
-9.292126e-13
-9.308115e-13
-9.324074e-13
-9.340002e-13
-9.355899e-13
-9.371766e-13
-9.387602e-13
-9.403408e-13
-9.419182e-13
-9.434926e-13
-9.450639e-13
-9.466321e-13
-9.481973e-13
-9.497593e-13
-9.513183e-13
-9.528742e-13
-9.544269e-13
-9.559766e-13
-9.575232e-13
-9.590666e-13
-9.606070e-13
-9.621442e-13
-9.636783e-13
-9.652094e-13
-9.667373e-13
-9.682620e-13
-9.697837e-13
-9.713022e-13
-9.728176e-13
-9.743298e-13
-9.758389e-13
-9.773449e-13
-9.788478e-13
-9.803475e-13
-9.818440e-13
-9.833374e-13
-9.848277e-13
-9.863148e-13
-9.877987e-13
-9.892795e-13
-9.907571e-13
-9.922316e-13
-9.937029e-13
-9.951710e-13
-9.966359e-13
-9.980977e-13
-9.995563e-13
-1.001012e-12
-1.002464e-12
-1.003913e-12
-1.005359e-12
-1.006802e-12
-1.008241e-12
-1.009677e-12
-1.011110e-12
-1.012540e-12
-1.013967e-12
-1.015391e-12
-1.016811e-12
-1.018228e-12
-1.019642e-12
-1.021052e-12
-1.022460e-12
-1.023864e-12
-1.025265e-12
-1.026663e-12
-1.028057e-12
-1.029449e-12
-1.030837e-12
-1.032222e-12
-1.033603e-12
-1.034982e-12
-1.036357e-12
-1.037729e-12
-1.039097e-12
-1.040463e-12
-1.041825e-12
-1.043184e-12
-1.044539e-12
-1.045892e-12
-1.047241e-12
-1.048587e-12
-1.049929e-12
-1.051269e-12
-1.052605e-12
-1.053938e-12
-1.055267e-12
-1.056593e-12
-1.057916e-12
-1.059236e-12
-1.060552e-12
-1.061866e-12
-1.063175e-12
-1.064482e-12
-1.065785e-12
-1.067085e-12
-1.068382e-12
-1.069675e-12
-1.070966e-12
-1.072252e-12
-1.073536e-12
-1.074816e-12
-1.076093e-12
-1.077367e-12
-1.078637e-12
-1.079904e-12
-1.081167e-12
-1.082428e-12
-1.083685e-12
-1.084938e-12
-1.086189e-12
-1.087436e-12
-1.088680e-12
-1.089920e-12
-1.091157e-12
-1.092391e-12
-1.093621e-12
-1.094848e-12
-1.096072e-12
-1.097292e-12
-1.098509e-12
-1.099723e-12
-1.100933e-12
-1.102140e-12
-1.103344e-12
-1.104544e-12
-1.105741e-12
-1.106935e-12
-1.108125e-12
-1.109312e-12
-1.110495e-12
-1.111676e-12
-1.112852e-12
-1.114026e-12
-1.115196e-12
-1.116363e-12
-1.117526e-12
-1.118686e-12
-1.119842e-12
-1.120995e-12
-1.122145e-12
-1.123292e-12
-1.124435e-12
-1.125574e-12
-1.126711e-12
-1.127843e-12
-1.128973e-12
-1.130099e-12
-1.131222e-12
-1.132341e-12
-1.133457e-12
-1.134569e-12
-1.135678e-12
-1.136784e-12
-1.137886e-12
-1.138985e-12
-1.140081e-12
-1.141173e-12
-1.142261e-12
-1.143347e-12
-1.144428e-12
-1.145507e-12
-1.146582e-12
-1.147653e-12
-1.148721e-12
-1.149786e-12
-1.150847e-12
-1.151905e-12
-1.152960e-12
-1.154011e-12
-1.155058e-12
-1.156102e-12
-1.157143e-12
-1.158180e-12
-1.159214e-12
-1.160245e-12
-1.161272e-12
-1.162295e-12
-1.163315e-12
-1.164332e-12
-1.165345e-12
-1.166355e-12
-1.167361e-12
-1.168364e-12
-1.169363e-12
-1.170359e-12
-1.171352e-12
-1.172341e-12
-1.173326e-12
-1.174308e-12
-1.175287e-12
-1.176262e-12
-1.177234e-12
-1.178202e-12
-1.179167e-12
-1.180128e-12
-1.181086e-12
-1.182040e-12
-1.182991e-12
-1.183938e-12
-1.184882e-12
-1.185823e-12
-1.186760e-12
-1.187693e-12
-1.188623e-12
-1.189550e-12
-1.190473e-12
-1.191392e-12
-1.192308e-12
-1.193221e-12
-1.194130e-12
-1.195035e-12
-1.195937e-12
-1.196836e-12
-1.197731e-12
-1.198623e-12
-1.199511e-12
-1.200395e-12
-1.201277e-12
-1.202154e-12
-1.203028e-12
-1.203899e-12
-1.204766e-12
-1.205630e-12
-1.206490e-12
-1.207346e-12
-1.208199e-12
-1.209049e-12
-1.209895e-12
-1.210737e-12
-1.211576e-12
-1.212412e-12
-1.213244e-12
-1.214072e-12
-1.214897e-12
-1.215718e-12
-1.216536e-12
-1.217351e-12
-1.218161e-12
-1.218969e-12
-1.219772e-12
-1.220573e-12
-1.221369e-12
-1.222163e-12
-1.222952e-12
-1.223738e-12
-1.224521e-12
-1.225300e-12
-1.226075e-12
-1.226847e-12
-1.227616e-12
-1.228381e-12
-1.229142e-12
-1.229900e-12
-1.230654e-12
-1.231405e-12
-1.232152e-12
-1.232896e-12
-1.233636e-12
-1.234372e-12
-1.235105e-12
-1.235834e-12
-1.236560e-12
-1.237283e-12
-1.238001e-12
-1.238717e-12
-1.239428e-12
-1.240136e-12
-1.240841e-12
-1.241542e-12
-1.242239e-12
-1.242933e-12
-1.243623e-12
-1.244310e-12
-1.244993e-12
-1.245673e-12
-1.246349e-12
-1.247021e-12
-1.247690e-12
-1.248355e-12
-1.249017e-12
-1.249675e-12
-1.250330e-12
-1.250981e-12
-1.251628e-12
-1.252272e-12
-1.252913e-12
-1.253549e-12
-1.254183e-12
-1.254812e-12
-1.255438e-12
-1.256061e-12
-1.256679e-12
-1.257295e-12
-1.257906e-12
-1.258514e-12
-1.259119e-12
-1.259720e-12
-1.260317e-12
-1.260911e-12
-1.261501e-12
-1.262088e-12
-1.262671e-12
-1.263250e-12
-1.263826e-12
-1.264398e-12
-1.264967e-12
-1.265532e-12
-1.266093e-12
-1.266651e-12
-1.267205e-12
-1.267756e-12
-1.268303e-12
-1.268846e-12
-1.269386e-12
-1.269922e-12
-1.270455e-12
-1.270984e-12
-1.271510e-12
-1.272031e-12
-1.272550e-12
-1.273064e-12
-1.273575e-12
-1.274083e-12
-1.274587e-12
-1.275087e-12
-1.275583e-12
-1.276076e-12
-1.276566e-12
-1.277052e-12
-1.277534e-12
-1.278012e-12
-1.278487e-12
-1.278959e-12
-1.279426e-12
-1.279890e-12
-1.280351e-12
-1.280808e-12
-1.281261e-12
-1.281711e-12
-1.282157e-12
-1.282599e-12
-1.283038e-12
-1.283473e-12
-1.283905e-12
-1.284333e-12
-1.284757e-12
-1.285178e-12
-1.285595e-12
-1.286008e-12
-1.286418e-12
-1.286824e-12
-1.287227e-12
-1.287626e-12
-1.288021e-12
-1.288413e-12
-1.288801e-12
-1.289186e-12
-1.289567e-12
-1.289944e-12
-1.290317e-12
-1.290687e-12
-1.291054e-12
-1.291416e-12
-1.291775e-12
-1.292131e-12
-1.292483e-12
-1.292831e-12
-1.293175e-12
-1.293516e-12
-1.293854e-12
-1.294187e-12
-1.294517e-12
-1.294844e-12
-1.295167e-12
-1.295486e-12
-1.295801e-12
-1.296113e-12
-1.296421e-12
-1.296726e-12
-1.297027e-12
-1.297324e-12
-1.297618e-12
-1.297908e-12
-1.298194e-12
-1.298477e-12
-1.298756e-12
-1.299032e-12
-1.299303e-12
-1.299572e-12
-1.299836e-12
-1.300097e-12
-1.300354e-12
-1.300608e-12
-1.300858e-12
-1.301104e-12
-1.301347e-12
-1.301586e-12
-1.301822e-12
-1.302053e-12
-1.302281e-12
-1.302506e-12
-1.302727e-12
-1.302944e-12
-1.303158e-12
-1.303368e-12
-1.303574e-12
-1.303776e-12
-1.303975e-12
-1.304171e-12
-1.304362e-12
-1.304550e-12
-1.304735e-12
-1.304916e-12
-1.305093e-12
-1.305266e-12
-1.305436e-12
-1.305602e-12
-1.305765e-12
-1.305923e-12
-1.306079e-12
-1.306230e-12
-1.306378e-12
-1.306522e-12
-1.306663e-12
-1.306800e-12
-1.306933e-12
-1.307063e-12
-1.307189e-12
-1.307311e-12
-1.307430e-12
-1.307545e-12
-1.307656e-12
-1.307764e-12
-1.307868e-12
-1.307969e-12
-1.308066e-12
-1.308159e-12
-1.308248e-12
-1.308334e-12
-1.308416e-12
-1.308495e-12
-1.308570e-12
-1.308641e-12
-1.308708e-12
-1.308772e-12
-1.308833e-12
-1.308889e-12
-1.308942e-12
-1.308992e-12
-1.309037e-12
-1.309079e-12
-1.309118e-12
-1.309152e-12
-1.309183e-12
-1.309211e-12
-1.309235e-12
-1.309255e-12
-1.309271e-12
-1.309284e-12
-1.309293e-12
-1.309299e-12
-1.309300e-12
