-1.789205e-19
-1.794971e-19
-1.801573e-19
-1.809010e-19
-1.817283e-19
-1.826391e-19
-1.836334e-19
-1.847112e-19
-1.858723e-19
-1.871169e-19
-1.884448e-19
-1.898560e-19
-1.913504e-19
-1.929282e-19
-1.945891e-19
-1.963332e-19
-1.981605e-19
-2.000708e-19
-2.020642e-19
-2.041406e-19
-2.063000e-19
-2.085423e-19
-2.108676e-19
-2.132756e-19
-2.157665e-19
-2.183401e-19
-2.209964e-19
-2.237354e-19
-2.265569e-19
-2.294611e-19
-2.324478e-19
-2.355170e-19
-2.386685e-19
-2.419025e-19
-2.452187e-19
-2.486173e-19
-2.520980e-19
-2.556609e-19
-2.593059e-19
-2.630330e-19
-2.668420e-19
-2.707330e-19
-2.747059e-19
-2.787606e-19
-2.828970e-19
-2.871152e-19
-2.914150e-19
-2.957964e-19
-3.002593e-19
-3.048036e-19
-3.094294e-19
-3.141365e-19
-3.189248e-19
-3.237944e-19
-3.287451e-19
-3.337768e-19
-3.388896e-19
-3.440833e-19
-3.493579e-19
-3.547132e-19
-3.601493e-19
-3.656661e-19
-3.712634e-19
-3.769413e-19
-3.826996e-19
-3.885382e-19
-3.944572e-19
-4.004563e-19
-4.065356e-19
-4.126950e-19
-4.189344e-19
-4.252536e-19
-4.316527e-19
-4.381316e-19
-4.446902e-19
-4.513283e-19
-4.580459e-19
-4.648430e-19
-4.717194e-19
-4.786751e-19
-4.857100e-19
-4.928240e-19
-5.000170e-19
-5.072889e-19
-5.146397e-19
-5.220692e-19
-5.295774e-19
-5.371642e-19
-5.448295e-19
-5.525732e-19
-5.603952e-19
-5.682954e-19
-5.762737e-19
-5.843301e-19
-5.924644e-19
-6.006766e-19
-6.089665e-19
-6.173341e-19
-6.257793e-19
-6.343019e-19
-6.429019e-19
-6.515792e-19
-6.603337e-19
-6.691652e-19
-6.780738e-19
-6.870592e-19
-6.961214e-19
-7.052603e-19
-7.144758e-19
-7.237677e-19
-7.331360e-19
-7.425806e-19
-7.521014e-19
-7.616982e-19
-7.713710e-19
-7.811196e-19
-7.909440e-19
-8.008440e-19
-8.108196e-19
-8.208706e-19
-8.309969e-19
-8.411983e-19
-8.514749e-19
-8.618265e-19
-8.722529e-19
-8.827541e-19
-8.933299e-19
-9.039803e-19
-9.147051e-19
-9.255042e-19
-9.363775e-19
-9.473248e-19
-9.583461e-19
-9.694413e-19
-9.806102e-19
-9.918527e-19
-1.003169e-18
-1.014558e-18
-1.026021e-18
-1.037556e-18
-1.049165e-18
-1.060847e-18
-1.072601e-18
-1.084428e-18
-1.096327e-18
-1.108299e-18
-1.120343e-18
-1.132460e-18
-1.144648e-18
-1.156908e-18
-1.169240e-18
-1.181644e-18
-1.194119e-18
-1.206665e-18
-1.219283e-18
-1.231972e-18
-1.244732e-18
-1.257563e-18
-1.270464e-18
-1.283436e-18
-1.296478e-18
-1.309591e-18
-1.322774e-18
-1.336027e-18
-1.349350e-18
-1.362743e-18
-1.376205e-18
-1.389737e-18
-1.403339e-18
-1.417009e-18
-1.430749e-18
-1.444558e-18
-1.458435e-18
-1.472381e-18
-1.486396e-18
-1.500479e-18
-1.514630e-18
-1.528850e-18
-1.543137e-18
-1.557492e-18
-1.571915e-18
-1.586406e-18
-1.600964e-18
-1.615589e-18
-1.630281e-18
-1.645040e-18
-1.659867e-18
-1.674759e-18
-1.689718e-18
-1.704744e-18
-1.719836e-18
-1.734994e-18
-1.750218e-18
-1.765507e-18
-1.780862e-18
-1.796283e-18
-1.811769e-18
-1.827320e-18
-1.842936e-18
-1.858617e-18
-1.874363e-18
-1.890173e-18
-1.906048e-18
-1.921987e-18
-1.937990e-18
-1.954057e-18
-1.970187e-18
-1.986382e-18
-2.002639e-18
-2.018960e-18
-2.035344e-18
-2.051791e-18
-2.068301e-18
-2.084874e-18
-2.101509e-18
-2.118206e-18
-2.134965e-18
-2.151787e-18
-2.168670e-18
-2.185615e-18
-2.202621e-18
-2.219689e-18
-2.236818e-18
-2.254008e-18
-2.271258e-18
-2.288570e-18
-2.305942e-18
-2.323374e-18
-2.340866e-18
-2.358419e-18
-2.376031e-18
-2.393703e-18
-2.411434e-18
-2.429224e-18
-2.447074e-18
-2.464983e-18
-2.482950e-18
-2.500976e-18
-2.519061e-18
-2.537204e-18
-2.555404e-18
-2.573663e-18
-2.591980e-18
-2.610354e-18
-2.628785e-18
-2.647274e-18
-2.665819e-18
-2.684422e-18
-2.703081e-18
-2.721797e-18
-2.740569e-18
-2.759397e-18
-2.778281e-18
-2.797221e-18
-2.816216e-18
-2.835267e-18
-2.854373e-18
-2.873534e-18
-2.892750e-18
-2.912020e-18
-2.931345e-18
-2.950724e-18
-2.970158e-18
-2.989645e-18
-3.009186e-18
-3.028781e-18
-3.048429e-18
-3.068130e-18
-3.087884e-18
-3.107691e-18
-3.127550e-18
-3.147462e-18
-3.167426e-18
-3.187442e-18
-3.207510e-18
-3.227630e-18
-3.247801e-18
-3.268023e-18
-3.288297e-18
-3.308621e-18
-3.328996e-18
-3.349421e-18
-3.369897e-18
-3.390422e-18
-3.410998e-18
-3.431623e-18
-3.452298e-18
-3.473022e-18
-3.493796e-18
-3.514618e-18
-3.535488e-18
-3.556408e-18
-3.577375e-18
-3.598391e-18
-3.619455e-18
-3.640566e-18
-3.661725e-18
-3.682931e-18
-3.704184e-18
-3.725484e-18
-3.746831e-18
-3.768224e-18
-3.789663e-18
-3.811149e-18
-3.832680e-18
-3.854257e-18
-3.875880e-18
-3.897547e-18
-3.919260e-18
-3.941018e-18
-3.962820e-18
-3.984667e-18
-4.006557e-18
-4.028492e-18
-4.050471e-18
-4.072493e-18
-4.094558e-18
-4.116667e-18
-4.138818e-18
-4.161012e-18
-4.183249e-18
-4.205528e-18
-4.227849e-18
-4.250212e-18
-4.272617e-18
-4.295063e-18
-4.317550e-18
-4.340078e-18
-4.362647e-18
-4.385257e-18
-4.407907e-18
-4.430597e-18
-4.453327e-18
-4.476096e-18
-4.498905e-18
-4.521754e-18
-4.544641e-18
-4.567567e-18
-4.590532e-18
-4.613535e-18
-4.636576e-18
-4.659656e-18
-4.682772e-18
-4.705927e-18
-4.729118e-18
-4.752347e-18
-4.775612e-18
-4.798914e-18
-4.822253e-18
-4.845627e-18
-4.869038e-18
-4.892484e-18
-4.915965e-18
-4.939482e-18
-4.963034e-18
-4.986620e-18
-5.010241e-18
-5.033896e-18
-5.057586e-18
-5.081309e-18
-5.105066e-18
-5.128856e-18
-5.152680e-18
-5.176536e-18
-5.200425e-18
-5.224346e-18
-5.248300e-18
-5.272285e-18
-5.296303e-18
-5.320352e-18
-5.344432e-18
-5.368543e-18
-5.392685e-18
-5.416858e-18
-5.441061e-18
-5.465294e-18
-5.489557e-18
-5.513849e-18
-5.538171e-18
-5.562522e-18
-5.586902e-18
-5.611311e-18
-5.635748e-18
-5.660213e-18
-5.684707e-18
-5.709228e-18
-5.733776e-18
-5.758352e-18
-5.782955e-18
-5.807584e-18
-5.832240e-18
-5.856922e-18
-5.881630e-18
-5.906364e-18
-5.931124e-18
-5.955909e-18
-5.980718e-18
-6.005553e-18
-6.030412e-18
-6.055296e-18
-6.080203e-18
-6.105134e-18
-6.130089e-18
-6.155068e-18
-6.180069e-18
-6.205093e-18
-6.230140e-18
-6.255209e-18
-6.280300e-18
-6.305412e-18
-6.330547e-18
-6.355703e-18
-6.380879e-18
-6.406077e-18
-6.431295e-18
-6.456534e-18
-6.481792e-18
-6.507071e-18
-6.532368e-18
-6.557686e-18
-6.583022e-18
-6.608377e-18
-6.633750e-18
-6.659142e-18
-6.684552e-18
-6.709980e-18
-6.735425e-18
-6.760887e-18
-6.786367e-18
-6.811863e-18
-6.837375e-18
-6.862904e-18
-6.888449e-18
-6.914010e-18
-6.939586e-18
-6.965177e-18
-6.990783e-18
-7.016404e-18
-7.042039e-18
-7.067688e-18
-7.093351e-18
-7.119028e-18
-7.144718e-18
-7.170422e-18
-7.196138e-18
-7.221866e-18
-7.247608e-18
-7.273361e-18
-7.299125e-18
-7.324902e-18
-7.350690e-18
-7.376488e-18
-7.402298e-18
-7.428117e-18
-7.453947e-18
-7.479787e-18
-7.505637e-18
-7.531496e-18
-7.557364e-18
-7.583241e-18
-7.609127e-18
-7.635021e-18
-7.660923e-18
-7.686833e-18
-7.712750e-18
-7.738675e-18
-7.764607e-18
-7.790545e-18
-7.816490e-18
-7.842441e-18
-7.868398e-18
-7.894360e-18
-7.920328e-18
-7.946301e-18
-7.972279e-18
-7.998261e-18
-8.024248e-18
-8.050238e-18
-8.076233e-18
-8.102231e-18
-8.128232e-18
-8.154236e-18
-8.180242e-18
-8.206251e-18
-8.232262e-18
-8.258275e-18
-8.284290e-18
-8.310306e-18
-8.336322e-18
-8.362340e-18
-8.388358e-18
-8.414376e-18
-8.440394e-18
-8.466411e-18
-8.492428e-18
-8.518444e-18
-8.544459e-18
-8.570472e-18
-8.596484e-18
-8.622493e-18
-8.648500e-18
-8.674505e-18
-8.700507e-18
-8.726505e-18
-8.752500e-18
-8.778491e-18
-8.804479e-18
-8.830462e-18
-8.856440e-18
-8.882414e-18
-8.908383e-18
-8.934346e-18
-8.960303e-18
-8.986255e-18
-9.012200e-18
-9.038139e-18
-9.064071e-18
-9.089996e-18
-9.115913e-18
-9.141823e-18
-9.167725e-18
-9.193619e-18
-9.219504e-18
-9.245381e-18
-9.271248e-18
-9.297106e-18
-9.322955e-18
-9.348793e-18
-9.374622e-18
-9.400440e-18
-9.426247e-18
-9.452043e-18
-9.477827e-18
-9.503601e-18
-9.529362e-18
-9.555111e-18
-9.580847e-18
-9.606571e-18
-9.632282e-18
-9.657980e-18
-9.683663e-18
-9.709333e-18
-9.734989e-18
-9.760631e-18
-9.786257e-18
-9.811869e-18
-9.837465e-18
-9.863045e-18
-9.888610e-18
-9.914159e-18
-9.939691e-18
-9.965206e-18
-9.990704e-18
-1.001619e-17
-1.004165e-17
-1.006709e-17
-1.009252e-17
-1.011793e-17
-1.014332e-17
-1.016869e-17
-1.019404e-17
-1.021937e-17
-1.024469e-17
-1.026998e-17
-1.029525e-17
-1.032050e-17
-1.034573e-17
-1.037094e-17
-1.039612e-17
-1.042129e-17
-1.044643e-17
-1.047155e-17
-1.049665e-17
-1.052172e-17
-1.054677e-17
-1.057180e-17
-1.059680e-17
-1.062178e-17
-1.064674e-17
-1.067167e-17
-1.069657e-17
-1.072145e-17
-1.074630e-17
-1.077113e-17
-1.079593e-17
-1.082071e-17
-1.084545e-17
-1.087017e-17
-1.089487e-17
-1.091953e-17
-1.094417e-17
-1.096878e-17
-1.099336e-17
-1.101791e-17
-1.104243e-17
-1.106693e-17
-1.109139e-17
-1.111582e-17
-1.114023e-17
-1.116460e-17
-1.118894e-17
-1.121325e-17
-1.123753e-17
-1.126178e-17
-1.128599e-17
-1.131018e-17
-1.133433e-17
-1.135845e-17
-1.138253e-17
-1.140658e-17
-1.143060e-17
-1.145458e-17
-1.147853e-17
-1.150245e-17
-1.152632e-17
-1.155017e-17
-1.157398e-17
-1.159775e-17
-1.162149e-17
-1.164519e-17
-1.166885e-17
-1.169248e-17
-1.171607e-17
-1.173962e-17
-1.176314e-17
-1.178661e-17
-1.181005e-17
-1.183345e-17
-1.185681e-17
-1.188013e-17
-1.190341e-17
-1.192666e-17
-1.194986e-17
-1.197302e-17
-1.199614e-17
-1.201922e-17
-1.204226e-17
-1.206526e-17
-1.208822e-17
-1.211113e-17
-1.213400e-17
-1.215683e-17
-1.217962e-17
-1.220236e-17
-1.222506e-17
-1.224771e-17
-1.227033e-17
-1.229289e-17
-1.231542e-17
-1.233789e-17
-1.236033e-17
-1.238271e-17
-1.240506e-17
-1.242735e-17
-1.244960e-17
-1.247180e-17
-1.249396e-17
-1.251607e-17
-1.253813e-17
-1.256015e-17
-1.258211e-17
-1.260403e-17
-1.262590e-17
-1.264772e-17
-1.266949e-17
-1.269121e-17
-1.271289e-17
-1.273451e-17
-1.275608e-17
-1.277760e-17
-1.279907e-17
-1.282049e-17
-1.284186e-17
-1.286318e-17
-1.288445e-17
-1.290566e-17
-1.292682e-17
-1.294793e-17
-1.296899e-17
-1.298999e-17
-1.301094e-17
-1.303183e-17
-1.305267e-17
-1.307346e-17
-1.309419e-17
-1.311487e-17
-1.313549e-17
-1.315606e-17
-1.317657e-17
-1.319703e-17
-1.321743e-17
-1.323777e-17
-1.325806e-17
-1.327829e-17
-1.329846e-17
-1.331857e-17
-1.333863e-17
-1.335863e-17
-1.337857e-17
-1.339845e-17
-1.341827e-17
-1.343804e-17
-1.345774e-17
-1.347739e-17
-1.349697e-17
-1.351650e-17
-1.353596e-17
-1.355537e-17
-1.357471e-17
-1.359399e-17
-1.361321e-17
-1.363237e-17
-1.365147e-17
-1.367050e-17
-1.368947e-17
-1.370838e-17
-1.372723e-17
-1.374601e-17
-1.376473e-17
-1.378338e-17
-1.380198e-17
-1.382050e-17
-1.383897e-17
-1.385736e-17
-1.387570e-17
-1.389396e-17
-1.391217e-17
-1.393030e-17
-1.394837e-17
-1.396638e-17
-1.398431e-17
-1.400218e-17
-1.401999e-17
-1.403772e-17
-1.405539e-17
-1.407299e-17
-1.409052e-17
-1.410799e-17
-1.412538e-17
-1.414271e-17
-1.415997e-17
-1.417716e-17
-1.419428e-17
-1.421133e-17
-1.422831e-17
-1.424522e-17
-1.426205e-17
-1.427882e-17
-1.429552e-17
-1.431215e-17
-1.432870e-17
-1.434518e-17
-1.436159e-17
-1.437793e-17
-1.439420e-17
-1.441039e-17
-1.442651e-17
-1.444256e-17
-1.445854e-17
-1.447444e-17
-1.449026e-17
-1.450602e-17
-1.452170e-17
-1.453730e-17
-1.455283e-17
-1.456828e-17
-1.458366e-17
-1.459897e-17
-1.461420e-17
-1.462935e-17
-1.464443e-17
-1.465943e-17
-1.467435e-17
-1.468920e-17
-1.470397e-17
-1.471866e-17
-1.473328e-17
-1.474782e-17
-1.476228e-17
-1.477666e-17
-1.479096e-17
-1.480519e-17
-1.481934e-17
-1.483340e-17
-1.484739e-17
-1.486130e-17
-1.487513e-17
-1.488888e-17
-1.490256e-17
-1.491615e-17
-1.492966e-17
-1.494308e-17
-1.495643e-17
-1.496970e-17
-1.498289e-17
-1.499599e-17
-1.500902e-17
-1.502196e-17
-1.503482e-17
-1.504760e-17
-1.506029e-17
-1.507290e-17
-1.508543e-17
-1.509788e-17
-1.511024e-17
-1.512252e-17
-1.513472e-17
-1.514683e-17
-1.515886e-17
-1.517081e-17
-1.518267e-17
-1.519444e-17
-1.520613e-17
-1.521774e-17
-1.522926e-17
-1.524070e-17
-1.525205e-17
-1.526331e-17
-1.527449e-17
-1.528558e-17
-1.529659e-17
-1.530751e-17
-1.531834e-17
-1.532909e-17
-1.533975e-17
-1.535032e-17
-1.536081e-17
-1.537120e-17
-1.538151e-17
-1.539174e-17
-1.540187e-17
-1.541192e-17
-1.542188e-17
-1.543175e-17
-1.544153e-17
-1.545122e-17
-1.546082e-17
-1.547034e-17
-1.547976e-17
-1.548910e-17
-1.549834e-17
-1.550750e-17
-1.551656e-17
-1.552554e-17
-1.553442e-17
-1.554322e-17
-1.555192e-17
-1.556054e-17
-1.556906e-17
-1.557749e-17
-1.558583e-17
-1.559408e-17
-1.560224e-17
-1.561030e-17
-1.561828e-17
-1.562616e-17
-1.563395e-17
-1.564165e-17
-1.564925e-17
-1.565677e-17
-1.566419e-17
-1.567151e-17
-1.567875e-17
-1.568589e-17
-1.569294e-17
-1.569989e-17
-1.570675e-17
-1.571352e-17
-1.572020e-17
-1.572678e-17
-1.573326e-17
-1.573965e-17
-1.574595e-17
-1.575215e-17
-1.575826e-17
-1.576428e-17
-1.577020e-17
-1.577602e-17
-1.578175e-17
-1.578739e-17
-1.579292e-17
-1.579837e-17
-1.580372e-17
-1.580897e-17
-1.581413e-17
-1.581919e-17
-1.582415e-17
-1.582902e-17
-1.583379e-17
-1.583847e-17
-1.584305e-17
-1.584754e-17
-1.585192e-17
-1.585621e-17
-1.586041e-17
-1.586450e-17
-1.586850e-17
-1.587241e-17
-1.587621e-17
-1.587992e-17
-1.588353e-17
-1.588705e-17
-1.589046e-17
-1.589378e-17
-1.589700e-17
-1.590013e-17
-1.590315e-17
-1.590608e-17
-1.590891e-17
-1.591164e-17
-1.591427e-17
-1.591680e-17
-1.591924e-17
-1.592158e-17
-1.592382e-17
-1.592596e-17
-1.592800e-17
-1.592994e-17
-1.593179e-17
-1.593353e-17
-1.593518e-17
-1.593672e-17
-1.593817e-17
-1.593952e-17
-1.594077e-17
-1.594192e-17
-1.594297e-17
-1.594392e-17
-1.594478e-17
-1.594553e-17
-1.594618e-17
-1.594673e-17
-1.594719e-17
-1.594754e-17
-1.594779e-17
-1.594795e-17
-1.594800e-17
-1.594796e-17
-1.594781e-17
-1.594757e-17
-1.594722e-17
-1.594677e-17
-1.594623e-17
-1.594558e-17
-1.594483e-17
-1.594399e-17
-1.594304e-17
-1.594199e-17
-1.594084e-17
-1.593960e-17
-1.593825e-17
-1.593680e-17
-1.593525e-17
-1.593360e-17
-1.593185e-17
-1.592999e-17
-1.592804e-17
-1.592599e-17
-1.592384e-17
-1.592158e-17
-1.591923e-17
-1.591677e-17
-1.591422e-17
-1.591156e-17
-1.590880e-17
-1.590594e-17
-1.590299e-17
-1.589993e-17
-1.589677e-17
-1.589350e-17
-1.589014e-17
-1.588668e-17
-1.588312e-17
-1.587945e-17
-1.587569e-17
-1.587182e-17
-1.586786e-17
-1.586379e-17
-1.585962e-17
-1.585535e-17
-1.585098e-17
-1.584651e-17
-1.584194e-17
-1.583727e-17
-1.583250e-17
-1.582763e-17
-1.582265e-17
-1.581758e-17
-1.581241e-17
-1.580713e-17
-1.580176e-17
-1.579628e-17
-1.579071e-17
-1.578503e-17
-1.577925e-17
-1.577338e-17
-1.576740e-17
-1.576132e-17
-1.575514e-17
-1.574886e-17
-1.574249e-17
-1.573601e-17
-1.572943e-17
-1.572275e-17
-1.571597e-17
-1.570909e-17
-1.570212e-17
-1.569504e-17
-1.568786e-17
-1.568058e-17
-1.567321e-17
-1.566573e-17
-1.565815e-17
-1.565048e-17
-1.564270e-17
-1.563483e-17
-1.562685e-17
-1.561878e-17
-1.561060e-17
-1.560233e-17
-1.559396e-17
-1.558549e-17
-1.557692e-17
-1.556826e-17
-1.555949e-17
-1.555062e-17
-1.554166e-17
-1.553260e-17
-1.552344e-17
-1.551418e-17
-1.550482e-17
-1.549537e-17
-1.548581e-17
-1.547616e-17
-1.546641e-17
-1.545656e-17
-1.544662e-17
-1.543658e-17
-1.542643e-17
-1.541620e-17
-1.540586e-17
-1.539543e-17
-1.538490e-17
-1.537427e-17
-1.536355e-17
-1.535273e-17
-1.534181e-17
-1.533080e-17
-1.531968e-17
-1.530848e-17
-1.529717e-17
-1.528577e-17
-1.527428e-17
-1.526269e-17
-1.525100e-17
-1.523921e-17
-1.522734e-17
-1.521536e-17
-1.520329e-17
-1.519112e-17
-1.517886e-17
-1.516651e-17
-1.515406e-17
-1.514151e-17
-1.512887e-17
-1.511614e-17
-1.510331e-17
-1.509039e-17
-1.507737e-17
-1.506426e-17
-1.505105e-17
-1.503776e-17
-1.502436e-17
-1.501088e-17
-1.499730e-17
-1.498363e-17
-1.496986e-17
-1.495601e-17
-1.494206e-17
-1.492801e-17
-1.491388e-17
-1.489965e-17
-1.488533e-17
-1.487092e-17
-1.485642e-17
-1.484182e-17
-1.482714e-17
-1.481236e-17
-1.479749e-17
-1.478253e-17
-1.476748e-17
-1.475234e-17
-1.473711e-17
-1.472179e-17
-1.470638e-17
-1.469088e-17
-1.467529e-17
-1.465961e-17
-1.464384e-17
-1.462798e-17
-1.461204e-17
-1.459600e-17
-1.457988e-17
-1.456366e-17
-1.454736e-17
-1.453097e-17
-1.451449e-17
-1.449793e-17
-1.448128e-17
-1.446454e-17
-1.444771e-17
-1.443080e-17
-1.441380e-17
-1.439671e-17
-1.437954e-17
-1.436228e-17
-1.434493e-17
-1.432750e-17
-1.430999e-17
-1.429238e-17
-1.427470e-17
-1.425693e-17
-1.423907e-17
-1.422113e-17
-1.420310e-17
-1.418500e-17
-1.416680e-17
-1.414853e-17
-1.413017e-17
-1.411172e-17
-1.409320e-17
-1.407459e-17
-1.405590e-17
-1.403713e-17
-1.401827e-17
-1.399934e-17
-1.398032e-17
-1.396122e-17
-1.394204e-17
-1.392278e-17
-1.390343e-17
-1.388401e-17
-1.386451e-17
-1.384493e-17
-1.382526e-17
-1.380552e-17
-1.378570e-17
-1.376580e-17
-1.374582e-17
-1.372576e-17
-1.370563e-17
-1.368542e-17
-1.366512e-17
-1.364476e-17
-1.362431e-17
-1.360379e-17
-1.358319e-17
-1.356251e-17
-1.354176e-17
-1.352093e-17
-1.350003e-17
-1.347905e-17
-1.345800e-17
-1.343687e-17
-1.341566e-17
-1.339438e-17
-1.337303e-17
-1.335161e-17
-1.333011e-17
-1.330853e-17
-1.328689e-17
-1.326517e-17
-1.324338e-17
-1.322151e-17
-1.319958e-17
-1.317757e-17
-1.315549e-17
-1.313334e-17
-1.311112e-17
-1.308883e-17
-1.306647e-17
-1.304404e-17
-1.302154e-17
-1.299897e-17
-1.297633e-17
-1.295362e-17
-1.293084e-17
-1.290800e-17
-1.288508e-17
-1.286210e-17
-1.283905e-17
-1.281594e-17
-1.279276e-17
-1.276951e-17
-1.274619e-17
-1.272281e-17
-1.269937e-17
-1.267586e-17
-1.265228e-17
-1.262864e-17
-1.260493e-17
-1.258116e-17
-1.255733e-17
-1.253343e-17
-1.250947e-17
-1.248545e-17
-1.246136e-17
-1.243722e-17
-1.241301e-17
-1.238873e-17
-1.236440e-17
-1.234001e-17
-1.231555e-17
-1.229104e-17
-1.226646e-17
-1.224183e-17
-1.221714e-17
-1.219238e-17
-1.216757e-17
-1.214270e-17
-1.211777e-17
-1.209279e-17
-1.206774e-17
-1.204264e-17
-1.201749e-17
-1.199227e-17
-1.196700e-17
-1.194168e-17
-1.191630e-17
-1.189086e-17
-1.186537e-17
-1.183982e-17
-1.181422e-17
-1.178857e-17
-1.176286e-17
-1.173710e-17
-1.171129e-17
-1.168543e-17
-1.165951e-17
-1.163354e-17
-1.160752e-17
-1.158145e-17
-1.155532e-17
-1.152915e-17
-1.150293e-17
-1.147666e-17
-1.145033e-17
-1.142396e-17
-1.139754e-17
-1.137107e-17
-1.134456e-17
-1.131800e-17
-1.129138e-17
-1.126473e-17
-1.123802e-17
-1.121127e-17
-1.118448e-17
-1.115763e-17
-1.113075e-17
-1.110382e-17
-1.107684e-17
-1.104982e-17
-1.102276e-17
-1.099565e-17
-1.096850e-17
-1.094131e-17
-1.091407e-17
-1.088679e-17
-1.085948e-17
-1.083212e-17
-1.080472e-17
-1.077728e-17
-1.074979e-17
-1.072227e-17
-1.069471e-17
-1.066712e-17
-1.063948e-17
-1.061180e-17
-1.058409e-17
-1.055634e-17
-1.052855e-17
-1.050073e-17
-1.047287e-17
-1.044497e-17
-1.041704e-17
-1.038907e-17
-1.036107e-17
-1.033303e-17
-1.030496e-17
-1.027685e-17
-1.024871e-17
-1.022054e-17
-1.019234e-17
-1.016410e-17
-1.013584e-17
-1.010754e-17
-1.007921e-17
-1.005085e-17
-1.002246e-17
-9.994034e-18
-9.965584e-18
-9.937104e-18
-9.908596e-18
-9.880059e-18
-9.851494e-18
-9.822902e-18
-9.794282e-18
-9.765636e-18
-9.736963e-18
-9.708264e-18
-9.679540e-18
-9.650790e-18
-9.622015e-18
-9.593216e-18
-9.564393e-18
-9.535546e-18
-9.506676e-18
-9.477783e-18
-9.448868e-18
-9.419930e-18
-9.390970e-18
-9.361990e-18
-9.332988e-18
-9.303966e-18
-9.274923e-18
-9.245861e-18
-9.216780e-18
-9.187679e-18
-9.158560e-18
-9.129423e-18
-9.100268e-18
-9.071095e-18
-9.041906e-18
-9.012700e-18
-8.983478e-18
-8.954240e-18
-8.924987e-18
-8.895719e-18
-8.866436e-18
-8.837139e-18
-8.807828e-18
-8.778504e-18
-8.749167e-18
-8.719817e-18
-8.690455e-18
-8.661081e-18
-8.631696e-18
-8.602300e-18
-8.572894e-18
-8.543477e-18
-8.514050e-18
-8.484614e-18
-8.455169e-18
-8.425716e-18
-8.396254e-18
-8.366785e-18
-8.337309e-18
-8.307825e-18
-8.278335e-18
-8.248839e-18
-8.219337e-18
-8.189829e-18
-8.160317e-18
-8.130801e-18
-8.101280e-18
-8.071755e-18
-8.042228e-18
-8.012697e-18
-7.983164e-18
-7.953629e-18
-7.924092e-18
-7.894554e-18
-7.865015e-18
-7.835475e-18
-7.805936e-18
-7.776397e-18
-7.746859e-18
-7.717322e-18
-7.687786e-18
-7.658252e-18
-7.628721e-18
-7.599193e-18
-7.569668e-18
-7.540147e-18
-7.510629e-18
-7.481116e-18
-7.451608e-18
-7.422105e-18
-7.392608e-18
-7.363117e-18
-7.333632e-18
-7.304154e-18
-7.274684e-18
-7.245221e-18
-7.215766e-18
-7.186320e-18
-7.156883e-18
-7.127455e-18
-7.098036e-18
-7.068628e-18
-7.039231e-18
-7.009844e-18
-6.980469e-18
-6.951105e-18
-6.921754e-18
-6.892415e-18
-6.863089e-18
-6.833777e-18
-6.804478e-18
-6.775194e-18
-6.745924e-18
-6.716669e-18
-6.687429e-18
-6.658206e-18
-6.628998e-18
-6.599807e-18
-6.570634e-18
-6.541477e-18
-6.512339e-18
-6.483218e-18
-6.454117e-18
-6.425034e-18
-6.395971e-18
-6.366928e-18
-6.337904e-18
-6.308902e-18
-6.279921e-18
-6.250961e-18
-6.222023e-18
-6.193107e-18
-6.164213e-18
-6.135343e-18
-6.106497e-18
-6.077674e-18
-6.048875e-18
-6.020101e-18
-5.991352e-18
-5.962629e-18
-5.933931e-18
-5.905260e-18
-5.876615e-18
-5.847998e-18
-5.819407e-18
-5.790845e-18
-5.762311e-18
-5.733805e-18
-5.705329e-18
-5.676882e-18
-5.648464e-18
-5.620077e-18
-5.591721e-18
-5.563395e-18
-5.535101e-18
-5.506839e-18
-5.478608e-18
-5.450411e-18
-5.422246e-18
-5.394115e-18
-5.366017e-18
-5.337954e-18
-5.309925e-18
-5.281930e-18
-5.253972e-18
-5.226048e-18
-5.198161e-18
-5.170311e-18
-5.142497e-18
-5.114720e-18
-5.086981e-18
-5.059280e-18
-5.031618e-18
-5.003994e-18
-4.976409e-18
-4.948864e-18
-4.921358e-18
-4.893893e-18
-4.866469e-18
-4.839086e-18
-4.811744e-18
-4.784444e-18
-4.757186e-18
-4.729970e-18
-4.702798e-18
-4.675669e-18
-4.648584e-18
-4.621542e-18
-4.594545e-18
-4.567593e-18
-4.540686e-18
-4.513825e-18
-4.487010e-18
-4.460240e-18
-4.433518e-18
-4.406843e-18
-4.380215e-18
-4.353635e-18
-4.327103e-18
-4.300619e-18
-4.274184e-18
-4.247799e-18
-4.221463e-18
-4.195178e-18
-4.168942e-18
-4.142758e-18
-4.116624e-18
-4.090542e-18
-4.064511e-18
-4.038533e-18
-4.012608e-18
-3.986735e-18
-3.960915e-18
-3.935149e-18
-3.909437e-18
-3.883779e-18
-3.858176e-18
-3.832628e-18
-3.807136e-18
-3.781699e-18
-3.756318e-18
-3.730993e-18
-3.705726e-18
-3.680515e-18
-3.655362e-18
-3.630267e-18
-3.605230e-18
-3.580251e-18
-3.555331e-18
-3.530471e-18
-3.505670e-18
-3.480929e-18
-3.456248e-18
-3.431628e-18
-3.407068e-18
-3.382570e-18
-3.358134e-18
-3.333759e-18
-3.309447e-18
-3.285197e-18
-3.261010e-18
-3.236887e-18
-3.212827e-18
-3.188831e-18
-3.164899e-18
-3.141032e-18
-3.117230e-18
-3.093493e-18
-3.069822e-18
-3.046216e-18
-3.022677e-18
-2.999204e-18
-2.975799e-18
-2.952460e-18
-2.929189e-18
-2.905986e-18
-2.882851e-18
-2.859784e-18
-2.836786e-18
-2.813858e-18
-2.790998e-18
-2.768209e-18
-2.745489e-18
-2.722840e-18
-2.700262e-18
-2.677755e-18
-2.655319e-18
-2.632954e-18
-2.610662e-18
-2.588441e-18
-2.566293e-18
-2.544218e-18
-2.522217e-18
-2.500288e-18
-2.478434e-18
-2.456653e-18
-2.434947e-18
-2.413315e-18
-2.391758e-18
-2.370277e-18
-2.348871e-18
-2.327541e-18
-2.306287e-18
-2.285109e-18
-2.264008e-18
-2.242984e-18
-2.222038e-18
-2.201169e-18
-2.180377e-18
-2.159664e-18
-2.139029e-18
-2.118473e-18
-2.097996e-18
-2.077598e-18
-2.057280e-18
-2.037042e-18
-2.016883e-18
-1.996805e-18
-1.976808e-18
-1.956891e-18
-1.937056e-18
-1.917302e-18
-1.897630e-18
-1.878039e-18
-1.858531e-18
-1.839106e-18
-1.819763e-18
-1.800504e-18
-1.781327e-18
-1.762234e-18
-1.743225e-18
-1.724301e-18
-1.705460e-18
-1.686704e-18
-1.668033e-18
-1.649447e-18
-1.630946e-18
-1.612531e-18
-1.594202e-18
-1.575959e-18
-1.557802e-18
-1.539732e-18
-1.521749e-18
-1.503853e-18
-1.486044e-18
-1.468323e-18
-1.450689e-18
-1.433144e-18
-1.415687e-18
-1.398318e-18
-1.381038e-18
-1.363847e-18
-1.346745e-18
-1.329733e-18
-1.312811e-18
-1.295978e-18
-1.279235e-18
-1.262583e-18
-1.246022e-18
-1.229551e-18
-1.213171e-18
-1.196883e-18
-1.180686e-18
-1.164580e-18
-1.148567e-18
-1.132645e-18
-1.116816e-18
-1.101080e-18
-1.085436e-18
-1.069885e-18
-1.054428e-18
-1.039064e-18
-1.023793e-18
-1.008616e-18
-9.935331e-19
-9.785444e-19
-9.636501e-19
-9.488503e-19
-9.341454e-19
-9.195354e-19
-9.050206e-19
-8.906011e-19
-8.762772e-19
-8.620490e-19
-8.479168e-19
-8.338807e-19
-8.199409e-19
-8.060976e-19
-7.923509e-19
-7.787011e-19
-7.651484e-19
-7.516929e-19
-7.383347e-19
-7.250741e-19
-7.119113e-19
-6.988464e-19
-6.858796e-19
-6.730110e-19
-6.602409e-19
-6.475693e-19
-6.349966e-19
-6.225227e-19
-6.101479e-19
-5.978724e-19
-5.856963e-19
-5.736198e-19
-5.616430e-19
-5.497661e-19
-5.379892e-19
-5.263125e-19
-5.147362e-19
-5.032604e-19
-4.918852e-19
-4.806108e-19
-4.694373e-19
-4.583649e-19
-4.473937e-19
-4.365239e-19
-4.257557e-19
-4.150890e-19
-4.045242e-19
-3.940612e-19
-3.837003e-19
-3.734416e-19
-3.632852e-19
-3.532313e-19
-3.432800e-19
-3.334313e-19
-3.236855e-19
-3.140426e-19
-3.045028e-19
-2.950662e-19
-2.857329e-19
-2.765030e-19
-2.673767e-19
-2.583541e-19
-2.494352e-19
-2.406203e-19
-2.319093e-19
-2.233024e-19
-2.147998e-19
-2.064015e-19
-1.981076e-19
-1.899182e-19
-1.818335e-19
-1.738535e-19
-1.659784e-19
-1.582082e-19
-1.505430e-19
-1.429829e-19
-1.355280e-19
-1.281785e-19
-1.209343e-19
-1.137957e-19
-1.067626e-19
-9.983510e-20
-9.301338e-20
-8.629749e-20
-7.968749e-20
-7.318348e-20
-6.678552e-20
-6.049370e-20
-5.430809e-20
-4.822876e-20
-4.225578e-20
-3.638922e-20
-3.062916e-20
-2.497566e-20
-1.942878e-20
-1.398859e-20
-8.655152e-21
-3.428527e-21
1.691227e-21
6.704051e-21
1.160989e-20
1.640868e-20
2.110038e-20
2.568494e-20
3.016230e-20
3.453241e-20
3.879522e-20
4.295070e-20
4.699879e-20
5.093946e-20
5.477266e-20
5.849835e-20
6.211650e-20
6.562706e-20
6.903000e-20
7.232530e-20
7.551290e-20
7.859280e-20
8.156495e-20
8.442932e-20
8.718590e-20
8.983466e-20
9.237557e-20
9.480862e-20
9.713378e-20
9.935103e-20
1.014604e-19
1.034617e-19
1.053552e-19
1.071407e-19
1.088182e-19
1.103877e-19
1.118492e-19
1.132027e-19
1.144482e-19
1.155857e-19
1.166152e-19
1.175367e-19
1.183502e-19
1.190556e-19
1.196531e-19
1.201426e-19
1.205241e-19
1.207976e-19
1.209631e-19
1.210206e-19
1.209703e-19
1.208119e-19
1.205457e-19
