1.078671e-19
1.076498e-19
1.073182e-19
1.068724e-19
1.063125e-19
1.056385e-19
1.048505e-19
1.039485e-19
1.029326e-19
1.018029e-19
1.005593e-19
9.920196e-20
9.773095e-20
9.614630e-20
9.444810e-20
9.263639e-20
9.071124e-20
8.867272e-20
8.652089e-20
8.425582e-20
8.187757e-20
7.938623e-20
7.678185e-20
7.406451e-20
7.123428e-20
6.829124e-20
6.523546e-20
6.206702e-20
5.878598e-20
5.539244e-20
5.188647e-20
4.826815e-20
4.453756e-20
4.069478e-20
3.673990e-20
3.267299e-20
2.849416e-20
2.420347e-20
1.980103e-20
1.528691e-20
1.066121e-20
5.924011e-21
1.075414e-21
-3.884492e-21
-8.955614e-21
-1.413786e-20
-1.943113e-20
-2.483533e-20
-3.035036e-20
-3.597613e-20
-4.171253e-20
-4.755947e-20
-5.351684e-20
-5.958454e-20
-6.576247e-20
-7.205052e-20
-7.844860e-20
-8.495658e-20
-9.157437e-20
-9.830186e-20
-1.051389e-19
-1.120855e-19
-1.191414e-19
-1.263066e-19
-1.335809e-19
-1.409643e-19
-1.484565e-19
-1.560576e-19
-1.637673e-19
-1.715856e-19
-1.795124e-19
-1.875475e-19
-1.956908e-19
-2.039422e-19
-2.123015e-19
-2.207687e-19
-2.293436e-19
-2.380261e-19
-2.468161e-19
-2.557134e-19
-2.647179e-19
-2.738295e-19
-2.830481e-19
-2.923734e-19
-3.018055e-19
-3.113442e-19
-3.209892e-19
-3.307406e-19
-3.405982e-19
-3.505617e-19
-3.606312e-19
-3.708064e-19
-3.810872e-19
-3.914735e-19
-4.019652e-19
-4.125620e-19
-4.232639e-19
-4.340708e-19
-4.449824e-19
-4.559986e-19
-4.671193e-19
-4.783444e-19
-4.896736e-19
-5.011069e-19
-5.126441e-19
-5.242850e-19
-5.360296e-19
-5.478776e-19
-5.598289e-19
-5.718833e-19
-5.840407e-19
-5.963010e-19
-6.086640e-19
-6.211295e-19
-6.336974e-19
-6.463675e-19
-6.591397e-19
-6.720137e-19
-6.849896e-19
-6.980670e-19
-7.112458e-19
-7.245259e-19
-7.379071e-19
-7.513893e-19
-7.649722e-19
-7.786558e-19
-7.924398e-19
-8.063240e-19
-8.203084e-19
-8.343928e-19
-8.485769e-19
-8.628607e-19
-8.772439e-19
-8.917263e-19
-9.063079e-19
-9.209884e-19
-9.357677e-19
-9.506456e-19
-9.656218e-19
-9.806963e-19
-9.958689e-19
-1.011139e-18
-1.026508e-18
-1.041973e-18
-1.057536e-18
-1.073197e-18
-1.088954e-18
-1.104808e-18
-1.120759e-18
-1.136806e-18
-1.152949e-18
-1.169189e-18
-1.185524e-18
-1.201955e-18
-1.218482e-18
-1.235104e-18
-1.251822e-18
-1.268634e-18
-1.285541e-18
-1.302542e-18
-1.319638e-18
-1.336829e-18
-1.354113e-18
-1.371491e-18
-1.388963e-18
-1.406528e-18
-1.424187e-18
-1.441939e-18
-1.459783e-18
-1.477720e-18
-1.495750e-18
-1.513872e-18
-1.532086e-18
-1.550392e-18
-1.568790e-18
-1.587279e-18
-1.605860e-18
-1.624531e-18
-1.643294e-18
-1.662147e-18
-1.681091e-18
-1.700125e-18
-1.719249e-18
-1.738464e-18
-1.757767e-18
-1.777161e-18
-1.796643e-18
-1.816215e-18
-1.835875e-18
-1.855625e-18
-1.875462e-18
-1.895388e-18
-1.915402e-18
-1.935504e-18
-1.955693e-18
-1.975970e-18
-1.996334e-18
-2.016785e-18
-2.037323e-18
-2.057947e-18
-2.078658e-18
-2.099455e-18
-2.120338e-18
-2.141306e-18
-2.162360e-18
-2.183499e-18
-2.204724e-18
-2.226033e-18
-2.247426e-18
-2.268905e-18
-2.290467e-18
-2.312113e-18
-2.333843e-18
-2.355657e-18
-2.377554e-18
-2.399533e-18
-2.421596e-18
-2.443742e-18
-2.465969e-18
-2.488279e-18
-2.510671e-18
-2.533145e-18
-2.555700e-18
-2.578337e-18
-2.601054e-18
-2.623853e-18
-2.646732e-18
-2.669691e-18
-2.692730e-18
-2.715850e-18
-2.739049e-18
-2.762327e-18
-2.785685e-18
-2.809122e-18
-2.832637e-18
-2.856231e-18
-2.879903e-18
-2.903654e-18
-2.927482e-18
-2.951387e-18
-2.975370e-18
-2.999430e-18
-3.023567e-18
-3.047781e-18
-3.072071e-18
-3.096437e-18
-3.120879e-18
-3.145397e-18
-3.169990e-18
-3.194659e-18
-3.219402e-18
-3.244220e-18
-3.269113e-18
-3.294079e-18
-3.319120e-18
-3.344235e-18
-3.369423e-18
-3.394684e-18
-3.420018e-18
-3.445425e-18
-3.470905e-18
-3.496457e-18
-3.522080e-18
-3.547776e-18
-3.573543e-18
-3.599382e-18
-3.625291e-18
-3.651271e-18
-3.677322e-18
-3.703443e-18
-3.729634e-18
-3.755895e-18
-3.782225e-18
-3.808624e-18
-3.835093e-18
-3.861630e-18
-3.888236e-18
-3.914910e-18
-3.941652e-18
-3.968462e-18
-3.995340e-18
-4.022284e-18
-4.049295e-18
-4.076374e-18
-4.103518e-18
-4.130729e-18
-4.158006e-18
-4.185348e-18
-4.212756e-18
-4.240229e-18
-4.267767e-18
-4.295369e-18
-4.323036e-18
-4.350767e-18
-4.378562e-18
-4.406420e-18
-4.434342e-18
-4.462326e-18
-4.490374e-18
-4.518484e-18
-4.546656e-18
-4.574890e-18
-4.603186e-18
-4.631543e-18
-4.659962e-18
-4.688441e-18
-4.716981e-18
-4.745581e-18
-4.774242e-18
-4.802962e-18
-4.831742e-18
-4.860581e-18
-4.889479e-18
-4.918436e-18
-4.947451e-18
-4.976524e-18
-5.005656e-18
-5.034845e-18
-5.064091e-18
-5.093394e-18
-5.122754e-18
-5.152171e-18
-5.181644e-18
-5.211173e-18
-5.240757e-18
-5.270397e-18
-5.300092e-18
-5.329842e-18
-5.359647e-18
-5.389505e-18
-5.419418e-18
-5.449385e-18
-5.479404e-18
-5.509478e-18
-5.539603e-18
-5.569782e-18
-5.600013e-18
-5.630296e-18
-5.660630e-18
-5.691016e-18
-5.721453e-18
-5.751941e-18
-5.782480e-18
-5.813069e-18
-5.843707e-18
-5.874396e-18
-5.905134e-18
-5.935921e-18
-5.966757e-18
-5.997642e-18
-6.028574e-18
-6.059555e-18
-6.090583e-18
-6.121659e-18
-6.152782e-18
-6.183952e-18
-6.215168e-18
-6.246430e-18
-6.277738e-18
-6.309092e-18
-6.340491e-18
-6.371935e-18
-6.403424e-18
-6.434957e-18
-6.466535e-18
-6.498156e-18
-6.529821e-18
-6.561528e-18
-6.593279e-18
-6.625073e-18
-6.656908e-18
-6.688786e-18
-6.720706e-18
-6.752666e-18
-6.784668e-18
-6.816711e-18
-6.848794e-18
-6.880917e-18
-6.913081e-18
-6.945284e-18
-6.977526e-18
-7.009807e-18
-7.042126e-18
-7.074484e-18
-7.106880e-18
-7.139314e-18
-7.171785e-18
-7.204293e-18
-7.236838e-18
-7.269419e-18
-7.302037e-18
-7.334690e-18
-7.367379e-18
-7.400104e-18
-7.432863e-18
-7.465656e-18
-7.498484e-18
-7.531346e-18
-7.564242e-18
-7.597170e-18
-7.630132e-18
-7.663127e-18
-7.696154e-18
-7.729213e-18
-7.762303e-18
-7.795425e-18
-7.828578e-18
-7.861762e-18
-7.894977e-18
-7.928221e-18
-7.961495e-18
-7.994799e-18
-8.028132e-18
-8.061494e-18
-8.094884e-18
-8.128302e-18
-8.161749e-18
-8.195222e-18
-8.228723e-18
-8.262251e-18
-8.295806e-18
-8.329386e-18
-8.362993e-18
-8.396625e-18
-8.430282e-18
-8.463964e-18
-8.497671e-18
-8.531402e-18
-8.565157e-18
-8.598936e-18
-8.632737e-18
-8.666562e-18
-8.700409e-18
-8.734278e-18
-8.768170e-18
-8.802083e-18
-8.836017e-18
-8.869972e-18
-8.903947e-18
-8.937943e-18
-8.971959e-18
-9.005994e-18
-9.040049e-18
-9.074122e-18
-9.108214e-18
-9.142324e-18
-9.176452e-18
-9.210597e-18
-9.244760e-18
-9.278939e-18
-9.313135e-18
-9.347347e-18
-9.381575e-18
-9.415818e-18
-9.450076e-18
-9.484350e-18
-9.518637e-18
-9.552939e-18
-9.587254e-18
-9.621583e-18
-9.655924e-18
-9.690279e-18
-9.724646e-18
-9.759024e-18
-9.793415e-18
-9.827816e-18
-9.862229e-18
-9.896652e-18
-9.931085e-18
-9.965529e-18
-9.999981e-18
-1.003444e-17
-1.006891e-17
-1.010339e-17
-1.013788e-17
-1.017238e-17
-1.020688e-17
-1.024139e-17
-1.027590e-17
-1.031043e-17
-1.034496e-17
-1.037949e-17
-1.041403e-17
-1.044857e-17
-1.048312e-17
-1.051768e-17
-1.055223e-17
-1.058679e-17
-1.062136e-17
-1.065592e-17
-1.069049e-17
-1.072506e-17
-1.075963e-17
-1.079421e-17
-1.082878e-17
-1.086336e-17
-1.089793e-17
-1.093251e-17
-1.096708e-17
-1.100166e-17
-1.103623e-17
-1.107080e-17
-1.110537e-17
-1.113993e-17
-1.117450e-17
-1.120906e-17
-1.124362e-17
-1.127817e-17
-1.131272e-17
-1.134726e-17
-1.138180e-17
-1.141634e-17
-1.145087e-17
-1.148539e-17
-1.151991e-17
-1.155441e-17
-1.158892e-17
-1.162341e-17
-1.165790e-17
-1.169238e-17
-1.172685e-17
-1.176131e-17
-1.179576e-17
-1.183020e-17
-1.186463e-17
-1.189905e-17
-1.193346e-17
-1.196786e-17
-1.200225e-17
-1.203663e-17
-1.207099e-17
-1.210534e-17
-1.213968e-17
-1.217400e-17
-1.220831e-17
-1.224260e-17
-1.227688e-17
-1.231115e-17
-1.234540e-17
-1.237963e-17
-1.241385e-17
-1.244805e-17
-1.248224e-17
-1.251640e-17
-1.255055e-17
-1.258468e-17
-1.261880e-17
-1.265289e-17
-1.268697e-17
-1.272102e-17
-1.275506e-17
-1.278907e-17
-1.282306e-17
-1.285704e-17
-1.289099e-17
-1.292492e-17
-1.295882e-17
-1.299271e-17
-1.302657e-17
-1.306040e-17
-1.309422e-17
-1.312801e-17
-1.316177e-17
-1.319551e-17
-1.322922e-17
-1.326291e-17
-1.329657e-17
-1.333021e-17
-1.336382e-17
-1.339740e-17
-1.343095e-17
-1.346448e-17
-1.349797e-17
-1.353144e-17
-1.356488e-17
-1.359829e-17
-1.363167e-17
-1.366501e-17
-1.369833e-17
-1.373162e-17
-1.376487e-17
-1.379809e-17
-1.383128e-17
-1.386444e-17
-1.389756e-17
-1.393065e-17
-1.396371e-17
-1.399673e-17
-1.402972e-17
-1.406267e-17
-1.409559e-17
-1.412847e-17
-1.416131e-17
-1.419412e-17
-1.422689e-17
-1.425962e-17
-1.429231e-17
-1.432497e-17
-1.435759e-17
-1.439016e-17
-1.442270e-17
-1.445520e-17
-1.448766e-17
-1.452008e-17
-1.455245e-17
-1.458479e-17
-1.461708e-17
-1.464933e-17
-1.468154e-17
-1.471371e-17
-1.474583e-17
-1.477791e-17
-1.480994e-17
-1.484193e-17
-1.487387e-17
-1.490577e-17
-1.493762e-17
-1.496943e-17
-1.500119e-17
-1.503290e-17
-1.506457e-17
-1.509619e-17
-1.512776e-17
-1.515928e-17
-1.519075e-17
-1.522217e-17
-1.525355e-17
-1.528487e-17
-1.531614e-17
-1.534736e-17
-1.537853e-17
-1.540965e-17
-1.544072e-17
-1.547173e-17
-1.550269e-17
-1.553360e-17
-1.556445e-17
-1.559525e-17
-1.562599e-17
-1.565668e-17
-1.568732e-17
-1.571790e-17
-1.574842e-17
-1.577889e-17
-1.580930e-17
-1.583965e-17
-1.586994e-17
-1.590018e-17
-1.593036e-17
-1.596048e-17
-1.599054e-17
-1.602054e-17
-1.605048e-17
-1.608036e-17
-1.611018e-17
-1.613994e-17
-1.616964e-17
-1.619927e-17
-1.622884e-17
-1.625835e-17
-1.628780e-17
-1.631718e-17
-1.634650e-17
-1.637576e-17
-1.640495e-17
-1.643407e-17
-1.646313e-17
-1.649213e-17
-1.652105e-17
-1.654992e-17
-1.657871e-17
-1.660744e-17
-1.663610e-17
-1.666469e-17
-1.669321e-17
-1.672166e-17
-1.675005e-17
-1.677836e-17
-1.680661e-17
-1.683478e-17
-1.686288e-17
-1.689092e-17
-1.691888e-17
-1.694676e-17
-1.697458e-17
-1.700232e-17
-1.702999e-17
-1.705759e-17
-1.708511e-17
-1.711256e-17
-1.713993e-17
-1.716723e-17
-1.719446e-17
-1.722160e-17
-1.724868e-17
-1.727567e-17
-1.730259e-17
-1.732943e-17
-1.735619e-17
-1.738288e-17
-1.740948e-17
-1.743601e-17
-1.746246e-17
-1.748883e-17
-1.751512e-17
-1.754132e-17
-1.756745e-17
-1.759350e-17
-1.761947e-17
-1.764535e-17
-1.767115e-17
-1.769687e-17
-1.772251e-17
-1.774806e-17
-1.777353e-17
-1.779891e-17
-1.782422e-17
-1.784943e-17
-1.787456e-17
-1.789961e-17
-1.792457e-17
-1.794944e-17
-1.797423e-17
-1.799893e-17
-1.802354e-17
-1.804807e-17
-1.807251e-17
-1.809686e-17
-1.812112e-17
-1.814529e-17
-1.816937e-17
-1.819336e-17
-1.821727e-17
-1.824108e-17
-1.826480e-17
-1.828843e-17
-1.831197e-17
-1.833541e-17
-1.835877e-17
-1.838203e-17
-1.840520e-17
-1.842828e-17
-1.845126e-17
-1.847415e-17
-1.849694e-17
-1.851964e-17
-1.854224e-17
-1.856475e-17
-1.858716e-17
-1.860948e-17
-1.863170e-17
-1.865383e-17
-1.867585e-17
-1.869778e-17
-1.871962e-17
-1.874135e-17
-1.876299e-17
-1.878452e-17
-1.880596e-17
-1.882730e-17
-1.884854e-17
-1.886968e-17
-1.889071e-17
-1.891165e-17
-1.893249e-17
-1.895322e-17
-1.897386e-17
-1.899439e-17
-1.901482e-17
-1.903515e-17
-1.905537e-17
-1.907549e-17
-1.909551e-17
-1.911542e-17
-1.913523e-17
-1.915493e-17
-1.917453e-17
-1.919403e-17
-1.921341e-17
-1.923270e-17
-1.925187e-17
-1.927094e-17
-1.928991e-17
-1.930876e-17
-1.932751e-17
-1.934616e-17
-1.936469e-17
-1.938311e-17
-1.940143e-17
-1.941964e-17
-1.943774e-17
-1.945573e-17
-1.947361e-17
-1.949138e-17
-1.950903e-17
-1.952658e-17
-1.954402e-17
-1.956135e-17
-1.957856e-17
-1.959566e-17
-1.961266e-17
-1.962953e-17
-1.964630e-17
-1.966295e-17
-1.967949e-17
-1.969592e-17
-1.971223e-17
-1.972843e-17
-1.974451e-17
-1.976048e-17
-1.977634e-17
-1.979208e-17
-1.980770e-17
-1.982321e-17
-1.983860e-17
-1.985388e-17
-1.986904e-17
-1.988408e-17
-1.989900e-17
-1.991381e-17
-1.992850e-17
-1.994308e-17
-1.995753e-17
-1.997187e-17
-1.998609e-17
-2.000018e-17
-2.001416e-17
-2.002802e-17
-2.004177e-17
-2.005539e-17
-2.006889e-17
-2.008227e-17
-2.009553e-17
-2.010867e-17
-2.012169e-17
-2.013458e-17
-2.014736e-17
-2.016001e-17
-2.017254e-17
-2.018495e-17
-2.019724e-17
-2.020940e-17
-2.022145e-17
-2.023336e-17
-2.024516e-17
-2.025683e-17
-2.026838e-17
-2.027980e-17
-2.029110e-17
-2.030227e-17
-2.031332e-17
-2.032425e-17
-2.033504e-17
-2.034572e-17
-2.035627e-17
-2.036669e-17
-2.037699e-17
-2.038716e-17
-2.039720e-17
-2.040712e-17
-2.041691e-17
-2.042657e-17
-2.043611e-17
-2.044552e-17
-2.045480e-17
-2.046395e-17
-2.047298e-17
-2.048188e-17
-2.049065e-17
-2.049929e-17
-2.050780e-17
-2.051618e-17
-2.052444e-17
-2.053256e-17
-2.054056e-17
-2.054842e-17
-2.055616e-17
-2.056376e-17
-2.057124e-17
-2.057859e-17
-2.058580e-17
-2.059289e-17
-2.059984e-17
-2.060666e-17
-2.061335e-17
-2.061991e-17
-2.062634e-17
-2.063264e-17
-2.063881e-17
-2.064484e-17
-2.065074e-17
-2.065651e-17
-2.066215e-17
-2.066765e-17
-2.067303e-17
-2.067826e-17
-2.068337e-17
-2.068834e-17
-2.069319e-17
-2.069789e-17
-2.070247e-17
-2.070691e-17
-2.071121e-17
-2.071539e-17
-2.071942e-17
-2.072333e-17
-2.072710e-17
-2.073074e-17
-2.073424e-17
-2.073761e-17
-2.074084e-17
-2.074394e-17
-2.074690e-17
-2.074973e-17
-2.075242e-17
-2.075498e-17
-2.075740e-17
-2.075969e-17
-2.076184e-17
-2.076386e-17
-2.076574e-17
-2.076749e-17
-2.076909e-17
-2.077057e-17
-2.077191e-17
-2.077311e-17
-2.077417e-17
-2.077510e-17
-2.077590e-17
-2.077655e-17
-2.077707e-17
-2.077746e-17
-2.077770e-17
-2.077781e-17
-2.077779e-17
-2.077762e-17
-2.077732e-17
-2.077689e-17
-2.077631e-17
-2.077560e-17
-2.077476e-17
-2.077377e-17
-2.077265e-17
-2.077139e-17
-2.076999e-17
-2.076846e-17
-2.076679e-17
-2.076498e-17
-2.076303e-17
-2.076095e-17
-2.075873e-17
-2.075637e-17
-2.075388e-17
-2.075124e-17
-2.074847e-17
-2.074556e-17
-2.074252e-17
-2.073934e-17
-2.073601e-17
-2.073256e-17
-2.072896e-17
-2.072522e-17
-2.072135e-17
-2.071734e-17
-2.071320e-17
-2.070891e-17
-2.070449e-17
-2.069993e-17
-2.069523e-17
-2.069039e-17
-2.068542e-17
-2.068031e-17
-2.067506e-17
-2.066968e-17
-2.066415e-17
-2.065849e-17
-2.065269e-17
-2.064675e-17
-2.064068e-17
-2.063447e-17
-2.062812e-17
-2.062163e-17
-2.061501e-17
-2.060825e-17
-2.060135e-17
-2.059431e-17
-2.058714e-17
-2.057983e-17
-2.057238e-17
-2.056480e-17
-2.055708e-17
-2.054922e-17
-2.054123e-17
-2.053309e-17
-2.052483e-17
-2.051642e-17
-2.050788e-17
-2.049920e-17
-2.049038e-17
-2.048143e-17
-2.047234e-17
-2.046312e-17
-2.045376e-17
-2.044426e-17
-2.043463e-17
-2.042486e-17
-2.041495e-17
-2.040491e-17
-2.039474e-17
-2.038443e-17
-2.037398e-17
-2.036339e-17
-2.035268e-17
-2.034182e-17
-2.033083e-17
-2.031971e-17
-2.030845e-17
-2.029706e-17
-2.028553e-17
-2.027387e-17
-2.026207e-17
-2.025014e-17
-2.023807e-17
-2.022587e-17
-2.021354e-17
-2.020107e-17
-2.018847e-17
-2.017574e-17
-2.016287e-17
-2.014986e-17
-2.013673e-17
-2.012346e-17
-2.011006e-17
-2.009653e-17
-2.008286e-17
-2.006906e-17
-2.005513e-17
-2.004107e-17
-2.002687e-17
-2.001255e-17
-1.999809e-17
-1.998350e-17
-1.996877e-17
-1.995392e-17
-1.993894e-17
-1.992382e-17
-1.990858e-17
-1.989320e-17
-1.987769e-17
-1.986206e-17
-1.984629e-17
-1.983040e-17
-1.981437e-17
-1.979821e-17
-1.978193e-17
-1.976552e-17
-1.974897e-17
-1.973230e-17
-1.971550e-17
-1.969857e-17
-1.968152e-17
-1.966433e-17
-1.964702e-17
-1.962958e-17
-1.961202e-17
-1.959432e-17
-1.957650e-17
-1.955856e-17
-1.954048e-17
-1.952228e-17
-1.950396e-17
-1.948551e-17
-1.946693e-17
-1.944823e-17
-1.942940e-17
-1.941045e-17
-1.939137e-17
-1.937217e-17
-1.935285e-17
-1.933340e-17
-1.931383e-17
-1.929413e-17
-1.927431e-17
-1.925437e-17
-1.923431e-17
-1.921412e-17
-1.919381e-17
-1.917338e-17
-1.915283e-17
-1.913216e-17
-1.911136e-17
-1.909045e-17
-1.906941e-17
-1.904826e-17
-1.902698e-17
-1.900558e-17
-1.898407e-17
-1.896243e-17
-1.894068e-17
-1.891881e-17
-1.889682e-17
-1.887471e-17
-1.885248e-17
-1.883014e-17
-1.880768e-17
-1.878510e-17
-1.876240e-17
-1.873959e-17
-1.871667e-17
-1.869362e-17
-1.867046e-17
-1.864719e-17
-1.862380e-17
-1.860030e-17
-1.857668e-17
-1.855295e-17
-1.852911e-17
-1.850515e-17
-1.848108e-17
-1.845690e-17
-1.843260e-17
-1.840819e-17
-1.838367e-17
-1.835904e-17
-1.833430e-17
-1.830945e-17
-1.828448e-17
-1.825941e-17
-1.823423e-17
-1.820894e-17
-1.818354e-17
-1.815803e-17
-1.813241e-17
-1.810668e-17
-1.808085e-17
-1.805491e-17
-1.802886e-17
-1.800270e-17
-1.797644e-17
-1.795008e-17
-1.792360e-17
-1.789703e-17
-1.787034e-17
-1.784356e-17
-1.781667e-17
-1.778967e-17
-1.776257e-17
-1.773537e-17
-1.770807e-17
-1.768066e-17
-1.765315e-17
-1.762555e-17
-1.759783e-17
-1.757002e-17
-1.754211e-17
-1.751410e-17
-1.748599e-17
-1.745778e-17
-1.742947e-17
-1.740106e-17
-1.737255e-17
-1.734395e-17
-1.731525e-17
-1.728645e-17
-1.725755e-17
-1.722856e-17
-1.719948e-17
-1.717030e-17
-1.714102e-17
-1.711165e-17
-1.708218e-17
-1.705262e-17
-1.702297e-17
-1.699322e-17
-1.696339e-17
-1.693346e-17
-1.690343e-17
-1.687332e-17
-1.684312e-17
-1.681282e-17
-1.678244e-17
-1.675197e-17
-1.672140e-17
-1.669075e-17
-1.666001e-17
-1.662918e-17
-1.659827e-17
-1.656727e-17
-1.653618e-17
-1.650500e-17
-1.647374e-17
-1.644240e-17
-1.641096e-17
-1.637945e-17
-1.634785e-17
-1.631617e-17
-1.628440e-17
-1.625255e-17
-1.622062e-17
-1.618861e-17
-1.615651e-17
-1.612434e-17
-1.609208e-17
-1.605975e-17
-1.602733e-17
-1.599484e-17
-1.596227e-17
-1.592962e-17
-1.589689e-17
-1.586408e-17
-1.583120e-17
-1.579824e-17
-1.576521e-17
-1.573210e-17
-1.569891e-17
-1.566565e-17
-1.563232e-17
-1.559891e-17
-1.556543e-17
-1.553188e-17
-1.549825e-17
-1.546456e-17
-1.543079e-17
-1.539695e-17
-1.536304e-17
-1.532906e-17
-1.529502e-17
-1.526090e-17
-1.522672e-17
-1.519246e-17
-1.515814e-17
-1.512376e-17
-1.508930e-17
-1.505478e-17
-1.502020e-17
-1.498555e-17
-1.495083e-17
-1.491606e-17
-1.488121e-17
-1.484631e-17
-1.481134e-17
-1.477631e-17
-1.474122e-17
-1.470607e-17
-1.467086e-17
-1.463559e-17
-1.460025e-17
-1.456486e-17
-1.452941e-17
-1.449391e-17
-1.445834e-17
-1.442272e-17
-1.438704e-17
-1.435131e-17
-1.431552e-17
-1.427967e-17
-1.424377e-17
-1.420782e-17
-1.417181e-17
-1.413575e-17
-1.409964e-17
-1.406347e-17
-1.402726e-17
-1.399099e-17
-1.395467e-17
-1.391831e-17
-1.388189e-17
-1.384542e-17
-1.380891e-17
-1.377235e-17
-1.373574e-17
-1.369908e-17
-1.366238e-17
-1.362563e-17
-1.358884e-17
-1.355200e-17
-1.351511e-17
-1.347819e-17
-1.344122e-17
-1.340420e-17
-1.336715e-17
-1.333005e-17
-1.329292e-17
-1.325574e-17
-1.321852e-17
-1.318126e-17
-1.314396e-17
-1.310663e-17
-1.306926e-17
-1.303184e-17
-1.299440e-17
-1.295691e-17
-1.291939e-17
-1.288184e-17
-1.284425e-17
-1.280662e-17
-1.276896e-17
-1.273127e-17
-1.269355e-17
-1.265579e-17
-1.261800e-17
-1.258018e-17
-1.254233e-17
-1.250445e-17
-1.246654e-17
-1.242860e-17
-1.239064e-17
-1.235264e-17
-1.231462e-17
-1.227657e-17
-1.223849e-17
-1.220039e-17
-1.216227e-17
-1.212411e-17
-1.208594e-17
-1.204774e-17
-1.200952e-17
-1.197127e-17
-1.193300e-17
-1.189472e-17
-1.185641e-17
-1.181808e-17
-1.177973e-17
-1.174136e-17
-1.170297e-17
-1.166456e-17
-1.162614e-17
-1.158770e-17
-1.154924e-17
-1.151076e-17
-1.147227e-17
-1.143377e-17
-1.139525e-17
-1.135671e-17
-1.131817e-17
-1.127961e-17
-1.124103e-17
-1.120245e-17
-1.116385e-17
-1.112525e-17
-1.108663e-17
-1.104800e-17
-1.100937e-17
-1.097073e-17
-1.093207e-17
-1.089341e-17
-1.085475e-17
-1.081607e-17
-1.077739e-17
-1.073871e-17
-1.070002e-17
-1.066133e-17
-1.062263e-17
-1.058393e-17
-1.054522e-17
-1.050652e-17
-1.046781e-17
-1.042910e-17
-1.039039e-17
-1.035168e-17
-1.031297e-17
-1.027426e-17
-1.023556e-17
-1.019685e-17
-1.015815e-17
-1.011945e-17
-1.008076e-17
-1.004207e-17
-1.000338e-17
-9.964702e-18
-9.926028e-18
-9.887359e-18
-9.848698e-18
-9.810044e-18
-9.771398e-18
-9.732760e-18
-9.694132e-18
-9.655513e-18
-9.616904e-18
-9.578305e-18
-9.539718e-18
-9.501142e-18
-9.462579e-18
-9.424028e-18
-9.385491e-18
-9.346967e-18
-9.308458e-18
-9.269963e-18
-9.231484e-18
-9.193020e-18
-9.154574e-18
-9.116143e-18
-9.077731e-18
-9.039336e-18
-9.000960e-18
-8.962603e-18
-8.924265e-18
-8.885948e-18
-8.847651e-18
-8.809375e-18
-8.771121e-18
-8.732889e-18
-8.694679e-18
-8.656493e-18
-8.618330e-18
-8.580192e-18
-8.542078e-18
-8.503990e-18
-8.465927e-18
-8.427891e-18
-8.389881e-18
-8.351899e-18
-8.313944e-18
-8.276018e-18
-8.238120e-18
-8.200252e-18
-8.162414e-18
-8.124606e-18
-8.086829e-18
-8.049084e-18
-8.011370e-18
-7.973688e-18
-7.936040e-18
-7.898425e-18
-7.860844e-18
-7.823297e-18
-7.785785e-18
-7.748309e-18
-7.710868e-18
-7.673464e-18
-7.636096e-18
-7.598767e-18
-7.561475e-18
-7.524221e-18
-7.487006e-18
-7.449831e-18
-7.412696e-18
-7.375600e-18
-7.338546e-18
-7.301533e-18
-7.264562e-18
-7.227634e-18
-7.190748e-18
-7.153905e-18
-7.117107e-18
-7.080352e-18
-7.043643e-18
-7.006978e-18
-6.970360e-18
-6.933787e-18
-6.897261e-18
-6.860783e-18
-6.824352e-18
-6.787969e-18
-6.751635e-18
-6.715350e-18
-6.679114e-18
-6.642929e-18
-6.606794e-18
-6.570710e-18
-6.534678e-18
-6.498697e-18
-6.462769e-18
-6.426894e-18
-6.391072e-18
-6.355304e-18
-6.319590e-18
-6.283931e-18
-6.248327e-18
-6.212779e-18
-6.177287e-18
-6.141851e-18
-6.106473e-18
-6.071152e-18
-6.035889e-18
-6.000684e-18
-5.965538e-18
-5.930452e-18
-5.895425e-18
-5.860459e-18
-5.825553e-18
-5.790708e-18
-5.755925e-18
-5.721204e-18
-5.686545e-18
-5.651950e-18
-5.617417e-18
-5.582949e-18
-5.548544e-18
-5.514205e-18
-5.479930e-18
-5.445721e-18
-5.411578e-18
-5.377501e-18
-5.343491e-18
-5.309549e-18
-5.275674e-18
-5.241867e-18
-5.208129e-18
-5.174460e-18
-5.140861e-18
-5.107331e-18
-5.073871e-18
-5.040482e-18
-5.007164e-18
-4.973918e-18
-4.940744e-18
-4.907642e-18
-4.874613e-18
-4.841657e-18
-4.808775e-18
-4.775966e-18
-4.743232e-18
-4.710573e-18
-4.677990e-18
-4.645482e-18
-4.613049e-18
-4.580694e-18
-4.548415e-18
-4.516214e-18
-4.484090e-18
-4.452044e-18
-4.420077e-18
-4.388189e-18
-4.356379e-18
-4.324650e-18
-4.293000e-18
-4.261431e-18
-4.229943e-18
-4.198536e-18
-4.167211e-18
-4.135967e-18
-4.104806e-18
-4.073728e-18
-4.042733e-18
-4.011821e-18
-3.980993e-18
-3.950249e-18
-3.919590e-18
-3.889017e-18
-3.858528e-18
-3.828125e-18
-3.797808e-18
-3.767578e-18
-3.737435e-18
-3.707379e-18
-3.677410e-18
-3.647529e-18
-3.617737e-18
-3.588033e-18
-3.558418e-18
-3.528893e-18
-3.499458e-18
-3.470112e-18
-3.440857e-18
-3.411693e-18
-3.382619e-18
-3.353638e-18
-3.324748e-18
-3.295950e-18
-3.267245e-18
-3.238632e-18
-3.210113e-18
-3.181687e-18
-3.153356e-18
-3.125118e-18
-3.096975e-18
-3.068927e-18
-3.040974e-18
-3.013116e-18
-2.985354e-18
-2.957689e-18
-2.930120e-18
-2.902648e-18
-2.875273e-18
-2.847995e-18
-2.820815e-18
-2.793734e-18
-2.766750e-18
-2.739866e-18
-2.713080e-18
-2.686394e-18
-2.659808e-18
-2.633321e-18
-2.606935e-18
-2.580649e-18
-2.554464e-18
-2.528381e-18
-2.502398e-18
-2.476518e-18
-2.450740e-18
-2.425064e-18
-2.399491e-18
-2.374020e-18
-2.348653e-18
-2.323390e-18
-2.298230e-18
-2.273174e-18
-2.248223e-18
-2.223376e-18
-2.198635e-18
-2.173998e-18
-2.149467e-18
-2.125042e-18
-2.100723e-18
-2.076510e-18
-2.052404e-18
-2.028405e-18
-2.004513e-18
-1.980728e-18
-1.957051e-18
-1.933482e-18
-1.910021e-18
-1.886668e-18
-1.863424e-18
-1.840290e-18
-1.817264e-18
-1.794348e-18
-1.771541e-18
-1.748845e-18
-1.726259e-18
-1.703783e-18
-1.681418e-18
-1.659164e-18
-1.637021e-18
-1.614990e-18
-1.593070e-18
-1.571262e-18
-1.549566e-18
-1.527983e-18
-1.506512e-18
-1.485155e-18
-1.463910e-18
-1.442778e-18
-1.421760e-18
-1.400856e-18
-1.380066e-18
-1.359390e-18
-1.338829e-18
-1.318382e-18
-1.298050e-18
-1.277833e-18
-1.257731e-18
-1.237745e-18
-1.217874e-18
-1.198120e-18
-1.178481e-18
-1.158959e-18
-1.139553e-18
-1.120264e-18
-1.101092e-18
-1.082038e-18
-1.063100e-18
-1.044280e-18
-1.025578e-18
-1.006993e-18
-9.885269e-19
-9.701788e-19
-9.519492e-19
-9.338382e-19
-9.158461e-19
-8.979730e-19
-8.802191e-19
-8.625846e-19
-8.450696e-19
-8.276743e-19
-8.103989e-19
-7.932436e-19
-7.762086e-19
-7.592940e-19
-7.424999e-19
-7.258266e-19
-7.092742e-19
-6.928428e-19
-6.765327e-19
-6.603440e-19
-6.442768e-19
-6.283314e-19
-6.125078e-19
-5.968062e-19
-5.812267e-19
-5.657696e-19
-5.504350e-19
-5.352229e-19
-5.201336e-19
-5.051672e-19
-4.903238e-19
-4.756036e-19
-4.610067e-19
-4.465332e-19
-4.321834e-19
-4.179572e-19
-4.038549e-19
-3.898766e-19
-3.760224e-19
-3.622924e-19
-3.486868e-19
-3.352057e-19
-3.218491e-19
-3.086173e-19
-2.955104e-19
-2.825284e-19
-2.696715e-19
-2.569397e-19
-2.443333e-19
-2.318523e-19
-2.194968e-19
-2.072670e-19
-1.951629e-19
-1.831846e-19
-1.713323e-19
-1.596060e-19
-1.480059e-19
-1.365320e-19
-1.251844e-19
-1.139633e-19
-1.028687e-19
-9.190079e-20
-8.105955e-20
-7.034511e-20
-5.975756e-20
-4.929699e-20
-3.896347e-20
-2.875709e-20
-1.867794e-20
-8.726083e-21
1.098393e-21
1.079541e-20
2.036490e-20
2.980679e-20
3.912101e-20
4.830748e-20
5.736613e-20
6.629691e-20
7.509975e-20
8.377457e-20
9.232132e-20
1.007399e-19
1.090304e-19
1.171926e-19
1.252264e-19
1.331320e-19
1.409091e-19
1.485577e-19
1.560778e-19
1.634694e-19
1.707324e-19
1.778667e-19
1.848723e-19
1.917492e-19
1.984972e-19
2.051165e-19
2.116069e-19
2.179684e-19
2.242010e-19
2.303047e-19
2.362793e-19
2.421249e-19
2.478415e-19
2.534289e-19
2.588873e-19
2.642166e-19
2.694167e-19
2.744876e-19
2.794293e-19
2.842418e-19
2.889251e-19
2.934792e-19
2.979040e-19
3.021995e-19
3.063657e-19
3.104027e-19
3.143103e-19
3.180887e-19
3.217377e-19
3.252575e-19
3.286479e-19
3.319090e-19
3.350408e-19
3.380433e-19
3.409165e-19
3.436604e-19
3.462750e-19
3.487603e-19
3.511163e-19
3.533431e-19
3.554406e-19
3.574089e-19
3.592479e-19
3.609578e-19
3.625384e-19
3.639899e-19
3.653123e-19
3.665055e-19
3.675697e-19
3.685047e-19
3.693108e-19
3.699878e-19
3.705358e-19
3.709548e-19
3.712450e-19
