2.536213e-19
2.533302e-19
2.525908e-19
2.514032e-19
2.497674e-19
2.476836e-19
2.451519e-19
2.421723e-19
2.387451e-19
2.348703e-19
2.305480e-19
2.257785e-19
2.205619e-19
2.148982e-19
2.087878e-19
2.022308e-19
1.952273e-19
1.877776e-19
1.798819e-19
1.715403e-19
1.627530e-19
1.535204e-19
1.438426e-19
1.337199e-19
1.231525e-19
1.121407e-19
1.006847e-19
8.878475e-20
7.644122e-20
6.365435e-20
5.042443e-20
3.675177e-20
2.263666e-20
8.079433e-21
-6.919600e-21
-2.236010e-20
-3.824174e-20
-5.456417e-20
-7.132704e-20
-8.852999e-20
-1.061726e-19
-1.242546e-19
-1.427756e-19
-1.617351e-19
-1.811327e-19
-2.009681e-19
-2.212409e-19
-2.419506e-19
-2.630967e-19
-2.846790e-19
-3.066968e-19
-3.291499e-19
-3.520376e-19
-3.753596e-19
-3.991153e-19
-4.233044e-19
-4.479262e-19
-4.729804e-19
-4.984664e-19
-5.243836e-19
-5.507317e-19
-5.775100e-19
-6.047181e-19
-6.323554e-19
-6.604213e-19
-6.889153e-19
-7.178368e-19
-7.471853e-19
-7.769602e-19
-8.071609e-19
-8.377869e-19
-8.688375e-19
-9.003121e-19
-9.322101e-19
-9.645310e-19
-9.972740e-19
-1.030439e-18
-1.064024e-18
-1.098030e-18
-1.132455e-18
-1.167300e-18
-1.202562e-18
-1.238242e-18
-1.274340e-18
-1.310853e-18
-1.347782e-18
-1.385126e-18
-1.422884e-18
-1.461055e-18
-1.499639e-18
-1.538636e-18
-1.578043e-18
-1.617861e-18
-1.658089e-18
-1.698726e-18
-1.739770e-18
-1.781223e-18
-1.823082e-18
-1.865347e-18
-1.908018e-18
-1.951092e-18
-1.994570e-18
-2.038451e-18
-2.082734e-18
-2.127418e-18
-2.172502e-18
-2.217986e-18
-2.263868e-18
-2.310148e-18
-2.356825e-18
-2.403898e-18
-2.451367e-18
-2.499229e-18
-2.547485e-18
-2.596134e-18
-2.645174e-18
-2.694605e-18
-2.744426e-18
-2.794635e-18
-2.845233e-18
-2.896218e-18
-2.947589e-18
-2.999346e-18
-3.051486e-18
-3.104010e-18
-3.156917e-18
-3.210205e-18
-3.263873e-18
-3.317921e-18
-3.372347e-18
-3.427151e-18
-3.482332e-18
-3.537888e-18
-3.593819e-18
-3.650123e-18
-3.706800e-18
-3.763849e-18
-3.821268e-18
-3.879056e-18
-3.937213e-18
-3.995737e-18
-4.054628e-18
-4.113884e-18
-4.173504e-18
-4.233488e-18
-4.293834e-18
-4.354540e-18
-4.415607e-18
-4.477033e-18
-4.538816e-18
-4.600956e-18
-4.663452e-18
-4.726302e-18
-4.789505e-18
-4.853061e-18
-4.916968e-18
-4.981225e-18
-5.045831e-18
-5.110785e-18
-5.176085e-18
-5.241730e-18
-5.307720e-18
-5.374053e-18
-5.440729e-18
-5.507744e-18
-5.575100e-18
-5.642794e-18
-5.710825e-18
-5.779192e-18
-5.847894e-18
-5.916930e-18
-5.986298e-18
-6.055998e-18
-6.126027e-18
-6.196386e-18
-6.267072e-18
-6.338084e-18
-6.409421e-18
-6.481083e-18
-6.553067e-18
-6.625372e-18
-6.697998e-18
-6.770942e-18
-6.844204e-18
-6.917782e-18
-6.991676e-18
-7.065883e-18
-7.140403e-18
-7.215234e-18
-7.290375e-18
-7.365825e-18
-7.441582e-18
-7.517645e-18
-7.594013e-18
-7.670685e-18
-7.747658e-18
-7.824932e-18
-7.902506e-18
-7.980378e-18
-8.058547e-18
-8.137011e-18
-8.215770e-18
-8.294821e-18
-8.374164e-18
-8.453797e-18
-8.533718e-18
-8.613927e-18
-8.694422e-18
-8.775202e-18
-8.856265e-18
-8.937609e-18
-9.019235e-18
-9.101139e-18
-9.183322e-18
-9.265780e-18
-9.348514e-18
-9.431521e-18
-9.514800e-18
-9.598351e-18
-9.682170e-18
-9.766257e-18
-9.850611e-18
-9.935230e-18
-1.002011e-17
-1.010526e-17
-1.019066e-17
-1.027633e-17
-1.036225e-17
-1.044843e-17
-1.053487e-17
-1.062156e-17
-1.070850e-17
-1.079569e-17
-1.088313e-17
-1.097082e-17
-1.105875e-17
-1.114693e-17
-1.123535e-17
-1.132402e-17
-1.141292e-17
-1.150207e-17
-1.159145e-17
-1.168107e-17
-1.177092e-17
-1.186100e-17
-1.195132e-17
-1.204187e-17
-1.213264e-17
-1.222365e-17
-1.231487e-17
-1.240633e-17
-1.249800e-17
-1.258990e-17
-1.268201e-17
-1.277434e-17
-1.286689e-17
-1.295966e-17
-1.305264e-17
-1.314583e-17
-1.323923e-17
-1.333284e-17
-1.342665e-17
-1.352067e-17
-1.361490e-17
-1.370933e-17
-1.380396e-17
-1.389879e-17
-1.399382e-17
-1.408904e-17
-1.418446e-17
-1.428007e-17
-1.437588e-17
-1.447187e-17
-1.456805e-17
-1.466442e-17
-1.476098e-17
-1.485772e-17
-1.495464e-17
-1.505175e-17
-1.514903e-17
-1.524649e-17
-1.534412e-17
-1.544194e-17
-1.553992e-17
-1.563808e-17
-1.573640e-17
-1.583489e-17
-1.593355e-17
-1.603238e-17
-1.613137e-17
-1.623052e-17
-1.632983e-17
-1.642930e-17
-1.652892e-17
-1.662871e-17
-1.672864e-17
-1.682873e-17
-1.692897e-17
-1.702936e-17
-1.712989e-17
-1.723057e-17
-1.733140e-17
-1.743237e-17
-1.753348e-17
-1.763473e-17
-1.773611e-17
-1.783764e-17
-1.793929e-17
-1.804108e-17
-1.814301e-17
-1.824506e-17
-1.834724e-17
-1.844955e-17
-1.855198e-17
-1.865453e-17
-1.875721e-17
-1.886000e-17
-1.896292e-17
-1.906595e-17
-1.916910e-17
-1.927236e-17
-1.937573e-17
-1.947921e-17
-1.958280e-17
-1.968650e-17
-1.979031e-17
-1.989421e-17
-1.999822e-17
-2.010233e-17
-2.020654e-17
-2.031085e-17
-2.041525e-17
-2.051975e-17
-2.062434e-17
-2.072902e-17
-2.083378e-17
-2.093864e-17
-2.104358e-17
-2.114861e-17
-2.125372e-17
-2.135891e-17
-2.146418e-17
-2.156952e-17
-2.167494e-17
-2.178044e-17
-2.188601e-17
-2.199165e-17
-2.209736e-17
-2.220314e-17
-2.230899e-17
-2.241490e-17
-2.252087e-17
-2.262690e-17
-2.273300e-17
-2.283915e-17
-2.294536e-17
-2.305162e-17
-2.315793e-17
-2.326430e-17
-2.337072e-17
-2.347718e-17
-2.358370e-17
-2.369025e-17
-2.379686e-17
-2.390350e-17
-2.401018e-17
-2.411690e-17
-2.422366e-17
-2.433045e-17
-2.443728e-17
-2.454414e-17
-2.465103e-17
-2.475795e-17
-2.486489e-17
-2.497187e-17
-2.507886e-17
-2.518588e-17
-2.529292e-17
-2.539997e-17
-2.550705e-17
-2.561414e-17
-2.572124e-17
-2.582836e-17
-2.593549e-17
-2.604262e-17
-2.614977e-17
-2.625692e-17
-2.636407e-17
-2.647123e-17
-2.657839e-17
-2.668555e-17
-2.679271e-17
-2.689986e-17
-2.700701e-17
-2.711415e-17
-2.722129e-17
-2.732841e-17
-2.743552e-17
-2.754262e-17
-2.764970e-17
-2.775677e-17
-2.786382e-17
-2.797085e-17
-2.807786e-17
-2.818485e-17
-2.829181e-17
-2.839874e-17
-2.850565e-17
-2.861253e-17
-2.871938e-17
-2.882620e-17
-2.893298e-17
-2.903973e-17
-2.914644e-17
-2.925311e-17
-2.935974e-17
-2.946633e-17
-2.957288e-17
-2.967938e-17
-2.978583e-17
-2.989224e-17
-2.999860e-17
-3.010490e-17
-3.021116e-17
-3.031736e-17
-3.042350e-17
-3.052959e-17
-3.063562e-17
-3.074158e-17
-3.084749e-17
-3.095333e-17
-3.105911e-17
-3.116482e-17
-3.127046e-17
-3.137603e-17
-3.148153e-17
-3.158696e-17
-3.169231e-17
-3.179759e-17
-3.190279e-17
-3.200791e-17
-3.211296e-17
-3.221792e-17
-3.232279e-17
-3.242758e-17
-3.253229e-17
-3.263690e-17
-3.274143e-17
-3.284587e-17
-3.295021e-17
-3.305446e-17
-3.315861e-17
-3.326267e-17
-3.336663e-17
-3.347049e-17
-3.357425e-17
-3.367790e-17
-3.378145e-17
-3.388489e-17
-3.398823e-17
-3.409146e-17
-3.419458e-17
-3.429758e-17
-3.440047e-17
-3.450325e-17
-3.460591e-17
-3.470845e-17
-3.481088e-17
-3.491318e-17
-3.501536e-17
-3.511742e-17
-3.521936e-17
-3.532116e-17
-3.542284e-17
-3.552439e-17
-3.562581e-17
-3.572710e-17
-3.582825e-17
-3.592927e-17
-3.603015e-17
-3.613090e-17
-3.623150e-17
-3.633196e-17
-3.643229e-17
-3.653247e-17
-3.663250e-17
-3.673239e-17
-3.683213e-17
-3.693172e-17
-3.703116e-17
-3.713045e-17
-3.722958e-17
-3.732856e-17
-3.742739e-17
-3.752605e-17
-3.762456e-17
-3.772291e-17
-3.782110e-17
-3.791912e-17
-3.801698e-17
-3.811467e-17
-3.821220e-17
-3.830956e-17
-3.840675e-17
-3.850377e-17
-3.860061e-17
-3.869729e-17
-3.879378e-17
-3.889010e-17
-3.898625e-17
-3.908221e-17
-3.917800e-17
-3.927360e-17
-3.936902e-17
-3.946425e-17
-3.955930e-17
-3.965417e-17
-3.974884e-17
-3.984333e-17
-3.993762e-17
-4.003173e-17
-4.012564e-17
-4.021935e-17
-4.031287e-17
-4.040619e-17
-4.049932e-17
-4.059224e-17
-4.068497e-17
-4.077749e-17
-4.086980e-17
-4.096192e-17
-4.105383e-17
-4.114553e-17
-4.123702e-17
-4.132830e-17
-4.141937e-17
-4.151023e-17
-4.160088e-17
-4.169131e-17
-4.178152e-17
-4.187152e-17
-4.196130e-17
-4.205087e-17
-4.214021e-17
-4.222933e-17
-4.231822e-17
-4.240690e-17
-4.249534e-17
-4.258356e-17
-4.267156e-17
-4.275932e-17
-4.284686e-17
-4.293416e-17
-4.302123e-17
-4.310807e-17
-4.319467e-17
-4.328104e-17
-4.336717e-17
-4.345306e-17
-4.353871e-17
-4.362413e-17
-4.370930e-17
-4.379423e-17
-4.387891e-17
-4.396335e-17
-4.404755e-17
-4.413150e-17
-4.421520e-17
-4.429865e-17
-4.438185e-17
-4.446480e-17
-4.454749e-17
-4.462994e-17
-4.471213e-17
-4.479406e-17
-4.487574e-17
-4.495716e-17
-4.503832e-17
-4.511922e-17
-4.519986e-17
-4.528023e-17
-4.536035e-17
-4.544020e-17
-4.551978e-17
-4.559910e-17
-4.567816e-17
-4.575694e-17
-4.583546e-17
-4.591370e-17
-4.599168e-17
-4.606938e-17
-4.614681e-17
-4.622396e-17
-4.630084e-17
-4.637745e-17
-4.645377e-17
-4.652982e-17
-4.660559e-17
-4.668108e-17
-4.675629e-17
-4.683122e-17
-4.690586e-17
-4.698023e-17
-4.705430e-17
-4.712809e-17
-4.720160e-17
-4.727482e-17
-4.734775e-17
-4.742039e-17
-4.749274e-17
-4.756479e-17
-4.763656e-17
-4.770804e-17
-4.777922e-17
-4.785010e-17
-4.792069e-17
-4.799099e-17
-4.806098e-17
-4.813068e-17
-4.820008e-17
-4.826918e-17
-4.833798e-17
-4.840648e-17
-4.847468e-17
-4.854257e-17
-4.861016e-17
-4.867744e-17
-4.874442e-17
-4.881109e-17
-4.887746e-17
-4.894351e-17
-4.900926e-17
-4.907470e-17
-4.913983e-17
-4.920464e-17
-4.926915e-17
-4.933334e-17
-4.939722e-17
-4.946078e-17
-4.952403e-17
-4.958697e-17
-4.964958e-17
-4.971188e-17
-4.977386e-17
-4.983553e-17
-4.989687e-17
-4.995789e-17
-5.001859e-17
-5.007897e-17
-5.013903e-17
-5.019877e-17
-5.025818e-17
-5.031726e-17
-5.037603e-17
-5.043446e-17
-5.049257e-17
-5.055035e-17
-5.060781e-17
-5.066493e-17
-5.072173e-17
-5.077820e-17
-5.083433e-17
-5.089014e-17
-5.094561e-17
-5.100075e-17
-5.105556e-17
-5.111003e-17
-5.116417e-17
-5.121798e-17
-5.127145e-17
-5.132458e-17
-5.137738e-17
-5.142984e-17
-5.148196e-17
-5.153374e-17
-5.158519e-17
-5.163629e-17
-5.168706e-17
-5.173748e-17
-5.178756e-17
-5.183730e-17
-5.188670e-17
-5.193576e-17
-5.198447e-17
-5.203284e-17
-5.208086e-17
-5.212854e-17
-5.217588e-17
-5.222286e-17
-5.226950e-17
-5.231580e-17
-5.236174e-17
-5.240734e-17
-5.245259e-17
-5.249749e-17
-5.254205e-17
-5.258625e-17
-5.263010e-17
-5.267360e-17
-5.271675e-17
-5.275955e-17
-5.280199e-17
-5.284409e-17
-5.288583e-17
-5.292721e-17
-5.296825e-17
-5.300893e-17
-5.304925e-17
-5.308922e-17
-5.312883e-17
-5.316809e-17
-5.320699e-17
-5.324554e-17
-5.328373e-17
-5.332156e-17
-5.335903e-17
-5.339615e-17
-5.343290e-17
-5.346930e-17
-5.350534e-17
-5.354102e-17
-5.357634e-17
-5.361130e-17
-5.364590e-17
-5.368014e-17
-5.371402e-17
-5.374754e-17
-5.378069e-17
-5.381348e-17
-5.384592e-17
-5.387798e-17
-5.390969e-17
-5.394103e-17
-5.397201e-17
-5.400263e-17
-5.403288e-17
-5.406277e-17
-5.409229e-17
-5.412145e-17
-5.415025e-17
-5.417868e-17
-5.420674e-17
-5.423444e-17
-5.426177e-17
-5.428874e-17
-5.431534e-17
-5.434158e-17
-5.436745e-17
-5.439295e-17
-5.441809e-17
-5.444285e-17
-5.446726e-17
-5.449129e-17
-5.451496e-17
-5.453825e-17
-5.456119e-17
-5.458375e-17
-5.460594e-17
-5.462777e-17
-5.464923e-17
-5.467032e-17
-5.469104e-17
-5.471140e-17
-5.473138e-17
-5.475100e-17
-5.477024e-17
-5.478912e-17
-5.480763e-17
-5.482577e-17
-5.484354e-17
-5.486094e-17
-5.487797e-17
-5.489463e-17
-5.491092e-17
-5.492685e-17
-5.494240e-17
-5.495758e-17
-5.497240e-17
-5.498684e-17
-5.500091e-17
-5.501462e-17
-5.502795e-17
-5.504092e-17
-5.505351e-17
-5.506574e-17
-5.507760e-17
-5.508908e-17
-5.510020e-17
-5.511095e-17
-5.512132e-17
-5.513133e-17
-5.514097e-17
-5.515024e-17
-5.515914e-17
-5.516767e-17
-5.517583e-17
-5.518362e-17
-5.519104e-17
-5.519809e-17
-5.520478e-17
-5.521109e-17
-5.521704e-17
-5.522262e-17
-5.522783e-17
-5.523267e-17
-5.523714e-17
-5.524124e-17
-5.524498e-17
-5.524835e-17
-5.525135e-17
-5.525398e-17
-5.525624e-17
-5.525814e-17
-5.525967e-17
-5.526083e-17
-5.526163e-17
-5.526206e-17
-5.526212e-17
-5.526182e-17
-5.526115e-17
-5.526011e-17
-5.525871e-17
-5.525694e-17
-5.525481e-17
-5.525231e-17
-5.524945e-17
-5.524622e-17
-5.524263e-17
-5.523867e-17
-5.523435e-17
-5.522967e-17
-5.522462e-17
-5.521921e-17
-5.521343e-17
-5.520730e-17
-5.520080e-17
-5.519394e-17
-5.518671e-17
-5.517913e-17
-5.517118e-17
-5.516287e-17
-5.515421e-17
-5.514518e-17
-5.513579e-17
-5.512604e-17
-5.511593e-17
-5.510546e-17
-5.509464e-17
-5.508345e-17
-5.507191e-17
-5.506001e-17
-5.504775e-17
-5.503513e-17
-5.502216e-17
-5.500883e-17
-5.499515e-17
-5.498111e-17
-5.496671e-17
-5.495196e-17
-5.493685e-17
-5.492139e-17
-5.490558e-17
-5.488941e-17
-5.487290e-17
-5.485602e-17
-5.483880e-17
-5.482122e-17
-5.480330e-17
-5.478502e-17
-5.476639e-17
-5.474741e-17
-5.472808e-17
-5.470841e-17
-5.468838e-17
-5.466801e-17
-5.464728e-17
-5.462621e-17
-5.460480e-17
-5.458304e-17
-5.456093e-17
-5.453848e-17
-5.451568e-17
-5.449254e-17
-5.446905e-17
-5.444522e-17
-5.442105e-17
-5.439653e-17
-5.437168e-17
-5.434648e-17
-5.432094e-17
-5.429506e-17
-5.426884e-17
-5.424229e-17
-5.421539e-17
-5.418816e-17
-5.416058e-17
-5.413268e-17
-5.410443e-17
-5.407585e-17
-5.404693e-17
-5.401768e-17
-5.398810e-17
-5.395818e-17
-5.392793e-17
-5.389734e-17
-5.386643e-17
-5.383518e-17
-5.380361e-17
-5.377170e-17
-5.373946e-17
-5.370690e-17
-5.367400e-17
-5.364078e-17
-5.360724e-17
-5.357336e-17
-5.353916e-17
-5.350464e-17
-5.346979e-17
-5.343462e-17
-5.339912e-17
-5.336331e-17
-5.332717e-17
-5.329071e-17
-5.325393e-17
-5.321683e-17
-5.317941e-17
-5.314167e-17
-5.310362e-17
-5.306524e-17
-5.302656e-17
-5.298755e-17
-5.294824e-17
-5.290860e-17
-5.286866e-17
-5.282840e-17
-5.278783e-17
-5.274695e-17
-5.270575e-17
-5.266425e-17
-5.262244e-17
-5.258032e-17
-5.253790e-17
-5.249516e-17
-5.245212e-17
-5.240878e-17
-5.236513e-17
-5.232117e-17
-5.227692e-17
-5.223236e-17
-5.218750e-17
-5.214234e-17
-5.209688e-17
-5.205112e-17
-5.200506e-17
-5.195870e-17
-5.191205e-17
-5.186510e-17
-5.181786e-17
-5.177032e-17
-5.172248e-17
-5.167436e-17
-5.162594e-17
-5.157723e-17
-5.152823e-17
-5.147895e-17
-5.142937e-17
-5.137950e-17
-5.132935e-17
-5.127891e-17
-5.122819e-17
-5.117718e-17
-5.112589e-17
-5.107432e-17
-5.102246e-17
-5.097032e-17
-5.091790e-17
-5.086521e-17
-5.081223e-17
-5.075898e-17
-5.070544e-17
-5.065164e-17
-5.059756e-17
-5.054320e-17
-5.048857e-17
-5.043367e-17
-5.037850e-17
-5.032305e-17
-5.026734e-17
-5.021136e-17
-5.015511e-17
-5.009859e-17
-5.004181e-17
-4.998476e-17
-4.992744e-17
-4.986987e-17
-4.981203e-17
-4.975393e-17
-4.969557e-17
-4.963695e-17
-4.957807e-17
-4.951893e-17
-4.945954e-17
-4.939989e-17
-4.933998e-17
-4.927982e-17
-4.921941e-17
-4.915874e-17
-4.909783e-17
-4.903666e-17
-4.897525e-17
-4.891358e-17
-4.885167e-17
-4.878952e-17
-4.872711e-17
-4.866446e-17
-4.860157e-17
-4.853844e-17
-4.847507e-17
-4.841145e-17
-4.834759e-17
-4.828350e-17
-4.821917e-17
-4.815460e-17
-4.808980e-17
-4.802476e-17
-4.795949e-17
-4.789398e-17
-4.782825e-17
-4.776228e-17
-4.769608e-17
-4.762966e-17
-4.756300e-17
-4.749612e-17
-4.742902e-17
-4.736169e-17
-4.729414e-17
-4.722636e-17
-4.715836e-17
-4.709014e-17
-4.702171e-17
-4.695305e-17
-4.688418e-17
-4.681509e-17
-4.674578e-17
-4.667626e-17
-4.660653e-17
-4.653659e-17
-4.646643e-17
-4.639606e-17
-4.632549e-17
-4.625471e-17
-4.618372e-17
-4.611252e-17
-4.604112e-17
-4.596951e-17
-4.589771e-17
-4.582570e-17
-4.575349e-17
-4.568108e-17
-4.560847e-17
-4.553566e-17
-4.546266e-17
-4.538946e-17
-4.531607e-17
-4.524248e-17
-4.516871e-17
-4.509474e-17
-4.502058e-17
-4.494623e-17
-4.487170e-17
-4.479698e-17
-4.472207e-17
-4.464698e-17
-4.457170e-17
-4.449624e-17
-4.442060e-17
-4.434478e-17
-4.426878e-17
-4.419261e-17
-4.411625e-17
-4.403972e-17
-4.396302e-17
-4.388614e-17
-4.380909e-17
-4.373187e-17
-4.365448e-17
-4.357691e-17
-4.349918e-17
-4.342129e-17
-4.334322e-17
-4.326499e-17
-4.318660e-17
-4.310805e-17
-4.302933e-17
-4.295045e-17
-4.287142e-17
-4.279222e-17
-4.271287e-17
-4.263336e-17
-4.255370e-17
-4.247388e-17
-4.239392e-17
-4.231380e-17
-4.223352e-17
-4.215310e-17
-4.207253e-17
-4.199182e-17
-4.191096e-17
-4.182995e-17
-4.174880e-17
-4.166751e-17
-4.158607e-17
-4.150450e-17
-4.142278e-17
-4.134093e-17
-4.125894e-17
-4.117682e-17
-4.109456e-17
-4.101216e-17
-4.092964e-17
-4.084698e-17
-4.076419e-17
-4.068127e-17
-4.059823e-17
-4.051505e-17
-4.043176e-17
-4.034833e-17
-4.026479e-17
-4.018112e-17
-4.009733e-17
-4.001342e-17
-3.992939e-17
-3.984524e-17
-3.976098e-17
-3.967660e-17
-3.959211e-17
-3.950750e-17
-3.942278e-17
-3.933795e-17
-3.925301e-17
-3.916796e-17
-3.908280e-17
-3.899754e-17
-3.891217e-17
-3.882670e-17
-3.874112e-17
-3.865544e-17
-3.856966e-17
-3.848378e-17
-3.839780e-17
-3.831173e-17
-3.822555e-17
-3.813929e-17
-3.805292e-17
-3.796647e-17
-3.787992e-17
-3.779328e-17
-3.770656e-17
-3.761974e-17
-3.753284e-17
-3.744585e-17
-3.735877e-17
-3.727161e-17
-3.718437e-17
-3.709705e-17
-3.700964e-17
-3.692216e-17
-3.683459e-17
-3.674695e-17
-3.665924e-17
-3.657145e-17
-3.648358e-17
-3.639564e-17
-3.630763e-17
-3.621955e-17
-3.613140e-17
-3.604318e-17
-3.595490e-17
-3.586655e-17
-3.577813e-17
-3.568965e-17
-3.560111e-17
-3.551250e-17
-3.542383e-17
-3.533511e-17
-3.524633e-17
-3.515748e-17
-3.506859e-17
-3.497964e-17
-3.489063e-17
-3.480157e-17
-3.471246e-17
-3.462330e-17
-3.453409e-17
-3.444483e-17
-3.435552e-17
-3.426617e-17
-3.417677e-17
-3.408733e-17
-3.399784e-17
-3.390832e-17
-3.381875e-17
-3.372914e-17
-3.363949e-17
-3.354981e-17
-3.346009e-17
-3.337034e-17
-3.328055e-17
-3.319072e-17
-3.310087e-17
-3.301098e-17
-3.292107e-17
-3.283113e-17
-3.274115e-17
-3.265116e-17
-3.256113e-17
-3.247108e-17
-3.238101e-17
-3.229092e-17
-3.220080e-17
-3.211066e-17
-3.202051e-17
-3.193034e-17
-3.184015e-17
-3.174994e-17
-3.165972e-17
-3.156948e-17
-3.147924e-17
-3.138898e-17
-3.129871e-17
-3.120843e-17
-3.111814e-17
-3.102785e-17
-3.093754e-17
-3.084724e-17
-3.075692e-17
-3.066661e-17
-3.057629e-17
-3.048597e-17
-3.039565e-17
-3.030534e-17
-3.021502e-17
-3.012471e-17
-3.003440e-17
-2.994409e-17
-2.985379e-17
-2.976350e-17
-2.967322e-17
-2.958295e-17
-2.949268e-17
-2.940243e-17
-2.931219e-17
-2.922196e-17
-2.913175e-17
-2.904155e-17
-2.895137e-17
-2.886120e-17
-2.877105e-17
-2.868093e-17
-2.859082e-17
-2.850073e-17
-2.841067e-17
-2.832063e-17
-2.823061e-17
-2.814062e-17
-2.805065e-17
-2.796071e-17
-2.787080e-17
-2.778092e-17
-2.769107e-17
-2.760125e-17
-2.751146e-17
-2.742171e-17
-2.733199e-17
-2.724230e-17
-2.715265e-17
-2.706304e-17
-2.697346e-17
-2.688393e-17
-2.679443e-17
-2.670497e-17
-2.661556e-17
-2.652619e-17
-2.643686e-17
-2.634757e-17
-2.625834e-17
-2.616914e-17
-2.608000e-17
-2.599090e-17
-2.590186e-17
-2.581286e-17
-2.572391e-17
-2.563502e-17
-2.554618e-17
-2.545739e-17
-2.536866e-17
-2.527998e-17
-2.519136e-17
-2.510280e-17
-2.501429e-17
-2.492585e-17
-2.483746e-17
-2.474914e-17
-2.466088e-17
-2.457268e-17
-2.448455e-17
-2.439648e-17
-2.430847e-17
-2.422053e-17
-2.413266e-17
-2.404486e-17
-2.395713e-17
-2.386946e-17
-2.378187e-17
-2.369435e-17
-2.360690e-17
-2.351953e-17
-2.343223e-17
-2.334500e-17
-2.325786e-17
-2.317078e-17
-2.308379e-17
-2.299687e-17
-2.291004e-17
-2.282328e-17
-2.273661e-17
-2.265002e-17
-2.256351e-17
-2.247708e-17
-2.239074e-17
-2.230448e-17
-2.221831e-17
-2.213223e-17
-2.204623e-17
-2.196033e-17
-2.187451e-17
-2.178878e-17
-2.170315e-17
-2.161760e-17
-2.153215e-17
-2.144680e-17
-2.136153e-17
-2.127636e-17
-2.119129e-17
-2.110632e-17
-2.102144e-17
-2.093666e-17
-2.085198e-17
-2.076739e-17
-2.068291e-17
-2.059853e-17
-2.051426e-17
-2.043008e-17
-2.034601e-17
-2.026204e-17
-2.017818e-17
-2.009443e-17
-2.001078e-17
-1.992723e-17
-1.984380e-17
-1.976048e-17
-1.967726e-17
-1.959416e-17
-1.951116e-17
-1.942828e-17
-1.934551e-17
-1.926286e-17
-1.918031e-17
-1.909789e-17
-1.901557e-17
-1.893338e-17
-1.885130e-17
-1.876934e-17
-1.868750e-17
-1.860577e-17
-1.852417e-17
-1.844268e-17
-1.836132e-17
-1.828008e-17
-1.819896e-17
-1.811796e-17
-1.803709e-17
-1.795634e-17
-1.787572e-17
-1.779523e-17
-1.771485e-17
-1.763461e-17
-1.755450e-17
-1.747451e-17
-1.739465e-17
-1.731493e-17
-1.723533e-17
-1.715586e-17
-1.707653e-17
-1.699733e-17
-1.691826e-17
-1.683932e-17
-1.676052e-17
-1.668185e-17
-1.660332e-17
-1.652493e-17
-1.644667e-17
-1.636855e-17
-1.629057e-17
-1.621272e-17
-1.613502e-17
-1.605745e-17
-1.598003e-17
-1.590275e-17
-1.582561e-17
-1.574861e-17
-1.567175e-17
-1.559504e-17
-1.551847e-17
-1.544204e-17
-1.536576e-17
-1.528963e-17
-1.521364e-17
-1.513780e-17
-1.506211e-17
-1.498657e-17
-1.491117e-17
-1.483592e-17
-1.476082e-17
-1.468588e-17
-1.461108e-17
-1.453643e-17
-1.446194e-17
-1.438760e-17
-1.431341e-17
-1.423938e-17
-1.416550e-17
-1.409177e-17
-1.401820e-17
-1.394478e-17
-1.387153e-17
-1.379842e-17
-1.372548e-17
-1.365269e-17
-1.358006e-17
-1.350759e-17
-1.343528e-17
-1.336313e-17
-1.329113e-17
-1.321930e-17
-1.314763e-17
-1.307612e-17
-1.300478e-17
-1.293359e-17
-1.286257e-17
-1.279171e-17
-1.272102e-17
-1.265049e-17
-1.258013e-17
-1.250993e-17
-1.243990e-17
-1.237003e-17
-1.230033e-17
-1.223080e-17
-1.216144e-17
-1.209224e-17
-1.202321e-17
-1.195435e-17
-1.188566e-17
-1.181715e-17
-1.174880e-17
-1.168062e-17
-1.161261e-17
-1.154478e-17
-1.147711e-17
-1.140962e-17
-1.134230e-17
-1.127516e-17
-1.120819e-17
-1.114139e-17
-1.107477e-17
-1.100832e-17
-1.094205e-17
-1.087596e-17
-1.081003e-17
-1.074429e-17
-1.067872e-17
-1.061334e-17
-1.054812e-17
-1.048309e-17
-1.041823e-17
-1.035356e-17
-1.028906e-17
-1.022474e-17
-1.016061e-17
-1.009665e-17
-1.003287e-17
-9.969275e-18
-9.905860e-18
-9.842627e-18
-9.779576e-18
-9.716708e-18
-9.654022e-18
-9.591520e-18
-9.529201e-18
-9.467065e-18
-9.405114e-18
-9.343348e-18
-9.281766e-18
-9.220369e-18
-9.159157e-18
-9.098132e-18
-9.037292e-18
-8.976639e-18
-8.916173e-18
-8.855893e-18
-8.795801e-18
-8.735897e-18
-8.676181e-18
-8.616653e-18
-8.557313e-18
-8.498162e-18
-8.439201e-18
-8.380429e-18
-8.321847e-18
-8.263454e-18
-8.205253e-18
-8.147241e-18
-8.089421e-18
-8.031792e-18
-7.974354e-18
-7.917108e-18
-7.860054e-18
-7.803192e-18
-7.746523e-18
-7.690047e-18
-7.633764e-18
-7.577674e-18
-7.521777e-18
-7.466075e-18
-7.410566e-18
-7.355253e-18
-7.300133e-18
-7.245209e-18
-7.190479e-18
-7.135945e-18
-7.081607e-18
-7.027464e-18
-6.973518e-18
-6.919768e-18
-6.866214e-18
-6.812857e-18
-6.759697e-18
-6.706735e-18
-6.653970e-18
-6.601402e-18
-6.549033e-18
-6.496861e-18
-6.444888e-18
-6.393113e-18
-6.341538e-18
-6.290161e-18
-6.238983e-18
-6.188005e-18
-6.137227e-18
-6.086648e-18
-6.036269e-18
-5.986091e-18
-5.936112e-18
-5.886335e-18
-5.836758e-18
-5.787382e-18
-5.738208e-18
-5.689235e-18
-5.640463e-18
-5.591893e-18
-5.543525e-18
-5.495359e-18
-5.447395e-18
-5.399634e-18
-5.352075e-18
-5.304720e-18
-5.257567e-18
-5.210617e-18
-5.163871e-18
-5.117328e-18
-5.070989e-18
-5.024853e-18
-4.978922e-18
-4.933194e-18
-4.887671e-18
-4.842353e-18
-4.797239e-18
-4.752329e-18
-4.707625e-18
-4.663126e-18
-4.618831e-18
-4.574743e-18
-4.530859e-18
-4.487181e-18
-4.443710e-18
-4.400443e-18
-4.357383e-18
-4.314530e-18
-4.271882e-18
-4.229441e-18
-4.187207e-18
-4.145179e-18
-4.103358e-18
-4.061744e-18
-4.020337e-18
-3.979138e-18
-3.938145e-18
-3.897361e-18
-3.856783e-18
-3.816414e-18
-3.776252e-18
-3.736298e-18
-3.696553e-18
-3.657015e-18
-3.617686e-18
-3.578565e-18
-3.539653e-18
-3.500949e-18
-3.462455e-18
-3.424168e-18
-3.386091e-18
-3.348223e-18
-3.310564e-18
-3.273114e-18
-3.235874e-18
-3.198843e-18
-3.162022e-18
-3.125410e-18
-3.089008e-18
-3.052816e-18
-3.016833e-18
-2.981061e-18
-2.945499e-18
-2.910147e-18
-2.875005e-18
-2.840074e-18
-2.805353e-18
-2.770842e-18
-2.736543e-18
-2.702453e-18
-2.668575e-18
-2.634908e-18
-2.601451e-18
-2.568206e-18
-2.535171e-18
-2.502348e-18
-2.469736e-18
-2.437336e-18
-2.405147e-18
-2.373169e-18
-2.341403e-18
-2.309848e-18
-2.278505e-18
-2.247374e-18
-2.216455e-18
-2.185747e-18
-2.155252e-18
-2.124968e-18
-2.094897e-18
-2.065038e-18
-2.035391e-18
-2.005956e-18
-1.976734e-18
-1.947724e-18
-1.918926e-18
-1.890341e-18
-1.861969e-18
-1.833809e-18
-1.805862e-18
-1.778127e-18
-1.750606e-18
-1.723297e-18
-1.696201e-18
-1.669318e-18
-1.642648e-18
-1.616192e-18
-1.589948e-18
-1.563917e-18
-1.538100e-18
-1.512496e-18
-1.487105e-18
-1.461928e-18
-1.436964e-18
-1.412213e-18
-1.387676e-18
-1.363353e-18
-1.339243e-18
-1.315346e-18
-1.291664e-18
-1.268195e-18
-1.244939e-18
-1.221898e-18
-1.199070e-18
-1.176457e-18
-1.154057e-18
-1.131871e-18
-1.109899e-18
-1.088141e-18
-1.066598e-18
-1.045268e-18
-1.024153e-18
-1.003251e-18
-9.825640e-19
-9.620912e-19
-9.418326e-19
-9.217883e-19
-9.019583e-19
-8.823428e-19
-8.629416e-19
-8.437549e-19
-8.247827e-19
-8.060250e-19
-7.874819e-19
-7.691533e-19
-7.510393e-19
-7.331399e-19
-7.154552e-19
-6.979852e-19
-6.807299e-19
-6.636894e-19
-6.468636e-19
-6.302527e-19
-6.138566e-19
-5.976753e-19
-5.817089e-19
-5.659575e-19
-5.504209e-19
-5.350994e-19
-5.199928e-19
-5.051012e-19
-4.904247e-19
-4.759633e-19
-4.617169e-19
-4.476856e-19
-4.338695e-19
-4.202685e-19
-4.068827e-19
-3.937122e-19
-3.807568e-19
-3.680167e-19
-3.554919e-19
-3.431823e-19
-3.310881e-19
-3.192092e-19
-3.075457e-19
-2.960975e-19
-2.848648e-19
-2.738475e-19
-2.630456e-19
-2.524591e-19
-2.420882e-19
-2.319327e-19
-2.219928e-19
-2.122684e-19
-2.027596e-19
-1.934663e-19
-1.843886e-19
-1.755266e-19
-1.668802e-19
-1.584494e-19
-1.502343e-19
-1.422349e-19
-1.344511e-19
-1.268831e-19
-1.195309e-19
-1.123944e-19
-1.054736e-19
-9.876866e-20
-9.227951e-20
-8.600619e-20
-7.994869e-20
-7.410706e-20
-6.848129e-20
-6.307140e-20
-5.787742e-20
-5.289935e-20
-4.813722e-20
-4.359103e-20
-3.926080e-20
-3.514655e-20
-3.124829e-20
-2.756603e-20
-2.409980e-20
-2.084960e-20
-1.781545e-20
-1.499737e-20
-1.239536e-20
-1.000944e-20
-7.839634e-21
-5.885942e-21
-4.148381e-21
-2.626967e-21
-1.321711e-21
-2.326276e-22
6.402713e-22
1.296972e-21
1.737463e-21
1.961731e-21
1.969764e-21
1.761549e-21
