-1.808469e-19
-1.816615e-19
-1.825596e-19
-1.835412e-19
-1.846061e-19
-1.857543e-19
-1.869858e-19
-1.883004e-19
-1.896982e-19
-1.911791e-19
-1.927429e-19
-1.943897e-19
-1.961194e-19
-1.979319e-19
-1.998272e-19
-2.018051e-19
-2.038656e-19
-2.060087e-19
-2.082343e-19
-2.105423e-19
-2.129327e-19
-2.154053e-19
-2.179602e-19
-2.205971e-19
-2.233162e-19
-2.261172e-19
-2.290001e-19
-2.319649e-19
-2.350115e-19
-2.381397e-19
-2.413496e-19
-2.446410e-19
-2.480139e-19
-2.514682e-19
-2.550038e-19
-2.586206e-19
-2.623186e-19
-2.660976e-19
-2.699576e-19
-2.738985e-19
-2.779203e-19
-2.820228e-19
-2.862060e-19
-2.904697e-19
-2.948139e-19
-2.992385e-19
-3.037435e-19
-3.083286e-19
-3.129939e-19
-3.177393e-19
-3.225646e-19
-3.274698e-19
-3.324548e-19
-3.375195e-19
-3.426638e-19
-3.478876e-19
-3.531908e-19
-3.585734e-19
-3.640352e-19
-3.695761e-19
-3.751961e-19
-3.808951e-19
-3.866729e-19
-3.925294e-19
-3.984646e-19
-4.044784e-19
-4.105707e-19
-4.167413e-19
-4.229902e-19
-4.293172e-19
-4.357224e-19
-4.422055e-19
-4.487664e-19
-4.554052e-19
-4.621216e-19
-4.689155e-19
-4.757869e-19
-4.827357e-19
-4.897617e-19
-4.968649e-19
-5.040451e-19
-5.113022e-19
-5.186362e-19
-5.260469e-19
-5.335342e-19
-5.410980e-19
-5.487382e-19
-5.564547e-19
-5.642473e-19
-5.721161e-19
-5.800608e-19
-5.880813e-19
-5.961775e-19
-6.043494e-19
-6.125968e-19
-6.209196e-19
-6.293177e-19
-6.377909e-19
-6.463392e-19
-6.549625e-19
-6.636605e-19
-6.724333e-19
-6.812807e-19
-6.902025e-19
-6.991987e-19
-7.082691e-19
-7.174137e-19
-7.266323e-19
-7.359247e-19
-7.452909e-19
-7.547308e-19
-7.642442e-19
-7.738310e-19
-7.834911e-19
-7.932243e-19
-8.030306e-19
-8.129098e-19
-8.228618e-19
-8.328865e-19
-8.429837e-19
-8.531534e-19
-8.633953e-19
-8.737094e-19
-8.840956e-19
-8.945537e-19
-9.050836e-19
-9.156852e-19
-9.263583e-19
-9.371028e-19
-9.479186e-19
-9.588056e-19
-9.697636e-19
-9.807926e-19
-9.918923e-19
-1.003063e-18
-1.014303e-18
-1.025615e-18
-1.036996e-18
-1.048448e-18
-1.059969e-18
-1.071561e-18
-1.083222e-18
-1.094953e-18
-1.106753e-18
-1.118623e-18
-1.130562e-18
-1.142569e-18
-1.154646e-18
-1.166792e-18
-1.179006e-18
-1.191289e-18
-1.203640e-18
-1.216059e-18
-1.228547e-18
-1.241102e-18
-1.253725e-18
-1.266416e-18
-1.279175e-18
-1.292001e-18
-1.304894e-18
-1.317855e-18
-1.330882e-18
-1.343976e-18
-1.357137e-18
-1.370365e-18
-1.383659e-18
-1.397019e-18
-1.410446e-18
-1.423938e-18
-1.437497e-18
-1.451121e-18
-1.464811e-18
-1.478566e-18
-1.492386e-18
-1.506272e-18
-1.520223e-18
-1.534238e-18
-1.548319e-18
-1.562463e-18
-1.576673e-18
-1.590946e-18
-1.605284e-18
-1.619686e-18
-1.634152e-18
-1.648681e-18
-1.663274e-18
-1.677930e-18
-1.692650e-18
-1.707433e-18
-1.722279e-18
-1.737187e-18
-1.752158e-18
-1.767192e-18
-1.782288e-18
-1.797447e-18
-1.812667e-18
-1.827950e-18
-1.843294e-18
-1.858700e-18
-1.874167e-18
-1.889695e-18
-1.905285e-18
-1.920936e-18
-1.936648e-18
-1.952420e-18
-1.968253e-18
-1.984147e-18
-2.000100e-18
-2.016114e-18
-2.032188e-18
-2.048321e-18
-2.064514e-18
-2.080767e-18
-2.097079e-18
-2.113450e-18
-2.129880e-18
-2.146369e-18
-2.162917e-18
-2.179523e-18
-2.196188e-18
-2.212911e-18
-2.229692e-18
-2.246531e-18
-2.263428e-18
-2.280382e-18
-2.297394e-18
-2.314463e-18
-2.331589e-18
-2.348772e-18
-2.366012e-18
-2.383309e-18
-2.400662e-18
-2.418072e-18
-2.435538e-18
-2.453059e-18
-2.470637e-18
-2.488270e-18
-2.505959e-18
-2.523703e-18
-2.541502e-18
-2.559357e-18
-2.577266e-18
-2.595230e-18
-2.613249e-18
-2.631322e-18
-2.649449e-18
-2.667630e-18
-2.685865e-18
-2.704154e-18
-2.722497e-18
-2.740893e-18
-2.759342e-18
-2.777844e-18
-2.796399e-18
-2.815007e-18
-2.833667e-18
-2.852380e-18
-2.871145e-18
-2.889962e-18
-2.908831e-18
-2.927752e-18
-2.946725e-18
-2.965748e-18
-2.984823e-18
-3.003950e-18
-3.023127e-18
-3.042354e-18
-3.061633e-18
-3.080961e-18
-3.100340e-18
-3.119769e-18
-3.139248e-18
-3.158776e-18
-3.178355e-18
-3.197982e-18
-3.217659e-18
-3.237384e-18
-3.257159e-18
-3.276982e-18
-3.296853e-18
-3.316773e-18
-3.336742e-18
-3.356758e-18
-3.376822e-18
-3.396933e-18
-3.417092e-18
-3.437299e-18
-3.457552e-18
-3.477852e-18
-3.498199e-18
-3.518593e-18
-3.539033e-18
-3.559519e-18
-3.580052e-18
-3.600630e-18
-3.621254e-18
-3.641923e-18
-3.662638e-18
-3.683398e-18
-3.704203e-18
-3.725053e-18
-3.745947e-18
-3.766886e-18
-3.787869e-18
-3.808896e-18
-3.829967e-18
-3.851082e-18
-3.872240e-18
-3.893442e-18
-3.914687e-18
-3.935974e-18
-3.957305e-18
-3.978678e-18
-4.000094e-18
-4.021552e-18
-4.043052e-18
-4.064594e-18
-4.086178e-18
-4.107803e-18
-4.129469e-18
-4.151177e-18
-4.172926e-18
-4.194715e-18
-4.216545e-18
-4.238416e-18
-4.260326e-18
-4.282277e-18
-4.304267e-18
-4.326298e-18
-4.348367e-18
-4.370476e-18
-4.392624e-18
-4.414811e-18
-4.437037e-18
-4.459301e-18
-4.481604e-18
-4.503945e-18
-4.526324e-18
-4.548740e-18
-4.571194e-18
-4.593685e-18
-4.616214e-18
-4.638780e-18
-4.661382e-18
-4.684021e-18
-4.706697e-18
-4.729408e-18
-4.752156e-18
-4.774940e-18
-4.797759e-18
-4.820614e-18
-4.843504e-18
-4.866429e-18
-4.889388e-18
-4.912383e-18
-4.935412e-18
-4.958475e-18
-4.981572e-18
-5.004704e-18
-5.027869e-18
-5.051067e-18
-5.074299e-18
-5.097563e-18
-5.120861e-18
-5.144191e-18
-5.167554e-18
-5.190949e-18
-5.214376e-18
-5.237835e-18
-5.261326e-18
-5.284848e-18
-5.308402e-18
-5.331986e-18
-5.355601e-18
-5.379247e-18
-5.402924e-18
-5.426631e-18
-5.450367e-18
-5.474134e-18
-5.497930e-18
-5.521756e-18
-5.545611e-18
-5.569495e-18
-5.593408e-18
-5.617349e-18
-5.641319e-18
-5.665317e-18
-5.689343e-18
-5.713396e-18
-5.737478e-18
-5.761586e-18
-5.785722e-18
-5.809885e-18
-5.834074e-18
-5.858290e-18
-5.882532e-18
-5.906800e-18
-5.931094e-18
-5.955414e-18
-5.979759e-18
-6.004130e-18
-6.028525e-18
-6.052945e-18
-6.077390e-18
-6.101860e-18
-6.126353e-18
-6.150870e-18
-6.175411e-18
-6.199976e-18
-6.224563e-18
-6.249174e-18
-6.273808e-18
-6.298464e-18
-6.323143e-18
-6.347844e-18
-6.372567e-18
-6.397312e-18
-6.422078e-18
-6.446865e-18
-6.471674e-18
-6.496503e-18
-6.521353e-18
-6.546224e-18
-6.571115e-18
-6.596025e-18
-6.620956e-18
-6.645906e-18
-6.670875e-18
-6.695863e-18
-6.720870e-18
-6.745896e-18
-6.770940e-18
-6.796003e-18
-6.821083e-18
-6.846181e-18
-6.871296e-18
-6.896429e-18
-6.921579e-18
-6.946745e-18
-6.971928e-18
-6.997128e-18
-7.022343e-18
-7.047574e-18
-7.072821e-18
-7.098084e-18
-7.123361e-18
-7.148654e-18
-7.173961e-18
-7.199283e-18
-7.224619e-18
-7.249969e-18
-7.275332e-18
-7.300709e-18
-7.326100e-18
-7.351503e-18
-7.376920e-18
-7.402349e-18
-7.427790e-18
-7.453243e-18
-7.478708e-18
-7.504185e-18
-7.529673e-18
-7.555173e-18
-7.580683e-18
-7.606204e-18
-7.631735e-18
-7.657277e-18
-7.682828e-18
-7.708389e-18
-7.733960e-18
-7.759540e-18
-7.785128e-18
-7.810726e-18
-7.836332e-18
-7.861946e-18
-7.887568e-18
-7.913198e-18
-7.938835e-18
-7.964479e-18
-7.990131e-18
-8.015789e-18
-8.041454e-18
-8.067125e-18
-8.092802e-18
-8.118484e-18
-8.144172e-18
-8.169866e-18
-8.195564e-18
-8.221267e-18
-8.246975e-18
-8.272687e-18
-8.298402e-18
-8.324122e-18
-8.349845e-18
-8.375571e-18
-8.401300e-18
-8.427032e-18
-8.452766e-18
-8.478503e-18
-8.504241e-18
-8.529981e-18
-8.555722e-18
-8.581465e-18
-8.607208e-18
-8.632953e-18
-8.658697e-18
-8.684442e-18
-8.710186e-18
-8.735930e-18
-8.761673e-18
-8.787416e-18
-8.813157e-18
-8.838897e-18
-8.864635e-18
-8.890371e-18
-8.916105e-18
-8.941836e-18
-8.967565e-18
-8.993291e-18
-9.019013e-18
-9.044731e-18
-9.070446e-18
-9.096157e-18
-9.121863e-18
-9.147565e-18
-9.173262e-18
-9.198954e-18
-9.224640e-18
-9.250320e-18
-9.275995e-18
-9.301663e-18
-9.327325e-18
-9.352980e-18
-9.378627e-18
-9.404268e-18
-9.429901e-18
-9.455526e-18
-9.481143e-18
-9.506751e-18
-9.532351e-18
-9.557942e-18
-9.583523e-18
-9.609095e-18
-9.634657e-18
-9.660209e-18
-9.685751e-18
-9.711282e-18
-9.736802e-18
-9.762311e-18
-9.787809e-18
-9.813295e-18
-9.838769e-18
-9.864230e-18
-9.889679e-18
-9.915115e-18
-9.940538e-18
-9.965947e-18
-9.991343e-18
-1.001673e-17
-1.004209e-17
-1.006745e-17
-1.009278e-17
-1.011811e-17
-1.014341e-17
-1.016871e-17
-1.019398e-17
-1.021924e-17
-1.024449e-17
-1.026971e-17
-1.029492e-17
-1.032011e-17
-1.034529e-17
-1.037044e-17
-1.039558e-17
-1.042070e-17
-1.044580e-17
-1.047089e-17
-1.049595e-17
-1.052099e-17
-1.054601e-17
-1.057102e-17
-1.059600e-17
-1.062096e-17
-1.064590e-17
-1.067082e-17
-1.069571e-17
-1.072059e-17
-1.074544e-17
-1.077027e-17
-1.079508e-17
-1.081986e-17
-1.084462e-17
-1.086936e-17
-1.089407e-17
-1.091876e-17
-1.094343e-17
-1.096807e-17
-1.099268e-17
-1.101727e-17
-1.104183e-17
-1.106637e-17
-1.109088e-17
-1.111536e-17
-1.113982e-17
-1.116425e-17
-1.118865e-17
-1.121302e-17
-1.123737e-17
-1.126169e-17
-1.128598e-17
-1.131024e-17
-1.133447e-17
-1.135867e-17
-1.138284e-17
-1.140698e-17
-1.143109e-17
-1.145517e-17
-1.147922e-17
-1.150323e-17
-1.152722e-17
-1.155117e-17
-1.157509e-17
-1.159898e-17
-1.162284e-17
-1.164666e-17
-1.167045e-17
-1.169420e-17
-1.171792e-17
-1.174161e-17
-1.176526e-17
-1.178888e-17
-1.181246e-17
-1.183601e-17
-1.185952e-17
-1.188299e-17
-1.190643e-17
-1.192983e-17
-1.195319e-17
-1.197652e-17
-1.199981e-17
-1.202306e-17
-1.204627e-17
-1.206944e-17
-1.209258e-17
-1.211568e-17
-1.213873e-17
-1.216175e-17
-1.218472e-17
-1.220766e-17
-1.223056e-17
-1.225341e-17
-1.227622e-17
-1.229899e-17
-1.232172e-17
-1.234441e-17
-1.236706e-17
-1.238966e-17
-1.241222e-17
-1.243473e-17
-1.245721e-17
-1.247963e-17
-1.250202e-17
-1.252436e-17
-1.254665e-17
-1.256890e-17
-1.259110e-17
-1.261326e-17
-1.263537e-17
-1.265744e-17
-1.267946e-17
-1.270143e-17
-1.272335e-17
-1.274523e-17
-1.276706e-17
-1.278884e-17
-1.281057e-17
-1.283225e-17
-1.285389e-17
-1.287547e-17
-1.289701e-17
-1.291849e-17
-1.293993e-17
-1.296131e-17
-1.298264e-17
-1.300393e-17
-1.302516e-17
-1.304633e-17
-1.306746e-17
-1.308853e-17
-1.310956e-17
-1.313052e-17
-1.315144e-17
-1.317230e-17
-1.319311e-17
-1.321386e-17
-1.323456e-17
-1.325521e-17
-1.327579e-17
-1.329633e-17
-1.331681e-17
-1.333723e-17
-1.335759e-17
-1.337790e-17
-1.339816e-17
-1.341835e-17
-1.343849e-17
-1.345857e-17
-1.347859e-17
-1.349855e-17
-1.351846e-17
-1.353831e-17
-1.355809e-17
-1.357782e-17
-1.359749e-17
-1.361710e-17
-1.363664e-17
-1.365613e-17
-1.367555e-17
-1.369492e-17
-1.371422e-17
-1.373346e-17
-1.375264e-17
-1.377176e-17
-1.379081e-17
-1.380980e-17
-1.382873e-17
-1.384759e-17
-1.386639e-17
-1.388513e-17
-1.390380e-17
-1.392240e-17
-1.394095e-17
-1.395942e-17
-1.397783e-17
-1.399618e-17
-1.401446e-17
-1.403267e-17
-1.405081e-17
-1.406889e-17
-1.408690e-17
-1.410485e-17
-1.412272e-17
-1.414053e-17
-1.415827e-17
-1.417594e-17
-1.419354e-17
-1.421107e-17
-1.422853e-17
-1.424593e-17
-1.426325e-17
-1.428050e-17
-1.429768e-17
-1.431479e-17
-1.433183e-17
-1.434880e-17
-1.436570e-17
-1.438252e-17
-1.439927e-17
-1.441595e-17
-1.443256e-17
-1.444909e-17
-1.446555e-17
-1.448194e-17
-1.449825e-17
-1.451449e-17
-1.453065e-17
-1.454674e-17
-1.456275e-17
-1.457869e-17
-1.459455e-17
-1.461034e-17
-1.462605e-17
-1.464169e-17
-1.465725e-17
-1.467273e-17
-1.468813e-17
-1.470346e-17
-1.471871e-17
-1.473388e-17
-1.474897e-17
-1.476399e-17
-1.477892e-17
-1.479378e-17
-1.480856e-17
-1.482325e-17
-1.483787e-17
-1.485241e-17
-1.486687e-17
-1.488125e-17
-1.489554e-17
-1.490976e-17
-1.492390e-17
-1.493795e-17
-1.495192e-17
-1.496581e-17
-1.497962e-17
-1.499334e-17
-1.500699e-17
-1.502054e-17
-1.503402e-17
-1.504741e-17
-1.506072e-17
-1.507395e-17
-1.508709e-17
-1.510015e-17
-1.511312e-17
-1.512600e-17
-1.513881e-17
-1.515152e-17
-1.516415e-17
-1.517670e-17
-1.518916e-17
-1.520153e-17
-1.521382e-17
-1.522602e-17
-1.523813e-17
-1.525015e-17
-1.526209e-17
-1.527394e-17
-1.528570e-17
-1.529738e-17
-1.530896e-17
-1.532046e-17
-1.533187e-17
-1.534319e-17
-1.535442e-17
-1.536556e-17
-1.537661e-17
-1.538757e-17
-1.539844e-17
-1.540922e-17
-1.541991e-17
-1.543051e-17
-1.544102e-17
-1.545144e-17
-1.546177e-17
-1.547200e-17
-1.548214e-17
-1.549219e-17
-1.550215e-17
-1.551202e-17
-1.552179e-17
-1.553147e-17
-1.554106e-17
-1.555056e-17
-1.555996e-17
-1.556926e-17
-1.557848e-17
-1.558760e-17
-1.559662e-17
-1.560556e-17
-1.561439e-17
-1.562313e-17
-1.563178e-17
-1.564033e-17
-1.564879e-17
-1.565715e-17
-1.566542e-17
-1.567358e-17
-1.568166e-17
-1.568964e-17
-1.569752e-17
-1.570530e-17
-1.571299e-17
-1.572058e-17
-1.572807e-17
-1.573547e-17
-1.574277e-17
-1.574997e-17
-1.575707e-17
-1.576408e-17
-1.577098e-17
-1.577779e-17
-1.578450e-17
-1.579111e-17
-1.579763e-17
-1.580404e-17
-1.581036e-17
-1.581657e-17
-1.582269e-17
-1.582870e-17
-1.583462e-17
-1.584044e-17
-1.584616e-17
-1.585177e-17
-1.585729e-17
-1.586271e-17
-1.586802e-17
-1.587324e-17
-1.587835e-17
-1.588336e-17
-1.588827e-17
-1.589308e-17
-1.589779e-17
-1.590240e-17
-1.590691e-17
-1.591131e-17
-1.591561e-17
-1.591981e-17
-1.592391e-17
-1.592790e-17
-1.593179e-17
-1.593558e-17
-1.593927e-17
-1.594285e-17
-1.594634e-17
-1.594971e-17
-1.595299e-17
-1.595616e-17
-1.595923e-17
-1.596219e-17
-1.596505e-17
-1.596781e-17
-1.597046e-17
-1.597301e-17
-1.597546e-17
-1.597780e-17
-1.598003e-17
-1.598216e-17
-1.598419e-17
-1.598611e-17
-1.598793e-17
-1.598965e-17
-1.599125e-17
-1.599276e-17
-1.599416e-17
-1.599545e-17
-1.599664e-17
-1.599772e-17
-1.599870e-17
-1.599957e-17
-1.600033e-17
-1.600099e-17
-1.600155e-17
-1.600200e-17
-1.600234e-17
-1.600258e-17
-1.600271e-17
-1.600273e-17
-1.600265e-17
-1.600246e-17
-1.600217e-17
-1.600177e-17
-1.600126e-17
-1.600065e-17
-1.599993e-17
-1.599910e-17
-1.599817e-17
-1.599713e-17
-1.599599e-17
-1.599473e-17
-1.599337e-17
-1.599191e-17
-1.599033e-17
-1.598865e-17
-1.598686e-17
-1.598497e-17
-1.598297e-17
-1.598086e-17
-1.597864e-17
-1.597632e-17
-1.597389e-17
-1.597135e-17
-1.596870e-17
-1.596595e-17
-1.596309e-17
-1.596012e-17
-1.595705e-17
-1.595386e-17
-1.595057e-17
-1.594718e-17
-1.594367e-17
-1.594006e-17
-1.593634e-17
-1.593251e-17
-1.592858e-17
-1.592454e-17
-1.592039e-17
-1.591613e-17
-1.591176e-17
-1.590729e-17
-1.590271e-17
-1.589802e-17
-1.589323e-17
-1.588833e-17
-1.588332e-17
-1.587820e-17
-1.587297e-17
-1.586764e-17
-1.586220e-17
-1.585666e-17
-1.585100e-17
-1.584524e-17
-1.583937e-17
-1.583339e-17
-1.582731e-17
-1.582112e-17
-1.581482e-17
-1.580841e-17
-1.580190e-17
-1.579528e-17
-1.578855e-17
-1.578172e-17
-1.577478e-17
-1.576773e-17
-1.576057e-17
-1.575331e-17
-1.574594e-17
-1.573847e-17
-1.573088e-17
-1.572320e-17
-1.571540e-17
-1.570750e-17
-1.569949e-17
-1.569137e-17
-1.568315e-17
-1.567482e-17
-1.566639e-17
-1.565785e-17
-1.564920e-17
-1.564045e-17
-1.563159e-17
-1.562262e-17
-1.561355e-17
-1.560438e-17
-1.559509e-17
-1.558571e-17
-1.557621e-17
-1.556661e-17
-1.555691e-17
-1.554710e-17
-1.553719e-17
-1.552717e-17
-1.551704e-17
-1.550681e-17
-1.549648e-17
-1.548604e-17
-1.547549e-17
-1.546485e-17
-1.545409e-17
-1.544324e-17
-1.543228e-17
-1.542121e-17
-1.541004e-17
-1.539877e-17
-1.538739e-17
-1.537591e-17
-1.536433e-17
-1.535264e-17
-1.534085e-17
-1.532896e-17
-1.531696e-17
-1.530486e-17
-1.529266e-17
-1.528035e-17
-1.526795e-17
-1.525544e-17
-1.524282e-17
-1.523011e-17
-1.521729e-17
-1.520438e-17
-1.519136e-17
-1.517824e-17
-1.516501e-17
-1.515169e-17
-1.513827e-17
-1.512474e-17
-1.511111e-17
-1.509739e-17
-1.508356e-17
-1.506963e-17
-1.505560e-17
-1.504148e-17
-1.502725e-17
-1.501292e-17
-1.499849e-17
-1.498397e-17
-1.496934e-17
-1.495462e-17
-1.493980e-17
-1.492487e-17
-1.490985e-17
-1.489474e-17
-1.487952e-17
-1.486421e-17
-1.484879e-17
-1.483328e-17
-1.481768e-17
-1.480197e-17
-1.478617e-17
-1.477028e-17
-1.475428e-17
-1.473819e-17
-1.472200e-17
-1.470572e-17
-1.468934e-17
-1.467287e-17
-1.465630e-17
-1.463963e-17
-1.462287e-17
-1.460602e-17
-1.458907e-17
-1.457203e-17
-1.455489e-17
-1.453766e-17
-1.452033e-17
-1.450292e-17
-1.448540e-17
-1.446780e-17
-1.445010e-17
-1.443231e-17
-1.441443e-17
-1.439645e-17
-1.437839e-17
-1.436023e-17
-1.434198e-17
-1.432364e-17
-1.430521e-17
-1.428669e-17
-1.426807e-17
-1.424937e-17
-1.423058e-17
-1.421170e-17
-1.419272e-17
-1.417366e-17
-1.415451e-17
-1.413527e-17
-1.411594e-17
-1.409653e-17
-1.407703e-17
-1.405743e-17
-1.403775e-17
-1.401799e-17
-1.399814e-17
-1.397820e-17
-1.395817e-17
-1.393806e-17
-1.391786e-17
-1.389758e-17
-1.387721e-17
-1.385675e-17
-1.383621e-17
-1.381559e-17
-1.379488e-17
-1.377409e-17
-1.375322e-17
-1.373226e-17
-1.371122e-17
-1.369009e-17
-1.366888e-17
-1.364759e-17
-1.362622e-17
-1.360477e-17
-1.358324e-17
-1.356162e-17
-1.353992e-17
-1.351815e-17
-1.349629e-17
-1.347435e-17
-1.345234e-17
-1.343024e-17
-1.340807e-17
-1.338581e-17
-1.336348e-17
-1.334107e-17
-1.331858e-17
-1.329602e-17
-1.327338e-17
-1.325066e-17
-1.322786e-17
-1.320499e-17
-1.318204e-17
-1.315902e-17
-1.313592e-17
-1.311275e-17
-1.308950e-17
-1.306618e-17
-1.304278e-17
-1.301931e-17
-1.299577e-17
-1.297215e-17
-1.294846e-17
-1.292470e-17
-1.290087e-17
-1.287696e-17
-1.285299e-17
-1.282894e-17
-1.280482e-17
-1.278063e-17
-1.275638e-17
-1.273205e-17
-1.270765e-17
-1.268319e-17
-1.265865e-17
-1.263405e-17
-1.260938e-17
-1.258464e-17
-1.255983e-17
-1.253496e-17
-1.251002e-17
-1.248502e-17
-1.245995e-17
-1.243481e-17
-1.240961e-17
-1.238434e-17
-1.235901e-17
-1.233362e-17
-1.230816e-17
-1.228264e-17
-1.225706e-17
-1.223141e-17
-1.220570e-17
-1.217993e-17
-1.215410e-17
-1.212820e-17
-1.210225e-17
-1.207623e-17
-1.205016e-17
-1.202403e-17
-1.199783e-17
-1.197158e-17
-1.194527e-17
-1.191890e-17
-1.189248e-17
-1.186599e-17
-1.183945e-17
-1.181285e-17
-1.178620e-17
-1.175949e-17
-1.173272e-17
-1.170590e-17
-1.167903e-17
-1.165210e-17
-1.162512e-17
-1.159808e-17
-1.157099e-17
-1.154385e-17
-1.151666e-17
-1.148941e-17
-1.146211e-17
-1.143476e-17
-1.140736e-17
-1.137991e-17
-1.135241e-17
-1.132486e-17
-1.129726e-17
-1.126961e-17
-1.124192e-17
-1.121417e-17
-1.118638e-17
-1.115854e-17
-1.113065e-17
-1.110272e-17
-1.107474e-17
-1.104672e-17
-1.101865e-17
-1.099054e-17
-1.096238e-17
-1.093417e-17
-1.090593e-17
-1.087764e-17
-1.084931e-17
-1.082093e-17
-1.079252e-17
-1.076406e-17
-1.073556e-17
-1.070702e-17
-1.067844e-17
-1.064982e-17
-1.062116e-17
-1.059247e-17
-1.056373e-17
-1.053495e-17
-1.050614e-17
-1.047729e-17
-1.044841e-17
-1.041948e-17
-1.039052e-17
-1.036153e-17
-1.033250e-17
-1.030343e-17
-1.027433e-17
-1.024520e-17
-1.021603e-17
-1.018683e-17
-1.015760e-17
-1.012833e-17
-1.009904e-17
-1.006971e-17
-1.004035e-17
-1.001096e-17
-9.981536e-18
-9.952086e-18
-9.922606e-18
-9.893098e-18
-9.863561e-18
-9.833996e-18
-9.804403e-18
-9.774784e-18
-9.745137e-18
-9.715464e-18
-9.685766e-18
-9.656042e-18
-9.626293e-18
-9.596519e-18
-9.566721e-18
-9.536900e-18
-9.507055e-18
-9.477187e-18
-9.447297e-18
-9.417385e-18
-9.387451e-18
-9.357496e-18
-9.327521e-18
-9.297525e-18
-9.267509e-18
-9.237474e-18
-9.207421e-18
-9.177348e-18
-9.147258e-18
-9.117149e-18
-9.087024e-18
-9.056882e-18
-9.026724e-18
-8.996549e-18
-8.966360e-18
-8.936155e-18
-8.905935e-18
-8.875702e-18
-8.845455e-18
-8.815194e-18
-8.784921e-18
-8.754635e-18
-8.724338e-18
-8.694028e-18
-8.663708e-18
-8.633377e-18
-8.603036e-18
-8.572685e-18
-8.542325e-18
-8.511956e-18
-8.481579e-18
-8.451193e-18
-8.420800e-18
-8.390400e-18
-8.359993e-18
-8.329580e-18
-8.299161e-18
-8.268736e-18
-8.238307e-18
-8.207873e-18
-8.177436e-18
-8.146994e-18
-8.116550e-18
-8.086102e-18
-8.055653e-18
-8.025201e-18
-7.994748e-18
-7.964294e-18
-7.933840e-18
-7.903385e-18
-7.872931e-18
-7.842477e-18
-7.812025e-18
-7.781574e-18
-7.751125e-18
-7.720679e-18
-7.690236e-18
-7.659796e-18
-7.629360e-18
-7.598929e-18
-7.568502e-18
-7.538080e-18
-7.507663e-18
-7.477253e-18
-7.446849e-18
-7.416452e-18
-7.386062e-18
-7.355680e-18
-7.325307e-18
-7.294941e-18
-7.264585e-18
-7.234239e-18
-7.203902e-18
-7.173575e-18
-7.143260e-18
-7.112955e-18
-7.082662e-18
-7.052382e-18
-7.022113e-18
-6.991858e-18
-6.961616e-18
-6.931388e-18
-6.901174e-18
-6.870974e-18
-6.840790e-18
-6.810621e-18
-6.780468e-18
-6.750332e-18
-6.720212e-18
-6.690110e-18
-6.660025e-18
-6.629958e-18
-6.599910e-18
-6.569880e-18
-6.539870e-18
-6.509880e-18
-6.479910e-18
-6.449960e-18
-6.420032e-18
-6.390124e-18
-6.360239e-18
-6.330376e-18
-6.300536e-18
-6.270719e-18
-6.240926e-18
-6.211156e-18
-6.181411e-18
-6.151691e-18
-6.121996e-18
-6.092326e-18
-6.062683e-18
-6.033066e-18
-6.003476e-18
-5.973913e-18
-5.944378e-18
-5.914871e-18
-5.885393e-18
-5.855943e-18
-5.826523e-18
-5.797133e-18
-5.767773e-18
-5.738443e-18
-5.709145e-18
-5.679877e-18
-5.650642e-18
-5.621439e-18
-5.592269e-18
-5.563131e-18
-5.534027e-18
-5.504957e-18
-5.475921e-18
-5.446920e-18
-5.417953e-18
-5.389023e-18
-5.360128e-18
-5.331269e-18
-5.302447e-18
-5.273662e-18
-5.244914e-18
-5.216204e-18
-5.187532e-18
-5.158899e-18
-5.130305e-18
-5.101751e-18
-5.073236e-18
-5.044762e-18
-5.016328e-18
-4.987934e-18
-4.959583e-18
-4.931273e-18
-4.903005e-18
-4.874780e-18
-4.846597e-18
-4.818458e-18
-4.790363e-18
-4.762311e-18
-4.734304e-18
-4.706342e-18
-4.678425e-18
-4.650554e-18
-4.622728e-18
-4.594949e-18
-4.567217e-18
-4.539531e-18
-4.511893e-18
-4.484303e-18
-4.456761e-18
-4.429268e-18
-4.401824e-18
-4.374429e-18
-4.347083e-18
-4.319788e-18
-4.292543e-18
-4.265349e-18
-4.238206e-18
-4.211114e-18
-4.184075e-18
-4.157087e-18
-4.130153e-18
-4.103271e-18
-4.076442e-18
-4.049667e-18
-4.022946e-18
-3.996280e-18
-3.969668e-18
-3.943112e-18
-3.916610e-18
-3.890165e-18
-3.863776e-18
-3.837443e-18
-3.811167e-18
-3.784948e-18
-3.758787e-18
-3.732684e-18
-3.706639e-18
-3.680652e-18
-3.654725e-18
-3.628856e-18
-3.603047e-18
-3.577299e-18
-3.551610e-18
-3.525982e-18
-3.500415e-18
-3.474909e-18
-3.449465e-18
-3.424083e-18
-3.398763e-18
-3.373506e-18
-3.348311e-18
-3.323180e-18
-3.298112e-18
-3.273109e-18
-3.248169e-18
-3.223294e-18
-3.198484e-18
-3.173739e-18
-3.149060e-18
-3.124447e-18
-3.099899e-18
-3.075418e-18
-3.051004e-18
-3.026657e-18
-3.002378e-18
-2.978166e-18
-2.954022e-18
-2.929946e-18
-2.905939e-18
-2.882001e-18
-2.858133e-18
-2.834333e-18
-2.810604e-18
-2.786945e-18
-2.763356e-18
-2.739838e-18
-2.716391e-18
-2.693016e-18
-2.669712e-18
-2.646480e-18
-2.623320e-18
-2.600233e-18
-2.577219e-18
-2.554277e-18
-2.531409e-18
-2.508615e-18
-2.485895e-18
-2.463249e-18
-2.440677e-18
-2.418180e-18
-2.395759e-18
-2.373412e-18
-2.351142e-18
-2.328947e-18
-2.306829e-18
-2.284786e-18
-2.262821e-18
-2.240933e-18
-2.219122e-18
-2.197388e-18
-2.175732e-18
-2.154155e-18
-2.132656e-18
-2.111235e-18
-2.089893e-18
-2.068630e-18
-2.047447e-18
-2.026343e-18
-2.005319e-18
-1.984376e-18
-1.963513e-18
-1.942730e-18
-1.922028e-18
-1.901408e-18
-1.880869e-18
-1.860411e-18
-1.840036e-18
-1.819742e-18
-1.799531e-18
-1.779403e-18
-1.759357e-18
-1.739395e-18
-1.719516e-18
-1.699720e-18
-1.680008e-18
-1.660381e-18
-1.640837e-18
-1.621378e-18
-1.602004e-18
-1.582715e-18
-1.563511e-18
-1.544393e-18
-1.525360e-18
-1.506413e-18
-1.487552e-18
-1.468777e-18
-1.450089e-18
-1.431487e-18
-1.412973e-18
-1.394545e-18
-1.376206e-18
-1.357953e-18
-1.339789e-18
-1.321712e-18
-1.303724e-18
-1.285824e-18
-1.268013e-18
-1.250290e-18
-1.232657e-18
-1.215113e-18
-1.197658e-18
-1.180293e-18
-1.163018e-18
-1.145833e-18
-1.128737e-18
-1.111733e-18
-1.094819e-18
-1.077996e-18
-1.061263e-18
-1.044622e-18
-1.028072e-18
-1.011614e-18
-9.952476e-19
-9.789730e-19
-9.627904e-19
-9.467001e-19
-9.307022e-19
-9.147969e-19
-8.989843e-19
-8.832647e-19
-8.676383e-19
-8.521051e-19
-8.366653e-19
-8.213192e-19
-8.060669e-19
-7.909085e-19
-7.758442e-19
-7.608742e-19
-7.459986e-19
-7.312176e-19
-7.165314e-19
-7.019401e-19
-6.874438e-19
-6.730427e-19
-6.587370e-19
-6.445268e-19
-6.304122e-19
-6.163935e-19
-6.024707e-19
-5.886440e-19
-5.749135e-19
-5.612795e-19
-5.477419e-19
-5.343010e-19
-5.209569e-19
-5.077097e-19
-4.945596e-19
-4.815067e-19
-4.685511e-19
-4.556929e-19
-4.429324e-19
-4.302696e-19
-4.177046e-19
-4.052375e-19
-3.928686e-19
-3.805979e-19
-3.684255e-19
-3.563515e-19
-3.443762e-19
-3.324995e-19
-3.207216e-19
-3.090426e-19
-2.974626e-19
-2.859818e-19
-2.746002e-19
-2.633180e-19
-2.521352e-19
-2.410520e-19
-2.300684e-19
-2.191847e-19
-2.084007e-19
-1.977168e-19
-1.871329e-19
-1.766492e-19
-1.662658e-19
-1.559827e-19
-1.458000e-19
-1.357179e-19
-1.257364e-19
-1.158556e-19
-1.060756e-19
-9.639654e-20
-8.681842e-20
-7.734135e-20
-6.796542e-20
-5.869071e-20
-4.951729e-20
-4.044525e-20
-3.147465e-20
-2.260557e-20
-1.383810e-20
-5.172288e-21
3.391781e-21
1.185404e-20
2.021443e-20
2.847287e-20
3.662930e-20
4.468366e-20
5.263589e-20
6.048592e-20
6.823370e-20
7.587916e-20
8.342225e-20
9.086291e-20
9.820110e-20
1.054367e-19
1.125698e-19
1.196002e-19
1.265280e-19
1.333530e-19
1.400752e-19
1.466946e-19
1.532112e-19
1.596248e-19
1.659355e-19
1.721431e-19
1.782478e-19
1.842494e-19
1.901479e-19
1.959432e-19
2.016354e-19
2.072243e-19
2.127101e-19
2.180926e-19
2.233718e-19
2.285476e-19
2.336202e-19
2.385893e-19
2.434551e-19
2.482175e-19
2.528764e-19
2.574319e-19
2.618839e-19
2.662324e-19
2.704775e-19
2.746190e-19
2.786570e-19
2.825915e-19
2.864224e-19
2.901498e-19
2.937736e-19
2.972939e-19
3.007105e-19
3.040237e-19
3.072332e-19
3.103391e-19
3.133415e-19
3.162403e-19
3.190355e-19
3.217272e-19
3.243153e-19
3.267998e-19
3.291808e-19
3.314583e-19
3.336322e-19
3.357026e-19
3.376695e-19
3.395330e-19
3.412929e-19
3.429494e-19
3.445024e-19
3.459521e-19
3.472983e-19
3.485411e-19
3.496806e-19
3.507168e-19
3.516496e-19
3.524792e-19
3.532055e-19
3.538286e-19
3.543485e-19
3.547652e-19
3.550789e-19
3.552894e-19
3.553968e-19
3.554012e-19
3.553027e-19
3.551012e-19
3.547967e-19
3.543894e-19
3.538793e-19
3.532664e-19
