2.466768e-20
2.464930e-20
2.451769e-20
2.427284e-20
2.391476e-20
2.344345e-20
2.285891e-20
2.216116e-20
2.135019e-20
2.042602e-20
1.938865e-20
1.823809e-20
1.697436e-20
1.559746e-20
1.410741e-20
1.250422e-20
1.078792e-20
8.958502e-21
7.015999e-21
4.960426e-21
2.791804e-21
5.101532e-22
-1.884505e-21
-4.392147e-21
-7.012749e-21
-9.746286e-21
-1.259273e-20
-1.555206e-20
-1.862423e-20
-2.180923e-20
-2.510702e-20
-2.851757e-20
-3.204085e-20
-3.567682e-20
-3.942544e-20
-4.328669e-20
-4.726051e-20
-5.134689e-20
-5.554576e-20
-5.985710e-20
-6.428087e-20
-6.881701e-20
-7.346548e-20
-7.822625e-20
-8.309925e-20
-8.808445e-20
-9.318180e-20
-9.839125e-20
-1.037127e-19
-1.091462e-19
-1.146916e-19
-1.203490e-19
-1.261181e-19
-1.319990e-19
-1.379917e-19
-1.440960e-19
-1.503118e-19
-1.566393e-19
-1.630782e-19
-1.696285e-19
-1.762902e-19
-1.830631e-19
-1.899473e-19
-1.969426e-19
-2.040490e-19
-2.112665e-19
-2.185948e-19
-2.260340e-19
-2.335841e-19
-2.412448e-19
-2.490162e-19
-2.568982e-19
-2.648906e-19
-2.729935e-19
-2.812067e-19
-2.895302e-19
-2.979638e-19
-3.065076e-19
-3.151613e-19
-3.239250e-19
-3.327985e-19
-3.417817e-19
-3.508746e-19
-3.600771e-19
-3.693890e-19
-3.788104e-19
-3.883410e-19
-3.979808e-19
-4.077298e-19
-4.175877e-19
-4.275546e-19
-4.376303e-19
-4.478147e-19
-4.581077e-19
-4.685092e-19
-4.790192e-19
-4.896374e-19
-5.003639e-19
-5.111984e-19
-5.221410e-19
-5.331914e-19
-5.443496e-19
-5.556154e-19
-5.669888e-19
-5.784697e-19
-5.900579e-19
-6.017533e-19
-6.135558e-19
-6.254652e-19
-6.374816e-19
-6.496046e-19
-6.618343e-19
-6.741705e-19
-6.866131e-19
-6.991619e-19
-7.118169e-19
-7.245779e-19
-7.374447e-19
-7.504174e-19
-7.634956e-19
-7.766793e-19
-7.899684e-19
-8.033628e-19
-8.168622e-19
-8.304666e-19
-8.441758e-19
-8.579898e-19
-8.719083e-19
-8.859312e-19
-9.000584e-19
-9.142897e-19
-9.286250e-19
-9.430642e-19
-9.576071e-19
-9.722536e-19
-9.870035e-19
-1.001857e-18
-1.016813e-18
-1.031872e-18
-1.047034e-18
-1.062299e-18
-1.077666e-18
-1.093136e-18
-1.108708e-18
-1.124382e-18
-1.140158e-18
-1.156036e-18
-1.172015e-18
-1.188096e-18
-1.204278e-18
-1.220561e-18
-1.236945e-18
-1.253429e-18
-1.270015e-18
-1.286701e-18
-1.303487e-18
-1.320373e-18
-1.337359e-18
-1.354446e-18
-1.371631e-18
-1.388916e-18
-1.406301e-18
-1.423784e-18
-1.441366e-18
-1.459048e-18
-1.476827e-18
-1.494705e-18
-1.512682e-18
-1.530756e-18
-1.548928e-18
-1.567198e-18
-1.585565e-18
-1.604030e-18
-1.622592e-18
-1.641250e-18
-1.660006e-18
-1.678858e-18
-1.697806e-18
-1.716851e-18
-1.735991e-18
-1.755227e-18
-1.774559e-18
-1.793986e-18
-1.813509e-18
-1.833126e-18
-1.852839e-18
-1.872646e-18
-1.892547e-18
-1.912542e-18
-1.932632e-18
-1.952815e-18
-1.973092e-18
-1.993463e-18
-2.013926e-18
-2.034483e-18
-2.055132e-18
-2.075874e-18
-2.096708e-18
-2.117635e-18
-2.138653e-18
-2.159763e-18
-2.180965e-18
-2.202258e-18
-2.223642e-18
-2.245117e-18
-2.266682e-18
-2.288338e-18
-2.310084e-18
-2.331921e-18
-2.353847e-18
-2.375862e-18
-2.397967e-18
-2.420161e-18
-2.442444e-18
-2.464815e-18
-2.487275e-18
-2.509823e-18
-2.532459e-18
-2.555183e-18
-2.577995e-18
-2.600893e-18
-2.623879e-18
-2.646951e-18
-2.670110e-18
-2.693356e-18
-2.716687e-18
-2.740104e-18
-2.763607e-18
-2.787196e-18
-2.810869e-18
-2.834628e-18
-2.858471e-18
-2.882398e-18
-2.906410e-18
-2.930506e-18
-2.954685e-18
-2.978948e-18
-3.003293e-18
-3.027722e-18
-3.052234e-18
-3.076828e-18
-3.101504e-18
-3.126262e-18
-3.151102e-18
-3.176023e-18
-3.201025e-18
-3.226109e-18
-3.251273e-18
-3.276517e-18
-3.301841e-18
-3.327246e-18
-3.352730e-18
-3.378293e-18
-3.403936e-18
-3.429657e-18
-3.455457e-18
-3.481335e-18
-3.507291e-18
-3.533325e-18
-3.559436e-18
-3.585625e-18
-3.611891e-18
-3.638233e-18
-3.664652e-18
-3.691147e-18
-3.717717e-18
-3.744364e-18
-3.771085e-18
-3.797882e-18
-3.824754e-18
-3.851700e-18
-3.878720e-18
-3.905814e-18
-3.932982e-18
-3.960223e-18
-3.987537e-18
-4.014924e-18
-4.042384e-18
-4.069916e-18
-4.097519e-18
-4.125195e-18
-4.152942e-18
-4.180760e-18
-4.208648e-18
-4.236608e-18
-4.264637e-18
-4.292736e-18
-4.320905e-18
-4.349144e-18
-4.377451e-18
-4.405827e-18
-4.434272e-18
-4.462785e-18
-4.491365e-18
-4.520014e-18
-4.548729e-18
-4.577512e-18
-4.606361e-18
-4.635276e-18
-4.664258e-18
-4.693305e-18
-4.722418e-18
-4.751596e-18
-4.780838e-18
-4.810146e-18
-4.839517e-18
-4.868953e-18
-4.898452e-18
-4.928014e-18
-4.957640e-18
-4.987328e-18
-5.017078e-18
-5.046891e-18
-5.076765e-18
-5.106701e-18
-5.136698e-18
-5.166755e-18
-5.196874e-18
-5.227052e-18
-5.257290e-18
-5.287588e-18
-5.317945e-18
-5.348360e-18
-5.378835e-18
-5.409368e-18
-5.439958e-18
-5.470606e-18
-5.501312e-18
-5.532074e-18
-5.562893e-18
-5.593769e-18
-5.624700e-18
-5.655687e-18
-5.686729e-18
-5.717827e-18
-5.748979e-18
-5.780185e-18
-5.811445e-18
-5.842759e-18
-5.874127e-18
-5.905547e-18
-5.937020e-18
-5.968546e-18
-6.000123e-18
-6.031752e-18
-6.063432e-18
-6.095164e-18
-6.126946e-18
-6.158778e-18
-6.190661e-18
-6.222592e-18
-6.254574e-18
-6.286604e-18
-6.318683e-18
-6.350810e-18
-6.382985e-18
-6.415208e-18
-6.447477e-18
-6.479794e-18
-6.512157e-18
-6.544567e-18
-6.577022e-18
-6.609523e-18
-6.642069e-18
-6.674660e-18
-6.707295e-18
-6.739975e-18
-6.772698e-18
-6.805464e-18
-6.838274e-18
-6.871126e-18
-6.904021e-18
-6.936957e-18
-6.969935e-18
-7.002955e-18
-7.036015e-18
-7.069116e-18
-7.102258e-18
-7.135439e-18
-7.168659e-18
-7.201919e-18
-7.235217e-18
-7.268554e-18
-7.301929e-18
-7.335342e-18
-7.368792e-18
-7.402279e-18
-7.435802e-18
-7.469362e-18
-7.502957e-18
-7.536588e-18
-7.570255e-18
-7.603956e-18
-7.637691e-18
-7.671461e-18
-7.705264e-18
-7.739100e-18
-7.772970e-18
-7.806872e-18
-7.840806e-18
-7.874772e-18
-7.908770e-18
-7.942798e-18
-7.976858e-18
-8.010947e-18
-8.045067e-18
-8.079216e-18
-8.113395e-18
-8.147602e-18
-8.181838e-18
-8.216102e-18
-8.250393e-18
-8.284712e-18
-8.319058e-18
-8.353431e-18
-8.387830e-18
-8.422254e-18
-8.456704e-18
-8.491180e-18
-8.525679e-18
-8.560204e-18
-8.594752e-18
-8.629324e-18
-8.663918e-18
-8.698536e-18
-8.733176e-18
-8.767839e-18
-8.802522e-18
-8.837227e-18
-8.871953e-18
-8.906700e-18
-8.941467e-18
-8.976253e-18
-9.011059e-18
-9.045883e-18
-9.080727e-18
-9.115588e-18
-9.150467e-18
-9.185364e-18
-9.220278e-18
-9.255208e-18
-9.290155e-18
-9.325117e-18
-9.360095e-18
-9.395088e-18
-9.430096e-18
-9.465118e-18
-9.500154e-18
-9.535203e-18
-9.570266e-18
-9.605341e-18
-9.640429e-18
-9.675529e-18
-9.710640e-18
-9.745762e-18
-9.780895e-18
-9.816039e-18
-9.851193e-18
-9.886356e-18
-9.921528e-18
-9.956709e-18
-9.991899e-18
-1.002710e-17
-1.006230e-17
-1.009751e-17
-1.013273e-17
-1.016796e-17
-1.020319e-17
-1.023843e-17
-1.027367e-17
-1.030892e-17
-1.034417e-17
-1.037943e-17
-1.041469e-17
-1.044995e-17
-1.048522e-17
-1.052048e-17
-1.055575e-17
-1.059103e-17
-1.062630e-17
-1.066157e-17
-1.069685e-17
-1.073212e-17
-1.076740e-17
-1.080267e-17
-1.083794e-17
-1.087321e-17
-1.090848e-17
-1.094375e-17
-1.097901e-17
-1.101427e-17
-1.104953e-17
-1.108478e-17
-1.112003e-17
-1.115528e-17
-1.119052e-17
-1.122575e-17
-1.126098e-17
-1.129620e-17
-1.133141e-17
-1.136662e-17
-1.140182e-17
-1.143701e-17
-1.147219e-17
-1.150737e-17
-1.154253e-17
-1.157769e-17
-1.161284e-17
-1.164797e-17
-1.168310e-17
-1.171821e-17
-1.175331e-17
-1.178840e-17
-1.182348e-17
-1.185854e-17
-1.189359e-17
-1.192863e-17
-1.196365e-17
-1.199866e-17
-1.203366e-17
-1.206864e-17
-1.210360e-17
-1.213855e-17
-1.217348e-17
-1.220839e-17
-1.224329e-17
-1.227817e-17
-1.231303e-17
-1.234787e-17
-1.238269e-17
-1.241750e-17
-1.245228e-17
-1.248705e-17
-1.252179e-17
-1.255652e-17
-1.259122e-17
-1.262590e-17
-1.266055e-17
-1.269519e-17
-1.272980e-17
-1.276439e-17
-1.279896e-17
-1.283350e-17
-1.286801e-17
-1.290251e-17
-1.293697e-17
-1.297141e-17
-1.300583e-17
-1.304022e-17
-1.307458e-17
-1.310891e-17
-1.314321e-17
-1.317749e-17
-1.321174e-17
-1.324596e-17
-1.328015e-17
-1.331431e-17
-1.334844e-17
-1.338254e-17
-1.341661e-17
-1.345065e-17
-1.348465e-17
-1.351863e-17
-1.355257e-17
-1.358648e-17
-1.362035e-17
-1.365419e-17
-1.368800e-17
-1.372177e-17
-1.375551e-17
-1.378921e-17
-1.382287e-17
-1.385650e-17
-1.389009e-17
-1.392365e-17
-1.395717e-17
-1.399065e-17
-1.402409e-17
-1.405749e-17
-1.409086e-17
-1.412418e-17
-1.415747e-17
-1.419071e-17
-1.422392e-17
-1.425708e-17
-1.429020e-17
-1.432328e-17
-1.435632e-17
-1.438932e-17
-1.442227e-17
-1.445518e-17
-1.448804e-17
-1.452086e-17
-1.455364e-17
-1.458637e-17
-1.461906e-17
-1.465170e-17
-1.468429e-17
-1.471684e-17
-1.474934e-17
-1.478179e-17
-1.481420e-17
-1.484656e-17
-1.487887e-17
-1.491113e-17
-1.494334e-17
-1.497550e-17
-1.500761e-17
-1.503967e-17
-1.507168e-17
-1.510364e-17
-1.513555e-17
-1.516740e-17
-1.519920e-17
-1.523095e-17
-1.526265e-17
-1.529429e-17
-1.532588e-17
-1.535742e-17
-1.538890e-17
-1.542032e-17
-1.545169e-17
-1.548301e-17
-1.551426e-17
-1.554546e-17
-1.557661e-17
-1.560769e-17
-1.563872e-17
-1.566969e-17
-1.570061e-17
-1.573146e-17
-1.576225e-17
-1.579299e-17
-1.582366e-17
-1.585427e-17
-1.588483e-17
-1.591532e-17
-1.594575e-17
-1.597612e-17
-1.600642e-17
-1.603667e-17
-1.606685e-17
-1.609696e-17
-1.612702e-17
-1.615701e-17
-1.618693e-17
-1.621679e-17
-1.624658e-17
-1.627631e-17
-1.630597e-17
-1.633557e-17
-1.636510e-17
-1.639456e-17
-1.642396e-17
-1.645328e-17
-1.648254e-17
-1.651173e-17
-1.654085e-17
-1.656990e-17
-1.659889e-17
-1.662780e-17
-1.665664e-17
-1.668541e-17
-1.671411e-17
-1.674274e-17
-1.677130e-17
-1.679978e-17
-1.682819e-17
-1.685653e-17
-1.688480e-17
-1.691299e-17
-1.694110e-17
-1.696915e-17
-1.699712e-17
-1.702501e-17
-1.705283e-17
-1.708057e-17
-1.710824e-17
-1.713583e-17
-1.716334e-17
-1.719078e-17
-1.721814e-17
-1.724542e-17
-1.727262e-17
-1.729974e-17
-1.732679e-17
-1.735375e-17
-1.738064e-17
-1.740745e-17
-1.743417e-17
-1.746082e-17
-1.748738e-17
-1.751387e-17
-1.754027e-17
-1.756659e-17
-1.759283e-17
-1.761898e-17
-1.764505e-17
-1.767104e-17
-1.769695e-17
-1.772277e-17
-1.774850e-17
-1.777416e-17
-1.779972e-17
-1.782520e-17
-1.785060e-17
-1.787591e-17
-1.790114e-17
-1.792627e-17
-1.795132e-17
-1.797629e-17
-1.800116e-17
-1.802595e-17
-1.805065e-17
-1.807526e-17
-1.809978e-17
-1.812422e-17
-1.814856e-17
-1.817281e-17
-1.819698e-17
-1.822105e-17
-1.824503e-17
-1.826893e-17
-1.829273e-17
-1.831643e-17
-1.834005e-17
-1.836357e-17
-1.838701e-17
-1.841034e-17
-1.843359e-17
-1.845674e-17
-1.847980e-17
-1.850276e-17
-1.852563e-17
-1.854841e-17
-1.857109e-17
-1.859367e-17
-1.861616e-17
-1.863855e-17
-1.866085e-17
-1.868305e-17
-1.870515e-17
-1.872716e-17
-1.874907e-17
-1.877088e-17
-1.879259e-17
-1.881421e-17
-1.883573e-17
-1.885714e-17
-1.887846e-17
-1.889968e-17
-1.892080e-17
-1.894182e-17
-1.896274e-17
-1.898356e-17
-1.900427e-17
-1.902489e-17
-1.904540e-17
-1.906582e-17
-1.908613e-17
-1.910634e-17
-1.912645e-17
-1.914645e-17
-1.916635e-17
-1.918615e-17
-1.920584e-17
-1.922543e-17
-1.924492e-17
-1.926430e-17
-1.928358e-17
-1.930275e-17
-1.932182e-17
-1.934078e-17
-1.935964e-17
-1.937839e-17
-1.939703e-17
-1.941557e-17
-1.943400e-17
-1.945233e-17
-1.947054e-17
-1.948865e-17
-1.950665e-17
-1.952455e-17
-1.954233e-17
-1.956001e-17
-1.957758e-17
-1.959504e-17
-1.961239e-17
-1.962963e-17
-1.964676e-17
-1.966378e-17
-1.968070e-17
-1.969750e-17
-1.971419e-17
-1.973077e-17
-1.974724e-17
-1.976359e-17
-1.977984e-17
-1.979597e-17
-1.981200e-17
-1.982791e-17
-1.984370e-17
-1.985939e-17
-1.987496e-17
-1.989042e-17
-1.990577e-17
-1.992100e-17
-1.993612e-17
-1.995112e-17
-1.996601e-17
-1.998079e-17
-1.999545e-17
-2.001000e-17
-2.002443e-17
-2.003874e-17
-2.005295e-17
-2.006703e-17
-2.008100e-17
-2.009485e-17
-2.010859e-17
-2.012221e-17
-2.013572e-17
-2.014911e-17
-2.016238e-17
-2.017553e-17
-2.018856e-17
-2.020148e-17
-2.021428e-17
-2.022697e-17
-2.023953e-17
-2.025198e-17
-2.026430e-17
-2.027651e-17
-2.028860e-17
-2.030057e-17
-2.031243e-17
-2.032416e-17
-2.033577e-17
-2.034726e-17
-2.035864e-17
-2.036989e-17
-2.038102e-17
-2.039203e-17
-2.040293e-17
-2.041370e-17
-2.042435e-17
-2.043487e-17
-2.044528e-17
-2.045557e-17
-2.046573e-17
-2.047577e-17
-2.048569e-17
-2.049549e-17
-2.050517e-17
-2.051472e-17
-2.052415e-17
-2.053346e-17
-2.054265e-17
-2.055171e-17
-2.056065e-17
-2.056947e-17
-2.057816e-17
-2.058673e-17
-2.059518e-17
-2.060350e-17
-2.061170e-17
-2.061977e-17
-2.062772e-17
-2.063555e-17
-2.064325e-17
-2.065083e-17
-2.065828e-17
-2.066560e-17
-2.067281e-17
-2.067988e-17
-2.068684e-17
-2.069366e-17
-2.070036e-17
-2.070694e-17
-2.071339e-17
-2.071971e-17
-2.072591e-17
-2.073198e-17
-2.073793e-17
-2.074375e-17
-2.074944e-17
-2.075501e-17
-2.076045e-17
-2.076577e-17
-2.077095e-17
-2.077601e-17
-2.078095e-17
-2.078575e-17
-2.079043e-17
-2.079499e-17
-2.079941e-17
-2.080371e-17
-2.080788e-17
-2.081192e-17
-2.081584e-17
-2.081963e-17
-2.082329e-17
-2.082682e-17
-2.083022e-17
-2.083350e-17
-2.083665e-17
-2.083966e-17
-2.084256e-17
-2.084532e-17
-2.084795e-17
-2.085046e-17
-2.085284e-17
-2.085509e-17
-2.085721e-17
-2.085920e-17
-2.086107e-17
-2.086280e-17
-2.086441e-17
-2.086588e-17
-2.086723e-17
-2.086845e-17
-2.086954e-17
-2.087050e-17
-2.087133e-17
-2.087204e-17
-2.087261e-17
-2.087306e-17
-2.087337e-17
-2.087356e-17
-2.087361e-17
-2.087354e-17
-2.087334e-17
-2.087301e-17
-2.087255e-17
-2.087196e-17
-2.087124e-17
-2.087039e-17
-2.086941e-17
-2.086830e-17
-2.086706e-17
-2.086569e-17
-2.086420e-17
-2.086257e-17
-2.086081e-17
-2.085893e-17
-2.085691e-17
-2.085476e-17
-2.085249e-17
-2.085008e-17
-2.084755e-17
-2.084488e-17
-2.084209e-17
-2.083917e-17
-2.083611e-17
-2.083293e-17
-2.082962e-17
-2.082618e-17
-2.082260e-17
-2.081890e-17
-2.081507e-17
-2.081111e-17
-2.080702e-17
-2.080280e-17
-2.079845e-17
-2.079397e-17
-2.078937e-17
-2.078463e-17
-2.077976e-17
-2.077476e-17
-2.076964e-17
-2.076438e-17
-2.075900e-17
-2.075349e-17
-2.074784e-17
-2.074207e-17
-2.073617e-17
-2.073014e-17
-2.072398e-17
-2.071769e-17
-2.071128e-17
-2.070473e-17
-2.069806e-17
-2.069125e-17
-2.068432e-17
-2.067726e-17
-2.067007e-17
-2.066275e-17
-2.065531e-17
-2.064773e-17
-2.064003e-17
-2.063220e-17
-2.062424e-17
-2.061615e-17
-2.060793e-17
-2.059959e-17
-2.059112e-17
-2.058252e-17
-2.057379e-17
-2.056494e-17
-2.055596e-17
-2.054685e-17
-2.053761e-17
-2.052824e-17
-2.051875e-17
-2.050913e-17
-2.049939e-17
-2.048951e-17
-2.047951e-17
-2.046939e-17
-2.045913e-17
-2.044875e-17
-2.043825e-17
-2.042761e-17
-2.041686e-17
-2.040597e-17
-2.039496e-17
-2.038382e-17
-2.037256e-17
-2.036117e-17
-2.034966e-17
-2.033802e-17
-2.032625e-17
-2.031436e-17
-2.030235e-17
-2.029021e-17
-2.027794e-17
-2.026555e-17
-2.025304e-17
-2.024040e-17
-2.022763e-17
-2.021475e-17
-2.020173e-17
-2.018860e-17
-2.017534e-17
-2.016196e-17
-2.014845e-17
-2.013482e-17
-2.012107e-17
-2.010719e-17
-2.009319e-17
-2.007907e-17
-2.006483e-17
-2.005046e-17
-2.003597e-17
-2.002136e-17
-2.000663e-17
-1.999177e-17
-1.997680e-17
-1.996170e-17
-1.994648e-17
-1.993114e-17
-1.991568e-17
-1.990010e-17
-1.988439e-17
-1.986857e-17
-1.985263e-17
-1.983656e-17
-1.982038e-17
-1.980408e-17
-1.978766e-17
-1.977111e-17
-1.975445e-17
-1.973767e-17
-1.972077e-17
-1.970375e-17
-1.968662e-17
-1.966936e-17
-1.965199e-17
-1.963450e-17
-1.961689e-17
-1.959917e-17
-1.958132e-17
-1.956336e-17
-1.954529e-17
-1.952709e-17
-1.950879e-17
-1.949036e-17
-1.947182e-17
-1.945316e-17
-1.943439e-17
-1.941550e-17
-1.939649e-17
-1.937738e-17
-1.935814e-17
-1.933879e-17
-1.931933e-17
-1.929976e-17
-1.928007e-17
-1.926026e-17
-1.924035e-17
-1.922032e-17
-1.920017e-17
-1.917992e-17
-1.915955e-17
-1.913907e-17
-1.911848e-17
-1.909778e-17
-1.907696e-17
-1.905603e-17
-1.903500e-17
-1.901385e-17
-1.899259e-17
-1.897122e-17
-1.894974e-17
-1.892816e-17
-1.890646e-17
-1.888465e-17
-1.886274e-17
-1.884071e-17
-1.881858e-17
-1.879634e-17
-1.877399e-17
-1.875153e-17
-1.872897e-17
-1.870630e-17
-1.868352e-17
-1.866064e-17
-1.863765e-17
-1.861455e-17
-1.859135e-17
-1.856804e-17
-1.854463e-17
-1.852111e-17
-1.849749e-17
-1.847376e-17
-1.844993e-17
-1.842600e-17
-1.840196e-17
-1.837782e-17
-1.835357e-17
-1.832923e-17
-1.830478e-17
-1.828023e-17
-1.825558e-17
-1.823082e-17
-1.820597e-17
-1.818101e-17
-1.815596e-17
-1.813080e-17
-1.810555e-17
-1.808019e-17
-1.805473e-17
-1.802918e-17
-1.800353e-17
-1.797778e-17
-1.795193e-17
-1.792598e-17
-1.789994e-17
-1.787380e-17
-1.784756e-17
-1.782123e-17
-1.779480e-17
-1.776827e-17
-1.774165e-17
-1.771493e-17
-1.768812e-17
-1.766121e-17
-1.763421e-17
-1.760712e-17
-1.757993e-17
-1.755265e-17
-1.752528e-17
-1.749781e-17
-1.747025e-17
-1.744260e-17
-1.741486e-17
-1.738703e-17
-1.735911e-17
-1.733109e-17
-1.730299e-17
-1.727480e-17
-1.724651e-17
-1.721814e-17
-1.718968e-17
-1.716113e-17
-1.713250e-17
-1.710377e-17
-1.707496e-17
-1.704606e-17
-1.701708e-17
-1.698801e-17
-1.695885e-17
-1.692961e-17
-1.690028e-17
-1.687087e-17
-1.684137e-17
-1.681179e-17
-1.678212e-17
-1.675238e-17
-1.672255e-17
-1.669263e-17
-1.666264e-17
-1.663256e-17
-1.660240e-17
-1.657216e-17
-1.654184e-17
-1.651144e-17
-1.648096e-17
-1.645040e-17
-1.641976e-17
-1.638904e-17
-1.635825e-17
-1.632737e-17
-1.629642e-17
-1.626539e-17
-1.623429e-17
-1.620311e-17
-1.617185e-17
-1.614051e-17
-1.610910e-17
-1.607762e-17
-1.604606e-17
-1.601443e-17
-1.598272e-17
-1.595095e-17
-1.591909e-17
-1.588717e-17
-1.585517e-17
-1.582310e-17
-1.579096e-17
-1.575875e-17
-1.572647e-17
-1.569412e-17
-1.566170e-17
-1.562921e-17
-1.559666e-17
-1.556403e-17
-1.553133e-17
-1.549857e-17
-1.546574e-17
-1.543285e-17
-1.539989e-17
-1.536686e-17
-1.533376e-17
-1.530061e-17
-1.526738e-17
-1.523410e-17
-1.520074e-17
-1.516733e-17
-1.513385e-17
-1.510031e-17
-1.506671e-17
-1.503305e-17
-1.499932e-17
-1.496554e-17
-1.493169e-17
-1.489779e-17
-1.486382e-17
-1.482980e-17
-1.479571e-17
-1.476157e-17
-1.472737e-17
-1.469312e-17
-1.465880e-17
-1.462444e-17
-1.459001e-17
-1.455553e-17
-1.452099e-17
-1.448640e-17
-1.445176e-17
-1.441706e-17
-1.438231e-17
-1.434750e-17
-1.431264e-17
-1.427774e-17
-1.424277e-17
-1.420776e-17
-1.417270e-17
-1.413759e-17
-1.410242e-17
-1.406721e-17
-1.403195e-17
-1.399664e-17
-1.396129e-17
-1.392588e-17
-1.389043e-17
-1.385493e-17
-1.381939e-17
-1.378380e-17
-1.374816e-17
-1.371248e-17
-1.367676e-17
-1.364099e-17
-1.360518e-17
-1.356933e-17
-1.353343e-17
-1.349749e-17
-1.346151e-17
-1.342549e-17
-1.338943e-17
-1.335333e-17
-1.331719e-17
-1.328101e-17
-1.324479e-17
-1.320853e-17
-1.317223e-17
-1.313590e-17
-1.309953e-17
-1.306313e-17
-1.302669e-17
-1.299021e-17
-1.295370e-17
-1.291715e-17
-1.288057e-17
-1.284396e-17
-1.280731e-17
-1.277063e-17
-1.273392e-17
-1.269718e-17
-1.266040e-17
-1.262360e-17
-1.258676e-17
-1.254990e-17
-1.251300e-17
-1.247608e-17
-1.243913e-17
-1.240215e-17
-1.236514e-17
-1.232811e-17
-1.229105e-17
-1.225397e-17
-1.221686e-17
-1.217972e-17
-1.214256e-17
-1.210538e-17
-1.206817e-17
-1.203094e-17
-1.199369e-17
-1.195642e-17
-1.191912e-17
-1.188180e-17
-1.184447e-17
-1.180711e-17
-1.176973e-17
-1.173234e-17
-1.169492e-17
-1.165749e-17
-1.162004e-17
-1.158257e-17
-1.154509e-17
-1.150759e-17
-1.147007e-17
-1.143254e-17
-1.139500e-17
-1.135744e-17
-1.131986e-17
-1.128228e-17
-1.124468e-17
-1.120707e-17
-1.116945e-17
-1.113181e-17
-1.109417e-17
-1.105651e-17
-1.101885e-17
-1.098117e-17
-1.094349e-17
-1.090580e-17
-1.086810e-17
-1.083040e-17
-1.079268e-17
-1.075497e-17
-1.071724e-17
-1.067951e-17
-1.064178e-17
-1.060404e-17
-1.056630e-17
-1.052855e-17
-1.049080e-17
-1.045305e-17
-1.041530e-17
-1.037755e-17
-1.033979e-17
-1.030204e-17
-1.026428e-17
-1.022653e-17
-1.018878e-17
-1.015103e-17
-1.011328e-17
-1.007553e-17
-1.003779e-17
-1.000005e-17
-9.962314e-18
-9.924584e-18
-9.886859e-18
-9.849139e-18
-9.811426e-18
-9.773720e-18
-9.736020e-18
-9.698329e-18
-9.660645e-18
-9.622971e-18
-9.585305e-18
-9.547649e-18
-9.510003e-18
-9.472368e-18
-9.434745e-18
-9.397132e-18
-9.359532e-18
-9.321945e-18
-9.284371e-18
-9.246810e-18
-9.209264e-18
-9.171732e-18
-9.134215e-18
-9.096714e-18
-9.059229e-18
-9.021761e-18
-8.984310e-18
-8.946877e-18
-8.909461e-18
-8.872065e-18
-8.834687e-18
-8.797329e-18
-8.759991e-18
-8.722674e-18
-8.685378e-18
-8.648103e-18
-8.610851e-18
-8.573621e-18
-8.536414e-18
-8.499231e-18
-8.462072e-18
-8.424937e-18
-8.387827e-18
-8.350743e-18
-8.313685e-18
-8.276654e-18
-8.239649e-18
-8.202673e-18
-8.165724e-18
-8.128803e-18
-8.091912e-18
-8.055050e-18
-8.018218e-18
-7.981416e-18
-7.944646e-18
-7.907907e-18
-7.871199e-18
-7.834525e-18
-7.797883e-18
-7.761274e-18
-7.724700e-18
-7.688159e-18
-7.651654e-18
-7.615184e-18
-7.578750e-18
-7.542352e-18
-7.505991e-18
-7.469667e-18
-7.433381e-18
-7.397133e-18
-7.360924e-18
-7.324754e-18
-7.288624e-18
-7.252534e-18
-7.216485e-18
-7.180477e-18
-7.144510e-18
-7.108586e-18
-7.072704e-18
-7.036865e-18
-7.001070e-18
-6.965319e-18
-6.929612e-18
-6.893950e-18
-6.858334e-18
-6.822764e-18
-6.787240e-18
-6.751763e-18
-6.716333e-18
-6.680951e-18
-6.645617e-18
-6.610333e-18
-6.575097e-18
-6.539911e-18
-6.504776e-18
-6.469691e-18
-6.434657e-18
-6.399674e-18
-6.364744e-18
-6.329867e-18
-6.295042e-18
-6.260271e-18
-6.225554e-18
-6.190891e-18
-6.156283e-18
-6.121730e-18
-6.087233e-18
-6.052792e-18
-6.018409e-18
-5.984082e-18
-5.949813e-18
-5.915602e-18
-5.881449e-18
-5.847356e-18
-5.813322e-18
-5.779348e-18
-5.745434e-18
-5.711581e-18
-5.677789e-18
-5.644060e-18
-5.610392e-18
-5.576787e-18
-5.543245e-18
-5.509767e-18
-5.476352e-18
-5.443002e-18
-5.409717e-18
-5.376498e-18
-5.343344e-18
-5.310256e-18
-5.277235e-18
-5.244281e-18
-5.211395e-18
-5.178577e-18
-5.145827e-18
-5.113146e-18
-5.080534e-18
-5.047992e-18
-5.015521e-18
-4.983120e-18
-4.950790e-18
-4.918531e-18
-4.886345e-18
-4.854231e-18
-4.822189e-18
-4.790221e-18
-4.758327e-18
-4.726506e-18
-4.694760e-18
-4.663090e-18
-4.631494e-18
-4.599975e-18
-4.568531e-18
-4.537164e-18
-4.505875e-18
-4.474662e-18
-4.443528e-18
-4.412472e-18
-4.381495e-18
-4.350597e-18
-4.319778e-18
-4.289040e-18
-4.258382e-18
-4.227805e-18
-4.197309e-18
-4.166894e-18
-4.136562e-18
-4.106312e-18
-4.076146e-18
-4.046062e-18
-4.016062e-18
-3.986146e-18
-3.956315e-18
-3.926569e-18
-3.896907e-18
-3.867332e-18
-3.837843e-18
-3.808440e-18
-3.779124e-18
-3.749895e-18
-3.720755e-18
-3.691702e-18
-3.662737e-18
-3.633862e-18
-3.605076e-18
-3.576379e-18
-3.547772e-18
-3.519256e-18
-3.490831e-18
-3.462497e-18
-3.434254e-18
-3.406104e-18
-3.378045e-18
-3.350080e-18
-3.322207e-18
-3.294428e-18
-3.266743e-18
-3.239152e-18
-3.211655e-18
-3.184254e-18
-3.156948e-18
-3.129737e-18
-3.102623e-18
-3.075605e-18
-3.048684e-18
-3.021860e-18
-2.995133e-18
-2.968505e-18
-2.941975e-18
-2.915543e-18
-2.889210e-18
-2.862977e-18
-2.836843e-18
-2.810809e-18
-2.784876e-18
-2.759043e-18
-2.733311e-18
-2.707681e-18
-2.682153e-18
-2.656727e-18
-2.631403e-18
-2.606182e-18
-2.581064e-18
-2.556050e-18
-2.531139e-18
-2.506333e-18
-2.481631e-18
-2.457034e-18
-2.432542e-18
-2.408156e-18
-2.383875e-18
-2.359701e-18
-2.335633e-18
-2.311672e-18
-2.287818e-18
-2.264071e-18
-2.240432e-18
-2.216902e-18
-2.193479e-18
-2.170166e-18
-2.146962e-18
-2.123866e-18
-2.100881e-18
-2.078006e-18
-2.055241e-18
-2.032586e-18
-2.010042e-18
-1.987610e-18
-1.965289e-18
-1.943080e-18
-1.920983e-18
-1.898999e-18
-1.877127e-18
-1.855368e-18
-1.833723e-18
-1.812191e-18
-1.790773e-18
-1.769470e-18
-1.748280e-18
-1.727206e-18
-1.706247e-18
-1.685402e-18
-1.664674e-18
-1.644062e-18
-1.623565e-18
-1.603185e-18
-1.582922e-18
-1.562776e-18
-1.542747e-18
-1.522836e-18
-1.503042e-18
-1.483367e-18
-1.463810e-18
-1.444371e-18
-1.425052e-18
-1.405852e-18
-1.386771e-18
-1.367809e-18
-1.348968e-18
-1.330247e-18
-1.311646e-18
-1.293166e-18
-1.274807e-18
-1.256569e-18
-1.238453e-18
-1.220458e-18
-1.202585e-18
-1.184834e-18
-1.167206e-18
-1.149701e-18
-1.132318e-18
-1.115058e-18
-1.097922e-18
-1.080909e-18
-1.064021e-18
-1.047256e-18
-1.030615e-18
-1.014099e-18
-9.977080e-19
-9.814417e-19
-9.653006e-19
-9.492848e-19
-9.333947e-19
-9.176304e-19
-9.019921e-19
-8.864801e-19
-8.710945e-19
-8.558356e-19
-8.407036e-19
-8.256987e-19
-8.108211e-19
-7.960709e-19
-7.814484e-19
-7.669539e-19
-7.525874e-19
-7.383492e-19
-7.242394e-19
-7.102584e-19
-6.964061e-19
-6.826830e-19
-6.690890e-19
-6.556245e-19
-6.422895e-19
-6.290844e-19
-6.160092e-19
-6.030641e-19
-5.902494e-19
-5.775651e-19
-5.650115e-19
-5.525887e-19
-5.402969e-19
-5.281362e-19
-5.161069e-19
-5.042091e-19
-4.924429e-19
-4.808086e-19
-4.693062e-19
-4.579359e-19
-4.466979e-19
-4.355924e-19
-4.246194e-19
-4.137792e-19
-4.030718e-19
-3.924975e-19
-3.820563e-19
-3.717485e-19
-3.615741e-19
-3.515332e-19
-3.416261e-19
-3.318529e-19
-3.222137e-19
-3.127085e-19
-3.033377e-19
-2.941012e-19
-2.849992e-19
-2.760318e-19
-2.671992e-19
-2.585014e-19
-2.499387e-19
-2.415110e-19
-2.332186e-19
-2.250615e-19
-2.170398e-19
-2.091537e-19
-2.014032e-19
-1.937885e-19
-1.863096e-19
-1.789667e-19
-1.717599e-19
-1.646893e-19
-1.577549e-19
-1.509568e-19
-1.442952e-19
-1.377701e-19
-1.313817e-19
-1.251299e-19
-1.190150e-19
-1.130369e-19
-1.071958e-19
-1.014917e-19
-9.592476e-20
-9.049498e-20
-8.520247e-20
-8.004728e-20
-7.502951e-20
-7.014920e-20
-6.540643e-20
-6.080126e-20
-5.633375e-20
-5.200397e-20
-4.781196e-20
-4.375780e-20
-3.984153e-20
-3.606321e-20
-3.242288e-20
-2.892060e-20
-2.555641e-20
-2.233036e-20
-1.924249e-20
-1.629284e-20
-1.348146e-20
-1.080838e-20
-8.273630e-21
-5.877253e-21
-3.619278e-21
-1.499735e-21
4.813470e-22
2.323942e-21
4.028026e-21
5.593576e-21
7.020570e-21
8.308992e-21
9.458823e-21
1.047005e-20
1.134265e-20
1.207663e-20
1.267197e-20
1.312866e-20
1.344670e-20
1.362608e-20
