-9.775893e-20
-9.803488e-20
-9.842393e-20
-9.892606e-20
-9.954125e-20
-1.002695e-19
-1.011107e-19
-1.020649e-19
-1.031320e-19
-1.043121e-19
-1.056050e-19
-1.070108e-19
-1.085293e-19
-1.101607e-19
-1.119048e-19
-1.137616e-19
-1.157311e-19
-1.178132e-19
-1.200079e-19
-1.223151e-19
-1.247348e-19
-1.272670e-19
-1.299116e-19
-1.326686e-19
-1.355379e-19
-1.385194e-19
-1.416132e-19
-1.448191e-19
-1.481372e-19
-1.515673e-19
-1.551094e-19
-1.587635e-19
-1.625295e-19
-1.664074e-19
-1.703970e-19
-1.744983e-19
-1.787113e-19
-1.830360e-19
-1.874721e-19
-1.920198e-19
-1.966788e-19
-2.014492e-19
-2.063309e-19
-2.113238e-19
-2.164279e-19
-2.216430e-19
-2.269692e-19
-2.324062e-19
-2.379542e-19
-2.436129e-19
-2.493823e-19
-2.552624e-19
-2.612530e-19
-2.673542e-19
-2.735657e-19
-2.798875e-19
-2.863196e-19
-2.928619e-19
-2.995142e-19
-3.062765e-19
-3.131487e-19
-3.201308e-19
-3.272225e-19
-3.344240e-19
-3.417349e-19
-3.491554e-19
-3.566852e-19
-3.643243e-19
-3.720726e-19
-3.799300e-19
-3.878963e-19
-3.959716e-19
-4.041557e-19
-4.124485e-19
-4.208499e-19
-4.293598e-19
-4.379781e-19
-4.467047e-19
-4.555395e-19
-4.644824e-19
-4.735332e-19
-4.826920e-19
-4.919585e-19
-5.013327e-19
-5.108145e-19
-5.204037e-19
-5.301002e-19
-5.399040e-19
-5.498148e-19
-5.598327e-19
-5.699574e-19
-5.801889e-19
-5.905271e-19
-6.009717e-19
-6.115228e-19
-6.221801e-19
-6.329436e-19
-6.438132e-19
-6.547887e-19
-6.658700e-19
-6.770569e-19
-6.883494e-19
-6.997473e-19
-7.112505e-19
-7.228588e-19
-7.345722e-19
-7.463904e-19
-7.583135e-19
-7.703412e-19
-7.824733e-19
-7.947099e-19
-8.070506e-19
-8.194955e-19
-8.320443e-19
-8.446969e-19
-8.574532e-19
-8.703130e-19
-8.832763e-19
-8.963427e-19
-9.095123e-19
-9.227849e-19
-9.361603e-19
-9.496383e-19
-9.632189e-19
-9.769018e-19
-9.906870e-19
-1.004574e-18
-1.018563e-18
-1.032654e-18
-1.046847e-18
-1.061141e-18
-1.075536e-18
-1.090033e-18
-1.104631e-18
-1.119329e-18
-1.134128e-18
-1.149028e-18
-1.164028e-18
-1.179128e-18
-1.194328e-18
-1.209628e-18
-1.225028e-18
-1.240528e-18
-1.256126e-18
-1.271824e-18
-1.287622e-18
-1.303518e-18
-1.319512e-18
-1.335606e-18
-1.351797e-18
-1.368087e-18
-1.384475e-18
-1.400961e-18
-1.417544e-18
-1.434225e-18
-1.451003e-18
-1.467879e-18
-1.484851e-18
-1.501921e-18
-1.519087e-18
-1.536349e-18
-1.553708e-18
-1.571162e-18
-1.588713e-18
-1.606359e-18
-1.624101e-18
-1.641938e-18
-1.659871e-18
-1.677898e-18
-1.696020e-18
-1.714237e-18
-1.732548e-18
-1.750953e-18
-1.769453e-18
-1.788046e-18
-1.806733e-18
-1.825513e-18
-1.844386e-18
-1.863353e-18
-1.882412e-18
-1.901565e-18
-1.920809e-18
-1.940146e-18
-1.959575e-18
-1.979096e-18
-1.998708e-18
-2.018412e-18
-2.038207e-18
-2.058093e-18
-2.078070e-18
-2.098138e-18
-2.118296e-18
-2.138544e-18
-2.158883e-18
-2.179311e-18
-2.199829e-18
-2.220436e-18
-2.241132e-18
-2.261917e-18
-2.282791e-18
-2.303754e-18
-2.324805e-18
-2.345944e-18
-2.367170e-18
-2.388485e-18
-2.409887e-18
-2.431376e-18
-2.452953e-18
-2.474616e-18
-2.496365e-18
-2.518201e-18
-2.540123e-18
-2.562131e-18
-2.584225e-18
-2.606404e-18
-2.628668e-18
-2.651018e-18
-2.673452e-18
-2.695971e-18
-2.718574e-18
-2.741261e-18
-2.764032e-18
-2.786886e-18
-2.809824e-18
-2.832845e-18
-2.855949e-18
-2.879136e-18
-2.902405e-18
-2.925757e-18
-2.949190e-18
-2.972705e-18
-2.996302e-18
-3.019980e-18
-3.043739e-18
-3.067579e-18
-3.091499e-18
-3.115500e-18
-3.139580e-18
-3.163741e-18
-3.187981e-18
-3.212300e-18
-3.236699e-18
-3.261176e-18
-3.285732e-18
-3.310366e-18
-3.335078e-18
-3.359868e-18
-3.384736e-18
-3.409681e-18
-3.434703e-18
-3.459802e-18
-3.484978e-18
-3.510230e-18
-3.535558e-18
-3.560962e-18
-3.586441e-18
-3.611996e-18
-3.637625e-18
-3.663330e-18
-3.689109e-18
-3.714962e-18
-3.740889e-18
-3.766890e-18
-3.792965e-18
-3.819113e-18
-3.845333e-18
-3.871627e-18
-3.897992e-18
-3.924430e-18
-3.950940e-18
-3.977522e-18
-4.004175e-18
-4.030898e-18
-4.057693e-18
-4.084558e-18
-4.111494e-18
-4.138500e-18
-4.165575e-18
-4.192720e-18
-4.219934e-18
-4.247217e-18
-4.274568e-18
-4.301988e-18
-4.329476e-18
-4.357032e-18
-4.384655e-18
-4.412346e-18
-4.440103e-18
-4.467927e-18
-4.495818e-18
-4.523775e-18
-4.551798e-18
-4.579886e-18
-4.608039e-18
-4.636258e-18
-4.664541e-18
-4.692889e-18
-4.721301e-18
-4.749776e-18
-4.778316e-18
-4.806918e-18
-4.835584e-18
-4.864312e-18
-4.893103e-18
-4.921956e-18
-4.950870e-18
-4.979846e-18
-5.008884e-18
-5.037982e-18
-5.067142e-18
-5.096361e-18
-5.125641e-18
-5.154980e-18
-5.184379e-18
-5.213837e-18
-5.243354e-18
-5.272929e-18
-5.302563e-18
-5.332255e-18
-5.362004e-18
-5.391811e-18
-5.421675e-18
-5.451596e-18
-5.481574e-18
-5.511607e-18
-5.541696e-18
-5.571841e-18
-5.602042e-18
-5.632297e-18
-5.662607e-18
-5.692971e-18
-5.723389e-18
-5.753861e-18
-5.784387e-18
-5.814965e-18
-5.845597e-18
-5.876281e-18
-5.907017e-18
-5.937805e-18
-5.968644e-18
-5.999535e-18
-6.030477e-18
-6.061469e-18
-6.092512e-18
-6.123605e-18
-6.154747e-18
-6.185939e-18
-6.217180e-18
-6.248469e-18
-6.279807e-18
-6.311193e-18
-6.342627e-18
-6.374108e-18
-6.405636e-18
-6.437212e-18
-6.468833e-18
-6.500501e-18
-6.532215e-18
-6.563974e-18
-6.595779e-18
-6.627628e-18
-6.659522e-18
-6.691460e-18
-6.723442e-18
-6.755467e-18
-6.787536e-18
-6.819648e-18
-6.851802e-18
-6.883999e-18
-6.916237e-18
-6.948517e-18
-6.980839e-18
-7.013201e-18
-7.045604e-18
-7.078047e-18
-7.110530e-18
-7.143053e-18
-7.175615e-18
-7.208216e-18
-7.240856e-18
-7.273534e-18
-7.306249e-18
-7.339003e-18
-7.371793e-18
-7.404621e-18
-7.437485e-18
-7.470386e-18
-7.503322e-18
-7.536294e-18
-7.569301e-18
-7.602343e-18
-7.635419e-18
-7.668530e-18
-7.701675e-18
-7.734853e-18
-7.768064e-18
-7.801309e-18
-7.834585e-18
-7.867894e-18
-7.901235e-18
-7.934607e-18
-7.968010e-18
-8.001444e-18
-8.034908e-18
-8.068403e-18
-8.101927e-18
-8.135481e-18
-8.169063e-18
-8.202675e-18
-8.236314e-18
-8.269982e-18
-8.303677e-18
-8.337400e-18
-8.371149e-18
-8.404925e-18
-8.438727e-18
-8.472556e-18
-8.506409e-18
-8.540288e-18
-8.574192e-18
-8.608120e-18
-8.642072e-18
-8.676048e-18
-8.710047e-18
-8.744070e-18
-8.778115e-18
-8.812182e-18
-8.846271e-18
-8.880382e-18
-8.914514e-18
-8.948667e-18
-8.982841e-18
-9.017035e-18
-9.051248e-18
-9.085482e-18
-9.119734e-18
-9.154005e-18
-9.188294e-18
-9.222601e-18
-9.256926e-18
-9.291268e-18
-9.325627e-18
-9.360003e-18
-9.394395e-18
-9.428802e-18
-9.463225e-18
-9.497664e-18
-9.532117e-18
-9.566584e-18
-9.601065e-18
-9.635560e-18
-9.670069e-18
-9.704590e-18
-9.739123e-18
-9.773669e-18
-9.808227e-18
-9.842796e-18
-9.877376e-18
-9.911967e-18
-9.946568e-18
-9.981179e-18
-1.001580e-17
-1.005043e-17
-1.008507e-17
-1.011972e-17
-1.015437e-17
-1.018903e-17
-1.022370e-17
-1.025838e-17
-1.029307e-17
-1.032776e-17
-1.036245e-17
-1.039715e-17
-1.043186e-17
-1.046657e-17
-1.050129e-17
-1.053601e-17
-1.057073e-17
-1.060546e-17
-1.064019e-17
-1.067492e-17
-1.070965e-17
-1.074439e-17
-1.077913e-17
-1.081386e-17
-1.084860e-17
-1.088334e-17
-1.091808e-17
-1.095282e-17
-1.098756e-17
-1.102229e-17
-1.105703e-17
-1.109176e-17
-1.112649e-17
-1.116122e-17
-1.119594e-17
-1.123066e-17
-1.126538e-17
-1.130009e-17
-1.133480e-17
-1.136950e-17
-1.140420e-17
-1.143889e-17
-1.147358e-17
-1.150825e-17
-1.154293e-17
-1.157759e-17
-1.161225e-17
-1.164690e-17
-1.168153e-17
-1.171617e-17
-1.175079e-17
-1.178540e-17
-1.182000e-17
-1.185459e-17
-1.188917e-17
-1.192374e-17
-1.195830e-17
-1.199285e-17
-1.202738e-17
-1.206190e-17
-1.209641e-17
-1.213090e-17
-1.216538e-17
-1.219985e-17
-1.223430e-17
-1.226874e-17
-1.230316e-17
-1.233756e-17
-1.237195e-17
-1.240633e-17
-1.244068e-17
-1.247502e-17
-1.250934e-17
-1.254364e-17
-1.257793e-17
-1.261219e-17
-1.264644e-17
-1.268066e-17
-1.271487e-17
-1.274905e-17
-1.278322e-17
-1.281736e-17
-1.285148e-17
-1.288558e-17
-1.291966e-17
-1.295372e-17
-1.298775e-17
-1.302176e-17
-1.305574e-17
-1.308970e-17
-1.312364e-17
-1.315755e-17
-1.319143e-17
-1.322529e-17
-1.325912e-17
-1.329293e-17
-1.332671e-17
-1.336046e-17
-1.339418e-17
-1.342788e-17
-1.346155e-17
-1.349518e-17
-1.352879e-17
-1.356237e-17
-1.359592e-17
-1.362944e-17
-1.366293e-17
-1.369638e-17
-1.372981e-17
-1.376320e-17
-1.379656e-17
-1.382989e-17
-1.386319e-17
-1.389645e-17
-1.392967e-17
-1.396287e-17
-1.399602e-17
-1.402915e-17
-1.406223e-17
-1.409528e-17
-1.412830e-17
-1.416128e-17
-1.419422e-17
-1.422712e-17
-1.425999e-17
-1.429282e-17
-1.432561e-17
-1.435836e-17
-1.439107e-17
-1.442374e-17
-1.445637e-17
-1.448896e-17
-1.452151e-17
-1.455402e-17
-1.458649e-17
-1.461891e-17
-1.465129e-17
-1.468363e-17
-1.471593e-17
-1.474818e-17
-1.478039e-17
-1.481255e-17
-1.484467e-17
-1.487675e-17
-1.490878e-17
-1.494076e-17
-1.497270e-17
-1.500459e-17
-1.503643e-17
-1.506823e-17
-1.509998e-17
-1.513168e-17
-1.516333e-17
-1.519493e-17
-1.522648e-17
-1.525799e-17
-1.528944e-17
-1.532084e-17
-1.535220e-17
-1.538350e-17
-1.541475e-17
-1.544595e-17
-1.547709e-17
-1.550818e-17
-1.553922e-17
-1.557021e-17
-1.560114e-17
-1.563202e-17
-1.566284e-17
-1.569361e-17
-1.572432e-17
-1.575498e-17
-1.578558e-17
-1.581613e-17
-1.584662e-17
-1.587705e-17
-1.590742e-17
-1.593774e-17
-1.596799e-17
-1.599819e-17
-1.602833e-17
-1.605841e-17
-1.608843e-17
-1.611839e-17
-1.614829e-17
-1.617813e-17
-1.620791e-17
-1.623762e-17
-1.626728e-17
-1.629687e-17
-1.632640e-17
-1.635586e-17
-1.638526e-17
-1.641460e-17
-1.644388e-17
-1.647309e-17
-1.650223e-17
-1.653131e-17
-1.656032e-17
-1.658927e-17
-1.661815e-17
-1.664696e-17
-1.667571e-17
-1.670439e-17
-1.673300e-17
-1.676155e-17
-1.679002e-17
-1.681843e-17
-1.684676e-17
-1.687503e-17
-1.690323e-17
-1.693135e-17
-1.695941e-17
-1.698740e-17
-1.701531e-17
-1.704315e-17
-1.707092e-17
-1.709862e-17
-1.712624e-17
-1.715379e-17
-1.718127e-17
-1.720867e-17
-1.723600e-17
-1.726326e-17
-1.729044e-17
-1.731754e-17
-1.734457e-17
-1.737152e-17
-1.739840e-17
-1.742520e-17
-1.745192e-17
-1.747857e-17
-1.750514e-17
-1.753163e-17
-1.755804e-17
-1.758437e-17
-1.761062e-17
-1.763680e-17
-1.766289e-17
-1.768891e-17
-1.771484e-17
-1.774069e-17
-1.776646e-17
-1.779215e-17
-1.781776e-17
-1.784329e-17
-1.786873e-17
-1.789409e-17
-1.791937e-17
-1.794456e-17
-1.796967e-17
-1.799470e-17
-1.801964e-17
-1.804450e-17
-1.806927e-17
-1.809396e-17
-1.811856e-17
-1.814307e-17
-1.816750e-17
-1.819184e-17
-1.821609e-17
-1.824026e-17
-1.826434e-17
-1.828833e-17
-1.831223e-17
-1.833605e-17
-1.835977e-17
-1.838341e-17
-1.840695e-17
-1.843041e-17
-1.845377e-17
-1.847705e-17
-1.850023e-17
-1.852332e-17
-1.854632e-17
-1.856923e-17
-1.859205e-17
-1.861477e-17
-1.863741e-17
-1.865994e-17
-1.868239e-17
-1.870474e-17
-1.872700e-17
-1.874916e-17
-1.877123e-17
-1.879320e-17
-1.881508e-17
-1.883686e-17
-1.885855e-17
-1.888014e-17
-1.890163e-17
-1.892303e-17
-1.894433e-17
-1.896553e-17
-1.898664e-17
-1.900764e-17
-1.902855e-17
-1.904936e-17
-1.907007e-17
-1.909069e-17
-1.911120e-17
-1.913161e-17
-1.915193e-17
-1.917214e-17
-1.919225e-17
-1.921226e-17
-1.923217e-17
-1.925198e-17
-1.927169e-17
-1.929130e-17
-1.931080e-17
-1.933020e-17
-1.934950e-17
-1.936869e-17
-1.938778e-17
-1.940677e-17
-1.942566e-17
-1.944444e-17
-1.946311e-17
-1.948168e-17
-1.950015e-17
-1.951851e-17
-1.953676e-17
-1.955491e-17
-1.957296e-17
-1.959089e-17
-1.960872e-17
-1.962645e-17
-1.964406e-17
-1.966157e-17
-1.967897e-17
-1.969627e-17
-1.971345e-17
-1.973053e-17
-1.974750e-17
-1.976436e-17
-1.978111e-17
-1.979775e-17
-1.981428e-17
-1.983070e-17
-1.984702e-17
-1.986322e-17
-1.987931e-17
-1.989529e-17
-1.991116e-17
-1.992691e-17
-1.994256e-17
-1.995809e-17
-1.997352e-17
-1.998883e-17
-2.000402e-17
-2.001911e-17
-2.003408e-17
-2.004894e-17
-2.006368e-17
-2.007831e-17
-2.009283e-17
-2.010724e-17
-2.012153e-17
-2.013570e-17
-2.014976e-17
-2.016371e-17
-2.017753e-17
-2.019125e-17
-2.020485e-17
-2.021833e-17
-2.023170e-17
-2.024495e-17
-2.025808e-17
-2.027110e-17
-2.028400e-17
-2.029678e-17
-2.030945e-17
-2.032200e-17
-2.033443e-17
-2.034674e-17
-2.035894e-17
-2.037102e-17
-2.038297e-17
-2.039481e-17
-2.040653e-17
-2.041813e-17
-2.042962e-17
-2.044098e-17
-2.045222e-17
-2.046335e-17
-2.047435e-17
-2.048523e-17
-2.049600e-17
-2.050664e-17
-2.051716e-17
-2.052756e-17
-2.053784e-17
-2.054800e-17
-2.055803e-17
-2.056795e-17
-2.057774e-17
-2.058741e-17
-2.059696e-17
-2.060639e-17
-2.061569e-17
-2.062487e-17
-2.063393e-17
-2.064287e-17
-2.065168e-17
-2.066037e-17
-2.066894e-17
-2.067738e-17
-2.068570e-17
-2.069389e-17
-2.070196e-17
-2.070991e-17
-2.071773e-17
-2.072543e-17
-2.073300e-17
-2.074045e-17
-2.074777e-17
-2.075497e-17
-2.076205e-17
-2.076899e-17
-2.077582e-17
-2.078251e-17
-2.078908e-17
-2.079553e-17
-2.080185e-17
-2.080804e-17
-2.081411e-17
-2.082005e-17
-2.082586e-17
-2.083155e-17
-2.083711e-17
-2.084254e-17
-2.084785e-17
-2.085303e-17
-2.085808e-17
-2.086300e-17
-2.086780e-17
-2.087247e-17
-2.087701e-17
-2.088143e-17
-2.088572e-17
-2.088987e-17
-2.089391e-17
-2.089781e-17
-2.090158e-17
-2.090523e-17
-2.090875e-17
-2.091213e-17
-2.091539e-17
-2.091853e-17
-2.092153e-17
-2.092440e-17
-2.092715e-17
-2.092976e-17
-2.093225e-17
-2.093461e-17
-2.093683e-17
-2.093893e-17
-2.094090e-17
-2.094274e-17
-2.094445e-17
-2.094603e-17
-2.094748e-17
-2.094880e-17
-2.095000e-17
-2.095106e-17
-2.095199e-17
-2.095279e-17
-2.095346e-17
-2.095400e-17
-2.095441e-17
-2.095469e-17
-2.095484e-17
-2.095486e-17
-2.095475e-17
-2.095451e-17
-2.095414e-17
-2.095363e-17
-2.095300e-17
-2.095224e-17
-2.095134e-17
-2.095032e-17
-2.094916e-17
-2.094787e-17
-2.094646e-17
-2.094491e-17
-2.094323e-17
-2.094142e-17
-2.093948e-17
-2.093741e-17
-2.093520e-17
-2.093287e-17
-2.093040e-17
-2.092781e-17
-2.092508e-17
-2.092222e-17
-2.091923e-17
-2.091611e-17
-2.091286e-17
-2.090948e-17
-2.090597e-17
-2.090232e-17
-2.089855e-17
-2.089464e-17
-2.089060e-17
-2.088643e-17
-2.088213e-17
-2.087770e-17
-2.087314e-17
-2.086845e-17
-2.086362e-17
-2.085867e-17
-2.085358e-17
-2.084837e-17
-2.084302e-17
-2.083754e-17
-2.083193e-17
-2.082619e-17
-2.082032e-17
-2.081431e-17
-2.080818e-17
-2.080192e-17
-2.079552e-17
-2.078900e-17
-2.078234e-17
-2.077556e-17
-2.076864e-17
-2.076159e-17
-2.075441e-17
-2.074711e-17
-2.073967e-17
-2.073210e-17
-2.072440e-17
-2.071657e-17
-2.070861e-17
-2.070052e-17
-2.069230e-17
-2.068395e-17
-2.067547e-17
-2.066686e-17
-2.065812e-17
-2.064925e-17
-2.064026e-17
-2.063113e-17
-2.062187e-17
-2.061248e-17
-2.060297e-17
-2.059332e-17
-2.058355e-17
-2.057364e-17
-2.056361e-17
-2.055345e-17
-2.054316e-17
-2.053274e-17
-2.052219e-17
-2.051152e-17
-2.050071e-17
-2.048978e-17
-2.047872e-17
-2.046753e-17
-2.045621e-17
-2.044477e-17
-2.043319e-17
-2.042149e-17
-2.040966e-17
-2.039771e-17
-2.038562e-17
-2.037341e-17
-2.036108e-17
-2.034861e-17
-2.033602e-17
-2.032330e-17
-2.031046e-17
-2.029748e-17
-2.028439e-17
-2.027116e-17
-2.025781e-17
-2.024434e-17
-2.023073e-17
-2.021701e-17
-2.020315e-17
-2.018917e-17
-2.017507e-17
-2.016084e-17
-2.014648e-17
-2.013201e-17
-2.011740e-17
-2.010267e-17
-2.008782e-17
-2.007284e-17
-2.005774e-17
-2.004252e-17
-2.002717e-17
-2.001169e-17
-1.999610e-17
-1.998038e-17
-1.996454e-17
-1.994857e-17
-1.993248e-17
-1.991627e-17
-1.989994e-17
-1.988348e-17
-1.986690e-17
-1.985020e-17
-1.983338e-17
-1.981644e-17
-1.979938e-17
-1.978219e-17
-1.976489e-17
-1.974746e-17
-1.972991e-17
-1.971224e-17
-1.969445e-17
-1.967655e-17
-1.965852e-17
-1.964037e-17
-1.962210e-17
-1.960372e-17
-1.958521e-17
-1.956659e-17
-1.954785e-17
-1.952899e-17
-1.951001e-17
-1.949091e-17
-1.947170e-17
-1.945236e-17
-1.943291e-17
-1.941335e-17
-1.939366e-17
-1.937386e-17
-1.935395e-17
-1.933392e-17
-1.931377e-17
-1.929350e-17
-1.927312e-17
-1.925263e-17
-1.923202e-17
-1.921130e-17
-1.919046e-17
-1.916950e-17
-1.914844e-17
-1.912726e-17
-1.910596e-17
-1.908456e-17
-1.906303e-17
-1.904140e-17
-1.901966e-17
-1.899780e-17
-1.897583e-17
-1.895375e-17
-1.893155e-17
-1.890925e-17
-1.888683e-17
-1.886431e-17
-1.884167e-17
-1.881892e-17
-1.879607e-17
-1.877310e-17
-1.875003e-17
-1.872684e-17
-1.870355e-17
-1.868015e-17
-1.865664e-17
-1.863302e-17
-1.860929e-17
-1.858546e-17
-1.856152e-17
-1.853747e-17
-1.851332e-17
-1.848906e-17
-1.846469e-17
-1.844022e-17
-1.841565e-17
-1.839096e-17
-1.836618e-17
-1.834129e-17
-1.831629e-17
-1.829119e-17
-1.826599e-17
-1.824069e-17
-1.821528e-17
-1.818977e-17
-1.816416e-17
-1.813844e-17
-1.811262e-17
-1.808671e-17
-1.806069e-17
-1.803457e-17
-1.800835e-17
-1.798203e-17
-1.795561e-17
-1.792909e-17
-1.790247e-17
-1.787575e-17
-1.784894e-17
-1.782202e-17
-1.779501e-17
-1.776790e-17
-1.774070e-17
-1.771340e-17
-1.768600e-17
-1.765850e-17
-1.763091e-17
-1.760322e-17
-1.757544e-17
-1.754757e-17
-1.751960e-17
-1.749153e-17
-1.746338e-17
-1.743512e-17
-1.740678e-17
-1.737834e-17
-1.734982e-17
-1.732119e-17
-1.729248e-17
-1.726368e-17
-1.723479e-17
-1.720580e-17
-1.717673e-17
-1.714756e-17
-1.711831e-17
-1.708897e-17
-1.705954e-17
-1.703002e-17
-1.700041e-17
-1.697071e-17
-1.694093e-17
-1.691107e-17
-1.688111e-17
-1.685107e-17
-1.682094e-17
-1.679073e-17
-1.676044e-17
-1.673006e-17
-1.669959e-17
-1.666904e-17
-1.663841e-17
-1.660770e-17
-1.657690e-17
-1.654602e-17
-1.651506e-17
-1.648402e-17
-1.645290e-17
-1.642170e-17
-1.639041e-17
-1.635905e-17
-1.632761e-17
-1.629609e-17
-1.626449e-17
-1.623281e-17
-1.620105e-17
-1.616922e-17
-1.613731e-17
-1.610533e-17
-1.607326e-17
-1.604113e-17
-1.600891e-17
-1.597663e-17
-1.594427e-17
-1.591183e-17
-1.587932e-17
-1.584674e-17
-1.581408e-17
-1.578136e-17
-1.574856e-17
-1.571569e-17
-1.568275e-17
-1.564973e-17
-1.561665e-17
-1.558350e-17
-1.555028e-17
-1.551699e-17
-1.548363e-17
-1.545020e-17
-1.541671e-17
-1.538315e-17
-1.534952e-17
-1.531583e-17
-1.528207e-17
-1.524824e-17
-1.521435e-17
-1.518040e-17
-1.514638e-17
-1.511230e-17
-1.507815e-17
-1.504394e-17
-1.500967e-17
-1.497534e-17
-1.494095e-17
-1.490649e-17
-1.487198e-17
-1.483740e-17
-1.480277e-17
-1.476807e-17
-1.473332e-17
-1.469851e-17
-1.466364e-17
-1.462872e-17
-1.459374e-17
-1.455870e-17
-1.452360e-17
-1.448845e-17
-1.445325e-17
-1.441799e-17
-1.438268e-17
-1.434731e-17
-1.431189e-17
-1.427642e-17
-1.424089e-17
-1.420531e-17
-1.416969e-17
-1.413401e-17
-1.409828e-17
-1.406250e-17
-1.402667e-17
-1.399079e-17
-1.395487e-17
-1.391890e-17
-1.388288e-17
-1.384681e-17
-1.381069e-17
-1.377453e-17
-1.373833e-17
-1.370208e-17
-1.366578e-17
-1.362944e-17
-1.359306e-17
-1.355663e-17
-1.352016e-17
-1.348365e-17
-1.344710e-17
-1.341050e-17
-1.337387e-17
-1.333719e-17
-1.330048e-17
-1.326372e-17
-1.322693e-17
-1.319010e-17
-1.315323e-17
-1.311632e-17
-1.307938e-17
-1.304240e-17
-1.300539e-17
-1.296833e-17
-1.293125e-17
-1.289413e-17
-1.285697e-17
-1.281979e-17
-1.278257e-17
-1.274532e-17
-1.270803e-17
-1.267072e-17
-1.263337e-17
-1.259599e-17
-1.255859e-17
-1.252115e-17
-1.248368e-17
-1.244619e-17
-1.240867e-17
-1.237112e-17
-1.233354e-17
-1.229594e-17
-1.225831e-17
-1.222066e-17
-1.218298e-17
-1.214528e-17
-1.210756e-17
-1.206981e-17
-1.203203e-17
-1.199424e-17
-1.195642e-17
-1.191858e-17
-1.188072e-17
-1.184285e-17
-1.180495e-17
-1.176703e-17
-1.172909e-17
-1.169114e-17
-1.165316e-17
-1.161517e-17
-1.157717e-17
-1.153914e-17
-1.150110e-17
-1.146305e-17
-1.142498e-17
-1.138690e-17
-1.134880e-17
-1.131069e-17
-1.127257e-17
-1.123443e-17
-1.119629e-17
-1.115813e-17
-1.111996e-17
-1.108178e-17
-1.104360e-17
-1.100540e-17
-1.096720e-17
-1.092898e-17
-1.089076e-17
-1.085253e-17
-1.081430e-17
-1.077606e-17
-1.073781e-17
-1.069956e-17
-1.066131e-17
-1.062305e-17
-1.058479e-17
-1.054652e-17
-1.050825e-17
-1.046998e-17
-1.043171e-17
-1.039344e-17
-1.035517e-17
-1.031690e-17
-1.027863e-17
-1.024036e-17
-1.020209e-17
-1.016383e-17
-1.012556e-17
-1.008730e-17
-1.004905e-17
-1.001080e-17
-9.972550e-18
-9.934309e-18
-9.896074e-18
-9.857846e-18
-9.819624e-18
-9.781410e-18
-9.743204e-18
-9.705007e-18
-9.666818e-18
-9.628639e-18
-9.590470e-18
-9.552312e-18
-9.514164e-18
-9.476028e-18
-9.437905e-18
-9.399794e-18
-9.361696e-18
-9.323612e-18
-9.285542e-18
-9.247487e-18
-9.209446e-18
-9.171422e-18
-9.133414e-18
-9.095423e-18
-9.057448e-18
-9.019492e-18
-8.981554e-18
-8.943635e-18
-8.905735e-18
-8.867855e-18
-8.829995e-18
-8.792157e-18
-8.754339e-18
-8.716544e-18
-8.678771e-18
-8.641020e-18
-8.603294e-18
-8.565591e-18
-8.527913e-18
-8.490259e-18
-8.452631e-18
-8.415029e-18
-8.377454e-18
-8.339906e-18
-8.302385e-18
-8.264892e-18
-8.227428e-18
-8.189992e-18
-8.152587e-18
-8.115211e-18
-8.077866e-18
-8.040552e-18
-8.003269e-18
-7.966019e-18
-7.928801e-18
-7.891617e-18
-7.854466e-18
-7.817349e-18
-7.780266e-18
-7.743219e-18
-7.706207e-18
-7.669232e-18
-7.632293e-18
-7.595391e-18
-7.558527e-18
-7.521701e-18
-7.484914e-18
-7.448166e-18
-7.411457e-18
-7.374789e-18
-7.338161e-18
-7.301574e-18
-7.265029e-18
-7.228526e-18
-7.192065e-18
-7.155648e-18
-7.119274e-18
-7.082945e-18
-7.046660e-18
-7.010420e-18
-6.974225e-18
-6.938077e-18
-6.901975e-18
-6.865921e-18
-6.829913e-18
-6.793954e-18
-6.758044e-18
-6.722182e-18
-6.686370e-18
-6.650608e-18
-6.614896e-18
-6.579235e-18
-6.543626e-18
-6.508068e-18
-6.472563e-18
-6.437111e-18
-6.401712e-18
-6.366367e-18
-6.331076e-18
-6.295841e-18
-6.260660e-18
-6.225535e-18
-6.190466e-18
-6.155454e-18
-6.120500e-18
-6.085603e-18
-6.050764e-18
-6.015983e-18
-5.981262e-18
-5.946600e-18
-5.911998e-18
-5.877457e-18
-5.842977e-18
-5.808558e-18
-5.774201e-18
-5.739906e-18
-5.705675e-18
-5.671506e-18
-5.637401e-18
-5.603361e-18
-5.569385e-18
-5.535474e-18
-5.501629e-18
-5.467850e-18
-5.434137e-18
-5.400492e-18
-5.366913e-18
-5.333403e-18
-5.299961e-18
-5.266588e-18
-5.233284e-18
-5.200049e-18
-5.166885e-18
-5.133792e-18
-5.100769e-18
-5.067818e-18
-5.034939e-18
-5.002132e-18
-4.969398e-18
-4.936738e-18
-4.904151e-18
-4.871638e-18
-4.839200e-18
-4.806837e-18
-4.774549e-18
-4.742337e-18
-4.710202e-18
-4.678143e-18
-4.646161e-18
-4.614258e-18
-4.582432e-18
-4.550684e-18
-4.519016e-18
-4.487427e-18
-4.455918e-18
-4.424489e-18
-4.393141e-18
-4.361873e-18
-4.330688e-18
-4.299584e-18
-4.268562e-18
-4.237623e-18
-4.206768e-18
-4.175996e-18
-4.145308e-18
-4.114704e-18
-4.084185e-18
-4.053751e-18
-4.023403e-18
-3.993142e-18
-3.962966e-18
-3.932878e-18
-3.902876e-18
-3.872963e-18
-3.843137e-18
-3.813400e-18
-3.783752e-18
-3.754193e-18
-3.724724e-18
-3.695345e-18
-3.666056e-18
-3.636858e-18
-3.607752e-18
-3.578737e-18
-3.549814e-18
-3.520984e-18
-3.492247e-18
-3.463602e-18
-3.435052e-18
-3.406595e-18
-3.378233e-18
-3.349965e-18
-3.321792e-18
-3.293715e-18
-3.265734e-18
-3.237850e-18
-3.210061e-18
-3.182370e-18
-3.154776e-18
-3.127280e-18
-3.099882e-18
-3.072583e-18
-3.045382e-18
-3.018281e-18
-2.991279e-18
-2.964377e-18
-2.937576e-18
-2.910875e-18
-2.884275e-18
-2.857776e-18
-2.831380e-18
-2.805085e-18
-2.778893e-18
-2.752803e-18
-2.726817e-18
-2.700934e-18
-2.675155e-18
-2.649480e-18
-2.623910e-18
-2.598444e-18
-2.573084e-18
-2.547829e-18
-2.522680e-18
-2.497637e-18
-2.472701e-18
-2.447872e-18
-2.423150e-18
-2.398535e-18
-2.374029e-18
-2.349630e-18
-2.325340e-18
-2.301159e-18
-2.277087e-18
-2.253125e-18
-2.229272e-18
-2.205530e-18
-2.181897e-18
-2.158376e-18
-2.134966e-18
-2.111667e-18
-2.088480e-18
-2.065404e-18
-2.042441e-18
-2.019591e-18
-1.996853e-18
-1.974229e-18
-1.951718e-18
-1.929321e-18
-1.907038e-18
-1.884870e-18
-1.862816e-18
-1.840877e-18
-1.819054e-18
-1.797346e-18
-1.775753e-18
-1.754277e-18
-1.732918e-18
-1.711675e-18
-1.690549e-18
-1.669540e-18
-1.648649e-18
-1.627875e-18
-1.607220e-18
-1.586683e-18
-1.566264e-18
-1.545965e-18
-1.525785e-18
-1.505724e-18
-1.485782e-18
-1.465961e-18
-1.446260e-18
-1.426679e-18
-1.407219e-18
-1.387880e-18
-1.368663e-18
-1.349566e-18
-1.330592e-18
-1.311739e-18
-1.293009e-18
-1.274401e-18
-1.255916e-18
-1.237554e-18
-1.219315e-18
-1.201199e-18
-1.183207e-18
-1.165339e-18
-1.147595e-18
-1.129976e-18
-1.112481e-18
-1.095110e-18
-1.077865e-18
-1.060745e-18
-1.043751e-18
-1.026882e-18
-1.010140e-18
-9.935230e-19
-9.770328e-19
-9.606691e-19
-9.444322e-19
-9.283222e-19
-9.123395e-19
-8.964842e-19
-8.807565e-19
-8.651565e-19
-8.496846e-19
-8.343409e-19
-8.191256e-19
-8.040389e-19
-7.890810e-19
-7.742521e-19
-7.595523e-19
-7.449819e-19
-7.305411e-19
-7.162300e-19
-7.020487e-19
-6.879976e-19
-6.740768e-19
-6.602864e-19
-6.466266e-19
-6.330976e-19
-6.196996e-19
-6.064327e-19
-5.932971e-19
-5.802930e-19
-5.674206e-19
-5.546799e-19
-5.420712e-19
-5.295946e-19
-5.172502e-19
-5.050383e-19
-4.929590e-19
-4.810124e-19
-4.691986e-19
-4.575179e-19
-4.459704e-19
-4.345562e-19
-4.232754e-19
-4.121283e-19
-4.011148e-19
-3.902353e-19
-3.794897e-19
-3.688783e-19
-3.584012e-19
-3.480584e-19
-3.378502e-19
-3.277766e-19
-3.178378e-19
-3.080339e-19
-2.983649e-19
-2.888312e-19
-2.794326e-19
-2.701694e-19
-2.610417e-19
-2.520496e-19
-2.431931e-19
-2.344725e-19
-2.258877e-19
-2.174389e-19
-2.091262e-19
-2.009498e-19
-1.929096e-19
-1.850058e-19
-1.772385e-19
-1.696078e-19
-1.621137e-19
-1.547564e-19
-1.475359e-19
-1.404523e-19
-1.335057e-19
-1.266962e-19
-1.200239e-19
-1.134888e-19
-1.070910e-19
-1.008305e-19
-9.470753e-20
-8.872206e-20
-8.287417e-20
-7.716393e-20
-7.159139e-20
-6.615662e-20
-6.085968e-20
-5.570062e-20
-5.067950e-20
-4.579637e-20
-4.105129e-20
-3.644429e-20
-3.197544e-20
-2.764476e-20
-2.345232e-20
-1.939814e-20
-1.548227e-20
-1.170475e-20
-8.065611e-21
-4.564886e-21
-1.202608e-21
2.021192e-21
5.106486e-21
8.053248e-21
1.086145e-20
1.353108e-20
1.606211e-20
1.845452e-20
2.070829e-20
2.282342e-20
2.479988e-20
2.663767e-20
2.833678e-20
2.989719e-20
3.131891e-20
3.260193e-20
3.374625e-20
3.475188e-20
3.561880e-20
3.634703e-20
3.693657e-20
3.738743e-20
3.769962e-20
3.787316e-20
