-2.501551e-20
-2.537018e-20
-2.616382e-20
-2.739638e-20
-2.906781e-20
-3.117804e-20
-3.372700e-20
-3.671460e-20
-4.014076e-20
-4.400538e-20
-4.830837e-20
-5.304960e-20
-5.822896e-20
-6.384634e-20
-6.990158e-20
-7.639456e-20
-8.332513e-20
-9.069314e-20
-9.849842e-20
-1.067408e-19
-1.154201e-19
-1.245362e-19
-1.340888e-19
-1.440777e-19
-1.545028e-19
-1.653639e-19
-1.766607e-19
-1.883929e-19
-2.005604e-19
-2.131630e-19
-2.262003e-19
-2.396721e-19
-2.535781e-19
-2.679181e-19
-2.826919e-19
-2.978990e-19
-3.135392e-19
-3.296123e-19
-3.461179e-19
-3.630557e-19
-3.804253e-19
-3.982265e-19
-4.164590e-19
-4.351223e-19
-4.542161e-19
-4.737401e-19
-4.936939e-19
-5.140771e-19
-5.348893e-19
-5.561303e-19
-5.777995e-19
-5.998966e-19
-6.224211e-19
-6.453727e-19
-6.687509e-19
-6.925554e-19
-7.167856e-19
-7.414411e-19
-7.665215e-19
-7.920264e-19
-8.179552e-19
-8.443074e-19
-8.710827e-19
-8.982806e-19
-9.259004e-19
-9.539419e-19
-9.824043e-19
-1.011287e-18
-1.040590e-18
-1.070313e-18
-1.100454e-18
-1.131014e-18
-1.161992e-18
-1.193387e-18
-1.225198e-18
-1.257426e-18
-1.290070e-18
-1.323128e-18
-1.356601e-18
-1.390488e-18
-1.424788e-18
-1.459501e-18
-1.494626e-18
-1.530162e-18
-1.566109e-18
-1.602466e-18
-1.639233e-18
-1.676408e-18
-1.713992e-18
-1.751983e-18
-1.790381e-18
-1.829185e-18
-1.868395e-18
-1.908010e-18
-1.948029e-18
-1.988451e-18
-2.029276e-18
-2.070503e-18
-2.112131e-18
-2.154160e-18
-2.196589e-18
-2.239416e-18
-2.282643e-18
-2.326266e-18
-2.370287e-18
-2.414704e-18
-2.459516e-18
-2.504722e-18
-2.550322e-18
-2.596316e-18
-2.642701e-18
-2.689478e-18
-2.736645e-18
-2.784202e-18
-2.832148e-18
-2.880482e-18
-2.929203e-18
-2.978311e-18
-3.027804e-18
-3.077682e-18
-3.127944e-18
-3.178589e-18
-3.229616e-18
-3.281024e-18
-3.332812e-18
-3.384980e-18
-3.437527e-18
-3.490451e-18
-3.543752e-18
-3.597429e-18
-3.651480e-18
-3.705906e-18
-3.760705e-18
-3.815876e-18
-3.871418e-18
-3.927331e-18
-3.983612e-18
-4.040262e-18
-4.097280e-18
-4.154664e-18
-4.212413e-18
-4.270526e-18
-4.329004e-18
-4.387843e-18
-4.447044e-18
-4.506606e-18
-4.566526e-18
-4.626806e-18
-4.687442e-18
-4.748435e-18
-4.809784e-18
-4.871486e-18
-4.933542e-18
-4.995950e-18
-5.058710e-18
-5.121819e-18
-5.185277e-18
-5.249084e-18
-5.313237e-18
-5.377736e-18
-5.442579e-18
-5.507766e-18
-5.573296e-18
-5.639167e-18
-5.705378e-18
-5.771929e-18
-5.838817e-18
-5.906043e-18
-5.973604e-18
-6.041500e-18
-6.109730e-18
-6.178291e-18
-6.247184e-18
-6.316408e-18
-6.385960e-18
-6.455839e-18
-6.526046e-18
-6.596577e-18
-6.667433e-18
-6.738612e-18
-6.810113e-18
-6.881934e-18
-6.954075e-18
-7.026534e-18
-7.099310e-18
-7.172402e-18
-7.245809e-18
-7.319528e-18
-7.393560e-18
-7.467903e-18
-7.542556e-18
-7.617517e-18
-7.692785e-18
-7.768359e-18
-7.844238e-18
-7.920420e-18
-7.996904e-18
-8.073689e-18
-8.150774e-18
-8.228157e-18
-8.305837e-18
-8.383813e-18
-8.462083e-18
-8.540647e-18
-8.619502e-18
-8.698648e-18
-8.778083e-18
-8.857806e-18
-8.937816e-18
-9.018110e-18
-9.098689e-18
-9.179551e-18
-9.260694e-18
-9.342116e-18
-9.423818e-18
-9.505797e-18
-9.588051e-18
-9.670580e-18
-9.753383e-18
-9.836457e-18
-9.919802e-18
-1.000342e-17
-1.008730e-17
-1.017144e-17
-1.025586e-17
-1.034053e-17
-1.042547e-17
-1.051067e-17
-1.059613e-17
-1.068185e-17
-1.076782e-17
-1.085405e-17
-1.094053e-17
-1.102727e-17
-1.111425e-17
-1.120149e-17
-1.128897e-17
-1.137670e-17
-1.146468e-17
-1.155290e-17
-1.164136e-17
-1.173006e-17
-1.181900e-17
-1.190818e-17
-1.199760e-17
-1.208725e-17
-1.217714e-17
-1.226726e-17
-1.235761e-17
-1.244818e-17
-1.253899e-17
-1.263002e-17
-1.272128e-17
-1.281276e-17
-1.290446e-17
-1.299638e-17
-1.308852e-17
-1.318088e-17
-1.327346e-17
-1.336625e-17
-1.345925e-17
-1.355246e-17
-1.364589e-17
-1.373952e-17
-1.383336e-17
-1.392740e-17
-1.402165e-17
-1.411610e-17
-1.421075e-17
-1.430560e-17
-1.440065e-17
-1.449590e-17
-1.459134e-17
-1.468697e-17
-1.478280e-17
-1.487881e-17
-1.497501e-17
-1.507140e-17
-1.516798e-17
-1.526474e-17
-1.536168e-17
-1.545880e-17
-1.555611e-17
-1.565359e-17
-1.575124e-17
-1.584907e-17
-1.594708e-17
-1.604525e-17
-1.614360e-17
-1.624211e-17
-1.634079e-17
-1.643964e-17
-1.653865e-17
-1.663782e-17
-1.673715e-17
-1.683664e-17
-1.693629e-17
-1.703609e-17
-1.713605e-17
-1.723616e-17
-1.733642e-17
-1.743683e-17
-1.753739e-17
-1.763810e-17
-1.773894e-17
-1.783994e-17
-1.794107e-17
-1.804234e-17
-1.814375e-17
-1.824530e-17
-1.834699e-17
-1.844880e-17
-1.855075e-17
-1.865283e-17
-1.875504e-17
-1.885737e-17
-1.895983e-17
-1.906241e-17
-1.916512e-17
-1.926794e-17
-1.937088e-17
-1.947395e-17
-1.957712e-17
-1.968041e-17
-1.978382e-17
-1.988733e-17
-1.999095e-17
-2.009468e-17
-2.019852e-17
-2.030246e-17
-2.040650e-17
-2.051065e-17
-2.061489e-17
-2.071923e-17
-2.082367e-17
-2.092820e-17
-2.103283e-17
-2.113754e-17
-2.124235e-17
-2.134724e-17
-2.145222e-17
-2.155729e-17
-2.166243e-17
-2.176766e-17
-2.187297e-17
-2.197836e-17
-2.208382e-17
-2.218936e-17
-2.229497e-17
-2.240065e-17
-2.250640e-17
-2.261222e-17
-2.271811e-17
-2.282406e-17
-2.293008e-17
-2.303616e-17
-2.314229e-17
-2.324849e-17
-2.335474e-17
-2.346105e-17
-2.356741e-17
-2.367383e-17
-2.378029e-17
-2.388680e-17
-2.399336e-17
-2.409996e-17
-2.420661e-17
-2.431330e-17
-2.442003e-17
-2.452680e-17
-2.463361e-17
-2.474045e-17
-2.484733e-17
-2.495424e-17
-2.506117e-17
-2.516814e-17
-2.527514e-17
-2.538216e-17
-2.548920e-17
-2.559627e-17
-2.570336e-17
-2.581046e-17
-2.591759e-17
-2.602473e-17
-2.613188e-17
-2.623905e-17
-2.634623e-17
-2.645341e-17
-2.656061e-17
-2.666781e-17
-2.677502e-17
-2.688222e-17
-2.698943e-17
-2.709664e-17
-2.720385e-17
-2.731105e-17
-2.741825e-17
-2.752544e-17
-2.763263e-17
-2.773980e-17
-2.784696e-17
-2.795411e-17
-2.806124e-17
-2.816835e-17
-2.827545e-17
-2.838253e-17
-2.848959e-17
-2.859662e-17
-2.870363e-17
-2.881061e-17
-2.891756e-17
-2.902449e-17
-2.913138e-17
-2.923824e-17
-2.934507e-17
-2.945186e-17
-2.955862e-17
-2.966533e-17
-2.977200e-17
-2.987864e-17
-2.998522e-17
-3.009176e-17
-3.019826e-17
-3.030471e-17
-3.041110e-17
-3.051745e-17
-3.062374e-17
-3.072997e-17
-3.083615e-17
-3.094228e-17
-3.104834e-17
-3.115434e-17
-3.126028e-17
-3.136615e-17
-3.147196e-17
-3.157770e-17
-3.168337e-17
-3.178897e-17
-3.189450e-17
-3.199995e-17
-3.210533e-17
-3.221063e-17
-3.231586e-17
-3.242100e-17
-3.252606e-17
-3.263104e-17
-3.273594e-17
-3.284075e-17
-3.294547e-17
-3.305010e-17
-3.315464e-17
-3.325909e-17
-3.336345e-17
-3.346771e-17
-3.357187e-17
-3.367594e-17
-3.377990e-17
-3.388376e-17
-3.398753e-17
-3.409118e-17
-3.419473e-17
-3.429818e-17
-3.440151e-17
-3.450473e-17
-3.460785e-17
-3.471085e-17
-3.481373e-17
-3.491650e-17
-3.501915e-17
-3.512168e-17
-3.522409e-17
-3.532637e-17
-3.542854e-17
-3.553058e-17
-3.563249e-17
-3.573427e-17
-3.583593e-17
-3.593745e-17
-3.603884e-17
-3.614009e-17
-3.624122e-17
-3.634220e-17
-3.644305e-17
-3.654375e-17
-3.664432e-17
-3.674474e-17
-3.684502e-17
-3.694515e-17
-3.704513e-17
-3.714497e-17
-3.724466e-17
-3.734420e-17
-3.744358e-17
-3.754281e-17
-3.764188e-17
-3.774080e-17
-3.783956e-17
-3.793816e-17
-3.803660e-17
-3.813488e-17
-3.823299e-17
-3.833094e-17
-3.842872e-17
-3.852633e-17
-3.862378e-17
-3.872105e-17
-3.881815e-17
-3.891508e-17
-3.901183e-17
-3.910841e-17
-3.920481e-17
-3.930103e-17
-3.939707e-17
-3.949293e-17
-3.958861e-17
-3.968410e-17
-3.977940e-17
-3.987452e-17
-3.996946e-17
-4.006420e-17
-4.015875e-17
-4.025311e-17
-4.034728e-17
-4.044125e-17
-4.053503e-17
-4.062861e-17
-4.072199e-17
-4.081517e-17
-4.090815e-17
-4.100092e-17
-4.109350e-17
-4.118587e-17
-4.127803e-17
-4.136998e-17
-4.146173e-17
-4.155327e-17
-4.164459e-17
-4.173570e-17
-4.182660e-17
-4.191729e-17
-4.200776e-17
-4.209801e-17
-4.218804e-17
-4.227785e-17
-4.236744e-17
-4.245681e-17
-4.254596e-17
-4.263488e-17
-4.272357e-17
-4.281204e-17
-4.290028e-17
-4.298829e-17
-4.307607e-17
-4.316362e-17
-4.325094e-17
-4.333802e-17
-4.342486e-17
-4.351147e-17
-4.359784e-17
-4.368398e-17
-4.376987e-17
-4.385552e-17
-4.394093e-17
-4.402610e-17
-4.411102e-17
-4.419570e-17
-4.428013e-17
-4.436431e-17
-4.444825e-17
-4.453193e-17
-4.461536e-17
-4.469854e-17
-4.478147e-17
-4.486414e-17
-4.494656e-17
-4.502872e-17
-4.511062e-17
-4.519227e-17
-4.527365e-17
-4.535478e-17
-4.543564e-17
-4.551624e-17
-4.559658e-17
-4.567665e-17
-4.575645e-17
-4.583599e-17
-4.591526e-17
-4.599426e-17
-4.607299e-17
-4.615145e-17
-4.622964e-17
-4.630755e-17
-4.638519e-17
-4.646256e-17
-4.653965e-17
-4.661646e-17
-4.669299e-17
-4.676925e-17
-4.684522e-17
-4.692092e-17
-4.699633e-17
-4.707146e-17
-4.714630e-17
-4.722087e-17
-4.729514e-17
-4.736913e-17
-4.744283e-17
-4.751625e-17
-4.758937e-17
-4.766220e-17
-4.773475e-17
-4.780700e-17
-4.787895e-17
-4.795062e-17
-4.802199e-17
-4.809306e-17
-4.816384e-17
-4.823432e-17
-4.830450e-17
-4.837438e-17
-4.844397e-17
-4.851325e-17
-4.858223e-17
-4.865091e-17
-4.871928e-17
-4.878735e-17
-4.885512e-17
-4.892258e-17
-4.898973e-17
-4.905658e-17
-4.912312e-17
-4.918935e-17
-4.925527e-17
-4.932088e-17
-4.938618e-17
-4.945116e-17
-4.951584e-17
-4.958020e-17
-4.964424e-17
-4.970797e-17
-4.977139e-17
-4.983448e-17
-4.989727e-17
-4.995973e-17
-5.002187e-17
-5.008370e-17
-5.014520e-17
-5.020639e-17
-5.026725e-17
-5.032779e-17
-5.038800e-17
-5.044790e-17
-5.050747e-17
-5.056671e-17
-5.062563e-17
-5.068422e-17
-5.074248e-17
-5.080042e-17
-5.085803e-17
-5.091531e-17
-5.097226e-17
-5.102888e-17
-5.108517e-17
-5.114113e-17
-5.119675e-17
-5.125204e-17
-5.130700e-17
-5.136163e-17
-5.141592e-17
-5.146988e-17
-5.152350e-17
-5.157678e-17
-5.162973e-17
-5.168234e-17
-5.173461e-17
-5.178654e-17
-5.183814e-17
-5.188939e-17
-5.194031e-17
-5.199088e-17
-5.204111e-17
-5.209100e-17
-5.214055e-17
-5.218976e-17
-5.223862e-17
-5.228714e-17
-5.233531e-17
-5.238314e-17
-5.243063e-17
-5.247777e-17
-5.252456e-17
-5.257101e-17
-5.261711e-17
-5.266286e-17
-5.270826e-17
-5.275332e-17
-5.279802e-17
-5.284238e-17
-5.288639e-17
-5.293004e-17
-5.297335e-17
-5.301631e-17
-5.305891e-17
-5.310116e-17
-5.314306e-17
-5.318461e-17
-5.322581e-17
-5.326665e-17
-5.330713e-17
-5.334727e-17
-5.338705e-17
-5.342647e-17
-5.346554e-17
-5.350425e-17
-5.354261e-17
-5.358061e-17
-5.361826e-17
-5.365555e-17
-5.369248e-17
-5.372905e-17
-5.376527e-17
-5.380113e-17
-5.383663e-17
-5.387177e-17
-5.390655e-17
-5.394098e-17
-5.397504e-17
-5.400874e-17
-5.404209e-17
-5.407507e-17
-5.410770e-17
-5.413996e-17
-5.417186e-17
-5.420340e-17
-5.423458e-17
-5.426540e-17
-5.429586e-17
-5.432595e-17
-5.435568e-17
-5.438505e-17
-5.441406e-17
-5.444270e-17
-5.447098e-17
-5.449890e-17
-5.452646e-17
-5.455365e-17
-5.458048e-17
-5.460694e-17
-5.463304e-17
-5.465877e-17
-5.468415e-17
-5.470915e-17
-5.473379e-17
-5.475807e-17
-5.478199e-17
-5.480553e-17
-5.482872e-17
-5.485153e-17
-5.487399e-17
-5.489608e-17
-5.491780e-17
-5.493915e-17
-5.496015e-17
-5.498077e-17
-5.500103e-17
-5.502093e-17
-5.504046e-17
-5.505962e-17
-5.507842e-17
-5.509685e-17
-5.511492e-17
-5.513262e-17
-5.514995e-17
-5.516692e-17
-5.518352e-17
-5.519976e-17
-5.521563e-17
-5.523113e-17
-5.524627e-17
-5.526104e-17
-5.527545e-17
-5.528949e-17
-5.530317e-17
-5.531648e-17
-5.532942e-17
-5.534200e-17
-5.535421e-17
-5.536606e-17
-5.537754e-17
-5.538866e-17
-5.539941e-17
-5.540979e-17
-5.541981e-17
-5.542947e-17
-5.543876e-17
-5.544769e-17
-5.545625e-17
-5.546444e-17
-5.547228e-17
-5.547974e-17
-5.548685e-17
-5.549359e-17
-5.549996e-17
-5.550597e-17
-5.551162e-17
-5.551691e-17
-5.552183e-17
-5.552639e-17
-5.553058e-17
-5.553441e-17
-5.553788e-17
-5.554099e-17
-5.554373e-17
-5.554612e-17
-5.554814e-17
-5.554980e-17
-5.555109e-17
-5.555203e-17
-5.555261e-17
-5.555282e-17
-5.555267e-17
-5.555217e-17
-5.555130e-17
-5.555008e-17
-5.554849e-17
-5.554654e-17
-5.554424e-17
-5.554158e-17
-5.553856e-17
-5.553518e-17
-5.553144e-17
-5.552734e-17
-5.552289e-17
-5.551808e-17
-5.551291e-17
-5.550739e-17
-5.550151e-17
-5.549527e-17
-5.548868e-17
-5.548174e-17
-5.547443e-17
-5.546678e-17
-5.545877e-17
-5.545040e-17
-5.544169e-17
-5.543262e-17
-5.542319e-17
-5.541342e-17
-5.540329e-17
-5.539281e-17
-5.538198e-17
-5.537079e-17
-5.535926e-17
-5.534738e-17
-5.533515e-17
-5.532256e-17
-5.530963e-17
-5.529635e-17
-5.528272e-17
-5.526875e-17
-5.525442e-17
-5.523975e-17
-5.522474e-17
-5.520937e-17
-5.519366e-17
-5.517761e-17
-5.516121e-17
-5.514447e-17
-5.512738e-17
-5.510995e-17
-5.509218e-17
-5.507406e-17
-5.505561e-17
-5.503681e-17
-5.501767e-17
-5.499819e-17
-5.497837e-17
-5.495821e-17
-5.493771e-17
-5.491687e-17
-5.489569e-17
-5.487418e-17
-5.485233e-17
-5.483014e-17
-5.480762e-17
-5.478476e-17
-5.476157e-17
-5.473804e-17
-5.471418e-17
-5.468998e-17
-5.466546e-17
-5.464060e-17
-5.461541e-17
-5.458988e-17
-5.456403e-17
-5.453785e-17
-5.451133e-17
-5.448449e-17
-5.445732e-17
-5.442983e-17
-5.440200e-17
-5.437385e-17
-5.434538e-17
-5.431658e-17
-5.428745e-17
-5.425800e-17
-5.422823e-17
-5.419813e-17
-5.416771e-17
-5.413697e-17
-5.410591e-17
-5.407453e-17
-5.404283e-17
-5.401081e-17
-5.397847e-17
-5.394582e-17
-5.391284e-17
-5.387955e-17
-5.384595e-17
-5.381203e-17
-5.377779e-17
-5.374324e-17
-5.370838e-17
-5.367321e-17
-5.363772e-17
-5.360192e-17
-5.356582e-17
-5.352940e-17
-5.349267e-17
-5.345564e-17
-5.341829e-17
-5.338065e-17
-5.334269e-17
-5.330443e-17
-5.326586e-17
-5.322699e-17
-5.318782e-17
-5.314834e-17
-5.310857e-17
-5.306849e-17
-5.302811e-17
-5.298743e-17
-5.294645e-17
-5.290517e-17
-5.286360e-17
-5.282173e-17
-5.277956e-17
-5.273710e-17
-5.269434e-17
-5.265129e-17
-5.260795e-17
-5.256431e-17
-5.252038e-17
-5.247617e-17
-5.243166e-17
-5.238686e-17
-5.234178e-17
-5.229640e-17
-5.225074e-17
-5.220480e-17
-5.215857e-17
-5.211205e-17
-5.206525e-17
-5.201817e-17
-5.197081e-17
-5.192316e-17
-5.187524e-17
-5.182704e-17
-5.177855e-17
-5.172979e-17
-5.168075e-17
-5.163144e-17
-5.158185e-17
-5.153198e-17
-5.148184e-17
-5.143143e-17
-5.138075e-17
-5.132979e-17
-5.127857e-17
-5.122707e-17
-5.117531e-17
-5.112328e-17
-5.107098e-17
-5.101842e-17
-5.096559e-17
-5.091249e-17
-5.085913e-17
-5.080551e-17
-5.075163e-17
-5.069749e-17
-5.064308e-17
-5.058842e-17
-5.053350e-17
-5.047832e-17
-5.042288e-17
-5.036719e-17
-5.031124e-17
-5.025504e-17
-5.019859e-17
-5.014188e-17
-5.008493e-17
-5.002772e-17
-4.997026e-17
-4.991256e-17
-4.985460e-17
-4.979640e-17
-4.973796e-17
-4.967927e-17
-4.962033e-17
-4.956115e-17
-4.950173e-17
-4.944207e-17
-4.938217e-17
-4.932203e-17
-4.926165e-17
-4.920103e-17
-4.914017e-17
-4.907908e-17
-4.901776e-17
-4.895620e-17
-4.889441e-17
-4.883238e-17
-4.877013e-17
-4.870764e-17
-4.864493e-17
-4.858198e-17
-4.851881e-17
-4.845541e-17
-4.839179e-17
-4.832795e-17
-4.826388e-17
-4.819958e-17
-4.813507e-17
-4.807033e-17
-4.800538e-17
-4.794020e-17
-4.787481e-17
-4.780920e-17
-4.774338e-17
-4.767734e-17
-4.761108e-17
-4.754462e-17
-4.747794e-17
-4.741105e-17
-4.734395e-17
-4.727664e-17
-4.720913e-17
-4.714140e-17
-4.707347e-17
-4.700534e-17
-4.693700e-17
-4.686845e-17
-4.679971e-17
-4.673076e-17
-4.666161e-17
-4.659227e-17
-4.652272e-17
-4.645298e-17
-4.638304e-17
-4.631291e-17
-4.624258e-17
-4.617206e-17
-4.610135e-17
-4.603044e-17
-4.595935e-17
-4.588806e-17
-4.581659e-17
-4.574493e-17
-4.567308e-17
-4.560105e-17
-4.552884e-17
-4.545644e-17
-4.538385e-17
-4.531109e-17
-4.523815e-17
-4.516502e-17
-4.509172e-17
-4.501824e-17
-4.494459e-17
-4.487075e-17
-4.479675e-17
-4.472257e-17
-4.464822e-17
-4.457370e-17
-4.449901e-17
-4.442414e-17
-4.434912e-17
-4.427392e-17
-4.419855e-17
-4.412303e-17
-4.404733e-17
-4.397148e-17
-4.389546e-17
-4.381928e-17
-4.374294e-17
-4.366644e-17
-4.358979e-17
-4.351297e-17
-4.343601e-17
-4.335888e-17
-4.328160e-17
-4.320417e-17
-4.312659e-17
-4.304885e-17
-4.297097e-17
-4.289294e-17
-4.281476e-17
-4.273643e-17
-4.265796e-17
-4.257934e-17
-4.250058e-17
-4.242167e-17
-4.234263e-17
-4.226344e-17
-4.218411e-17
-4.210465e-17
-4.202504e-17
-4.194530e-17
-4.186543e-17
-4.178542e-17
-4.170528e-17
-4.162500e-17
-4.154460e-17
-4.146406e-17
-4.138339e-17
-4.130260e-17
-4.122168e-17
-4.114063e-17
-4.105945e-17
-4.097816e-17
-4.089674e-17
-4.081519e-17
-4.073353e-17
-4.065174e-17
-4.056984e-17
-4.048782e-17
-4.040568e-17
-4.032343e-17
-4.024106e-17
-4.015857e-17
-4.007598e-17
-3.999327e-17
-3.991045e-17
-3.982752e-17
-3.974448e-17
-3.966134e-17
-3.957809e-17
-3.949473e-17
-3.941126e-17
-3.932770e-17
-3.924403e-17
-3.916026e-17
-3.907639e-17
-3.899242e-17
-3.890835e-17
-3.882418e-17
-3.873992e-17
-3.865556e-17
-3.857110e-17
-3.848656e-17
-3.840192e-17
-3.831718e-17
-3.823236e-17
-3.814745e-17
-3.806245e-17
-3.797737e-17
-3.789219e-17
-3.780693e-17
-3.772159e-17
-3.763617e-17
-3.755066e-17
-3.746507e-17
-3.737940e-17
-3.729365e-17
-3.720782e-17
-3.712192e-17
-3.703594e-17
-3.694988e-17
-3.686375e-17
-3.677755e-17
-3.669127e-17
-3.660493e-17
-3.651851e-17
-3.643203e-17
-3.634547e-17
-3.625885e-17
-3.617216e-17
-3.608541e-17
-3.599860e-17
-3.591172e-17
-3.582477e-17
-3.573777e-17
-3.565071e-17
-3.556359e-17
-3.547641e-17
-3.538917e-17
-3.530188e-17
-3.521453e-17
-3.512712e-17
-3.503967e-17
-3.495216e-17
-3.486460e-17
-3.477699e-17
-3.468933e-17
-3.460163e-17
-3.451387e-17
-3.442607e-17
-3.433823e-17
-3.425034e-17
-3.416240e-17
-3.407443e-17
-3.398641e-17
-3.389836e-17
-3.381026e-17
-3.372212e-17
-3.363395e-17
-3.354574e-17
-3.345750e-17
-3.336922e-17
-3.328091e-17
-3.319256e-17
-3.310419e-17
-3.301578e-17
-3.292734e-17
-3.283888e-17
-3.275039e-17
-3.266187e-17
-3.257332e-17
-3.248475e-17
-3.239616e-17
-3.230754e-17
-3.221890e-17
-3.213024e-17
-3.204156e-17
-3.195286e-17
-3.186414e-17
-3.177541e-17
-3.168666e-17
-3.159789e-17
-3.150911e-17
-3.142032e-17
-3.133151e-17
-3.124269e-17
-3.115386e-17
-3.106503e-17
-3.097618e-17
-3.088733e-17
-3.079846e-17
-3.070960e-17
-3.062073e-17
-3.053185e-17
-3.044297e-17
-3.035409e-17
-3.026521e-17
-3.017632e-17
-3.008744e-17
-2.999856e-17
-2.990968e-17
-2.982081e-17
-2.973194e-17
-2.964307e-17
-2.955421e-17
-2.946536e-17
-2.937651e-17
-2.928768e-17
-2.919885e-17
-2.911004e-17
-2.902124e-17
-2.893244e-17
-2.884367e-17
-2.875490e-17
-2.866616e-17
-2.857742e-17
-2.848871e-17
-2.840001e-17
-2.831133e-17
-2.822268e-17
-2.813404e-17
-2.804542e-17
-2.795683e-17
-2.786826e-17
-2.777971e-17
-2.769119e-17
-2.760269e-17
-2.751422e-17
-2.742578e-17
-2.733737e-17
-2.724899e-17
-2.716063e-17
-2.707231e-17
-2.698402e-17
-2.689576e-17
-2.680754e-17
-2.671935e-17
-2.663120e-17
-2.654308e-17
-2.645500e-17
-2.636696e-17
-2.627895e-17
-2.619099e-17
-2.610307e-17
-2.601519e-17
-2.592735e-17
-2.583955e-17
-2.575180e-17
-2.566409e-17
-2.557643e-17
-2.548881e-17
-2.540125e-17
-2.531373e-17
-2.522626e-17
-2.513884e-17
-2.505147e-17
-2.496415e-17
-2.487688e-17
-2.478967e-17
-2.470251e-17
-2.461541e-17
-2.452836e-17
-2.444136e-17
-2.435443e-17
-2.426755e-17
-2.418074e-17
-2.409398e-17
-2.400728e-17
-2.392064e-17
-2.383407e-17
-2.374756e-17
-2.366111e-17
-2.357473e-17
-2.348841e-17
-2.340216e-17
-2.331597e-17
-2.322985e-17
-2.314381e-17
-2.305783e-17
-2.297192e-17
-2.288608e-17
-2.280031e-17
-2.271462e-17
-2.262899e-17
-2.254345e-17
-2.245797e-17
-2.237258e-17
-2.228726e-17
-2.220201e-17
-2.211685e-17
-2.203176e-17
-2.194675e-17
-2.186182e-17
-2.177698e-17
-2.169221e-17
-2.160753e-17
-2.152293e-17
-2.143841e-17
-2.135398e-17
-2.126963e-17
-2.118537e-17
-2.110120e-17
-2.101711e-17
-2.093312e-17
-2.084921e-17
-2.076539e-17
-2.068166e-17
-2.059802e-17
-2.051448e-17
-2.043103e-17
-2.034767e-17
-2.026441e-17
-2.018124e-17
-2.009816e-17
-2.001518e-17
-1.993230e-17
-1.984952e-17
-1.976684e-17
-1.968425e-17
-1.960177e-17
-1.951938e-17
-1.943710e-17
-1.935492e-17
-1.927284e-17
-1.919087e-17
-1.910900e-17
-1.902723e-17
-1.894557e-17
-1.886402e-17
-1.878257e-17
-1.870123e-17
-1.862000e-17
-1.853888e-17
-1.845786e-17
-1.837696e-17
-1.829617e-17
-1.821549e-17
-1.813492e-17
-1.805447e-17
-1.797412e-17
-1.789390e-17
-1.781379e-17
-1.773379e-17
-1.765391e-17
-1.757415e-17
-1.749450e-17
-1.741498e-17
-1.733557e-17
-1.725628e-17
-1.717711e-17
-1.709806e-17
-1.701914e-17
-1.694034e-17
-1.686166e-17
-1.678310e-17
-1.670466e-17
-1.662636e-17
-1.654817e-17
-1.647012e-17
-1.639219e-17
-1.631438e-17
-1.623671e-17
-1.615916e-17
-1.608174e-17
-1.600445e-17
-1.592730e-17
-1.585027e-17
-1.577337e-17
-1.569661e-17
-1.561998e-17
-1.554349e-17
-1.546712e-17
-1.539089e-17
-1.531480e-17
-1.523884e-17
-1.516302e-17
-1.508734e-17
-1.501179e-17
-1.493639e-17
-1.486112e-17
-1.478599e-17
-1.471100e-17
-1.463615e-17
-1.456144e-17
-1.448687e-17
-1.441245e-17
-1.433817e-17
-1.426403e-17
-1.419003e-17
-1.411618e-17
-1.404248e-17
-1.396892e-17
-1.389551e-17
-1.382224e-17
-1.374912e-17
-1.367615e-17
-1.360333e-17
-1.353066e-17
-1.345814e-17
-1.338576e-17
-1.331354e-17
-1.324147e-17
-1.316955e-17
-1.309778e-17
-1.302617e-17
-1.295471e-17
-1.288340e-17
-1.281225e-17
-1.274125e-17
-1.267041e-17
-1.259972e-17
-1.252919e-17
-1.245882e-17
-1.238860e-17
-1.231855e-17
-1.224865e-17
-1.217891e-17
-1.210933e-17
-1.203991e-17
-1.197066e-17
-1.190156e-17
-1.183262e-17
-1.176385e-17
-1.169524e-17
-1.162679e-17
-1.155851e-17
-1.149039e-17
-1.142244e-17
-1.135465e-17
-1.128702e-17
-1.121957e-17
-1.115228e-17
-1.108515e-17
-1.101820e-17
-1.095141e-17
-1.088479e-17
-1.081834e-17
-1.075206e-17
-1.068595e-17
-1.062001e-17
-1.055425e-17
-1.048865e-17
-1.042322e-17
-1.035797e-17
-1.029289e-17
-1.022799e-17
-1.016325e-17
-1.009869e-17
-1.003431e-17
-9.970102e-18
-9.906070e-18
-9.842213e-18
-9.778533e-18
-9.715029e-18
-9.651704e-18
-9.588556e-18
-9.525586e-18
-9.462795e-18
-9.400183e-18
-9.337751e-18
-9.275499e-18
-9.213427e-18
-9.151536e-18
-9.089827e-18
-9.028299e-18
-8.966954e-18
-8.905791e-18
-8.844811e-18
-8.784015e-18
-8.723402e-18
-8.662974e-18
-8.602730e-18
-8.542672e-18
-8.482799e-18
-8.423112e-18
-8.363611e-18
-8.304297e-18
-8.245171e-18
-8.186231e-18
-8.127480e-18
-8.068917e-18
-8.010543e-18
-7.952358e-18
-7.894362e-18
-7.836557e-18
-7.778941e-18
-7.721517e-18
-7.664283e-18
-7.607241e-18
-7.550391e-18
-7.493733e-18
-7.437268e-18
-7.380995e-18
-7.324916e-18
-7.269031e-18
-7.213340e-18
-7.157843e-18
-7.102541e-18
-7.047435e-18
-6.992524e-18
-6.937809e-18
-6.883290e-18
-6.828968e-18
-6.774843e-18
-6.720915e-18
-6.667185e-18
-6.613653e-18
-6.560319e-18
-6.507185e-18
-6.454249e-18
-6.401513e-18
-6.348977e-18
-6.296641e-18
-6.244505e-18
-6.192571e-18
-6.140837e-18
-6.089305e-18
-6.037975e-18
-5.986847e-18
-5.935922e-18
-5.885200e-18
-5.834680e-18
-5.784364e-18
-5.734253e-18
-5.684345e-18
-5.634641e-18
-5.585143e-18
-5.535850e-18
-5.486762e-18
-5.437879e-18
-5.389203e-18
-5.340734e-18
-5.292471e-18
-5.244414e-18
-5.196566e-18
-5.148925e-18
-5.101491e-18
-5.054266e-18
-5.007250e-18
-4.960442e-18
-4.913844e-18
-4.867455e-18
-4.821275e-18
-4.775306e-18
-4.729547e-18
-4.683998e-18
-4.638660e-18
-4.593534e-18
-4.548619e-18
-4.503915e-18
-4.459424e-18
-4.415145e-18
-4.371078e-18
-4.327224e-18
-4.283584e-18
-4.240157e-18
-4.196943e-18
-4.153943e-18
-4.111158e-18
-4.068587e-18
-4.026231e-18
-3.984090e-18
-3.942164e-18
-3.900453e-18
-3.858958e-18
-3.817680e-18
-3.776617e-18
-3.735772e-18
-3.695143e-18
-3.654731e-18
-3.614536e-18
-3.574559e-18
-3.534800e-18
-3.495259e-18
-3.455936e-18
-3.416832e-18
-3.377946e-18
-3.339279e-18
-3.300832e-18
-3.262604e-18
-3.224596e-18
-3.186808e-18
-3.149240e-18
-3.111893e-18
-3.074766e-18
-3.037860e-18
-3.001175e-18
-2.964712e-18
-2.928470e-18
-2.892450e-18
-2.856652e-18
-2.821076e-18
-2.785723e-18
-2.750592e-18
-2.715684e-18
-2.681000e-18
-2.646538e-18
-2.612300e-18
-2.578286e-18
-2.544496e-18
-2.510930e-18
-2.477588e-18
-2.444471e-18
-2.411579e-18
-2.378911e-18
-2.346469e-18
-2.314252e-18
-2.282260e-18
-2.250495e-18
-2.218955e-18
-2.187641e-18
-2.156554e-18
-2.125693e-18
-2.095059e-18
-2.064652e-18
-2.034472e-18
-2.004519e-18
-1.974794e-18
-1.945296e-18
-1.916026e-18
-1.886984e-18
-1.858170e-18
-1.829585e-18
-1.801228e-18
-1.773099e-18
-1.745200e-18
-1.717529e-18
-1.690088e-18
-1.662876e-18
-1.635893e-18
-1.609141e-18
-1.582618e-18
-1.556325e-18
-1.530262e-18
-1.504430e-18
-1.478828e-18
-1.453456e-18
-1.428316e-18
-1.403406e-18
-1.378728e-18
-1.354281e-18
-1.330065e-18
-1.306081e-18
-1.282328e-18
-1.258807e-18
-1.235519e-18
-1.212462e-18
-1.189638e-18
-1.167046e-18
-1.144686e-18
-1.122560e-18
-1.100666e-18
-1.079005e-18
-1.057577e-18
-1.036382e-18
-1.015421e-18
-9.946931e-19
-9.741989e-19
-9.539384e-19
-9.339117e-19
-9.141191e-19
-8.945605e-19
-8.752362e-19
-8.561462e-19
-8.372906e-19
-8.186697e-19
-8.002834e-19
-7.821320e-19
-7.642154e-19
-7.465339e-19
-7.290875e-19
-7.118764e-19
-6.949007e-19
-6.781604e-19
-6.616557e-19
-6.453866e-19
-6.293533e-19
-6.135560e-19
-5.979945e-19
-5.826692e-19
-5.675800e-19
-5.527271e-19
-5.381106e-19
-5.237305e-19
-5.095870e-19
-4.956801e-19
-4.820100e-19
-4.685766e-19
-4.553802e-19
-4.424207e-19
-4.296984e-19
-4.172132e-19
-4.049652e-19
-3.929545e-19
-3.811813e-19
-3.696455e-19
-3.583472e-19
-3.472866e-19
-3.364637e-19
-3.258785e-19
-3.155312e-19
-3.054219e-19
-2.955504e-19
-2.859171e-19
-2.765218e-19
-2.673648e-19
-2.584459e-19
-2.497654e-19
-2.413233e-19
-2.331195e-19
-2.251543e-19
-2.174275e-19
-2.099394e-19
-2.026899e-19
-1.956792e-19
-1.889071e-19
-1.823739e-19
-1.760796e-19
-1.700241e-19
-1.642076e-19
-1.586300e-19
-1.532915e-19
-1.481921e-19
-1.433318e-19
-1.387107e-19
-1.343287e-19
-1.301860e-19
-1.262825e-19
-1.226184e-19
-1.191936e-19
-1.160081e-19
-1.130621e-19
-1.103555e-19
-1.078884e-19
-1.056607e-19
-1.036725e-19
-1.019239e-19
-1.004149e-19
-9.914537e-20
-9.811549e-20
-9.732522e-20
-9.677460e-20
-9.646362e-20
-9.639232e-20
