-2.073257e-20
-2.072369e-20
-2.060145e-20
-2.036586e-20
-2.001693e-20
-1.955464e-20
-1.897901e-20
-1.829004e-20
-1.748774e-20
-1.657211e-20
-1.554316e-20
-1.440090e-20
-1.314534e-20
-1.177649e-20
-1.029436e-20
-8.698972e-21
-6.990330e-21
-5.168454e-21
-3.233359e-21
-1.185062e-21
9.764183e-22
3.251063e-21
5.638851e-21
8.139761e-21
1.075377e-20
1.348086e-20
1.632100e-20
1.927416e-20
2.234033e-20
2.551947e-20
2.881155e-20
3.221654e-20
3.573442e-20
3.936515e-20
4.310870e-20
4.696503e-20
5.093411e-20
5.501591e-20
5.921038e-20
6.351750e-20
6.793721e-20
7.246948e-20
7.711427e-20
8.187154e-20
8.674124e-20
9.172333e-20
9.681776e-20
1.020245e-19
1.073435e-19
1.127747e-19
1.183180e-19
1.239734e-19
1.297409e-19
1.356204e-19
1.416118e-19
1.477152e-19
1.539303e-19
1.602572e-19
1.666959e-19
1.732462e-19
1.799081e-19
1.866816e-19
1.935665e-19
2.005628e-19
2.076705e-19
2.148895e-19
2.222197e-19
2.296611e-19
2.372135e-19
2.448770e-19
2.526514e-19
2.605367e-19
2.685328e-19
2.766396e-19
2.848571e-19
2.931851e-19
3.016237e-19
3.101726e-19
3.188320e-19
3.276016e-19
3.364813e-19
3.454712e-19
3.545711e-19
3.637810e-19
3.731007e-19
3.825302e-19
3.920694e-19
4.017181e-19
4.114764e-19
4.213441e-19
4.313211e-19
4.414073e-19
4.516027e-19
4.619071e-19
4.723205e-19
4.828428e-19
4.934738e-19
5.042134e-19
5.150617e-19
5.260184e-19
5.370834e-19
5.482567e-19
5.595382e-19
5.709277e-19
5.824252e-19
5.940305e-19
6.057436e-19
6.175642e-19
6.294924e-19
6.415280e-19
6.536709e-19
6.659210e-19
6.782781e-19
6.907422e-19
7.033132e-19
7.159908e-19
7.287751e-19
7.416658e-19
7.546630e-19
7.677663e-19
7.809758e-19
7.942913e-19
8.077127e-19
8.212398e-19
8.348726e-19
8.486109e-19
8.624545e-19
8.764034e-19
8.904574e-19
9.046164e-19
9.188802e-19
9.332488e-19
9.477219e-19
9.622995e-19
9.769815e-19
9.917676e-19
1.006658e-18
1.021652e-18
1.036750e-18
1.051951e-18
1.067256e-18
1.082664e-18
1.098176e-18
1.113790e-18
1.129508e-18
1.145328e-18
1.161250e-18
1.177276e-18
1.193403e-18
1.209633e-18
1.225965e-18
1.242398e-18
1.258934e-18
1.275570e-18
1.292309e-18
1.309148e-18
1.326088e-18
1.343130e-18
1.360272e-18
1.377515e-18
1.394858e-18
1.412302e-18
1.429845e-18
1.447489e-18
1.465232e-18
1.483075e-18
1.501017e-18
1.519059e-18
1.537200e-18
1.555439e-18
1.573778e-18
1.592215e-18
1.610750e-18
1.629384e-18
1.648115e-18
1.666945e-18
1.685872e-18
1.704897e-18
1.724019e-18
1.743239e-18
1.762555e-18
1.781968e-18
1.801478e-18
1.821084e-18
1.840787e-18
1.860585e-18
1.880479e-18
1.900469e-18
1.920555e-18
1.940736e-18
1.961012e-18
1.981383e-18
2.001848e-18
2.022409e-18
2.043063e-18
2.063812e-18
2.084654e-18
2.105591e-18
2.126620e-18
2.147744e-18
2.168960e-18
2.190269e-18
2.211671e-18
2.233166e-18
2.254753e-18
2.276432e-18
2.298203e-18
2.320065e-18
2.342019e-18
2.364065e-18
2.386201e-18
2.408429e-18
2.430747e-18
2.453155e-18
2.475654e-18
2.498242e-18
2.520921e-18
2.543689e-18
2.566546e-18
2.589493e-18
2.612528e-18
2.635652e-18
2.658865e-18
2.682166e-18
2.705555e-18
2.729031e-18
2.752596e-18
2.776247e-18
2.799986e-18
2.823811e-18
2.847724e-18
2.871722e-18
2.895807e-18
2.919978e-18
2.944234e-18
2.968576e-18
2.993004e-18
3.017516e-18
3.042113e-18
3.066795e-18
3.091561e-18
3.116411e-18
3.141344e-18
3.166362e-18
3.191463e-18
3.216646e-18
3.241913e-18
3.267262e-18
3.292694e-18
3.318208e-18
3.343803e-18
3.369480e-18
3.395239e-18
3.421079e-18
3.446999e-18
3.473000e-18
3.499082e-18
3.525243e-18
3.551485e-18
3.577806e-18
3.604206e-18
3.630685e-18
3.657243e-18
3.683880e-18
3.710595e-18
3.737388e-18
3.764259e-18
3.791207e-18
3.818233e-18
3.845335e-18
3.872514e-18
3.899770e-18
3.927102e-18
3.954509e-18
3.981992e-18
4.009551e-18
4.037185e-18
4.064893e-18
4.092676e-18
4.120533e-18
4.148465e-18
4.176470e-18
4.204548e-18
4.232700e-18
4.260924e-18
4.289221e-18
4.317590e-18
4.346032e-18
4.374545e-18
4.403129e-18
4.431785e-18
4.460512e-18
4.489309e-18
4.518176e-18
4.547114e-18
4.576121e-18
4.605198e-18
4.634344e-18
4.663559e-18
4.692842e-18
4.722194e-18
4.751614e-18
4.781101e-18
4.810656e-18
4.840278e-18
4.869966e-18
4.899722e-18
4.929543e-18
4.959430e-18
4.989383e-18
5.019402e-18
5.049485e-18
5.079633e-18
5.109846e-18
5.140122e-18
5.170463e-18
5.200867e-18
5.231334e-18
5.261864e-18
5.292456e-18
5.323111e-18
5.353828e-18
5.384606e-18
5.415446e-18
5.446347e-18
5.477308e-18
5.508330e-18
5.539412e-18
5.570554e-18
5.601755e-18
5.633015e-18
5.664334e-18
5.695712e-18
5.727148e-18
5.758641e-18
5.790193e-18
5.821801e-18
5.853466e-18
5.885188e-18
5.916966e-18
5.948800e-18
5.980690e-18
6.012635e-18
6.044635e-18
6.076689e-18
6.108798e-18
6.140961e-18
6.173177e-18
6.205447e-18
6.237770e-18
6.270145e-18
6.302572e-18
6.335052e-18
6.367583e-18
6.400166e-18
6.432799e-18
6.465483e-18
6.498218e-18
6.531002e-18
6.563836e-18
6.596719e-18
6.629651e-18
6.662632e-18
6.695661e-18
6.728738e-18
6.761863e-18
6.795034e-18
6.828253e-18
6.861518e-18
6.894830e-18
6.928187e-18
6.961589e-18
6.995037e-18
7.028530e-18
7.062067e-18
7.095648e-18
7.129273e-18
7.162942e-18
7.196653e-18
7.230407e-18
7.264204e-18
7.298043e-18
7.331923e-18
7.365844e-18
7.399807e-18
7.433810e-18
7.467853e-18
7.501936e-18
7.536058e-18
7.570220e-18
7.604421e-18
7.638659e-18
7.672936e-18
7.707251e-18
7.741603e-18
7.775992e-18
7.810418e-18
7.844880e-18
7.879378e-18
7.913911e-18
7.948479e-18
7.983083e-18
8.017720e-18
8.052392e-18
8.087098e-18
8.121837e-18
8.156608e-18
8.191413e-18
8.226249e-18
8.261118e-18
8.296018e-18
8.330949e-18
8.365910e-18
8.400903e-18
8.435925e-18
8.470976e-18
8.506057e-18
8.541167e-18
8.576306e-18
8.611472e-18
8.646666e-18
8.681888e-18
8.717136e-18
8.752411e-18
8.787713e-18
8.823040e-18
8.858393e-18
8.893770e-18
8.929173e-18
8.964600e-18
9.000050e-18
9.035525e-18
9.071022e-18
9.106542e-18
9.142085e-18
9.177650e-18
9.213236e-18
9.248844e-18
9.284472e-18
9.320121e-18
9.355790e-18
9.391479e-18
9.427187e-18
9.462914e-18
9.498660e-18
9.534424e-18
9.570205e-18
9.606004e-18
9.641820e-18
9.677653e-18
9.713502e-18
9.749366e-18
9.785246e-18
9.821141e-18
9.857051e-18
9.892975e-18
9.928913e-18
9.964864e-18
1.000083e-17
1.003681e-17
1.007279e-17
1.010880e-17
1.014481e-17
1.018083e-17
1.021687e-17
1.025291e-17
1.028897e-17
1.032503e-17
1.036110e-17
1.039719e-17
1.043328e-17
1.046937e-17
1.050548e-17
1.054159e-17
1.057771e-17
1.061384e-17
1.064997e-17
1.068611e-17
1.072225e-17
1.075840e-17
1.079455e-17
1.083070e-17
1.086686e-17
1.090302e-17
1.093919e-17
1.097536e-17
1.101152e-17
1.104769e-17
1.108387e-17
1.112004e-17
1.115621e-17
1.119238e-17
1.122855e-17
1.126472e-17
1.130089e-17
1.133706e-17
1.137323e-17
1.140939e-17
1.144555e-17
1.148171e-17
1.151786e-17
1.155401e-17
1.159015e-17
1.162629e-17
1.166242e-17
1.169855e-17
1.173467e-17
1.177079e-17
1.180690e-17
1.184300e-17
1.187909e-17
1.191517e-17
1.195125e-17
1.198731e-17
1.202337e-17
1.205942e-17
1.209545e-17
1.213148e-17
1.216749e-17
1.220350e-17
1.223949e-17
1.227547e-17
1.231143e-17
1.234738e-17
1.238332e-17
1.241925e-17
1.245516e-17
1.249105e-17
1.252694e-17
1.256280e-17
1.259865e-17
1.263448e-17
1.267030e-17
1.270609e-17
1.274187e-17
1.277764e-17
1.281338e-17
1.284910e-17
1.288481e-17
1.292049e-17
1.295616e-17
1.299180e-17
1.302743e-17
1.306303e-17
1.309861e-17
1.313417e-17
1.316970e-17
1.320521e-17
1.324070e-17
1.327617e-17
1.331161e-17
1.334702e-17
1.338241e-17
1.341778e-17
1.345311e-17
1.348843e-17
1.352371e-17
1.355897e-17
1.359420e-17
1.362940e-17
1.366458e-17
1.369972e-17
1.373484e-17
1.376992e-17
1.380498e-17
1.384000e-17
1.387500e-17
1.390996e-17
1.394489e-17
1.397979e-17
1.401466e-17
1.404949e-17
1.408429e-17
1.411906e-17
1.415379e-17
1.418849e-17
1.422315e-17
1.425778e-17
1.429237e-17
1.432692e-17
1.436144e-17
1.439592e-17
1.443036e-17
1.446477e-17
1.449914e-17
1.453346e-17
1.456775e-17
1.460200e-17
1.463621e-17
1.467038e-17
1.470451e-17
1.473860e-17
1.477264e-17
1.480664e-17
1.484061e-17
1.487452e-17
1.490840e-17
1.494223e-17
1.497602e-17
1.500976e-17
1.504346e-17
1.507711e-17
1.511072e-17
1.514428e-17
1.517779e-17
1.521126e-17
1.524468e-17
1.527805e-17
1.531137e-17
1.534465e-17
1.537788e-17
1.541105e-17
1.544418e-17
1.547726e-17
1.551028e-17
1.554326e-17
1.557618e-17
1.560906e-17
1.564188e-17
1.567465e-17
1.570736e-17
1.574002e-17
1.577263e-17
1.580518e-17
1.583768e-17
1.587013e-17
1.590252e-17
1.593485e-17
1.596713e-17
1.599935e-17
1.603151e-17
1.606362e-17
1.609567e-17
1.612766e-17
1.615959e-17
1.619146e-17
1.622327e-17
1.625503e-17
1.628672e-17
1.631836e-17
1.634993e-17
1.638144e-17
1.641289e-17
1.644428e-17
1.647560e-17
1.650686e-17
1.653806e-17
1.656920e-17
1.660027e-17
1.663128e-17
1.666222e-17
1.669309e-17
1.672391e-17
1.675465e-17
1.678533e-17
1.681594e-17
1.684649e-17
1.687697e-17
1.690738e-17
1.693772e-17
1.696799e-17
1.699820e-17
1.702833e-17
1.705840e-17
1.708839e-17
1.711831e-17
1.714817e-17
1.717795e-17
1.720766e-17
1.723730e-17
1.726686e-17
1.729636e-17
1.732578e-17
1.735512e-17
1.738440e-17
1.741360e-17
1.744272e-17
1.747177e-17
1.750074e-17
1.752964e-17
1.755846e-17
1.758721e-17
1.761587e-17
1.764446e-17
1.767298e-17
1.770141e-17
1.772977e-17
1.775805e-17
1.778625e-17
1.781437e-17
1.784241e-17
1.787037e-17
1.789825e-17
1.792604e-17
1.795376e-17
1.798140e-17
1.800895e-17
1.803642e-17
1.806381e-17
1.809112e-17
1.811834e-17
1.814548e-17
1.817253e-17
1.819950e-17
1.822639e-17
1.825319e-17
1.827990e-17
1.830653e-17
1.833307e-17
1.835953e-17
1.838590e-17
1.841218e-17
1.843838e-17
1.846448e-17
1.849050e-17
1.851643e-17
1.854227e-17
1.856802e-17
1.859368e-17
1.861926e-17
1.864474e-17
1.867013e-17
1.869543e-17
1.872064e-17
1.874576e-17
1.877078e-17
1.879571e-17
1.882055e-17
1.884530e-17
1.886996e-17
1.889452e-17
1.891898e-17
1.894335e-17
1.896763e-17
1.899181e-17
1.901590e-17
1.903989e-17
1.906379e-17
1.908759e-17
1.911129e-17
1.913490e-17
1.915841e-17
1.918182e-17
1.920513e-17
1.922835e-17
1.925147e-17
1.927448e-17
1.929740e-17
1.932022e-17
1.934294e-17
1.936556e-17
1.938808e-17
1.941050e-17
1.943282e-17
1.945504e-17
1.947715e-17
1.949917e-17
1.952108e-17
1.954289e-17
1.956460e-17
1.958620e-17
1.960770e-17
1.962910e-17
1.965039e-17
1.967158e-17
1.969266e-17
1.971364e-17
1.973452e-17
1.975528e-17
1.977595e-17
1.979650e-17
1.981696e-17
1.983730e-17
1.985754e-17
1.987767e-17
1.989769e-17
1.991761e-17
1.993741e-17
1.995711e-17
1.997670e-17
1.999619e-17
2.001556e-17
2.003482e-17
2.005398e-17
2.007302e-17
2.009196e-17
2.011078e-17
2.012949e-17
2.014810e-17
2.016659e-17
2.018497e-17
2.020323e-17
2.022139e-17
2.023943e-17
2.025737e-17
2.027518e-17
2.029289e-17
2.031048e-17
2.032796e-17
2.034533e-17
2.036258e-17
2.037971e-17
2.039674e-17
2.041364e-17
2.043044e-17
2.044711e-17
2.046368e-17
2.048012e-17
2.049645e-17
2.051267e-17
2.052876e-17
2.054474e-17
2.056061e-17
2.057635e-17
2.059198e-17
2.060750e-17
2.062289e-17
2.063817e-17
2.065332e-17
2.066836e-17
2.068328e-17
2.069808e-17
2.071277e-17
2.072733e-17
2.074177e-17
2.075609e-17
2.077030e-17
2.078438e-17
2.079834e-17
2.081218e-17
2.082590e-17
2.083950e-17
2.085298e-17
2.086634e-17
2.087957e-17
2.089269e-17
2.090568e-17
2.091855e-17
2.093129e-17
2.094392e-17
2.095642e-17
2.096879e-17
2.098105e-17
2.099318e-17
2.100518e-17
2.101707e-17
2.102882e-17
2.104046e-17
2.105197e-17
2.106335e-17
2.107461e-17
2.108575e-17
2.109676e-17
2.110765e-17
2.111840e-17
2.112904e-17
2.113955e-17
2.114993e-17
2.116018e-17
2.117031e-17
2.118031e-17
2.119019e-17
2.119994e-17
2.120956e-17
2.121906e-17
2.122842e-17
2.123766e-17
2.124678e-17
2.125576e-17
2.126462e-17
2.127334e-17
2.128194e-17
2.129042e-17
2.129876e-17
2.130697e-17
2.131506e-17
2.132301e-17
2.133084e-17
2.133854e-17
2.134611e-17
2.135355e-17
2.136086e-17
2.136804e-17
2.137508e-17
2.138200e-17
2.138879e-17
2.139545e-17
2.140198e-17
2.140838e-17
2.141465e-17
2.142078e-17
2.142679e-17
2.143266e-17
2.143840e-17
2.144402e-17
2.144950e-17
2.145485e-17
2.146006e-17
2.146515e-17
2.147010e-17
2.147492e-17
2.147961e-17
2.148417e-17
2.148860e-17
2.149289e-17
2.149705e-17
2.150108e-17
2.150497e-17
2.150874e-17
2.151237e-17
2.151586e-17
2.151923e-17
2.152246e-17
2.152556e-17
2.152852e-17
2.153136e-17
2.153405e-17
2.153662e-17
2.153905e-17
2.154135e-17
2.154351e-17
2.154554e-17
2.154744e-17
2.154920e-17
2.155083e-17
2.155233e-17
2.155369e-17
2.155491e-17
2.155601e-17
2.155697e-17
2.155779e-17
2.155848e-17
2.155904e-17
2.155946e-17
2.155974e-17
2.155990e-17
2.155992e-17
2.155980e-17
2.155955e-17
2.155916e-17
2.155864e-17
2.155799e-17
2.155720e-17
2.155627e-17
2.155521e-17
2.155402e-17
2.155269e-17
2.155123e-17
2.154963e-17
2.154789e-17
2.154602e-17
2.154402e-17
2.154188e-17
2.153961e-17
2.153720e-17
2.153466e-17
2.153198e-17
2.152916e-17
2.152622e-17
2.152313e-17
2.151991e-17
2.151656e-17
2.151307e-17
2.150945e-17
2.150569e-17
2.150180e-17
2.149777e-17
2.149361e-17
2.148931e-17
2.148487e-17
2.148031e-17
2.147560e-17
2.147076e-17
2.146579e-17
2.146068e-17
2.145544e-17
2.145006e-17
2.144455e-17
2.143891e-17
2.143312e-17
2.142721e-17
2.142116e-17
2.141497e-17
2.140865e-17
2.140220e-17
2.139561e-17
2.138889e-17
2.138203e-17
2.137504e-17
2.136791e-17
2.136065e-17
2.135326e-17
2.134573e-17
2.133807e-17
2.133027e-17
2.132234e-17
2.131428e-17
2.130608e-17
2.129775e-17
2.128929e-17
2.128069e-17
2.127195e-17
2.126309e-17
2.125409e-17
2.124496e-17
2.123569e-17
2.122629e-17
2.121676e-17
2.120710e-17
2.119730e-17
2.118737e-17
2.117731e-17
2.116711e-17
2.115679e-17
2.114633e-17
2.113574e-17
2.112501e-17
2.111415e-17
2.110317e-17
2.109205e-17
2.108079e-17
2.106941e-17
2.105789e-17
2.104625e-17
2.103447e-17
2.102256e-17
2.101052e-17
2.099835e-17
2.098605e-17
2.097361e-17
2.096105e-17
2.094836e-17
2.093553e-17
2.092258e-17
2.090949e-17
2.089628e-17
2.088294e-17
2.086946e-17
2.085586e-17
2.084213e-17
2.082826e-17
2.081427e-17
2.080015e-17
2.078590e-17
2.077153e-17
2.075702e-17
2.074238e-17
2.072762e-17
2.071273e-17
2.069771e-17
2.068257e-17
2.066729e-17
2.065189e-17
2.063636e-17
2.062071e-17
2.060492e-17
2.058902e-17
2.057298e-17
2.055682e-17
2.054053e-17
2.052411e-17
2.050757e-17
2.049091e-17
2.047412e-17
2.045720e-17
2.044016e-17
2.042299e-17
2.040570e-17
2.038828e-17
2.037074e-17
2.035308e-17
2.033529e-17
2.031738e-17
2.029934e-17
2.028118e-17
2.026290e-17
2.024450e-17
2.022597e-17
2.020732e-17
2.018854e-17
2.016965e-17
2.015063e-17
2.013149e-17
2.011223e-17
2.009285e-17
2.007335e-17
2.005373e-17
2.003398e-17
2.001412e-17
1.999414e-17
1.997403e-17
1.995381e-17
1.993347e-17
1.991300e-17
1.989242e-17
1.987172e-17
1.985091e-17
1.982997e-17
1.980891e-17
1.978774e-17
1.976645e-17
1.974505e-17
1.972352e-17
1.970188e-17
1.968012e-17
1.965825e-17
1.963626e-17
1.961416e-17
1.959194e-17
1.956960e-17
1.954715e-17
1.952458e-17
1.950190e-17
1.947911e-17
1.945620e-17
1.943318e-17
1.941005e-17
1.938680e-17
1.936344e-17
1.933997e-17
1.931638e-17
1.929268e-17
1.926887e-17
1.924495e-17
1.922092e-17
1.919678e-17
1.917253e-17
1.914817e-17
1.912369e-17
1.909911e-17
1.907442e-17
1.904962e-17
1.902471e-17
1.899969e-17
1.897457e-17
1.894933e-17
1.892399e-17
1.889854e-17
1.887299e-17
1.884733e-17
1.882156e-17
1.879568e-17
1.876970e-17
1.874362e-17
1.871743e-17
1.869113e-17
1.866473e-17
1.863823e-17
1.861162e-17
1.858491e-17
1.855810e-17
1.853118e-17
1.850416e-17
1.847704e-17
1.844982e-17
1.842250e-17
1.839507e-17
1.836754e-17
1.833992e-17
1.831219e-17
1.828436e-17
1.825644e-17
1.822841e-17
1.820029e-17
1.817207e-17
1.814375e-17
1.811533e-17
1.808682e-17
1.805821e-17
1.802950e-17
1.800069e-17
1.797179e-17
1.794280e-17
1.791370e-17
1.788452e-17
1.785524e-17
1.782586e-17
1.779640e-17
1.776683e-17
1.773718e-17
1.770743e-17
1.767759e-17
1.764766e-17
1.761764e-17
1.758752e-17
1.755732e-17
1.752702e-17
1.749664e-17
1.746616e-17
1.743560e-17
1.740495e-17
1.737421e-17
1.734338e-17
1.731246e-17
1.728146e-17
1.725037e-17
1.721919e-17
1.718792e-17
1.715658e-17
1.712514e-17
1.709362e-17
1.706202e-17
1.703033e-17
1.699856e-17
1.696670e-17
1.693476e-17
1.690274e-17
1.687064e-17
1.683845e-17
1.680619e-17
1.677384e-17
1.674141e-17
1.670891e-17
1.667632e-17
1.664365e-17
1.661091e-17
1.657808e-17
1.654518e-17
1.651220e-17
1.647915e-17
1.644601e-17
1.641280e-17
1.637952e-17
1.634616e-17
1.631272e-17
1.627921e-17
1.624563e-17
1.621197e-17
1.617824e-17
1.614443e-17
1.611056e-17
1.607661e-17
1.604259e-17
1.600850e-17
1.597433e-17
1.594010e-17
1.590580e-17
1.587143e-17
1.583699e-17
1.580248e-17
1.576790e-17
1.573325e-17
1.569854e-17
1.566376e-17
1.562892e-17
1.559401e-17
1.555903e-17
1.552399e-17
1.548888e-17
1.545371e-17
1.541848e-17
1.538318e-17
1.534782e-17
1.531240e-17
1.527692e-17
1.524138e-17
1.520577e-17
1.517010e-17
1.513438e-17
1.509859e-17
1.506275e-17
1.502685e-17
1.499089e-17
1.495487e-17
1.491879e-17
1.488266e-17
1.484647e-17
1.481023e-17
1.477393e-17
1.473758e-17
1.470117e-17
1.466471e-17
1.462819e-17
1.459163e-17
1.455501e-17
1.451833e-17
1.448161e-17
1.444484e-17
1.440801e-17
1.437114e-17
1.433421e-17
1.429724e-17
1.426022e-17
1.422315e-17
1.418603e-17
1.414886e-17
1.411165e-17
1.407439e-17
1.403709e-17
1.399974e-17
1.396235e-17
1.392491e-17
1.388743e-17
1.384991e-17
1.381234e-17
1.377473e-17
1.373708e-17
1.369939e-17
1.366166e-17
1.362389e-17
1.358607e-17
1.354822e-17
1.351033e-17
1.347240e-17
1.343444e-17
1.339643e-17
1.335839e-17
1.332032e-17
1.328221e-17
1.324406e-17
1.320588e-17
1.316766e-17
1.312941e-17
1.309113e-17
1.305281e-17
1.301446e-17
1.297608e-17
1.293767e-17
1.289923e-17
1.286076e-17
1.282226e-17
1.278373e-17
1.274517e-17
1.270658e-17
1.266797e-17
1.262933e-17
1.259066e-17
1.255196e-17
1.251324e-17
1.247450e-17
1.243573e-17
1.239694e-17
1.235812e-17
1.231928e-17
1.228042e-17
1.224153e-17
1.220263e-17
1.216370e-17
1.212475e-17
1.208579e-17
1.204680e-17
1.200779e-17
1.196877e-17
1.192973e-17
1.189067e-17
1.185159e-17
1.181250e-17
1.177339e-17
1.173427e-17
1.169513e-17
1.165598e-17
1.161682e-17
1.157764e-17
1.153845e-17
1.149925e-17
1.146003e-17
1.142080e-17
1.138157e-17
1.134232e-17
1.130307e-17
1.126380e-17
1.122453e-17
1.118525e-17
1.114596e-17
1.110667e-17
1.106736e-17
1.102806e-17
1.098875e-17
1.094943e-17
1.091011e-17
1.087078e-17
1.083145e-17
1.079212e-17
1.075279e-17
1.071346e-17
1.067412e-17
1.063478e-17
1.059545e-17
1.055611e-17
1.051678e-17
1.047745e-17
1.043812e-17
1.039879e-17
1.035946e-17
1.032014e-17
1.028083e-17
1.024151e-17
1.020221e-17
1.016291e-17
1.012361e-17
1.008432e-17
1.004504e-17
1.000577e-17
9.966507e-18
9.927252e-18
9.888007e-18
9.848772e-18
9.809547e-18
9.770334e-18
9.731132e-18
9.691942e-18
9.652765e-18
9.613601e-18
9.574451e-18
9.535315e-18
9.496195e-18
9.457089e-18
9.417999e-18
9.378926e-18
9.339869e-18
9.300830e-18
9.261809e-18
9.222807e-18
9.183823e-18
9.144859e-18
9.105916e-18
9.066992e-18
9.028090e-18
8.989210e-18
8.950352e-18
8.911516e-18
8.872704e-18
8.833915e-18
8.795151e-18
8.756412e-18
8.717698e-18
8.679009e-18
8.640348e-18
8.601713e-18
8.563105e-18
8.524526e-18
8.485975e-18
8.447453e-18
8.408960e-18
8.370498e-18
8.332066e-18
8.293665e-18
8.255296e-18
8.216959e-18
8.178655e-18
8.140383e-18
8.102146e-18
8.063943e-18
8.025774e-18
7.987641e-18
7.949543e-18
7.911482e-18
7.873458e-18
7.835471e-18
7.797521e-18
7.759611e-18
7.721739e-18
7.683906e-18
7.646113e-18
7.608361e-18
7.570650e-18
7.532980e-18
7.495352e-18
7.457766e-18
7.420224e-18
7.382725e-18
7.345270e-18
7.307859e-18
7.270494e-18
7.233174e-18
7.195900e-18
7.158672e-18
7.121492e-18
7.084359e-18
7.047275e-18
7.010239e-18
6.973252e-18
6.936314e-18
6.899427e-18
6.862590e-18
6.825805e-18
6.789071e-18
6.752389e-18
6.715759e-18
6.679183e-18
6.642661e-18
6.606192e-18
6.569778e-18
6.533419e-18
6.497116e-18
6.460869e-18
6.424679e-18
6.388545e-18
6.352469e-18
6.316451e-18
6.280492e-18
6.244592e-18
6.208751e-18
6.172971e-18
6.137251e-18
6.101592e-18
6.065994e-18
6.030459e-18
5.994986e-18
5.959575e-18
5.924229e-18
5.888946e-18
5.853728e-18
5.818574e-18
5.783486e-18
5.748464e-18
5.713508e-18
5.678619e-18
5.643798e-18
5.609044e-18
5.574358e-18
5.539741e-18
5.505193e-18
5.470715e-18
5.436308e-18
5.401970e-18
5.367704e-18
5.333510e-18
5.299387e-18
5.265337e-18
5.231360e-18
5.197456e-18
5.163626e-18
5.129871e-18
5.096190e-18
5.062585e-18
5.029056e-18
4.995602e-18
4.962226e-18
4.928926e-18
4.895705e-18
4.862561e-18
4.829495e-18
4.796509e-18
4.763602e-18
4.730775e-18
4.698028e-18
4.665362e-18
4.632778e-18
4.600275e-18
4.567854e-18
4.535515e-18
4.503260e-18
4.471088e-18
4.439000e-18
4.406996e-18
4.375077e-18
4.343244e-18
4.311495e-18
4.279833e-18
4.248258e-18
4.216770e-18
4.185368e-18
4.154055e-18
4.122830e-18
4.091694e-18
4.060647e-18
4.029689e-18
3.998822e-18
3.968044e-18
3.937358e-18
3.906763e-18
3.876259e-18
3.845848e-18
3.815529e-18
3.785303e-18
3.755170e-18
3.725131e-18
3.695187e-18
3.665337e-18
3.635582e-18
3.605922e-18
3.576358e-18
3.546890e-18
3.517519e-18
3.488245e-18
3.459069e-18
3.429990e-18
3.401010e-18
3.372128e-18
3.343345e-18
3.314662e-18
3.286079e-18
3.257596e-18
3.229213e-18
3.200932e-18
3.172751e-18
3.144673e-18
3.116697e-18
3.088824e-18
3.061053e-18
3.033386e-18
3.005822e-18
2.978363e-18
2.951008e-18
2.923758e-18
2.896614e-18
2.869574e-18
2.842641e-18
2.815815e-18
2.789095e-18
2.762482e-18
2.735976e-18
2.709579e-18
2.683289e-18
2.657109e-18
2.631037e-18
2.605074e-18
2.579221e-18
2.553479e-18
2.527846e-18
2.502324e-18
2.476914e-18
2.451614e-18
2.426427e-18
2.401352e-18
2.376389e-18
2.351539e-18
2.326802e-18
2.302178e-18
2.277669e-18
2.253274e-18
2.228993e-18
2.204827e-18
2.180776e-18
2.156841e-18
2.133022e-18
2.109319e-18
2.085732e-18
2.062262e-18
2.038910e-18
2.015675e-18
1.992558e-18
1.969558e-18
1.946678e-18
1.923916e-18
1.901273e-18
1.878750e-18
1.856346e-18
1.834063e-18
1.811899e-18
1.789857e-18
1.767935e-18
1.746135e-18
1.724456e-18
1.702899e-18
1.681464e-18
1.660152e-18
1.638962e-18
1.617896e-18
1.596953e-18
1.576133e-18
1.555437e-18
1.534866e-18
1.514419e-18
1.494097e-18
1.473900e-18
1.453828e-18
1.433882e-18
1.414062e-18
1.394367e-18
1.374800e-18
1.355359e-18
1.336045e-18
1.316858e-18
1.297799e-18
1.278868e-18
1.260064e-18
1.241389e-18
1.222843e-18
1.204425e-18
1.186136e-18
1.167977e-18
1.149948e-18
1.132048e-18
1.114278e-18
1.096639e-18
1.079130e-18
1.061752e-18
1.044505e-18
1.027389e-18
1.010405e-18
9.935525e-19
9.768322e-19
9.602441e-19
9.437884e-19
9.274655e-19
9.112755e-19
8.952186e-19
8.792951e-19
8.635052e-19
8.478492e-19
8.323271e-19
8.169393e-19
8.016860e-19
7.865673e-19
7.715835e-19
7.567348e-19
7.420214e-19
7.274435e-19
7.130013e-19
6.986951e-19
6.845249e-19
6.704910e-19
6.565936e-19
6.428329e-19
6.292091e-19
6.157223e-19
6.023728e-19
5.891608e-19
5.760864e-19
5.631497e-19
5.503511e-19
5.376906e-19
5.251685e-19
5.127849e-19
5.005400e-19
4.884339e-19
4.764668e-19
4.646390e-19
4.529505e-19
4.414015e-19
4.299922e-19
4.187227e-19
4.075932e-19
3.966039e-19
3.857549e-19
3.750463e-19
3.644783e-19
3.540511e-19
3.437647e-19
3.336194e-19
3.236153e-19
3.137525e-19
3.040311e-19
2.944513e-19
2.850133e-19
2.757170e-19
2.665628e-19
2.575507e-19
2.486808e-19
2.399532e-19
2.313682e-19
2.229257e-19
2.146259e-19
2.064690e-19
1.984550e-19
1.905840e-19
1.828562e-19
1.752717e-19
1.678306e-19
1.605329e-19
1.533788e-19
1.463684e-19
1.395017e-19
1.327789e-19
1.262001e-19
1.197654e-19
1.134747e-19
1.073283e-19
1.013263e-19
9.546857e-20
8.975536e-20
8.418671e-20
7.876270e-20
7.348340e-20
6.834887e-20
6.335920e-20
5.851446e-20
5.381470e-20
4.926000e-20
4.485042e-20
4.058601e-20
3.646684e-20
3.249297e-20
2.866444e-20
2.498131e-20
2.144364e-20
1.805147e-20
1.480485e-20
1.170382e-20
8.748420e-21
5.938699e-21
3.274692e-21
7.564366e-22
-1.616034e-21
-3.842687e-21
-5.923492e-21
-7.858420e-21
-9.647446e-21
-1.129054e-20
-1.278769e-20
-1.413887e-20
-1.534406e-20
-1.640325e-20
-1.731642e-20
-1.808356e-20
-1.870466e-20
-1.917971e-20
-1.950871e-20
-1.969165e-20
