-2.056946e-19
-2.055399e-19
-2.052113e-19
-2.047092e-19
-2.040337e-19
-2.031850e-19
-2.021635e-19
-2.009693e-19
-1.996028e-19
-1.980641e-19
-1.963536e-19
-1.944714e-19
-1.924179e-19
-1.901933e-19
-1.877979e-19
-1.852319e-19
-1.824957e-19
-1.795895e-19
-1.765136e-19
-1.732683e-19
-1.698538e-19
-1.662705e-19
-1.625187e-19
-1.585987e-19
-1.545107e-19
-1.502552e-19
-1.458323e-19
-1.412424e-19
-1.364858e-19
-1.315629e-19
-1.264739e-19
-1.212192e-19
-1.157991e-19
-1.102140e-19
-1.044642e-19
-9.855001e-20
-9.247178e-20
-8.622986e-20
-7.982461e-20
-7.325637e-20
-6.652550e-20
-5.963236e-20
-5.257731e-20
-4.536071e-20
-3.798294e-20
-3.044435e-20
-2.274533e-20
-1.488625e-20
-6.867489e-21
1.310568e-21
9.647537e-21
1.814303e-20
2.679665e-20
3.560802e-20
4.457672e-20
5.370236e-20
6.298454e-20
7.242285e-20
8.201689e-20
9.176623e-20
1.016705e-19
1.117292e-19
1.219420e-19
1.323084e-19
1.428280e-19
1.535004e-19
1.643251e-19
1.753018e-19
1.864299e-19
1.977091e-19
2.091389e-19
2.207188e-19
2.324484e-19
2.443273e-19
2.563550e-19
2.685310e-19
2.808549e-19
2.933262e-19
3.059445e-19
3.187093e-19
3.316200e-19
3.446764e-19
3.578778e-19
3.712238e-19
3.847140e-19
3.983478e-19
4.121247e-19
4.260443e-19
4.401061e-19
4.543096e-19
4.686543e-19
4.831397e-19
4.977653e-19
5.125306e-19
5.274350e-19
5.424782e-19
5.576596e-19
5.729786e-19
5.884348e-19
6.040276e-19
6.197566e-19
6.356211e-19
6.516208e-19
6.677550e-19
6.840232e-19
7.004250e-19
7.169597e-19
7.336269e-19
7.504259e-19
7.673564e-19
7.844177e-19
8.016092e-19
8.189306e-19
8.363811e-19
8.539603e-19
8.716675e-19
8.895024e-19
9.074642e-19
9.255525e-19
9.437666e-19
9.621061e-19
9.805704e-19
9.991588e-19
1.017871e-18
1.036706e-18
1.055664e-18
1.074743e-18
1.093944e-18
1.113266e-18
1.132708e-18
1.152270e-18
1.171950e-18
1.191749e-18
1.211666e-18
1.231700e-18
1.251851e-18
1.272119e-18
1.292501e-18
1.312999e-18
1.333611e-18
1.354336e-18
1.375175e-18
1.396126e-18
1.417190e-18
1.438365e-18
1.459650e-18
1.481046e-18
1.502551e-18
1.524165e-18
1.545887e-18
1.567717e-18
1.589654e-18
1.611698e-18
1.633848e-18
1.656102e-18
1.678462e-18
1.700925e-18
1.723492e-18
1.746162e-18
1.768934e-18
1.791807e-18
1.814781e-18
1.837856e-18
1.861030e-18
1.884303e-18
1.907675e-18
1.931144e-18
1.954710e-18
1.978373e-18
2.002132e-18
2.025986e-18
2.049935e-18
2.073977e-18
2.098113e-18
2.122342e-18
2.146662e-18
2.171074e-18
2.195577e-18
2.220170e-18
2.244852e-18
2.269623e-18
2.294482e-18
2.319429e-18
2.344462e-18
2.369582e-18
2.394787e-18
2.420077e-18
2.445452e-18
2.470910e-18
2.496451e-18
2.522074e-18
2.547779e-18
2.573565e-18
2.599431e-18
2.625376e-18
2.651401e-18
2.677504e-18
2.703685e-18
2.729943e-18
2.756277e-18
2.782687e-18
2.809172e-18
2.835731e-18
2.862364e-18
2.889070e-18
2.915848e-18
2.942698e-18
2.969619e-18
2.996610e-18
3.023672e-18
3.050802e-18
3.078000e-18
3.105266e-18
3.132600e-18
3.159999e-18
3.187464e-18
3.214995e-18
3.242589e-18
3.270247e-18
3.297969e-18
3.325752e-18
3.353598e-18
3.381504e-18
3.409470e-18
3.437497e-18
3.465582e-18
3.493725e-18
3.521926e-18
3.550184e-18
3.578499e-18
3.606869e-18
3.635293e-18
3.663772e-18
3.692305e-18
3.720891e-18
3.749528e-18
3.778218e-18
3.806958e-18
3.835748e-18
3.864588e-18
3.893477e-18
3.922414e-18
3.951398e-18
3.980429e-18
4.009507e-18
4.038630e-18
4.067797e-18
4.097009e-18
4.126265e-18
4.155563e-18
4.184903e-18
4.214284e-18
4.243707e-18
4.273169e-18
4.302671e-18
4.332211e-18
4.361790e-18
4.391406e-18
4.421059e-18
4.450748e-18
4.480472e-18
4.510231e-18
4.540023e-18
4.569850e-18
4.599709e-18
4.629600e-18
4.659522e-18
4.689475e-18
4.719458e-18
4.749470e-18
4.779511e-18
4.809580e-18
4.839676e-18
4.869799e-18
4.899948e-18
4.930123e-18
4.960322e-18
4.990545e-18
5.020791e-18
5.051060e-18
5.081351e-18
5.111664e-18
5.141997e-18
5.172350e-18
5.202723e-18
5.233114e-18
5.263523e-18
5.293950e-18
5.324393e-18
5.354853e-18
5.385327e-18
5.415817e-18
5.446321e-18
5.476838e-18
5.507368e-18
5.537910e-18
5.568464e-18
5.599028e-18
5.629603e-18
5.660187e-18
5.690780e-18
5.721381e-18
5.751990e-18
5.782606e-18
5.813228e-18
5.843856e-18
5.874489e-18
5.905126e-18
5.935766e-18
5.966410e-18
5.997057e-18
6.027705e-18
6.058354e-18
6.089004e-18
6.119654e-18
6.150303e-18
6.180950e-18
6.211596e-18
6.242239e-18
6.272878e-18
6.303514e-18
6.334145e-18
6.364771e-18
6.395391e-18
6.426005e-18
6.456612e-18
6.487211e-18
6.517802e-18
6.548383e-18
6.578956e-18
6.609518e-18
6.640069e-18
6.670609e-18
6.701137e-18
6.731652e-18
6.762154e-18
6.792642e-18
6.823116e-18
6.853574e-18
6.884017e-18
6.914444e-18
6.944854e-18
6.975246e-18
7.005620e-18
7.035975e-18
7.066311e-18
7.096627e-18
7.126923e-18
7.157197e-18
7.187450e-18
7.217681e-18
7.247888e-18
7.278072e-18
7.308232e-18
7.338368e-18
7.368478e-18
7.398562e-18
7.428620e-18
7.458651e-18
7.488654e-18
7.518629e-18
7.548575e-18
7.578492e-18
7.608379e-18
7.638236e-18
7.668061e-18
7.697855e-18
7.727617e-18
7.757346e-18
7.787041e-18
7.816703e-18
7.846330e-18
7.875922e-18
7.905479e-18
7.934999e-18
7.964483e-18
7.993930e-18
8.023338e-18
8.052709e-18
8.082040e-18
8.111332e-18
8.140584e-18
8.169795e-18
8.198965e-18
8.228094e-18
8.257180e-18
8.286224e-18
8.315224e-18
8.344181e-18
8.373093e-18
8.401960e-18
8.430782e-18
8.459558e-18
8.488287e-18
8.516970e-18
8.545605e-18
8.574192e-18
8.602730e-18
8.631219e-18
8.659659e-18
8.688048e-18
8.716387e-18
8.744675e-18
8.772911e-18
8.801095e-18
8.829226e-18
8.857304e-18
8.885328e-18
8.913298e-18
8.941214e-18
8.969074e-18
8.996878e-18
9.024627e-18
9.052318e-18
9.079953e-18
9.107530e-18
9.135048e-18
9.162508e-18
9.189909e-18
9.217251e-18
9.244532e-18
9.271753e-18
9.298912e-18
9.326011e-18
9.353047e-18
9.380021e-18
9.406931e-18
9.433779e-18
9.460562e-18
9.487282e-18
9.513936e-18
9.540525e-18
9.567049e-18
9.593507e-18
9.619897e-18
9.646221e-18
9.672477e-18
9.698666e-18
9.724786e-18
9.750837e-18
9.776819e-18
9.802731e-18
9.828573e-18
9.854344e-18
9.880044e-18
9.905673e-18
9.931230e-18
9.956715e-18
9.982127e-18
1.000747e-17
1.003273e-17
1.005792e-17
1.008304e-17
1.010808e-17
1.013305e-17
1.015794e-17
1.018275e-17
1.020749e-17
1.023215e-17
1.025674e-17
1.028124e-17
1.030567e-17
1.033002e-17
1.035429e-17
1.037849e-17
1.040260e-17
1.042663e-17
1.045058e-17
1.047445e-17
1.049824e-17
1.052195e-17
1.054558e-17
1.056912e-17
1.059258e-17
1.061596e-17
1.063925e-17
1.066246e-17
1.068559e-17
1.070863e-17
1.073159e-17
1.075446e-17
1.077725e-17
1.079995e-17
1.082256e-17
1.084509e-17
1.086753e-17
1.088988e-17
1.091214e-17
1.093432e-17
1.095641e-17
1.097841e-17
1.100032e-17
1.102214e-17
1.104387e-17
1.106551e-17
1.108706e-17
1.110852e-17
1.112989e-17
1.115117e-17
1.117236e-17
1.119345e-17
1.121445e-17
1.123536e-17
1.125618e-17
1.127690e-17
1.129753e-17
1.131806e-17
1.133851e-17
1.135885e-17
1.137910e-17
1.139926e-17
1.141932e-17
1.143929e-17
1.145916e-17
1.147893e-17
1.149861e-17
1.151819e-17
1.153767e-17
1.155706e-17
1.157635e-17
1.159554e-17
1.161463e-17
1.163362e-17
1.165252e-17
1.167131e-17
1.169001e-17
1.170861e-17
1.172711e-17
1.174550e-17
1.176380e-17
1.178200e-17
1.180009e-17
1.181809e-17
1.183598e-17
1.185378e-17
1.187147e-17
1.188906e-17
1.190654e-17
1.192393e-17
1.194121e-17
1.195839e-17
1.197546e-17
1.199243e-17
1.200930e-17
1.202607e-17
1.204273e-17
1.205929e-17
1.207574e-17
1.209209e-17
1.210833e-17
1.212447e-17
1.214050e-17
1.215643e-17
1.217225e-17
1.218796e-17
1.220357e-17
1.221908e-17
1.223447e-17
1.224976e-17
1.226495e-17
1.228002e-17
1.229499e-17
1.230985e-17
1.232461e-17
1.233926e-17
1.235379e-17
1.236823e-17
1.238255e-17
1.239676e-17
1.241087e-17
1.242486e-17
1.243875e-17
1.245253e-17
1.246620e-17
1.247976e-17
1.249321e-17
1.250656e-17
1.251979e-17
1.253291e-17
1.254592e-17
1.255882e-17
1.257161e-17
1.258430e-17
1.259687e-17
1.260933e-17
1.262167e-17
1.263391e-17
1.264604e-17
1.265805e-17
1.266996e-17
1.268175e-17
1.269343e-17
1.270500e-17
1.271646e-17
1.272780e-17
1.273904e-17
1.275016e-17
1.276117e-17
1.277207e-17
1.278285e-17
1.279352e-17
1.280408e-17
1.281453e-17
1.282486e-17
1.283508e-17
1.284519e-17
1.285519e-17
1.286507e-17
1.287484e-17
1.288449e-17
1.289403e-17
1.290346e-17
1.291278e-17
1.292198e-17
1.293107e-17
1.294004e-17
1.294890e-17
1.295765e-17
1.296628e-17
1.297480e-17
1.298321e-17
1.299150e-17
1.299967e-17
1.300774e-17
1.301569e-17
1.302352e-17
1.303124e-17
1.303885e-17
1.304634e-17
1.305372e-17
1.306098e-17
1.306813e-17
1.307516e-17
1.308208e-17
1.308889e-17
1.309558e-17
1.310215e-17
1.310862e-17
1.311496e-17
1.312120e-17
1.312731e-17
1.313332e-17
1.313921e-17
1.314498e-17
1.315064e-17
1.315619e-17
1.316162e-17
1.316694e-17
1.317214e-17
1.317723e-17
1.318220e-17
1.318706e-17
1.319180e-17
1.319643e-17
1.320095e-17
1.320535e-17
1.320963e-17
1.321381e-17
1.321786e-17
1.322181e-17
1.322564e-17
1.322935e-17
1.323295e-17
1.323644e-17
1.323981e-17
1.324307e-17
1.324621e-17
1.324924e-17
1.325216e-17
1.325496e-17
1.325765e-17
1.326022e-17
1.326269e-17
1.326503e-17
1.326727e-17
1.326939e-17
1.327140e-17
1.327329e-17
1.327507e-17
1.327674e-17
1.327829e-17
1.327973e-17
1.328106e-17
1.328227e-17
1.328338e-17
1.328436e-17
1.328524e-17
1.328600e-17
1.328666e-17
1.328720e-17
1.328762e-17
1.328794e-17
1.328814e-17
1.328823e-17
1.328821e-17
1.328807e-17
1.328783e-17
1.328747e-17
1.328700e-17
1.328642e-17
1.328573e-17
1.328493e-17
1.328402e-17
1.328299e-17
1.328186e-17
1.328061e-17
1.327926e-17
1.327779e-17
1.327621e-17
1.327453e-17
1.327273e-17
1.327082e-17
1.326880e-17
1.326668e-17
1.326444e-17
1.326210e-17
1.325964e-17
1.325708e-17
1.325441e-17
1.325162e-17
1.324873e-17
1.324574e-17
1.324263e-17
1.323941e-17
1.323609e-17
1.323266e-17
1.322912e-17
1.322548e-17
1.322172e-17
1.321786e-17
1.321389e-17
1.320982e-17
1.320564e-17
1.320135e-17
1.319696e-17
1.319246e-17
1.318785e-17
1.318314e-17
1.317832e-17
1.317340e-17
1.316837e-17
1.316324e-17
1.315800e-17
1.315266e-17
1.314721e-17
1.314166e-17
1.313600e-17
1.313024e-17
1.312438e-17
1.311841e-17
1.311234e-17
1.310617e-17
1.309989e-17
1.309351e-17
1.308703e-17
1.308045e-17
1.307376e-17
1.306698e-17
1.306009e-17
1.305310e-17
1.304601e-17
1.303881e-17
1.303152e-17
1.302413e-17
1.301663e-17
1.300904e-17
1.300135e-17
1.299355e-17
1.298566e-17
1.297767e-17
1.296958e-17
1.296139e-17
1.295310e-17
1.294471e-17
1.293623e-17
1.292765e-17
1.291897e-17
1.291019e-17
1.290132e-17
1.289235e-17
1.288328e-17
1.287412e-17
1.286486e-17
1.285551e-17
1.284606e-17
1.283651e-17
1.282687e-17
1.281714e-17
1.280731e-17
1.279738e-17
1.278737e-17
1.277726e-17
1.276705e-17
1.275675e-17
1.274636e-17
1.273588e-17
1.272531e-17
1.271464e-17
1.270388e-17
1.269303e-17
1.268209e-17
1.267106e-17
1.265993e-17
1.264872e-17
1.263742e-17
1.262602e-17
1.261454e-17
1.260297e-17
1.259131e-17
1.257956e-17
1.256772e-17
1.255580e-17
1.254378e-17
1.253168e-17
1.251949e-17
1.250722e-17
1.249486e-17
1.248241e-17
1.246988e-17
1.245726e-17
1.244455e-17
1.243176e-17
1.241889e-17
1.240593e-17
1.239288e-17
1.237976e-17
1.236655e-17
1.235325e-17
1.233988e-17
1.232642e-17
1.231288e-17
1.229925e-17
1.228555e-17
1.227176e-17
1.225789e-17
1.224395e-17
1.222992e-17
1.221581e-17
1.220162e-17
1.218735e-17
1.217301e-17
1.215858e-17
1.214408e-17
1.212949e-17
1.211484e-17
1.210010e-17
1.208528e-17
1.207039e-17
1.205543e-17
1.204038e-17
1.202526e-17
1.201007e-17
1.199480e-17
1.197945e-17
1.196403e-17
1.194854e-17
1.193297e-17
1.191733e-17
1.190162e-17
1.188583e-17
1.186998e-17
1.185405e-17
1.183804e-17
1.182197e-17
1.180583e-17
1.178961e-17
1.177333e-17
1.175697e-17
1.174055e-17
1.172405e-17
1.170749e-17
1.169086e-17
1.167416e-17
1.165739e-17
1.164055e-17
1.162365e-17
1.160668e-17
1.158965e-17
1.157255e-17
1.155538e-17
1.153815e-17
1.152085e-17
1.150349e-17
1.148606e-17
1.146857e-17
1.145102e-17
1.143340e-17
1.141572e-17
1.139798e-17
1.138018e-17
1.136231e-17
1.134438e-17
1.132639e-17
1.130835e-17
1.129024e-17
1.127207e-17
1.125384e-17
1.123555e-17
1.121721e-17
1.119880e-17
1.118034e-17
1.116182e-17
1.114324e-17
1.112461e-17
1.110592e-17
1.108717e-17
1.106837e-17
1.104951e-17
1.103059e-17
1.101163e-17
1.099260e-17
1.097353e-17
1.095440e-17
1.093522e-17
1.091598e-17
1.089669e-17
1.087735e-17
1.085796e-17
1.083852e-17
1.081902e-17
1.079948e-17
1.077988e-17
1.076024e-17
1.074055e-17
1.072080e-17
1.070101e-17
1.068117e-17
1.066129e-17
1.064135e-17
1.062137e-17
1.060134e-17
1.058127e-17
1.056115e-17
1.054098e-17
1.052077e-17
1.050051e-17
1.048021e-17
1.045987e-17
1.043948e-17
1.041905e-17
1.039857e-17
1.037806e-17
1.035750e-17
1.033690e-17
1.031626e-17
1.029557e-17
1.027485e-17
1.025409e-17
1.023328e-17
1.021244e-17
1.019156e-17
1.017064e-17
1.014968e-17
1.012869e-17
1.010765e-17
1.008658e-17
1.006547e-17
1.004433e-17
1.002315e-17
1.000194e-17
9.980685e-18
9.959400e-18
9.938081e-18
9.916727e-18
9.895340e-18
9.873920e-18
9.852467e-18
9.830982e-18
9.809464e-18
9.787915e-18
9.766334e-18
9.744723e-18
9.723081e-18
9.701409e-18
9.679707e-18
9.657976e-18
9.636215e-18
9.614426e-18
9.592609e-18
9.570765e-18
9.548892e-18
9.526993e-18
9.505067e-18
9.483115e-18
9.461136e-18
9.439133e-18
9.417104e-18
9.395050e-18
9.372972e-18
9.350870e-18
9.328744e-18
9.306595e-18
9.284423e-18
9.262229e-18
9.240013e-18
9.217774e-18
9.195515e-18
9.173235e-18
9.150934e-18
9.128612e-18
9.106271e-18
9.083911e-18
9.061531e-18
9.039133e-18
9.016716e-18
8.994282e-18
8.971830e-18
8.949360e-18
8.926874e-18
8.904372e-18
8.881853e-18
8.859318e-18
8.836769e-18
8.814204e-18
8.791625e-18
8.769031e-18
8.746424e-18
8.723803e-18
8.701170e-18
8.678523e-18
8.655864e-18
8.633193e-18
8.610511e-18
8.587817e-18
8.565112e-18
8.542397e-18
8.519671e-18
8.496936e-18
8.474191e-18
8.451438e-18
8.428675e-18
8.405905e-18
8.383126e-18
8.360339e-18
8.337546e-18
8.314745e-18
8.291938e-18
8.269125e-18
8.246306e-18
8.223481e-18
8.200652e-18
8.177817e-18
8.154979e-18
8.132136e-18
8.109289e-18
8.086439e-18
8.063586e-18
8.040731e-18
8.017873e-18
7.995014e-18
7.972152e-18
7.949290e-18
7.926426e-18
7.903562e-18
7.880698e-18
7.857834e-18
7.834971e-18
7.812108e-18
7.789247e-18
7.766387e-18
7.743529e-18
7.720673e-18
7.697819e-18
7.674969e-18
7.652122e-18
7.629278e-18
7.606438e-18
7.583603e-18
7.560772e-18
7.537946e-18
7.515125e-18
7.492310e-18
7.469500e-18
7.446697e-18
7.423901e-18
7.401111e-18
7.378329e-18
7.355554e-18
7.332787e-18
7.310028e-18
7.287277e-18
7.264536e-18
7.241803e-18
7.219080e-18
7.196367e-18
7.173664e-18
7.150972e-18
7.128290e-18
7.105619e-18
7.082960e-18
7.060312e-18
7.037676e-18
7.015053e-18
6.992442e-18
6.969844e-18
6.947260e-18
6.924688e-18
6.902131e-18
6.879588e-18
6.857060e-18
6.834546e-18
6.812047e-18
6.789564e-18
6.767096e-18
6.744644e-18
6.722209e-18
6.699790e-18
6.677388e-18
6.655003e-18
6.632635e-18
6.610286e-18
6.587954e-18
6.565640e-18
6.543346e-18
6.521070e-18
6.498813e-18
6.476576e-18
6.454358e-18
6.432161e-18
6.409983e-18
6.387827e-18
6.365691e-18
6.343576e-18
6.321483e-18
6.299412e-18
6.277362e-18
6.255335e-18
6.233330e-18
6.211348e-18
6.189389e-18
6.167454e-18
6.145542e-18
6.123653e-18
6.101789e-18
6.079950e-18
6.058135e-18
6.036344e-18
6.014579e-18
5.992840e-18
5.971126e-18
5.949438e-18
5.927776e-18
5.906141e-18
5.884532e-18
5.862951e-18
5.841396e-18
5.819869e-18
5.798370e-18
5.776898e-18
5.755455e-18
5.734040e-18
5.712654e-18
5.691297e-18
5.669968e-18
5.648669e-18
5.627400e-18
5.606161e-18
5.584952e-18
5.563773e-18
5.542624e-18
5.521506e-18
5.500420e-18
5.479364e-18
5.458340e-18
5.437348e-18
5.416387e-18
5.395459e-18
5.374563e-18
5.353699e-18
5.332868e-18
5.312071e-18
5.291306e-18
5.270575e-18
5.249877e-18
5.229213e-18
5.208584e-18
5.187988e-18
5.167427e-18
5.146901e-18
5.126409e-18
5.105953e-18
5.085531e-18
5.065145e-18
5.044795e-18
5.024481e-18
5.004203e-18
4.983961e-18
4.963755e-18
4.943586e-18
4.923454e-18
4.903359e-18
4.883301e-18
4.863280e-18
4.843297e-18
4.823351e-18
4.803444e-18
4.783574e-18
4.763743e-18
4.743950e-18
4.724196e-18
4.704481e-18
4.684804e-18
4.665167e-18
4.645569e-18
4.626010e-18
4.606491e-18
4.587012e-18
4.567573e-18
4.548174e-18
4.528815e-18
4.509496e-18
4.490218e-18
4.470981e-18
4.451785e-18
4.432630e-18
4.413516e-18
4.394443e-18
4.375412e-18
4.356422e-18
4.337474e-18
4.318568e-18
4.299704e-18
4.280883e-18
4.262104e-18
4.243367e-18
4.224673e-18
4.206021e-18
4.187413e-18
4.168847e-18
4.150325e-18
4.131846e-18
4.113410e-18
4.095018e-18
4.076669e-18
4.058364e-18
4.040103e-18
4.021887e-18
4.003714e-18
3.985585e-18
3.967501e-18
3.949462e-18
3.931466e-18
3.913516e-18
3.895611e-18
3.877750e-18
3.859934e-18
3.842164e-18
3.824439e-18
3.806759e-18
3.789124e-18
3.771535e-18
3.753992e-18
3.736494e-18
3.719042e-18
3.701637e-18
3.684277e-18
3.666963e-18
3.649695e-18
3.632474e-18
3.615299e-18
3.598171e-18
3.581089e-18
3.564053e-18
3.547065e-18
3.530123e-18
3.513228e-18
3.496380e-18
3.479578e-18
3.462824e-18
3.446117e-18
3.429458e-18
3.412845e-18
3.396280e-18
3.379762e-18
3.363292e-18
3.346869e-18
3.330494e-18
3.314167e-18
3.297887e-18
3.281655e-18
3.265471e-18
3.249335e-18
3.233246e-18
3.217206e-18
3.201214e-18
3.185269e-18
3.169373e-18
3.153525e-18
3.137726e-18
3.121974e-18
3.106271e-18
3.090616e-18
3.075010e-18
3.059452e-18
3.043942e-18
3.028481e-18
3.013069e-18
2.997705e-18
2.982389e-18
2.967122e-18
2.951904e-18
2.936735e-18
2.921614e-18
2.906542e-18
2.891518e-18
2.876544e-18
2.861618e-18
2.846741e-18
2.831913e-18
2.817133e-18
2.802403e-18
2.787721e-18
2.773088e-18
2.758504e-18
2.743969e-18
2.729483e-18
2.715046e-18
2.700658e-18
2.686318e-18
2.672027e-18
2.657786e-18
2.643593e-18
2.629449e-18
2.615354e-18
2.601308e-18
2.587311e-18
2.573363e-18
2.559463e-18
2.545613e-18
2.531811e-18
2.518058e-18
2.504354e-18
2.490699e-18
2.477092e-18
2.463535e-18
2.450026e-18
2.436566e-18
2.423154e-18
2.409792e-18
2.396478e-18
2.383212e-18
2.369995e-18
2.356827e-18
2.343708e-18
2.330637e-18
2.317614e-18
2.304640e-18
2.291714e-18
2.278837e-18
2.266008e-18
2.253228e-18
2.240496e-18
2.227812e-18
2.215176e-18
2.202588e-18
2.190049e-18
2.177558e-18
2.165115e-18
2.152719e-18
2.140372e-18
2.128073e-18
2.115821e-18
2.103618e-18
2.091462e-18
2.079353e-18
2.067293e-18
2.055280e-18
2.043314e-18
2.031397e-18
2.019526e-18
2.007703e-18
1.995927e-18
1.984199e-18
1.972517e-18
1.960883e-18
1.949296e-18
1.937756e-18
1.926262e-18
1.914816e-18
1.903417e-18
1.892064e-18
1.880758e-18
1.869498e-18
1.858285e-18
1.847118e-18
1.835998e-18
1.824924e-18
1.813896e-18
1.802915e-18
1.791979e-18
1.781090e-18
1.770246e-18
1.759448e-18
1.748696e-18
1.737990e-18
1.727329e-18
1.716714e-18
1.706144e-18
1.695619e-18
1.685140e-18
1.674706e-18
1.664316e-18
1.653972e-18
1.643673e-18
1.633419e-18
1.623209e-18
1.613044e-18
1.602923e-18
1.592847e-18
1.582815e-18
1.572827e-18
1.562884e-18
1.552984e-18
1.543129e-18
1.533317e-18
1.523549e-18
1.513825e-18
1.504144e-18
1.494507e-18
1.484913e-18
1.475362e-18
1.465854e-18
1.456390e-18
1.446968e-18
1.437589e-18
1.428253e-18
1.418959e-18
1.409708e-18
1.400500e-18
1.391333e-18
1.382209e-18
1.373127e-18
1.364086e-18
1.355088e-18
1.346131e-18
1.337216e-18
1.328343e-18
1.319510e-18
1.310719e-18
1.301970e-18
1.293261e-18
1.284593e-18
1.275966e-18
1.267380e-18
1.258834e-18
1.250329e-18
1.241863e-18
1.233439e-18
1.225054e-18
1.216709e-18
1.208404e-18
1.200139e-18
1.191914e-18
1.183727e-18
1.175581e-18
1.167473e-18
1.159405e-18
1.151375e-18
1.143385e-18
1.135433e-18
1.127520e-18
1.119645e-18
1.111809e-18
1.104011e-18
1.096251e-18
1.088529e-18
1.080845e-18
1.073198e-18
1.065590e-18
1.058018e-18
1.050484e-18
1.042988e-18
1.035528e-18
1.028105e-18
1.020719e-18
1.013370e-18
1.006058e-18
9.987815e-19
9.915416e-19
9.843380e-19
9.771703e-19
9.700386e-19
9.629427e-19
9.558824e-19
9.488577e-19
9.418683e-19
9.349142e-19
9.279952e-19
9.211113e-19
9.142621e-19
9.074477e-19
9.006679e-19
8.939226e-19
8.872116e-19
8.805348e-19
8.738921e-19
8.672832e-19
8.607082e-19
8.541669e-19
8.476591e-19
8.411847e-19
8.347435e-19
8.283355e-19
8.219605e-19
8.156183e-19
8.093089e-19
8.030321e-19
7.967878e-19
7.905757e-19
7.843959e-19
7.782482e-19
7.721324e-19
7.660483e-19
7.599960e-19
7.539752e-19
7.479858e-19
7.420277e-19
7.361007e-19
7.302047e-19
7.243396e-19
7.185052e-19
7.127015e-19
7.069282e-19
7.011853e-19
6.954726e-19
6.897899e-19
6.841373e-19
6.785144e-19
6.729213e-19
6.673577e-19
6.618236e-19
6.563188e-19
6.508431e-19
6.453965e-19
6.399788e-19
6.345899e-19
6.292297e-19
6.238980e-19
6.185947e-19
6.133197e-19
6.080728e-19
6.028540e-19
5.976631e-19
5.924999e-19
5.873644e-19
5.822564e-19
5.771759e-19
5.721226e-19
5.670964e-19
5.620973e-19
5.571251e-19
5.521797e-19
5.472609e-19
5.423687e-19
5.375029e-19
5.326634e-19
5.278501e-19
5.230629e-19
5.183015e-19
5.135660e-19
5.088563e-19
5.041721e-19
4.995133e-19
4.948799e-19
4.902718e-19
4.856888e-19
4.811308e-19
4.765976e-19
4.720893e-19
4.676056e-19
4.631465e-19
4.587118e-19
4.543015e-19
4.499153e-19
4.455533e-19
4.412153e-19
4.369012e-19
4.326109e-19
4.283442e-19
4.241011e-19
4.198815e-19
4.156852e-19
4.115122e-19
4.073624e-19
4.032356e-19
3.991317e-19
3.950507e-19
3.909924e-19
3.869568e-19
3.829437e-19
3.789531e-19
3.749848e-19
3.710388e-19
3.671149e-19
3.632131e-19
3.593332e-19
3.554753e-19
3.516391e-19
3.478246e-19
3.440317e-19
3.402603e-19
3.365103e-19
3.327816e-19
3.290742e-19
3.253879e-19
3.217228e-19
3.180786e-19
3.144552e-19
3.108528e-19
3.072710e-19
3.037099e-19
3.001694e-19
2.966493e-19
2.931497e-19
2.896704e-19
2.862114e-19
2.827726e-19
2.793538e-19
2.759552e-19
2.725764e-19
2.692176e-19
2.658786e-19
2.625594e-19
2.592598e-19
2.559798e-19
2.527194e-19
2.494785e-19
2.462570e-19
2.430549e-19
2.398721e-19
2.367085e-19
2.335640e-19
2.304387e-19
2.273325e-19
2.242452e-19
2.211769e-19
2.181275e-19
2.150969e-19
2.120851e-19
2.090921e-19
2.061177e-19
2.031619e-19
2.002248e-19
1.973062e-19
1.944061e-19
1.915244e-19
1.886612e-19
1.858163e-19
1.829897e-19
1.801815e-19
1.773914e-19
1.746196e-19
1.718660e-19
1.691305e-19
1.664131e-19
1.637138e-19
1.610325e-19
1.583693e-19
1.557240e-19
1.530967e-19
1.504874e-19
1.478959e-19
1.453223e-19
1.427666e-19
1.402287e-19
1.377087e-19
1.352064e-19
1.327220e-19
1.302553e-19
1.278064e-19
1.253752e-19
1.229617e-19
1.205660e-19
1.181879e-19
1.158276e-19
1.134850e-19
1.111601e-19
1.088528e-19
1.065633e-19
1.042914e-19
1.020372e-19
9.980068e-20
9.758187e-20
9.538074e-20
9.319731e-20
9.103159e-20
8.888358e-20
8.675329e-20
8.464074e-20
8.254593e-20
8.046888e-20
7.840960e-20
7.636812e-20
7.434445e-20
7.233860e-20
7.035060e-20
6.838047e-20
6.642824e-20
6.449393e-20
6.257756e-20
6.067916e-20
5.879877e-20
5.693641e-20
5.509211e-20
5.326591e-20
5.145784e-20
4.966795e-20
4.789626e-20
4.614281e-20
4.440765e-20
4.269082e-20
4.099236e-20
3.931231e-20
3.765073e-20
3.600766e-20
3.438314e-20
3.277724e-20
3.118999e-20
2.962147e-20
2.807171e-20
2.654077e-20
2.502872e-20
2.353561e-20
2.206151e-20
2.060647e-20
1.917056e-20
1.775385e-20
1.635639e-20
1.497827e-20
1.361954e-20
1.228028e-20
1.096056e-20
9.660459e-21
8.380045e-21
7.119398e-21
5.878596e-21
4.657718e-21
3.456846e-21
2.276061e-21
1.115448e-21
-2.490760e-23
-1.144919e-21
-2.244498e-21
-3.323555e-21
-4.381999e-21
-5.419737e-21
-6.436674e-21
-7.432716e-21
-8.407764e-21
-9.361722e-21
-1.029449e-20
-1.120596e-20
-1.209604e-20
-1.296462e-20
-1.381159e-20
-1.463685e-20
-1.544029e-20
-1.622180e-20
-1.698126e-20
-1.771857e-20
-1.843361e-20
-1.912626e-20
-1.979641e-20
-2.044393e-20
-2.106872e-20
-2.167064e-20
-2.224958e-20
-2.280540e-20
-2.333799e-20
-2.384721e-20
-2.433294e-20
-2.479505e-20
-2.523340e-20
-2.564787e-20
-2.603832e-20
-2.640461e-20
-2.674661e-20
-2.706417e-20
-2.735716e-20
-2.762544e-20
-2.786887e-20
-2.808729e-20
-2.828057e-20
-2.844855e-20
-2.859110e-20
-2.870806e-20
-2.879928e-20
-2.886460e-20
-2.890388e-20
-2.891696e-20
-2.890368e-20
-2.886388e-20
-2.879741e-20
-2.870411e-20
-2.858382e-20
-2.843636e-20
-2.826158e-20
-2.805932e-20
-2.782940e-20
-2.757165e-20
-2.728592e-20
