-1.157079e-19
-1.154406e-19
-1.150593e-19
-1.145641e-19
-1.139550e-19
-1.132322e-19
-1.123956e-19
-1.114453e-19
-1.103815e-19
-1.092040e-19
-1.079131e-19
-1.065088e-19
-1.049911e-19
-1.033602e-19
-1.016160e-19
-9.975865e-20
-9.778824e-20
-9.570482e-20
-9.350846e-20
-9.119924e-20
-8.877723e-20
-8.624250e-20
-8.359514e-20
-8.083522e-20
-7.796281e-20
-7.497800e-20
-7.188087e-20
-6.867149e-20
-6.534995e-20
-6.191634e-20
-5.837073e-20
-5.471321e-20
-5.094387e-20
-4.706279e-20
-4.307006e-20
-3.896578e-20
-3.475002e-20
-3.042288e-20
-2.598446e-20
-2.143483e-20
-1.677411e-20
-1.200237e-20
-7.119729e-21
-2.126266e-21
2.977917e-21
8.192722e-21
1.351805e-20
1.895380e-20
2.449987e-20
3.015617e-20
3.592258e-20
4.179900e-20
4.778534e-20
5.388148e-20
6.008732e-20
6.640276e-20
7.282767e-20
7.936197e-20
8.600552e-20
9.275824e-20
9.961999e-20
1.065907e-19
1.136702e-19
1.208584e-19
1.281552e-19
1.355605e-19
1.430741e-19
1.506960e-19
1.584260e-19
1.662640e-19
1.742098e-19
1.822635e-19
1.904248e-19
1.986936e-19
2.070698e-19
2.155532e-19
2.241438e-19
2.328415e-19
2.416460e-19
2.505573e-19
2.595752e-19
2.686996e-19
2.779305e-19
2.872675e-19
2.967107e-19
3.062599e-19
3.159149e-19
3.256756e-19
3.355420e-19
3.455137e-19
3.555908e-19
3.657731e-19
3.760604e-19
3.864526e-19
3.969496e-19
4.075511e-19
4.182572e-19
4.290676e-19
4.399822e-19
4.510009e-19
4.621234e-19
4.733498e-19
4.846797e-19
4.961131e-19
5.076499e-19
5.192898e-19
5.310328e-19
5.428786e-19
5.548272e-19
5.668784e-19
5.790320e-19
5.912879e-19
6.036459e-19
6.161059e-19
6.286677e-19
6.413312e-19
6.540962e-19
6.669625e-19
6.799301e-19
6.929986e-19
7.061681e-19
7.194383e-19
7.328091e-19
7.462802e-19
7.598516e-19
7.735231e-19
7.872945e-19
8.011657e-19
8.151365e-19
8.292067e-19
8.433761e-19
8.576447e-19
8.720122e-19
8.864784e-19
9.010433e-19
9.157066e-19
9.304681e-19
9.453278e-19
9.602853e-19
9.753407e-19
9.904936e-19
1.005744e-18
1.021091e-18
1.036536e-18
1.052077e-18
1.067716e-18
1.083450e-18
1.099282e-18
1.115209e-18
1.131232e-18
1.147351e-18
1.163566e-18
1.179876e-18
1.196282e-18
1.212782e-18
1.229378e-18
1.246068e-18
1.262853e-18
1.279732e-18
1.296706e-18
1.313773e-18
1.330935e-18
1.348190e-18
1.365538e-18
1.382980e-18
1.400515e-18
1.418142e-18
1.435863e-18
1.453676e-18
1.471581e-18
1.489578e-18
1.507668e-18
1.525849e-18
1.544122e-18
1.562486e-18
1.580941e-18
1.599487e-18
1.618124e-18
1.636852e-18
1.655670e-18
1.674579e-18
1.693577e-18
1.712665e-18
1.731843e-18
1.751110e-18
1.770466e-18
1.789912e-18
1.809446e-18
1.829069e-18
1.848780e-18
1.868580e-18
1.888467e-18
1.908443e-18
1.928506e-18
1.948656e-18
1.968894e-18
1.989219e-18
2.009630e-18
2.030128e-18
2.050713e-18
2.071383e-18
2.092140e-18
2.112982e-18
2.133910e-18
2.154923e-18
2.176022e-18
2.197205e-18
2.218473e-18
2.239826e-18
2.261263e-18
2.282784e-18
2.304389e-18
2.326077e-18
2.347849e-18
2.369704e-18
2.391642e-18
2.413663e-18
2.435767e-18
2.457953e-18
2.480221e-18
2.502571e-18
2.525003e-18
2.547516e-18
2.570111e-18
2.592786e-18
2.615543e-18
2.638380e-18
2.661297e-18
2.684295e-18
2.707373e-18
2.730530e-18
2.753767e-18
2.777083e-18
2.800478e-18
2.823952e-18
2.847505e-18
2.871136e-18
2.894845e-18
2.918633e-18
2.942498e-18
2.966440e-18
2.990460e-18
3.014556e-18
3.038730e-18
3.062980e-18
3.087306e-18
3.111708e-18
3.136187e-18
3.160741e-18
3.185370e-18
3.210075e-18
3.234854e-18
3.259709e-18
3.284637e-18
3.309640e-18
3.334717e-18
3.359868e-18
3.385092e-18
3.410390e-18
3.435760e-18
3.461204e-18
3.486720e-18
3.512308e-18
3.537969e-18
3.563701e-18
3.589505e-18
3.615381e-18
3.641327e-18
3.667345e-18
3.693433e-18
3.719592e-18
3.745820e-18
3.772119e-18
3.798487e-18
3.824925e-18
3.851432e-18
3.878008e-18
3.904653e-18
3.931366e-18
3.958148e-18
3.984997e-18
4.011914e-18
4.038899e-18
4.065950e-18
4.093069e-18
4.120255e-18
4.147507e-18
4.174825e-18
4.202209e-18
4.229659e-18
4.257175e-18
4.284755e-18
4.312401e-18
4.340111e-18
4.367886e-18
4.395725e-18
4.423628e-18
4.451594e-18
4.479624e-18
4.507717e-18
4.535874e-18
4.564092e-18
4.592374e-18
4.620717e-18
4.649122e-18
4.677589e-18
4.706117e-18
4.734707e-18
4.763357e-18
4.792068e-18
4.820839e-18
4.849670e-18
4.878561e-18
4.907511e-18
4.936521e-18
4.965590e-18
4.994717e-18
5.023903e-18
5.053147e-18
5.082449e-18
5.111809e-18
5.141226e-18
5.170700e-18
5.200232e-18
5.229819e-18
5.259463e-18
5.289164e-18
5.318920e-18
5.348731e-18
5.378598e-18
5.408519e-18
5.438496e-18
5.468526e-18
5.498611e-18
5.528750e-18
5.558943e-18
5.589188e-18
5.619487e-18
5.649839e-18
5.680243e-18
5.710699e-18
5.741207e-18
5.771767e-18
5.802378e-18
5.833041e-18
5.863754e-18
5.894518e-18
5.925332e-18
5.956196e-18
5.987109e-18
6.018073e-18
6.049085e-18
6.080146e-18
6.111256e-18
6.142414e-18
6.173619e-18
6.204873e-18
6.236174e-18
6.267522e-18
6.298918e-18
6.330359e-18
6.361847e-18
6.393381e-18
6.424961e-18
6.456586e-18
6.488256e-18
6.519971e-18
6.551730e-18
6.583534e-18
6.615382e-18
6.647273e-18
6.679208e-18
6.711186e-18
6.743206e-18
6.775269e-18
6.807375e-18
6.839522e-18
6.871710e-18
6.903940e-18
6.936212e-18
6.968523e-18
7.000875e-18
7.033268e-18
7.065700e-18
7.098171e-18
7.130682e-18
7.163232e-18
7.195820e-18
7.228447e-18
7.261111e-18
7.293813e-18
7.326553e-18
7.359330e-18
7.392143e-18
7.424993e-18
7.457880e-18
7.490802e-18
7.523759e-18
7.556752e-18
7.589780e-18
7.622842e-18
7.655939e-18
7.689070e-18
7.722234e-18
7.755432e-18
7.788663e-18
7.821926e-18
7.855223e-18
7.888551e-18
7.921911e-18
7.955303e-18
7.988725e-18
8.022179e-18
8.055663e-18
8.089178e-18
8.122722e-18
8.156296e-18
8.189900e-18
8.223532e-18
8.257193e-18
8.290883e-18
8.324600e-18
8.358345e-18
8.392118e-18
8.425917e-18
8.459743e-18
8.493596e-18
8.527475e-18
8.561379e-18
8.595309e-18
8.629265e-18
8.663245e-18
8.697249e-18
8.731278e-18
8.765330e-18
8.799406e-18
8.833505e-18
8.867627e-18
8.901771e-18
8.935938e-18
8.970126e-18
9.004336e-18
9.038567e-18
9.072819e-18
9.107091e-18
9.141384e-18
9.175697e-18
9.210029e-18
9.244380e-18
9.278750e-18
9.313139e-18
9.347545e-18
9.381970e-18
9.416412e-18
9.450872e-18
9.485348e-18
9.519840e-18
9.554349e-18
9.588874e-18
9.623414e-18
9.657969e-18
9.692539e-18
9.727124e-18
9.761722e-18
9.796335e-18
9.830961e-18
9.865599e-18
9.900251e-18
9.934915e-18
9.969591e-18
1.000428e-17
1.003898e-17
1.007369e-17
1.010841e-17
1.014314e-17
1.017788e-17
1.021263e-17
1.024739e-17
1.028216e-17
1.031694e-17
1.035172e-17
1.038652e-17
1.042132e-17
1.045613e-17
1.049094e-17
1.052576e-17
1.056059e-17
1.059543e-17
1.063026e-17
1.066511e-17
1.069996e-17
1.073481e-17
1.076967e-17
1.080453e-17
1.083939e-17
1.087426e-17
1.090913e-17
1.094400e-17
1.097887e-17
1.101375e-17
1.104862e-17
1.108350e-17
1.111837e-17
1.115325e-17
1.118813e-17
1.122300e-17
1.125788e-17
1.129275e-17
1.132762e-17
1.136249e-17
1.139736e-17
1.143222e-17
1.146709e-17
1.150194e-17
1.153680e-17
1.157164e-17
1.160649e-17
1.164133e-17
1.167616e-17
1.171099e-17
1.174581e-17
1.178063e-17
1.181543e-17
1.185023e-17
1.188503e-17
1.191981e-17
1.195459e-17
1.198936e-17
1.202412e-17
1.205886e-17
1.209360e-17
1.212833e-17
1.216305e-17
1.219776e-17
1.223245e-17
1.226714e-17
1.230181e-17
1.233647e-17
1.237112e-17
1.240575e-17
1.244037e-17
1.247497e-17
1.250956e-17
1.254414e-17
1.257870e-17
1.261325e-17
1.264778e-17
1.268229e-17
1.271679e-17
1.275127e-17
1.278573e-17
1.282017e-17
1.285460e-17
1.288900e-17
1.292339e-17
1.295776e-17
1.299211e-17
1.302644e-17
1.306075e-17
1.309504e-17
1.312930e-17
1.316355e-17
1.319777e-17
1.323197e-17
1.326615e-17
1.330030e-17
1.333443e-17
1.336854e-17
1.340262e-17
1.343668e-17
1.347071e-17
1.350471e-17
1.353870e-17
1.357265e-17
1.360658e-17
1.364048e-17
1.367435e-17
1.370820e-17
1.374201e-17
1.377580e-17
1.380956e-17
1.384329e-17
1.387699e-17
1.391066e-17
1.394430e-17
1.397791e-17
1.401148e-17
1.404503e-17
1.407854e-17
1.411202e-17
1.414547e-17
1.417888e-17
1.421226e-17
1.424561e-17
1.427892e-17
1.431220e-17
1.434544e-17
1.437864e-17
1.441181e-17
1.444495e-17
1.447804e-17
1.451110e-17
1.454412e-17
1.457711e-17
1.461005e-17
1.464296e-17
1.467582e-17
1.470865e-17
1.474144e-17
1.477418e-17
1.480689e-17
1.483955e-17
1.487218e-17
1.490476e-17
1.493729e-17
1.496979e-17
1.500224e-17
1.503465e-17
1.506702e-17
1.509934e-17
1.513161e-17
1.516384e-17
1.519603e-17
1.522816e-17
1.526026e-17
1.529230e-17
1.532430e-17
1.535625e-17
1.538815e-17
1.542001e-17
1.545181e-17
1.548357e-17
1.551528e-17
1.554693e-17
1.557854e-17
1.561010e-17
1.564160e-17
1.567306e-17
1.570446e-17
1.573581e-17
1.576710e-17
1.579834e-17
1.582953e-17
1.586067e-17
1.589175e-17
1.592278e-17
1.595375e-17
1.598467e-17
1.601553e-17
1.604633e-17
1.607708e-17
1.610777e-17
1.613840e-17
1.616898e-17
1.619949e-17
1.622995e-17
1.626035e-17
1.629069e-17
1.632097e-17
1.635119e-17
1.638135e-17
1.641144e-17
1.644148e-17
1.647145e-17
1.650137e-17
1.653122e-17
1.656100e-17
1.659073e-17
1.662038e-17
1.664998e-17
1.667951e-17
1.670898e-17
1.673838e-17
1.676771e-17
1.679698e-17
1.682618e-17
1.685532e-17
1.688439e-17
1.691339e-17
1.694232e-17
1.697118e-17
1.699998e-17
1.702870e-17
1.705736e-17
1.708594e-17
1.711446e-17
1.714290e-17
1.717128e-17
1.719958e-17
1.722781e-17
1.725597e-17
1.728405e-17
1.731206e-17
1.734000e-17
1.736787e-17
1.739566e-17
1.742337e-17
1.745101e-17
1.747858e-17
1.750607e-17
1.753348e-17
1.756082e-17
1.758807e-17
1.761526e-17
1.764236e-17
1.766939e-17
1.769634e-17
1.772320e-17
1.774999e-17
1.777670e-17
1.780333e-17
1.782988e-17
1.785635e-17
1.788274e-17
1.790905e-17
1.793527e-17
1.796142e-17
1.798748e-17
1.801345e-17
1.803935e-17
1.806516e-17
1.809088e-17
1.811652e-17
1.814208e-17
1.816755e-17
1.819293e-17
1.821823e-17
1.824345e-17
1.826857e-17
1.829361e-17
1.831857e-17
1.834343e-17
1.836821e-17
1.839289e-17
1.841749e-17
1.844200e-17
1.846642e-17
1.849075e-17
1.851499e-17
1.853914e-17
1.856320e-17
1.858717e-17
1.861104e-17
1.863482e-17
1.865851e-17
1.868211e-17
1.870562e-17
1.872903e-17
1.875234e-17
1.877557e-17
1.879869e-17
1.882173e-17
1.884466e-17
1.886751e-17
1.889025e-17
1.891290e-17
1.893546e-17
1.895791e-17
1.898027e-17
1.900253e-17
1.902469e-17
1.904676e-17
1.906872e-17
1.909059e-17
1.911236e-17
1.913403e-17
1.915559e-17
1.917706e-17
1.919843e-17
1.921969e-17
1.924086e-17
1.926192e-17
1.928288e-17
1.930374e-17
1.932449e-17
1.934514e-17
1.936569e-17
1.938613e-17
1.940647e-17
1.942671e-17
1.944684e-17
1.946687e-17
1.948679e-17
1.950660e-17
1.952631e-17
1.954591e-17
1.956541e-17
1.958480e-17
1.960408e-17
1.962326e-17
1.964232e-17
1.966128e-17
1.968013e-17
1.969887e-17
1.971750e-17
1.973602e-17
1.975444e-17
1.977274e-17
1.979093e-17
1.980901e-17
1.982698e-17
1.984484e-17
1.986259e-17
1.988022e-17
1.989775e-17
1.991516e-17
1.993245e-17
1.994964e-17
1.996671e-17
1.998367e-17
2.000051e-17
2.001724e-17
2.003386e-17
2.005036e-17
2.006674e-17
2.008301e-17
2.009917e-17
2.011520e-17
2.013113e-17
2.014693e-17
2.016262e-17
2.017819e-17
2.019365e-17
2.020898e-17
2.022420e-17
2.023930e-17
2.025428e-17
2.026915e-17
2.028389e-17
2.029852e-17
2.031302e-17
2.032741e-17
2.034168e-17
2.035582e-17
2.036985e-17
2.038375e-17
2.039754e-17
2.041120e-17
2.042474e-17
2.043816e-17
2.045146e-17
2.046463e-17
2.047768e-17
2.049061e-17
2.050342e-17
2.051610e-17
2.052866e-17
2.054110e-17
2.055341e-17
2.056560e-17
2.057766e-17
2.058960e-17
2.060141e-17
2.061310e-17
2.062466e-17
2.063610e-17
2.064741e-17
2.065860e-17
2.066965e-17
2.068059e-17
2.069139e-17
2.070207e-17
2.071262e-17
2.072305e-17
2.073335e-17
2.074351e-17
2.075356e-17
2.076347e-17
2.077325e-17
2.078291e-17
2.079244e-17
2.080183e-17
2.081110e-17
2.082024e-17
2.082925e-17
2.083813e-17
2.084688e-17
2.085550e-17
2.086399e-17
2.087235e-17
2.088058e-17
2.088867e-17
2.089664e-17
2.090447e-17
2.091218e-17
2.091975e-17
2.092719e-17
2.093450e-17
2.094167e-17
2.094871e-17
2.095562e-17
2.096240e-17
2.096905e-17
2.097556e-17
2.098194e-17
2.098818e-17
2.099429e-17
2.100027e-17
2.100612e-17
2.101183e-17
2.101740e-17
2.102285e-17
2.102815e-17
2.103333e-17
2.103836e-17
2.104327e-17
2.104804e-17
2.105267e-17
2.105717e-17
2.106153e-17
2.106576e-17
2.106985e-17
2.107381e-17
2.107762e-17
2.108131e-17
2.108486e-17
2.108827e-17
2.109154e-17
2.109468e-17
2.109768e-17
2.110055e-17
2.110328e-17
2.110587e-17
2.110832e-17
2.111064e-17
2.111282e-17
2.111486e-17
2.111676e-17
2.111853e-17
2.112016e-17
2.112165e-17
2.112301e-17
2.112422e-17
2.112530e-17
2.112624e-17
2.112704e-17
2.112770e-17
2.112823e-17
2.112862e-17
2.112886e-17
2.112897e-17
2.112894e-17
2.112878e-17
2.112847e-17
2.112802e-17
2.112744e-17
2.112671e-17
2.112585e-17
2.112485e-17
2.112371e-17
2.112243e-17
2.112101e-17
2.111945e-17
2.111775e-17
2.111591e-17
2.111394e-17
2.111182e-17
2.110956e-17
2.110717e-17
2.110463e-17
2.110196e-17
2.109914e-17
2.109619e-17
2.109309e-17
2.108986e-17
2.108648e-17
2.108297e-17
2.107932e-17
2.107552e-17
2.107159e-17
2.106752e-17
2.106330e-17
2.105895e-17
2.105446e-17
2.104982e-17
2.104505e-17
2.104014e-17
2.103509e-17
2.102989e-17
2.102456e-17
2.101909e-17
2.101348e-17
2.100773e-17
2.100184e-17
2.099580e-17
2.098963e-17
2.098332e-17
2.097687e-17
2.097028e-17
2.096355e-17
2.095668e-17
2.094967e-17
2.094252e-17
2.093523e-17
2.092781e-17
2.092024e-17
2.091253e-17
2.090468e-17
2.089670e-17
2.088857e-17
2.088031e-17
2.087191e-17
2.086336e-17
2.085468e-17
2.084586e-17
2.083690e-17
2.082780e-17
2.081856e-17
2.080919e-17
2.079967e-17
2.079002e-17
2.078023e-17
2.077030e-17
2.076023e-17
2.075002e-17
2.073968e-17
2.072919e-17
2.071857e-17
2.070781e-17
2.069691e-17
2.068588e-17
2.067471e-17
2.066340e-17
2.065195e-17
2.064036e-17
2.062864e-17
2.061678e-17
2.060479e-17
2.059265e-17
2.058038e-17
2.056798e-17
2.055543e-17
2.054275e-17
2.052994e-17
2.051698e-17
2.050390e-17
2.049067e-17
2.047731e-17
2.046382e-17
2.045019e-17
2.043642e-17
2.042252e-17
2.040848e-17
2.039431e-17
2.038000e-17
2.036556e-17
2.035098e-17
2.033627e-17
2.032143e-17
2.030645e-17
2.029134e-17
2.027609e-17
2.026071e-17
2.024520e-17
2.022955e-17
2.021378e-17
2.019786e-17
2.018182e-17
2.016564e-17
2.014933e-17
2.013289e-17
2.011632e-17
2.009961e-17
2.008277e-17
2.006581e-17
2.004871e-17
2.003148e-17
2.001411e-17
1.999662e-17
1.997900e-17
1.996125e-17
1.994336e-17
1.992535e-17
1.990721e-17
1.988894e-17
1.987054e-17
1.985201e-17
1.983335e-17
1.981456e-17
1.979565e-17
1.977660e-17
1.975743e-17
1.973814e-17
1.971871e-17
1.969916e-17
1.967948e-17
1.965967e-17
1.963974e-17
1.961968e-17
1.959949e-17
1.957918e-17
1.955874e-17
1.953818e-17
1.951750e-17
1.949669e-17
1.947575e-17
1.945469e-17
1.943351e-17
1.941220e-17
1.939077e-17
1.936921e-17
1.934754e-17
1.932574e-17
1.930382e-17
1.928177e-17
1.925961e-17
1.923732e-17
1.921491e-17
1.919238e-17
1.916973e-17
1.914696e-17
1.912407e-17
1.910106e-17
1.907793e-17
1.905468e-17
1.903132e-17
1.900783e-17
1.898423e-17
1.896050e-17
1.893666e-17
1.891271e-17
1.888863e-17
1.886444e-17
1.884013e-17
1.881571e-17
1.879117e-17
1.876651e-17
1.874174e-17
1.871686e-17
1.869186e-17
1.866674e-17
1.864151e-17
1.861617e-17
1.859072e-17
1.856515e-17
1.853947e-17
1.851368e-17
1.848777e-17
1.846176e-17
1.843563e-17
1.840939e-17
1.838304e-17
1.835658e-17
1.833001e-17
1.830334e-17
1.827655e-17
1.824965e-17
1.822265e-17
1.819554e-17
1.816832e-17
1.814099e-17
1.811355e-17
1.808601e-17
1.805836e-17
1.803061e-17
1.800275e-17
1.797479e-17
1.794672e-17
1.791855e-17
1.789027e-17
1.786189e-17
1.783341e-17
1.780482e-17
1.777613e-17
1.774734e-17
1.771845e-17
1.768945e-17
1.766036e-17
1.763116e-17
1.760187e-17
1.757247e-17
1.754298e-17
1.751338e-17
1.748369e-17
1.745390e-17
1.742401e-17
1.739403e-17
1.736394e-17
1.733376e-17
1.730349e-17
1.727312e-17
1.724265e-17
1.721209e-17
1.718144e-17
1.715069e-17
1.711985e-17
1.708891e-17
1.705788e-17
1.702676e-17
1.699555e-17
1.696424e-17
1.693285e-17
1.690136e-17
1.686979e-17
1.683812e-17
1.680636e-17
1.677452e-17
1.674259e-17
1.671057e-17
1.667846e-17
1.664627e-17
1.661398e-17
1.658162e-17
1.654916e-17
1.651662e-17
1.648400e-17
1.645129e-17
1.641850e-17
1.638562e-17
1.635267e-17
1.631962e-17
1.628650e-17
1.625330e-17
1.622001e-17
1.618664e-17
1.615319e-17
1.611967e-17
1.608606e-17
1.605238e-17
1.601861e-17
1.598477e-17
1.595085e-17
1.591685e-17
1.588278e-17
1.584863e-17
1.581441e-17
1.578011e-17
1.574573e-17
1.571129e-17
1.567676e-17
1.564217e-17
1.560750e-17
1.557276e-17
1.553795e-17
1.550307e-17
1.546811e-17
1.543309e-17
1.539799e-17
1.536283e-17
1.532760e-17
1.529230e-17
1.525693e-17
1.522150e-17
1.518599e-17
1.515043e-17
1.511479e-17
1.507909e-17
1.504333e-17
1.500750e-17
1.497161e-17
1.493565e-17
1.489963e-17
1.486355e-17
1.482741e-17
1.479120e-17
1.475494e-17
1.471861e-17
1.468223e-17
1.464579e-17
1.460928e-17
1.457272e-17
1.453610e-17
1.449943e-17
1.446270e-17
1.442591e-17
1.438906e-17
1.435216e-17
1.431521e-17
1.427820e-17
1.424114e-17
1.420403e-17
1.416686e-17
1.412964e-17
1.409237e-17
1.405505e-17
1.401768e-17
1.398025e-17
1.394278e-17
1.390526e-17
1.386770e-17
1.383008e-17
1.379242e-17
1.375471e-17
1.371695e-17
1.367915e-17
1.364130e-17
1.360341e-17
1.356548e-17
1.352750e-17
1.348948e-17
1.345141e-17
1.341331e-17
1.337516e-17
1.333697e-17
1.329874e-17
1.326047e-17
1.322217e-17
1.318382e-17
1.314544e-17
1.310701e-17
1.306855e-17
1.303006e-17
1.299153e-17
1.295296e-17
1.291436e-17
1.287572e-17
1.283706e-17
1.279835e-17
1.275962e-17
1.272085e-17
1.268205e-17
1.264322e-17
1.260436e-17
1.256547e-17
1.252655e-17
1.248760e-17
1.244862e-17
1.240962e-17
1.237059e-17
1.233153e-17
1.229244e-17
1.225333e-17
1.221420e-17
1.217504e-17
1.213586e-17
1.209665e-17
1.205742e-17
1.201817e-17
1.197889e-17
1.193960e-17
1.190029e-17
1.186095e-17
1.182160e-17
1.178222e-17
1.174283e-17
1.170342e-17
1.166399e-17
1.162455e-17
1.158509e-17
1.154562e-17
1.150613e-17
1.146662e-17
1.142710e-17
1.138757e-17
1.134803e-17
1.130847e-17
1.126890e-17
1.122932e-17
1.118973e-17
1.115013e-17
1.111052e-17
1.107090e-17
1.103128e-17
1.099164e-17
1.095200e-17
1.091235e-17
1.087270e-17
1.083304e-17
1.079337e-17
1.075370e-17
1.071403e-17
1.067435e-17
1.063467e-17
1.059499e-17
1.055530e-17
1.051562e-17
1.047593e-17
1.043625e-17
1.039656e-17
1.035688e-17
1.031720e-17
1.027752e-17
1.023784e-17
1.019817e-17
1.015850e-17
1.011883e-17
1.007917e-17
1.003952e-17
9.999868e-18
9.960226e-18
9.920591e-18
9.880964e-18
9.841345e-18
9.801735e-18
9.762134e-18
9.722543e-18
9.682963e-18
9.643394e-18
9.603836e-18
9.564291e-18
9.524758e-18
9.485239e-18
9.445733e-18
9.406242e-18
9.366766e-18
9.327305e-18
9.287860e-18
9.248431e-18
9.209020e-18
9.169626e-18
9.130251e-18
9.090894e-18
9.051556e-18
9.012239e-18
8.972941e-18
8.933665e-18
8.894410e-18
8.855177e-18
8.815966e-18
8.776779e-18
8.737615e-18
8.698476e-18
8.659361e-18
8.620271e-18
8.581207e-18
8.542169e-18
8.503158e-18
8.464175e-18
8.425219e-18
8.386292e-18
8.347394e-18
8.308525e-18
8.269687e-18
8.230879e-18
8.192102e-18
8.153357e-18
8.114644e-18
8.075963e-18
8.037316e-18
7.998703e-18
7.960124e-18
7.921580e-18
7.883071e-18
7.844598e-18
7.806161e-18
7.767762e-18
7.729400e-18
7.691075e-18
7.652790e-18
7.614543e-18
7.576336e-18
7.538169e-18
7.500042e-18
7.461957e-18
7.423913e-18
7.385911e-18
7.347952e-18
7.310036e-18
7.272164e-18
7.234336e-18
7.196552e-18
7.158814e-18
7.121122e-18
7.083476e-18
7.045876e-18
7.008324e-18
6.970820e-18
6.933364e-18
6.895956e-18
6.858598e-18
6.821290e-18
6.784032e-18
6.746824e-18
6.709668e-18
6.672564e-18
6.635512e-18
6.598513e-18
6.561567e-18
6.524675e-18
6.487837e-18
6.451054e-18
6.414326e-18
6.377654e-18
6.341038e-18
6.304479e-18
6.267977e-18
6.231533e-18
6.195147e-18
6.158819e-18
6.122551e-18
6.086342e-18
6.050194e-18
6.014106e-18
5.978079e-18
5.942114e-18
5.906211e-18
5.870370e-18
5.834592e-18
5.798878e-18
5.763228e-18
5.727642e-18
5.692121e-18
5.656665e-18
5.621275e-18
5.585952e-18
5.550695e-18
5.515505e-18
5.480384e-18
5.445330e-18
5.410345e-18
5.375429e-18
5.340582e-18
5.305805e-18
5.271099e-18
5.236464e-18
5.201900e-18
5.167408e-18
5.132988e-18
5.098641e-18
5.064367e-18
5.030166e-18
4.996040e-18
4.961988e-18
4.928011e-18
4.894110e-18
4.860284e-18
4.826535e-18
4.792862e-18
4.759266e-18
4.725748e-18
4.692308e-18
4.658946e-18
4.625664e-18
4.592460e-18
4.559336e-18
4.526293e-18
4.493330e-18
4.460448e-18
4.427647e-18
4.394929e-18
4.362292e-18
4.329739e-18
4.297268e-18
4.264881e-18
4.232578e-18
4.200360e-18
4.168226e-18
4.136177e-18
4.104214e-18
4.072337e-18
4.040546e-18
4.008842e-18
3.977226e-18
3.945697e-18
3.914256e-18
3.882903e-18
3.851639e-18
3.820465e-18
3.789380e-18
3.758385e-18
3.727481e-18
3.696667e-18
3.665945e-18
3.635314e-18
3.604775e-18
3.574329e-18
3.543975e-18
3.513715e-18
3.483547e-18
3.453474e-18
3.423495e-18
3.393611e-18
3.363822e-18
3.334128e-18
3.304529e-18
3.275027e-18
3.245622e-18
3.216313e-18
3.187102e-18
3.157988e-18
3.128972e-18
3.100054e-18
3.071236e-18
3.042516e-18
3.013895e-18
2.985374e-18
2.956954e-18
2.928634e-18
2.900414e-18
2.872296e-18
2.844279e-18
2.816365e-18
2.788552e-18
2.760842e-18
2.733234e-18
2.705730e-18
2.678330e-18
2.651033e-18
2.623841e-18
2.596753e-18
2.569770e-18
2.542892e-18
2.516120e-18
2.489454e-18
2.462894e-18
2.436440e-18
2.410093e-18
2.383854e-18
2.357721e-18
2.331697e-18
2.305781e-18
2.279973e-18
2.254274e-18
2.228684e-18
2.203203e-18
2.177832e-18
2.152571e-18
2.127420e-18
2.102380e-18
2.077450e-18
2.052632e-18
2.027925e-18
2.003330e-18
1.978847e-18
1.954477e-18
1.930219e-18
1.906074e-18
1.882042e-18
1.858123e-18
1.834319e-18
1.810628e-18
1.787052e-18
1.763591e-18
1.740244e-18
1.717012e-18
1.693896e-18
1.670896e-18
1.648012e-18
1.625244e-18
1.602592e-18
1.580057e-18
1.557640e-18
1.535339e-18
1.513156e-18
1.491091e-18
1.469144e-18
1.447316e-18
1.425606e-18
1.404015e-18
1.382543e-18
1.361190e-18
1.339957e-18
1.318843e-18
1.297850e-18
1.276977e-18
1.256225e-18
1.235593e-18
1.215083e-18
1.194694e-18
1.174426e-18
1.154280e-18
1.134256e-18
1.114354e-18
1.094575e-18
1.074918e-18
1.055384e-18
1.035973e-18
1.016686e-18
9.975215e-19
9.784812e-19
9.595649e-19
9.407727e-19
9.221048e-19
9.035616e-19
8.851431e-19
8.668496e-19
8.486813e-19
8.306384e-19
8.127211e-19
7.949296e-19
7.772641e-19
7.597248e-19
7.423118e-19
7.250254e-19
7.078658e-19
6.908331e-19
6.739276e-19
6.571494e-19
6.404986e-19
6.239756e-19
6.075804e-19
5.913133e-19
5.751743e-19
5.591638e-19
5.432818e-19
5.275286e-19
5.119042e-19
4.964089e-19
4.810429e-19
4.658062e-19
4.506992e-19
4.357218e-19
4.208743e-19
4.061568e-19
3.915696e-19
3.771127e-19
3.627862e-19
3.485905e-19
3.345255e-19
3.205914e-19
3.067885e-19
2.931168e-19
2.795764e-19
2.661675e-19
2.528903e-19
2.397449e-19
2.267314e-19
2.138500e-19
2.011007e-19
1.884838e-19
1.759993e-19
1.636473e-19
1.514281e-19
1.393416e-19
1.273881e-19
1.155677e-19
1.038804e-19
9.232638e-20
8.090578e-20
6.961869e-20
5.846523e-20
4.744549e-20
3.655960e-20
2.580765e-20
1.518974e-20
4.705989e-21
-5.643515e-21
-1.585867e-20
-2.593938e-20
-3.588555e-20
-4.569708e-20
-5.537389e-20
-6.491588e-20
-7.432297e-20
-8.359506e-20
-9.273208e-20
-1.017339e-19
-1.106006e-19
-1.193318e-19
-1.279277e-19
-1.363882e-19
-1.447130e-19
-1.529023e-19
-1.609558e-19
-1.688736e-19
-1.766555e-19
-1.843016e-19
-1.918116e-19
-1.991857e-19
-2.064236e-19
-2.135254e-19
-2.204910e-19
-2.273204e-19
-2.340134e-19
-2.405700e-19
-2.469902e-19
-2.532740e-19
-2.594212e-19
-2.654318e-19
-2.713059e-19
-2.770432e-19
-2.826439e-19
-2.881078e-19
-2.934350e-19
-2.986254e-19
-3.036789e-19
-3.085955e-19
-3.133752e-19
-3.180179e-19
-3.225237e-19
-3.268925e-19
-3.311243e-19
-3.352190e-19
-3.391767e-19
-3.429972e-19
-3.466807e-19
-3.502270e-19
-3.536362e-19
-3.569083e-19
-3.600432e-19
-3.630409e-19
-3.659014e-19
-3.686247e-19
-3.712109e-19
-3.736598e-19
-3.759715e-19
-3.781461e-19
-3.801834e-19
-3.820836e-19
-3.838465e-19
-3.854722e-19
-3.869608e-19
-3.883122e-19
-3.895265e-19
-3.906035e-19
-3.915435e-19
-3.923463e-19
-3.930121e-19
-3.935407e-19
-3.939323e-19
-3.941868e-19
