4.164503e-20
4.181751e-20
4.216140e-20
4.267653e-20
4.336275e-20
4.421989e-20
4.524777e-20
4.644623e-20
4.781508e-20
4.935415e-20
5.106325e-20
5.294220e-20
5.499081e-20
5.720887e-20
5.959621e-20
6.215260e-20
6.487786e-20
6.777178e-20
7.083414e-20
7.406473e-20
7.746334e-20
8.102975e-20
8.476373e-20
8.866505e-20
9.273350e-20
9.696883e-20
1.013708e-19
1.059392e-19
1.106738e-19
1.155742e-19
1.206404e-19
1.258720e-19
1.312687e-19
1.368304e-19
1.425567e-19
1.484474e-19
1.545022e-19
1.607208e-19
1.671030e-19
1.736486e-19
1.803571e-19
1.872283e-19
1.942620e-19
2.014579e-19
2.088156e-19
2.163349e-19
2.240155e-19
2.318570e-19
2.398591e-19
2.480217e-19
2.563442e-19
2.648265e-19
2.734683e-19
2.822691e-19
2.912286e-19
3.003466e-19
3.096227e-19
3.190566e-19
3.286480e-19
3.383964e-19
3.483016e-19
3.583633e-19
3.685810e-19
3.789544e-19
3.894832e-19
4.001670e-19
4.110055e-19
4.219983e-19
4.331450e-19
4.444452e-19
4.558987e-19
4.675050e-19
4.792637e-19
4.911745e-19
5.032369e-19
5.154507e-19
5.278154e-19
5.403306e-19
5.529959e-19
5.658110e-19
5.787754e-19
5.918887e-19
6.051505e-19
6.185605e-19
6.321182e-19
6.458232e-19
6.596751e-19
6.736734e-19
6.878178e-19
7.021078e-19
7.165430e-19
7.311230e-19
7.458473e-19
7.607155e-19
7.757272e-19
7.908819e-19
8.061792e-19
8.216187e-19
8.371998e-19
8.529222e-19
8.687854e-19
8.847890e-19
9.009324e-19
9.172152e-19
9.336370e-19
9.501973e-19
9.668956e-19
9.837315e-19
1.000705e-18
1.017814e-18
1.035060e-18
1.052441e-18
1.069958e-18
1.087609e-18
1.105394e-18
1.123314e-18
1.141366e-18
1.159551e-18
1.177869e-18
1.196318e-18
1.214898e-18
1.233609e-18
1.252450e-18
1.271421e-18
1.290522e-18
1.309750e-18
1.329108e-18
1.348592e-18
1.368204e-18
1.387943e-18
1.407807e-18
1.427797e-18
1.447913e-18
1.468152e-18
1.488516e-18
1.509003e-18
1.529613e-18
1.550346e-18
1.571200e-18
1.592176e-18
1.613272e-18
1.634489e-18
1.655825e-18
1.677280e-18
1.698854e-18
1.720546e-18
1.742355e-18
1.764281e-18
1.786323e-18
1.808482e-18
1.830755e-18
1.853143e-18
1.875645e-18
1.898260e-18
1.920989e-18
1.943829e-18
1.966782e-18
1.989845e-18
2.013020e-18
2.036304e-18
2.059697e-18
2.083200e-18
2.106811e-18
2.130529e-18
2.154354e-18
2.178286e-18
2.202324e-18
2.226467e-18
2.250715e-18
2.275067e-18
2.299522e-18
2.324081e-18
2.348741e-18
2.373503e-18
2.398367e-18
2.423331e-18
2.448394e-18
2.473557e-18
2.498818e-18
2.524178e-18
2.549635e-18
2.575188e-18
2.600838e-18
2.626583e-18
2.652424e-18
2.678358e-18
2.704386e-18
2.730507e-18
2.756721e-18
2.783026e-18
2.809423e-18
2.835909e-18
2.862486e-18
2.889152e-18
2.915907e-18
2.942750e-18
2.969679e-18
2.996696e-18
3.023799e-18
3.050987e-18
3.078259e-18
3.105616e-18
3.133056e-18
3.160580e-18
3.188185e-18
3.215872e-18
3.243639e-18
3.271487e-18
3.299414e-18
3.327421e-18
3.355505e-18
3.383667e-18
3.411906e-18
3.440221e-18
3.468612e-18
3.497078e-18
3.525618e-18
3.554231e-18
3.582918e-18
3.611677e-18
3.640507e-18
3.669409e-18
3.698380e-18
3.727422e-18
3.756532e-18
3.785710e-18
3.814957e-18
3.844270e-18
3.873649e-18
3.903094e-18
3.932604e-18
3.962178e-18
3.991815e-18
4.021516e-18
4.051278e-18
4.081102e-18
4.110987e-18
4.140933e-18
4.170937e-18
4.201001e-18
4.231122e-18
4.261301e-18
4.291537e-18
4.321829e-18
4.352176e-18
4.382578e-18
4.413034e-18
4.443543e-18
4.474105e-18
4.504719e-18
4.535384e-18
4.566100e-18
4.596866e-18
4.627681e-18
4.658544e-18
4.689455e-18
4.720414e-18
4.751419e-18
4.782469e-18
4.813565e-18
4.844705e-18
4.875889e-18
4.907116e-18
4.938385e-18
4.969695e-18
5.001047e-18
5.032439e-18
5.063870e-18
5.095341e-18
5.126849e-18
5.158395e-18
5.189978e-18
5.221597e-18
5.253251e-18
5.284940e-18
5.316663e-18
5.348419e-18
5.380208e-18
5.412028e-18
5.443880e-18
5.475763e-18
5.507675e-18
5.539617e-18
5.571587e-18
5.603585e-18
5.635609e-18
5.667661e-18
5.699738e-18
5.731839e-18
5.763966e-18
5.796115e-18
5.828288e-18
5.860483e-18
5.892700e-18
5.924937e-18
5.957194e-18
5.989471e-18
6.021767e-18
6.054081e-18
6.086412e-18
6.118760e-18
6.151124e-18
6.183503e-18
6.215897e-18
6.248305e-18
6.280726e-18
6.313159e-18
6.345605e-18
6.378062e-18
6.410529e-18
6.443006e-18
6.475492e-18
6.507987e-18
6.540489e-18
6.572999e-18
6.605515e-18
6.638036e-18
6.670563e-18
6.703094e-18
6.735629e-18
6.768166e-18
6.800706e-18
6.833248e-18
6.865790e-18
6.898333e-18
6.930876e-18
6.963417e-18
6.995957e-18
7.028494e-18
7.061028e-18
7.093559e-18
7.126085e-18
7.158605e-18
7.191120e-18
7.223629e-18
7.256130e-18
7.288624e-18
7.321109e-18
7.353585e-18
7.386052e-18
7.418507e-18
7.450952e-18
7.483385e-18
7.515805e-18
7.548213e-18
7.580606e-18
7.612986e-18
7.645350e-18
7.677698e-18
7.710030e-18
7.742345e-18
7.774642e-18
7.806921e-18
7.839180e-18
7.871421e-18
7.903640e-18
7.935839e-18
7.968016e-18
8.000171e-18
8.032304e-18
8.064412e-18
8.096496e-18
8.128556e-18
8.160590e-18
8.192598e-18
8.224579e-18
8.256533e-18
8.288459e-18
8.320356e-18
8.352224e-18
8.384062e-18
8.415869e-18
8.447645e-18
8.479390e-18
8.511102e-18
8.542781e-18
8.574426e-18
8.606037e-18
8.637613e-18
8.669153e-18
8.700658e-18
8.732125e-18
8.763556e-18
8.794948e-18
8.826301e-18
8.857616e-18
8.888890e-18
8.920124e-18
8.951317e-18
8.982469e-18
9.013578e-18
9.044644e-18
9.075667e-18
9.106646e-18
9.137580e-18
9.168469e-18
9.199312e-18
9.230109e-18
9.260859e-18
9.291561e-18
9.322215e-18
9.352820e-18
9.383376e-18
9.413882e-18
9.444337e-18
9.474741e-18
9.505094e-18
9.535394e-18
9.565642e-18
9.595836e-18
9.625976e-18
9.656062e-18
9.686092e-18
9.716067e-18
9.745986e-18
9.775848e-18
9.805653e-18
9.835399e-18
9.865088e-18
9.894717e-18
9.924287e-18
9.953797e-18
9.983246e-18
1.001263e-17
1.004196e-17
1.007122e-17
1.010042e-17
1.012956e-17
1.015864e-17
1.018765e-17
1.021659e-17
1.024547e-17
1.027428e-17
1.030303e-17
1.033171e-17
1.036032e-17
1.038887e-17
1.041734e-17
1.044575e-17
1.047408e-17
1.050235e-17
1.053055e-17
1.055867e-17
1.058672e-17
1.061470e-17
1.064261e-17
1.067045e-17
1.069821e-17
1.072590e-17
1.075351e-17
1.078105e-17
1.080851e-17
1.083589e-17
1.086320e-17
1.089044e-17
1.091759e-17
1.094467e-17
1.097167e-17
1.099859e-17
1.102543e-17
1.105219e-17
1.107886e-17
1.110546e-17
1.113198e-17
1.115842e-17
1.118477e-17
1.121104e-17
1.123723e-17
1.126333e-17
1.128935e-17
1.131529e-17
1.134114e-17
1.136691e-17
1.139259e-17
1.141818e-17
1.144369e-17
1.146911e-17
1.149444e-17
1.151969e-17
1.154484e-17
1.156991e-17
1.159489e-17
1.161978e-17
1.164458e-17
1.166929e-17
1.169391e-17
1.171843e-17
1.174287e-17
1.176721e-17
1.179146e-17
1.181562e-17
1.183969e-17
1.186366e-17
1.188753e-17
1.191132e-17
1.193501e-17
1.195860e-17
1.198210e-17
1.200550e-17
1.202880e-17
1.205201e-17
1.207513e-17
1.209814e-17
1.212106e-17
1.214388e-17
1.216660e-17
1.218922e-17
1.221174e-17
1.223416e-17
1.225649e-17
1.227871e-17
1.230083e-17
1.232285e-17
1.234478e-17
1.236659e-17
1.238831e-17
1.240993e-17
1.243144e-17
1.245285e-17
1.247416e-17
1.249536e-17
1.251646e-17
1.253745e-17
1.255834e-17
1.257913e-17
1.259981e-17
1.262039e-17
1.264086e-17
1.266122e-17
1.268148e-17
1.270163e-17
1.272167e-17
1.274161e-17
1.276144e-17
1.278116e-17
1.280078e-17
1.282028e-17
1.283968e-17
1.285897e-17
1.287815e-17
1.289722e-17
1.291618e-17
1.293503e-17
1.295377e-17
1.297240e-17
1.299092e-17
1.300933e-17
1.302763e-17
1.304582e-17
1.306389e-17
1.308186e-17
1.309971e-17
1.311745e-17
1.313507e-17
1.315259e-17
1.316999e-17
1.318728e-17
1.320445e-17
1.322151e-17
1.323846e-17
1.325529e-17
1.327201e-17
1.328861e-17
1.330510e-17
1.332148e-17
1.333774e-17
1.335388e-17
1.336991e-17
1.338582e-17
1.340162e-17
1.341730e-17
1.343287e-17
1.344832e-17
1.346365e-17
1.347886e-17
1.349396e-17
1.350894e-17
1.352381e-17
1.353855e-17
1.355318e-17
1.356769e-17
1.358209e-17
1.359636e-17
1.361052e-17
1.362456e-17
1.363848e-17
1.365228e-17
1.366596e-17
1.367953e-17
1.369297e-17
1.370630e-17
1.371951e-17
1.373259e-17
1.374556e-17
1.375841e-17
1.377114e-17
1.378375e-17
1.379623e-17
1.380860e-17
1.382085e-17
1.383298e-17
1.384499e-17
1.385687e-17
1.386864e-17
1.388028e-17
1.389181e-17
1.390321e-17
1.391449e-17
1.392566e-17
1.393670e-17
1.394762e-17
1.395841e-17
1.396909e-17
1.397965e-17
1.399008e-17
1.400039e-17
1.401058e-17
1.402065e-17
1.403060e-17
1.404043e-17
1.405013e-17
1.405971e-17
1.406917e-17
1.407851e-17
1.408772e-17
1.409682e-17
1.410579e-17
1.411464e-17
1.412337e-17
1.413197e-17
1.414046e-17
1.414882e-17
1.415705e-17
1.416517e-17
1.417317e-17
1.418104e-17
1.418879e-17
1.419641e-17
1.420392e-17
1.421130e-17
1.421856e-17
1.422570e-17
1.423272e-17
1.423961e-17
1.424638e-17
1.425303e-17
1.425956e-17
1.426596e-17
1.427224e-17
1.427840e-17
1.428444e-17
1.429036e-17
1.429615e-17
1.430182e-17
1.430737e-17
1.431280e-17
1.431810e-17
1.432329e-17
1.432835e-17
1.433329e-17
1.433811e-17
1.434280e-17
1.434738e-17
1.435183e-17
1.435617e-17
1.436038e-17
1.436446e-17
1.436843e-17
1.437228e-17
1.437600e-17
1.437961e-17
1.438309e-17
1.438645e-17
1.438970e-17
1.439282e-17
1.439582e-17
1.439870e-17
1.440145e-17
1.440409e-17
1.440661e-17
1.440901e-17
1.441129e-17
1.441344e-17
1.441548e-17
1.441740e-17
1.441920e-17
1.442088e-17
1.442244e-17
1.442388e-17
1.442520e-17
1.442640e-17
1.442748e-17
1.442845e-17
1.442929e-17
1.443002e-17
1.443063e-17
1.443112e-17
1.443149e-17
1.443174e-17
1.443188e-17
1.443190e-17
1.443180e-17
1.443158e-17
1.443125e-17
1.443079e-17
1.443023e-17
1.442954e-17
1.442874e-17
1.442782e-17
1.442678e-17
1.442563e-17
1.442437e-17
1.442298e-17
1.442149e-17
1.441987e-17
1.441814e-17
1.441630e-17
1.441434e-17
1.441226e-17
1.441008e-17
1.440777e-17
1.440535e-17
1.440282e-17
1.440018e-17
1.439742e-17
1.439455e-17
1.439156e-17
1.438846e-17
1.438525e-17
1.438193e-17
1.437849e-17
1.437494e-17
1.437128e-17
1.436751e-17
1.436362e-17
1.435963e-17
1.435552e-17
1.435130e-17
1.434698e-17
1.434254e-17
1.433799e-17
1.433333e-17
1.432856e-17
1.432368e-17
1.431869e-17
1.431360e-17
1.430839e-17
1.430308e-17
1.429765e-17
1.429212e-17
1.428648e-17
1.428074e-17
1.427488e-17
1.426892e-17
1.426285e-17
1.425668e-17
1.425040e-17
1.424401e-17
1.423752e-17
1.423092e-17
1.422422e-17
1.421741e-17
1.421049e-17
1.420347e-17
1.419635e-17
1.418912e-17
1.418179e-17
1.417436e-17
1.416682e-17
1.415918e-17
1.415144e-17
1.414359e-17
1.413564e-17
1.412759e-17
1.411944e-17
1.411119e-17
1.410284e-17
1.409438e-17
1.408583e-17
1.407717e-17
1.406842e-17
1.405957e-17
1.405061e-17
1.404156e-17
1.403241e-17
1.402316e-17
1.401381e-17
1.400437e-17
1.399483e-17
1.398519e-17
1.397545e-17
1.396562e-17
1.395569e-17
1.394567e-17
1.393554e-17
1.392533e-17
1.391502e-17
1.390461e-17
1.389411e-17
1.388352e-17
1.387283e-17
1.386205e-17
1.385118e-17
1.384021e-17
1.382915e-17
1.381800e-17
1.380676e-17
1.379542e-17
1.378400e-17
1.377248e-17
1.376088e-17
1.374918e-17
1.373739e-17
1.372552e-17
1.371355e-17
1.370150e-17
1.368936e-17
1.367712e-17
1.366481e-17
1.365240e-17
1.363991e-17
1.362733e-17
1.361466e-17
1.360191e-17
1.358907e-17
1.357615e-17
1.356314e-17
1.355005e-17
1.353687e-17
1.352361e-17
1.351027e-17
1.349684e-17
1.348333e-17
1.346974e-17
1.345606e-17
1.344231e-17
1.342847e-17
1.341455e-17
1.340055e-17
1.338647e-17
1.337230e-17
1.335806e-17
1.334374e-17
1.332934e-17
1.331487e-17
1.330031e-17
1.328568e-17
1.327097e-17
1.325618e-17
1.324131e-17
1.322637e-17
1.321135e-17
1.319626e-17
1.318109e-17
1.316585e-17
1.315053e-17
1.313514e-17
1.311967e-17
1.310413e-17
1.308852e-17
1.307284e-17
1.305708e-17
1.304125e-17
1.302535e-17
1.300938e-17
1.299333e-17
1.297722e-17
1.296104e-17
1.294478e-17
1.292846e-17
1.291207e-17
1.289561e-17
1.287908e-17
1.286249e-17
1.284582e-17
1.282909e-17
1.281230e-17
1.279543e-17
1.277850e-17
1.276151e-17
1.274445e-17
1.272733e-17
1.271014e-17
1.269288e-17
1.267557e-17
1.265819e-17
1.264075e-17
1.262324e-17
1.260567e-17
1.258805e-17
1.257036e-17
1.255261e-17
1.253480e-17
1.251692e-17
1.249899e-17
1.248100e-17
1.246295e-17
1.244485e-17
1.242668e-17
1.240846e-17
1.239018e-17
1.237184e-17
1.235345e-17
1.233500e-17
1.231649e-17
1.229793e-17
1.227931e-17
1.226064e-17
1.224191e-17
1.222313e-17
1.220430e-17
1.218541e-17
1.216648e-17
1.214748e-17
1.212844e-17
1.210935e-17
1.209020e-17
1.207100e-17
1.205176e-17
1.203246e-17
1.201311e-17
1.199372e-17
1.197427e-17
1.195478e-17
1.193524e-17
1.191565e-17
1.189602e-17
1.187633e-17
1.185660e-17
1.183683e-17
1.181701e-17
1.179714e-17
1.177723e-17
1.175728e-17
1.173728e-17
1.171723e-17
1.169715e-17
1.167702e-17
1.165684e-17
1.163663e-17
1.161637e-17
1.159608e-17
1.157574e-17
1.155536e-17
1.153494e-17
1.151448e-17
1.149398e-17
1.147344e-17
1.145287e-17
1.143225e-17
1.141160e-17
1.139091e-17
1.137018e-17
1.134942e-17
1.132861e-17
1.130778e-17
1.128691e-17
1.126600e-17
1.124505e-17
1.122408e-17
1.120307e-17
1.118202e-17
1.116094e-17
1.113983e-17
1.111869e-17
1.109751e-17
1.107630e-17
1.105506e-17
1.103379e-17
1.101249e-17
1.099116e-17
1.096980e-17
1.094841e-17
1.092699e-17
1.090554e-17
1.088406e-17
1.086255e-17
1.084102e-17
1.081946e-17
1.079787e-17
1.077626e-17
1.075462e-17
1.073295e-17
1.071126e-17
1.068954e-17
1.066780e-17
1.064603e-17
1.062424e-17
1.060243e-17
1.058059e-17
1.055873e-17
1.053685e-17
1.051494e-17
1.049302e-17
1.047107e-17
1.044910e-17
1.042711e-17
1.040510e-17
1.038307e-17
1.036102e-17
1.033895e-17
1.031686e-17
1.029475e-17
1.027263e-17
1.025048e-17
1.022832e-17
1.020614e-17
1.018395e-17
1.016174e-17
1.013951e-17
1.011727e-17
1.009501e-17
1.007273e-17
1.005044e-17
1.002814e-17
1.000582e-17
9.983493e-18
9.961149e-18
9.938792e-18
9.916422e-18
9.894039e-18
9.871645e-18
9.849239e-18
9.826822e-18
9.804393e-18
9.781954e-18
9.759505e-18
9.737046e-18
9.714577e-18
9.692099e-18
9.669612e-18
9.647116e-18
9.624612e-18
9.602100e-18
9.579580e-18
9.557053e-18
9.534519e-18
9.511978e-18
9.489431e-18
9.466878e-18
9.444319e-18
9.421755e-18
9.399185e-18
9.376611e-18
9.354033e-18
9.331450e-18
9.308864e-18
9.286274e-18
9.263681e-18
9.241085e-18
9.218486e-18
9.195886e-18
9.173283e-18
9.150679e-18
9.128073e-18
9.105467e-18
9.082860e-18
9.060252e-18
9.037645e-18
9.015037e-18
8.992431e-18
8.969824e-18
8.947220e-18
8.924616e-18
8.902014e-18
8.879415e-18
8.856817e-18
8.834223e-18
8.811631e-18
8.789042e-18
8.766457e-18
8.743875e-18
8.721298e-18
8.698725e-18
8.676157e-18
8.653593e-18
8.631035e-18
8.608482e-18
8.585936e-18
8.563395e-18
8.540860e-18
8.518332e-18
8.495811e-18
8.473297e-18
8.450791e-18
8.428292e-18
8.405801e-18
8.383319e-18
8.360845e-18
8.338380e-18
8.315924e-18
8.293477e-18
8.271040e-18
8.248613e-18
8.226195e-18
8.203789e-18
8.181392e-18
8.159007e-18
8.136633e-18
8.114270e-18
8.091919e-18
8.069580e-18
8.047254e-18
8.024939e-18
8.002637e-18
7.980349e-18
7.958073e-18
7.935811e-18
7.913562e-18
7.891327e-18
7.869107e-18
7.846901e-18
7.824710e-18
7.802533e-18
7.780372e-18
7.758226e-18
7.736095e-18
7.713980e-18
7.691882e-18
7.669800e-18
7.647734e-18
7.625685e-18
7.603653e-18
7.581638e-18
7.559641e-18
7.537661e-18
7.515699e-18
7.493756e-18
7.471830e-18
7.449923e-18
7.428035e-18
7.406166e-18
7.384316e-18
7.362486e-18
7.340675e-18
7.318884e-18
7.297113e-18
7.275362e-18
7.253632e-18
7.231922e-18
7.210233e-18
7.188566e-18
7.166919e-18
7.145295e-18
7.123691e-18
7.102110e-18
7.080551e-18
7.059014e-18
7.037499e-18
7.016007e-18
6.994538e-18
6.973092e-18
6.951670e-18
6.930270e-18
6.908895e-18
6.887543e-18
6.866215e-18
6.844911e-18
6.823632e-18
6.802377e-18
6.781147e-18
6.759941e-18
6.738761e-18
6.717606e-18
6.696477e-18
6.675373e-18
6.654295e-18
6.633242e-18
6.612216e-18
6.591216e-18
6.570243e-18
6.549296e-18
6.528376e-18
6.507483e-18
6.486616e-18
6.465778e-18
6.444966e-18
6.424182e-18
6.403426e-18
6.382698e-18
6.361998e-18
6.341326e-18
6.320682e-18
6.300067e-18
6.279480e-18
6.258922e-18
6.238394e-18
6.217894e-18
6.197423e-18
6.176982e-18
6.156570e-18
6.136188e-18
6.115836e-18
6.095514e-18
6.075221e-18
6.054959e-18
6.034728e-18
6.014526e-18
5.994356e-18
5.974216e-18
5.954106e-18
5.934028e-18
5.913981e-18
5.893965e-18
5.873981e-18
5.854028e-18
5.834107e-18
5.814217e-18
5.794359e-18
5.774533e-18
5.754740e-18
5.734978e-18
5.715249e-18
5.695552e-18
5.675888e-18
5.656256e-18
5.636657e-18
5.617091e-18
5.597558e-18
5.578058e-18
5.558591e-18
5.539157e-18
5.519757e-18
5.500390e-18
5.481057e-18
5.461758e-18
5.442492e-18
5.423261e-18
5.404063e-18
5.384899e-18
5.365770e-18
5.346674e-18
5.327613e-18
5.308587e-18
5.289595e-18
5.270638e-18
5.251715e-18
5.232827e-18
5.213974e-18
5.195156e-18
5.176373e-18
5.157625e-18
5.138912e-18
5.120235e-18
5.101593e-18
5.082986e-18
5.064415e-18
5.045879e-18
5.027379e-18
5.008915e-18
4.990487e-18
4.972094e-18
4.953737e-18
4.935417e-18
4.917132e-18
4.898884e-18
4.880671e-18
4.862495e-18
4.844356e-18
4.826252e-18
4.808186e-18
4.790155e-18
4.772161e-18
4.754204e-18
4.736284e-18
4.718400e-18
4.700553e-18
4.682742e-18
4.664969e-18
4.647233e-18
4.629533e-18
4.611871e-18
4.594245e-18
4.576657e-18
4.559106e-18
4.541592e-18
4.524116e-18
4.506677e-18
4.489275e-18
4.471910e-18
4.454583e-18
4.437293e-18
4.420041e-18
4.402827e-18
4.385650e-18
4.368510e-18
4.351408e-18
4.334344e-18
4.317318e-18
4.300329e-18
4.283378e-18
4.266465e-18
4.249590e-18
4.232752e-18
4.215953e-18
4.199191e-18
4.182468e-18
4.165782e-18
4.149134e-18
4.132524e-18
4.115952e-18
4.099419e-18
4.082923e-18
4.066466e-18
4.050046e-18
4.033665e-18
4.017321e-18
4.001016e-18
3.984750e-18
3.968521e-18
3.952330e-18
3.936178e-18
3.920064e-18
3.903988e-18
3.887950e-18
3.871951e-18
3.855989e-18
3.840066e-18
3.824182e-18
3.808335e-18
3.792527e-18
3.776757e-18
3.761026e-18
3.745332e-18
3.729677e-18
3.714061e-18
3.698482e-18
3.682942e-18
3.667440e-18
3.651976e-18
3.636551e-18
3.621164e-18
3.605815e-18
3.590505e-18
3.575232e-18
3.559998e-18
3.544802e-18
3.529645e-18
3.514525e-18
3.499444e-18
3.484401e-18
3.469397e-18
3.454430e-18
3.439502e-18
3.424612e-18
3.409760e-18
3.394946e-18
3.380170e-18
3.365432e-18
3.350733e-18
3.336071e-18
3.321448e-18
3.306862e-18
3.292315e-18
3.277805e-18
3.263334e-18
3.248901e-18
3.234505e-18
3.220147e-18
3.205828e-18
3.191546e-18
3.177302e-18
3.163096e-18
3.148928e-18
3.134797e-18
3.120704e-18
3.106649e-18
3.092632e-18
3.078652e-18
3.064710e-18
3.050806e-18
3.036939e-18
3.023110e-18
3.009318e-18
2.995564e-18
2.981847e-18
2.968168e-18
2.954526e-18
2.940922e-18
2.927355e-18
2.913825e-18
2.900332e-18
2.886877e-18
2.873459e-18
2.860078e-18
2.846735e-18
2.833428e-18
2.820159e-18
2.806926e-18
2.793731e-18
2.780572e-18
2.767451e-18
2.754366e-18
2.741318e-18
2.728307e-18
2.715333e-18
2.702396e-18
2.689495e-18
2.676631e-18
2.663803e-18
2.651013e-18
2.638258e-18
2.625540e-18
2.612859e-18
2.600214e-18
2.587605e-18
2.575033e-18
2.562497e-18
2.549997e-18
2.537534e-18
2.525107e-18
2.512715e-18
2.500360e-18
2.488041e-18
2.475758e-18
2.463510e-18
2.451299e-18
2.439124e-18
2.426984e-18
2.414880e-18
2.402812e-18
2.390779e-18
2.378782e-18
2.366820e-18
2.354894e-18
2.343004e-18
2.331149e-18
2.319329e-18
2.307545e-18
2.295796e-18
2.284082e-18
2.272403e-18
2.260760e-18
2.249151e-18
2.237578e-18
2.226039e-18
2.214536e-18
2.203067e-18
2.191633e-18
2.180234e-18
2.168870e-18
2.157540e-18
2.146245e-18
2.134985e-18
2.123759e-18
2.112567e-18
2.101410e-18
2.090288e-18
2.079199e-18
2.068145e-18
2.057126e-18
2.046140e-18
2.035189e-18
2.024271e-18
2.013388e-18
2.002538e-18
1.991723e-18
1.980941e-18
1.970193e-18
1.959479e-18
1.948799e-18
1.938152e-18
1.927539e-18
1.916959e-18
1.906413e-18
1.895900e-18
1.885421e-18
1.874975e-18
1.864563e-18
1.854183e-18
1.843837e-18
1.833524e-18
1.823244e-18
1.812997e-18
1.802783e-18
1.792602e-18
1.782454e-18
1.772339e-18
1.762257e-18
1.752207e-18
1.742190e-18
1.732205e-18
1.722253e-18
1.712334e-18
1.702447e-18
1.692593e-18
1.682770e-18
1.672981e-18
1.663223e-18
1.653498e-18
1.643805e-18
1.634144e-18
1.624515e-18
1.614918e-18
1.605353e-18
1.595820e-18
1.586319e-18
1.576849e-18
1.567412e-18
1.558006e-18
1.548632e-18
1.539289e-18
1.529979e-18
1.520699e-18
1.511451e-18
1.502235e-18
1.493050e-18
1.483896e-18
1.474773e-18
1.465682e-18
1.456622e-18
1.447593e-18
1.438596e-18
1.429629e-18
1.420693e-18
1.411789e-18
1.402915e-18
1.394072e-18
1.385260e-18
1.376479e-18
1.367728e-18
1.359009e-18
1.350319e-18
1.341661e-18
1.333033e-18
1.324436e-18
1.315869e-18
1.307332e-18
1.298826e-18
1.290351e-18
1.281905e-18
1.273490e-18
1.265105e-18
1.256751e-18
1.248426e-18
1.240132e-18
1.231868e-18
1.223633e-18
1.215429e-18
1.207255e-18
1.199111e-18
1.190996e-18
1.182912e-18
1.174857e-18
1.166832e-18
1.158837e-18
1.150871e-18
1.142936e-18
1.135029e-18
1.127153e-18
1.119306e-18
1.111488e-18
1.103700e-18
1.095942e-18
1.088213e-18
1.080513e-18
1.072843e-18
1.065202e-18
1.057590e-18
1.050008e-18
1.042455e-18
1.034931e-18
1.027436e-18
1.019971e-18
1.012535e-18
1.005127e-18
9.977492e-19
9.904001e-19
9.830800e-19
9.757889e-19
9.685269e-19
9.612937e-19
9.540895e-19
9.469142e-19
9.397678e-19
9.326502e-19
9.255615e-19
9.185016e-19
9.114705e-19
9.044681e-19
8.974945e-19
8.905497e-19
8.836335e-19
8.767461e-19
8.698873e-19
8.630572e-19
8.562557e-19
8.494828e-19
8.427385e-19
8.360229e-19
8.293358e-19
8.226772e-19
8.160473e-19
8.094458e-19
8.028729e-19
7.963284e-19
7.898125e-19
7.833250e-19
7.768661e-19
7.704355e-19
7.640335e-19
7.576598e-19
7.513147e-19
7.449979e-19
7.387095e-19
7.324496e-19
7.262181e-19
7.200150e-19
7.138402e-19
7.076939e-19
7.015760e-19
6.954864e-19
6.894252e-19
6.833924e-19
6.773880e-19
6.714119e-19
6.654643e-19
6.595450e-19
6.536541e-19
6.477915e-19
6.419574e-19
6.361516e-19
6.303742e-19
6.246253e-19
6.189047e-19
6.132125e-19
6.075487e-19
6.019134e-19
5.963064e-19
5.907279e-19
5.851779e-19
5.796563e-19
5.741631e-19
5.686985e-19
5.632623e-19
5.578546e-19
5.524754e-19
5.471247e-19
5.418026e-19
5.365090e-19
5.312440e-19
5.260075e-19
5.207997e-19
5.156205e-19
5.104699e-19
5.053479e-19
5.002546e-19
4.951900e-19
4.901542e-19
4.851470e-19
4.801687e-19
4.752190e-19
4.702982e-19
4.654063e-19
4.605431e-19
4.557089e-19
4.509035e-19
4.461271e-19
4.413797e-19
4.366612e-19
4.319717e-19
4.273113e-19
4.226800e-19
4.180778e-19
4.135047e-19
4.089608e-19
4.044461e-19
3.999606e-19
3.955044e-19
3.910775e-19
3.866800e-19
3.823118e-19
3.779731e-19
3.736638e-19
3.693841e-19
3.651338e-19
3.609132e-19
3.567222e-19
3.525608e-19
3.484292e-19
3.443273e-19
3.402552e-19
3.362129e-19
3.322005e-19
3.282181e-19
3.242656e-19
3.203432e-19
3.164508e-19
3.125886e-19
3.087565e-19
3.049547e-19
3.011832e-19
2.974420e-19
2.937312e-19
2.900508e-19
2.864009e-19
2.827816e-19
2.791928e-19
2.756348e-19
2.721075e-19
2.686109e-19
2.651452e-19
2.617104e-19
2.583065e-19
2.549337e-19
2.515920e-19
2.482814e-19
2.450020e-19
2.417539e-19
2.385371e-19
2.353518e-19
2.321979e-19
2.290756e-19
2.259848e-19
2.229258e-19
2.198985e-19
2.169030e-19
2.139395e-19
2.110078e-19
2.081083e-19
2.052408e-19
2.024055e-19
1.996025e-19
1.968319e-19
1.940936e-19
1.913878e-19
1.887146e-19
1.860741e-19
1.834662e-19
1.808912e-19
1.783491e-19
1.758399e-19
1.733638e-19
1.709209e-19
1.685111e-19
1.661347e-19
1.637916e-19
1.614821e-19
1.592061e-19
1.569637e-19
1.547551e-19
1.525804e-19
1.504395e-19
1.483327e-19
1.462600e-19
1.442214e-19
1.422172e-19
1.402473e-19
1.383120e-19
1.364112e-19
1.345450e-19
1.327137e-19
1.309172e-19
1.291556e-19
1.274292e-19
1.257379e-19
1.240818e-19
1.224611e-19
1.208759e-19
1.193263e-19
1.178123e-19
1.163341e-19
1.148917e-19
1.134854e-19
1.121152e-19
1.107811e-19
1.094834e-19
1.082220e-19
1.069972e-19
1.058091e-19
1.046576e-19
1.035431e-19
1.024655e-19
1.014249e-19
1.004216e-19
9.945560e-20
9.852700e-20
9.763594e-20
9.678253e-20
9.596689e-20
9.518914e-20
9.444940e-20
9.374778e-20
9.308440e-20
9.245939e-20
9.187287e-20
9.132495e-20
9.081576e-20
9.034542e-20
8.991406e-20
8.952179e-20
8.916875e-20
8.885507e-20
8.858085e-20
8.834624e-20
8.815136e-20
8.799634e-20
8.788131e-20
8.780639e-20
8.777172e-20
8.777743e-20
