1.033422e-19
1.036320e-19
1.040349e-19
1.045510e-19
1.051803e-19
1.059226e-19
1.067779e-19
1.077463e-19
1.088277e-19
1.100220e-19
1.113292e-19
1.127493e-19
1.142822e-19
1.159279e-19
1.176864e-19
1.195576e-19
1.215415e-19
1.236380e-19
1.258472e-19
1.281688e-19
1.306030e-19
1.331496e-19
1.358086e-19
1.385800e-19
1.414637e-19
1.444596e-19
1.475678e-19
1.507880e-19
1.541204e-19
1.575649e-19
1.611213e-19
1.647896e-19
1.685698e-19
1.724619e-19
1.764656e-19
1.805811e-19
1.848082e-19
1.891469e-19
1.935970e-19
1.981587e-19
2.028316e-19
2.076159e-19
2.125114e-19
2.175181e-19
2.226359e-19
2.278647e-19
2.332045e-19
2.386551e-19
2.442166e-19
2.498888e-19
2.556716e-19
2.615650e-19
2.675690e-19
2.736833e-19
2.799080e-19
2.862430e-19
2.926881e-19
2.992434e-19
3.059087e-19
3.126839e-19
3.195689e-19
3.265637e-19
3.336682e-19
3.408823e-19
3.482058e-19
3.556388e-19
3.631811e-19
3.708326e-19
3.785932e-19
3.864629e-19
3.944415e-19
4.025290e-19
4.107252e-19
4.190301e-19
4.274435e-19
4.359654e-19
4.445956e-19
4.533340e-19
4.621807e-19
4.711353e-19
4.801979e-19
4.893684e-19
4.986465e-19
5.080323e-19
5.175256e-19
5.271263e-19
5.368343e-19
5.466495e-19
5.565717e-19
5.666010e-19
5.767370e-19
5.869798e-19
5.973292e-19
6.077851e-19
6.183474e-19
6.290160e-19
6.397907e-19
6.506714e-19
6.616580e-19
6.727504e-19
6.839485e-19
6.952521e-19
7.066611e-19
7.181754e-19
7.297949e-19
7.415194e-19
7.533488e-19
7.652830e-19
7.773218e-19
7.894651e-19
8.017129e-19
8.140648e-19
8.265209e-19
8.390810e-19
8.517449e-19
8.645126e-19
8.773838e-19
8.903584e-19
9.034364e-19
9.166175e-19
9.299016e-19
9.432886e-19
9.567783e-19
9.703706e-19
9.840654e-19
9.978625e-19
1.011762e-18
1.025763e-18
1.039866e-18
1.054071e-18
1.068377e-18
1.082785e-18
1.097294e-18
1.111904e-18
1.126615e-18
1.141427e-18
1.156340e-18
1.171353e-18
1.186466e-18
1.201680e-18
1.216994e-18
1.232407e-18
1.247920e-18
1.263533e-18
1.279245e-18
1.295056e-18
1.310967e-18
1.326976e-18
1.343084e-18
1.359291e-18
1.375596e-18
1.391999e-18
1.408500e-18
1.425099e-18
1.441796e-18
1.458591e-18
1.475483e-18
1.492472e-18
1.509558e-18
1.526741e-18
1.544020e-18
1.561397e-18
1.578869e-18
1.596438e-18
1.614102e-18
1.631863e-18
1.649719e-18
1.667670e-18
1.685717e-18
1.703859e-18
1.722096e-18
1.740427e-18
1.758853e-18
1.777374e-18
1.795988e-18
1.814697e-18
1.833499e-18
1.852395e-18
1.871384e-18
1.890466e-18
1.909642e-18
1.928910e-18
1.948271e-18
1.967725e-18
1.987270e-18
2.006908e-18
2.026638e-18
2.046459e-18
2.066372e-18
2.086376e-18
2.106471e-18
2.126657e-18
2.146933e-18
2.167300e-18
2.187758e-18
2.208305e-18
2.228942e-18
2.249669e-18
2.270486e-18
2.291391e-18
2.312386e-18
2.333469e-18
2.354641e-18
2.375902e-18
2.397251e-18
2.418687e-18
2.440212e-18
2.461824e-18
2.483523e-18
2.505310e-18
2.527183e-18
2.549144e-18
2.571190e-18
2.593323e-18
2.615542e-18
2.637847e-18
2.660238e-18
2.682713e-18
2.705274e-18
2.727921e-18
2.750651e-18
2.773467e-18
2.796366e-18
2.819350e-18
2.842417e-18
2.865568e-18
2.888803e-18
2.912121e-18
2.935521e-18
2.959004e-18
2.982570e-18
3.006218e-18
3.029948e-18
3.053760e-18
3.077653e-18
3.101628e-18
3.125684e-18
3.149821e-18
3.174038e-18
3.198335e-18
3.222713e-18
3.247171e-18
3.271708e-18
3.296325e-18
3.321021e-18
3.345795e-18
3.370649e-18
3.395581e-18
3.420591e-18
3.445679e-18
3.470845e-18
3.496089e-18
3.521409e-18
3.546807e-18
3.572281e-18
3.597832e-18
3.623459e-18
3.649162e-18
3.674941e-18
3.700796e-18
3.726725e-18
3.752730e-18
3.778809e-18
3.804963e-18
3.831191e-18
3.857493e-18
3.883869e-18
3.910318e-18
3.936840e-18
3.963435e-18
3.990103e-18
4.016844e-18
4.043657e-18
4.070541e-18
4.097497e-18
4.124525e-18
4.151624e-18
4.178793e-18
4.206033e-18
4.233344e-18
4.260724e-18
4.288175e-18
4.315694e-18
4.343284e-18
4.370942e-18
4.398669e-18
4.426464e-18
4.454327e-18
4.482259e-18
4.510258e-18
4.538324e-18
4.566458e-18
4.594658e-18
4.622925e-18
4.651258e-18
4.679658e-18
4.708123e-18
4.736653e-18
4.765249e-18
4.793909e-18
4.822634e-18
4.851423e-18
4.880277e-18
4.909194e-18
4.938175e-18
4.967219e-18
4.996325e-18
5.025495e-18
5.054727e-18
5.084021e-18
5.113376e-18
5.142794e-18
5.172272e-18
5.201811e-18
5.231411e-18
5.261072e-18
5.290792e-18
5.320572e-18
5.350412e-18
5.380311e-18
5.410268e-18
5.440285e-18
5.470359e-18
5.500492e-18
5.530682e-18
5.560930e-18
5.591235e-18
5.621597e-18
5.652015e-18
5.682490e-18
5.713020e-18
5.743606e-18
5.774248e-18
5.804944e-18
5.835695e-18
5.866501e-18
5.897361e-18
5.928274e-18
5.959242e-18
5.990262e-18
6.021335e-18
6.052461e-18
6.083640e-18
6.114870e-18
6.146152e-18
6.177485e-18
6.208870e-18
6.240305e-18
6.271791e-18
6.303327e-18
6.334912e-18
6.366548e-18
6.398232e-18
6.429965e-18
6.461747e-18
6.493578e-18
6.525456e-18
6.557382e-18
6.589355e-18
6.621375e-18
6.653442e-18
6.685556e-18
6.717715e-18
6.749920e-18
6.782171e-18
6.814467e-18
6.846807e-18
6.879192e-18
6.911622e-18
6.944095e-18
6.976611e-18
7.009171e-18
7.041774e-18
7.074419e-18
7.107106e-18
7.139835e-18
7.172606e-18
7.205418e-18
7.238271e-18
7.271165e-18
7.304099e-18
7.337073e-18
7.370086e-18
7.403139e-18
7.436230e-18
7.469361e-18
7.502529e-18
7.535736e-18
7.568980e-18
7.602261e-18
7.635580e-18
7.668935e-18
7.702326e-18
7.735753e-18
7.769216e-18
7.802714e-18
7.836248e-18
7.869815e-18
7.903417e-18
7.937053e-18
7.970723e-18
8.004426e-18
8.038162e-18
8.071930e-18
8.105730e-18
8.139563e-18
8.173427e-18
8.207322e-18
8.241248e-18
8.275205e-18
8.309192e-18
8.343209e-18
8.377255e-18
8.411330e-18
8.445435e-18
8.479567e-18
8.513728e-18
8.547917e-18
8.582133e-18
8.616376e-18
8.650645e-18
8.684942e-18
8.719264e-18
8.753612e-18
8.787985e-18
8.822383e-18
8.856806e-18
8.891254e-18
8.925725e-18
8.960219e-18
8.994737e-18
9.029278e-18
9.063841e-18
9.098427e-18
9.133034e-18
9.167663e-18
9.202313e-18
9.236984e-18
9.271675e-18
9.306386e-18
9.341116e-18
9.375867e-18
9.410636e-18
9.445423e-18
9.480229e-18
9.515053e-18
9.549894e-18
9.584753e-18
9.619628e-18
9.654520e-18
9.689428e-18
9.724351e-18
9.759290e-18
9.794244e-18
9.829213e-18
9.864196e-18
9.899192e-18
9.934203e-18
9.969226e-18
1.000426e-17
1.003931e-17
1.007437e-17
1.010944e-17
1.014453e-17
1.017962e-17
1.021473e-17
1.024984e-17
1.028497e-17
1.032011e-17
1.035525e-17
1.039040e-17
1.042557e-17
1.046073e-17
1.049591e-17
1.053110e-17
1.056629e-17
1.060149e-17
1.063669e-17
1.067190e-17
1.070712e-17
1.074234e-17
1.077756e-17
1.081279e-17
1.084803e-17
1.088326e-17
1.091850e-17
1.095375e-17
1.098899e-17
1.102424e-17
1.105949e-17
1.109474e-17
1.112999e-17
1.116525e-17
1.120050e-17
1.123575e-17
1.127100e-17
1.130626e-17
1.134150e-17
1.137675e-17
1.141200e-17
1.144724e-17
1.148248e-17
1.151772e-17
1.155296e-17
1.158819e-17
1.162341e-17
1.165863e-17
1.169385e-17
1.172906e-17
1.176427e-17
1.179946e-17
1.183466e-17
1.186984e-17
1.190502e-17
1.194019e-17
1.197535e-17
1.201050e-17
1.204565e-17
1.208078e-17
1.211591e-17
1.215102e-17
1.218613e-17
1.222122e-17
1.225631e-17
1.229138e-17
1.232644e-17
1.236149e-17
1.239652e-17
1.243154e-17
1.246655e-17
1.250154e-17
1.253652e-17
1.257149e-17
1.260644e-17
1.264137e-17
1.267629e-17
1.271120e-17
1.274608e-17
1.278095e-17
1.281580e-17
1.285064e-17
1.288545e-17
1.292025e-17
1.295503e-17
1.298979e-17
1.302453e-17
1.305925e-17
1.309395e-17
1.312863e-17
1.316329e-17
1.319792e-17
1.323253e-17
1.326713e-17
1.330169e-17
1.333624e-17
1.337076e-17
1.340526e-17
1.343973e-17
1.347418e-17
1.350861e-17
1.354301e-17
1.357738e-17
1.361173e-17
1.364604e-17
1.368034e-17
1.371460e-17
1.374884e-17
1.378305e-17
1.381723e-17
1.385138e-17
1.388551e-17
1.391960e-17
1.395366e-17
1.398769e-17
1.402169e-17
1.405566e-17
1.408960e-17
1.412351e-17
1.415738e-17
1.419122e-17
1.422503e-17
1.425881e-17
1.429255e-17
1.432625e-17
1.435992e-17
1.439356e-17
1.442716e-17
1.446072e-17
1.449425e-17
1.452774e-17
1.456120e-17
1.459461e-17
1.462799e-17
1.466133e-17
1.469463e-17
1.472790e-17
1.476112e-17
1.479430e-17
1.482745e-17
1.486055e-17
1.489361e-17
1.492663e-17
1.495961e-17
1.499254e-17
1.502544e-17
1.505829e-17
1.509110e-17
1.512386e-17
1.515658e-17
1.518926e-17
1.522189e-17
1.525447e-17
1.528701e-17
1.531950e-17
1.535195e-17
1.538435e-17
1.541670e-17
1.544901e-17
1.548127e-17
1.551348e-17
1.554564e-17
1.557775e-17
1.560981e-17
1.564182e-17
1.567379e-17
1.570570e-17
1.573756e-17
1.576937e-17
1.580112e-17
1.583283e-17
1.586448e-17
1.589608e-17
1.592763e-17
1.595912e-17
1.599056e-17
1.602194e-17
1.605327e-17
1.608455e-17
1.611577e-17
1.614693e-17
1.617804e-17
1.620908e-17
1.624008e-17
1.627101e-17
1.630189e-17
1.633271e-17
1.636347e-17
1.639417e-17
1.642481e-17
1.645539e-17
1.648592e-17
1.651638e-17
1.654678e-17
1.657712e-17
1.660740e-17
1.663761e-17
1.666777e-17
1.669786e-17
1.672789e-17
1.675785e-17
1.678775e-17
1.681759e-17
1.684736e-17
1.687706e-17
1.690671e-17
1.693628e-17
1.696579e-17
1.699523e-17
1.702461e-17
1.705392e-17
1.708316e-17
1.711233e-17
1.714144e-17
1.717048e-17
1.719944e-17
1.722834e-17
1.725717e-17
1.728593e-17
1.731462e-17
1.734323e-17
1.737178e-17
1.740025e-17
1.742866e-17
1.745699e-17
1.748524e-17
1.751343e-17
1.754154e-17
1.756958e-17
1.759754e-17
1.762543e-17
1.765324e-17
1.768098e-17
1.770864e-17
1.773623e-17
1.776374e-17
1.779117e-17
1.781853e-17
1.784581e-17
1.787301e-17
1.790014e-17
1.792718e-17
1.795415e-17
1.798104e-17
1.800785e-17
1.803458e-17
1.806123e-17
1.808779e-17
1.811428e-17
1.814069e-17
1.816701e-17
1.819326e-17
1.821942e-17
1.824549e-17
1.827149e-17
1.829740e-17
1.832323e-17
1.834897e-17
1.837463e-17
1.840021e-17
1.842570e-17
1.845111e-17
1.847643e-17
1.850166e-17
1.852681e-17
1.855187e-17
1.857684e-17
1.860173e-17
1.862653e-17
1.865124e-17
1.867586e-17
1.870039e-17
1.872484e-17
1.874919e-17
1.877346e-17
1.879763e-17
1.882172e-17
1.884571e-17
1.886962e-17
1.889343e-17
1.891715e-17
1.894078e-17
1.896432e-17
1.898776e-17
1.901111e-17
1.903437e-17
1.905753e-17
1.908060e-17
1.910358e-17
1.912646e-17
1.914925e-17
1.917194e-17
1.919454e-17
1.921704e-17
1.923944e-17
1.926175e-17
1.928396e-17
1.930608e-17
1.932809e-17
1.935001e-17
1.937183e-17
1.939356e-17
1.941518e-17
1.943671e-17
1.945813e-17
1.947946e-17
1.950069e-17
1.952182e-17
1.954284e-17
1.956377e-17
1.958459e-17
1.960532e-17
1.962594e-17
1.964646e-17
1.966688e-17
1.968719e-17
1.970741e-17
1.972752e-17
1.974752e-17
1.976743e-17
1.978722e-17
1.980692e-17
1.982651e-17
1.984600e-17
1.986538e-17
1.988465e-17
1.990382e-17
1.992288e-17
1.994184e-17
1.996069e-17
1.997944e-17
1.999807e-17
2.001660e-17
2.003503e-17
2.005334e-17
2.007155e-17
2.008964e-17
2.010763e-17
2.012551e-17
2.014328e-17
2.016095e-17
2.017850e-17
2.019594e-17
2.021327e-17
2.023049e-17
2.024760e-17
2.026460e-17
2.028149e-17
2.029826e-17
2.031493e-17
2.033148e-17
2.034792e-17
2.036425e-17
2.038046e-17
2.039656e-17
2.041255e-17
2.042843e-17
2.044419e-17
2.045983e-17
2.047536e-17
2.049078e-17
2.050608e-17
2.052127e-17
2.053634e-17
2.055130e-17
2.056614e-17
2.058087e-17
2.059547e-17
2.060997e-17
2.062434e-17
2.063860e-17
2.065274e-17
2.066677e-17
2.068067e-17
2.069446e-17
2.070813e-17
2.072168e-17
2.073511e-17
2.074843e-17
2.076162e-17
2.077470e-17
2.078766e-17
2.080050e-17
2.081321e-17
2.082581e-17
2.083829e-17
2.085064e-17
2.086288e-17
2.087499e-17
2.088699e-17
2.089886e-17
2.091061e-17
2.092224e-17
2.093375e-17
2.094513e-17
2.095640e-17
2.096754e-17
2.097855e-17
2.098945e-17
2.100022e-17
2.101087e-17
2.102139e-17
2.103180e-17
2.104207e-17
2.105223e-17
2.106226e-17
2.107216e-17
2.108194e-17
2.109160e-17
2.110113e-17
2.111053e-17
2.111981e-17
2.112897e-17
2.113800e-17
2.114690e-17
2.115568e-17
2.116433e-17
2.117285e-17
2.118125e-17
2.118952e-17
2.119767e-17
2.120568e-17
2.121358e-17
2.122134e-17
2.122897e-17
2.123648e-17
2.124386e-17
2.125112e-17
2.125824e-17
2.126524e-17
2.127211e-17
2.127885e-17
2.128546e-17
2.129194e-17
2.129829e-17
2.130452e-17
2.131061e-17
2.131658e-17
2.132241e-17
2.132812e-17
2.133370e-17
2.133915e-17
2.134446e-17
2.134965e-17
2.135471e-17
2.135963e-17
2.136443e-17
2.136910e-17
2.137363e-17
2.137804e-17
2.138231e-17
2.138645e-17
2.139046e-17
2.139434e-17
2.139809e-17
2.140171e-17
2.140519e-17
2.140855e-17
2.141177e-17
2.141486e-17
2.141782e-17
2.142064e-17
2.142334e-17
2.142590e-17
2.142833e-17
2.143062e-17
2.143279e-17
2.143482e-17
2.143672e-17
2.143848e-17
2.144012e-17
2.144162e-17
2.144298e-17
2.144422e-17
2.144532e-17
2.144629e-17
2.144712e-17
2.144782e-17
2.144839e-17
2.144882e-17
2.144912e-17
2.144929e-17
2.144932e-17
2.144922e-17
2.144899e-17
2.144862e-17
2.144812e-17
2.144748e-17
2.144671e-17
2.144581e-17
2.144477e-17
2.144359e-17
2.144229e-17
2.144085e-17
2.143927e-17
2.143756e-17
2.143572e-17
2.143374e-17
2.143162e-17
2.142938e-17
2.142699e-17
2.142448e-17
2.142183e-17
2.141904e-17
2.141612e-17
2.141306e-17
2.140987e-17
2.140655e-17
2.140309e-17
2.139950e-17
2.139577e-17
2.139191e-17
2.138791e-17
2.138378e-17
2.137951e-17
2.137511e-17
2.137057e-17
2.136590e-17
2.136109e-17
2.135615e-17
2.135107e-17
2.134586e-17
2.134052e-17
2.133504e-17
2.132943e-17
2.132368e-17
2.131779e-17
2.131177e-17
2.130562e-17
2.129933e-17
2.129291e-17
2.128636e-17
2.127966e-17
2.127284e-17
2.126588e-17
2.125879e-17
2.125156e-17
2.124419e-17
2.123670e-17
2.122907e-17
2.122130e-17
2.121340e-17
2.120537e-17
2.119720e-17
2.118890e-17
2.118046e-17
2.117189e-17
2.116319e-17
2.115435e-17
2.114538e-17
2.113628e-17
2.112704e-17
2.111767e-17
2.110816e-17
2.109852e-17
2.108875e-17
2.107885e-17
2.106881e-17
2.105864e-17
2.104833e-17
2.103790e-17
2.102733e-17
2.101662e-17
2.100579e-17
2.099482e-17
2.098372e-17
2.097249e-17
2.096112e-17
2.094963e-17
2.093800e-17
2.092624e-17
2.091434e-17
2.090232e-17
2.089016e-17
2.087787e-17
2.086545e-17
2.085290e-17
2.084022e-17
2.082741e-17
2.081446e-17
2.080139e-17
2.078818e-17
2.077484e-17
2.076138e-17
2.074778e-17
2.073405e-17
2.072019e-17
2.070620e-17
2.069209e-17
2.067784e-17
2.066346e-17
2.064895e-17
2.063432e-17
2.061955e-17
2.060466e-17
2.058963e-17
2.057448e-17
2.055920e-17
2.054379e-17
2.052826e-17
2.051259e-17
2.049680e-17
2.048088e-17
2.046483e-17
2.044865e-17
2.043235e-17
2.041592e-17
2.039936e-17
2.038267e-17
2.036586e-17
2.034893e-17
2.033186e-17
2.031467e-17
2.029736e-17
2.027991e-17
2.026235e-17
2.024465e-17
2.022684e-17
2.020889e-17
2.019082e-17
2.017263e-17
2.015432e-17
2.013588e-17
2.011731e-17
2.009862e-17
2.007981e-17
2.006087e-17
2.004181e-17
2.002263e-17
2.000333e-17
1.998390e-17
1.996435e-17
1.994468e-17
1.992489e-17
1.990497e-17
1.988493e-17
1.986477e-17
1.984450e-17
1.982410e-17
1.980357e-17
1.978293e-17
1.976217e-17
1.974129e-17
1.972029e-17
1.969917e-17
1.967793e-17
1.965657e-17
1.963510e-17
1.961350e-17
1.959179e-17
1.956996e-17
1.954801e-17
1.952594e-17
1.950376e-17
1.948146e-17
1.945904e-17
1.943650e-17
1.941385e-17
1.939109e-17
1.936821e-17
1.934521e-17
1.932210e-17
1.929887e-17
1.927553e-17
1.925207e-17
1.922850e-17
1.920482e-17
1.918102e-17
1.915711e-17
1.913309e-17
1.910895e-17
1.908471e-17
1.906035e-17
1.903587e-17
1.901129e-17
1.898660e-17
1.896179e-17
1.893688e-17
1.891185e-17
1.888671e-17
1.886147e-17
1.883611e-17
1.881065e-17
1.878508e-17
1.875939e-17
1.873360e-17
1.870771e-17
1.868170e-17
1.865559e-17
1.862937e-17
1.860304e-17
1.857661e-17
1.855007e-17
1.852343e-17
1.849668e-17
1.846983e-17
1.844287e-17
1.841581e-17
1.838864e-17
1.836137e-17
1.833400e-17
1.830652e-17
1.827894e-17
1.825126e-17
1.822347e-17
1.819559e-17
1.816760e-17
1.813952e-17
1.811133e-17
1.808304e-17
1.805465e-17
1.802616e-17
1.799758e-17
1.796889e-17
1.794011e-17
1.791122e-17
1.788224e-17
1.785317e-17
1.782399e-17
1.779472e-17
1.776535e-17
1.773589e-17
1.770633e-17
1.767668e-17
1.764693e-17
1.761709e-17
1.758715e-17
1.755712e-17
1.752699e-17
1.749677e-17
1.746646e-17
1.743606e-17
1.740557e-17
1.737498e-17
1.734431e-17
1.731354e-17
1.728268e-17
1.725174e-17
1.722070e-17
1.718957e-17
1.715836e-17
1.712706e-17
1.709567e-17
1.706419e-17
1.703263e-17
1.700097e-17
1.696924e-17
1.693741e-17
1.690550e-17
1.687351e-17
1.684143e-17
1.680927e-17
1.677702e-17
1.674469e-17
1.671228e-17
1.667978e-17
1.664721e-17
1.661455e-17
1.658181e-17
1.654898e-17
1.651608e-17
1.648310e-17
1.645004e-17
1.641690e-17
1.638368e-17
1.635038e-17
1.631700e-17
1.628355e-17
1.625002e-17
1.621641e-17
1.618273e-17
1.614897e-17
1.611514e-17
1.608123e-17
1.604725e-17
1.601319e-17
1.597906e-17
1.594485e-17
1.591058e-17
1.587623e-17
1.584181e-17
1.580732e-17
1.577276e-17
1.573812e-17
1.570342e-17
1.566865e-17
1.563381e-17
1.559890e-17
1.556392e-17
1.552888e-17
1.549376e-17
1.545858e-17
1.542334e-17
1.538803e-17
1.535265e-17
1.531721e-17
1.528171e-17
1.524614e-17
1.521050e-17
1.517481e-17
1.513905e-17
1.510323e-17
1.506735e-17
1.503140e-17
1.499540e-17
1.495934e-17
1.492321e-17
1.488703e-17
1.485079e-17
1.481449e-17
1.477813e-17
1.474172e-17
1.470525e-17
1.466872e-17
1.463214e-17
1.459550e-17
1.455881e-17
1.452206e-17
1.448526e-17
1.444840e-17
1.441150e-17
1.437454e-17
1.433753e-17
1.430046e-17
1.426335e-17
1.422618e-17
1.418897e-17
1.415171e-17
1.411439e-17
1.407703e-17
1.403963e-17
1.400217e-17
1.396467e-17
1.392712e-17
1.388952e-17
1.385188e-17
1.381420e-17
1.377647e-17
1.373869e-17
1.370088e-17
1.366302e-17
1.362512e-17
1.358717e-17
1.354919e-17
1.351116e-17
1.347309e-17
1.343499e-17
1.339684e-17
1.335866e-17
1.332044e-17
1.328218e-17
1.324388e-17
1.320555e-17
1.316718e-17
1.312877e-17
1.309033e-17
1.305186e-17
1.301335e-17
1.297480e-17
1.293623e-17
1.289762e-17
1.285898e-17
1.282031e-17
1.278161e-17
1.274287e-17
1.270411e-17
1.266532e-17
1.262650e-17
1.258765e-17
1.254877e-17
1.250987e-17
1.247094e-17
1.243198e-17
1.239300e-17
1.235399e-17
1.231496e-17
1.227590e-17
1.223682e-17
1.219772e-17
1.215859e-17
1.211944e-17
1.208027e-17
1.204109e-17
1.200188e-17
1.196265e-17
1.192340e-17
1.188413e-17
1.184484e-17
1.180554e-17
1.176622e-17
1.172688e-17
1.168753e-17
1.164816e-17
1.160878e-17
1.156938e-17
1.152997e-17
1.149054e-17
1.145110e-17
1.141165e-17
1.137219e-17
1.133272e-17
1.129323e-17
1.125374e-17
1.121424e-17
1.117472e-17
1.113520e-17
1.109567e-17
1.105614e-17
1.101659e-17
1.097704e-17
1.093749e-17
1.089793e-17
1.085836e-17
1.081879e-17
1.077922e-17
1.073965e-17
1.070007e-17
1.066049e-17
1.062091e-17
1.058132e-17
1.054174e-17
1.050216e-17
1.046258e-17
1.042300e-17
1.038342e-17
1.034384e-17
1.030427e-17
1.026470e-17
1.022514e-17
1.018558e-17
1.014602e-17
1.010647e-17
1.006693e-17
1.002739e-17
9.987861e-18
9.948339e-18
9.908826e-18
9.869322e-18
9.829827e-18
9.790343e-18
9.750869e-18
9.711406e-18
9.671955e-18
9.632516e-18
9.593090e-18
9.553678e-18
9.514279e-18
9.474895e-18
9.435525e-18
9.396172e-18
9.356834e-18
9.317513e-18
9.278209e-18
9.238923e-18
9.199655e-18
9.160406e-18
9.121176e-18
9.081966e-18
9.042777e-18
9.003608e-18
8.964461e-18
8.925336e-18
8.886234e-18
8.847155e-18
8.808099e-18
8.769068e-18
8.730061e-18
8.691080e-18
8.652125e-18
8.613196e-18
8.574294e-18
8.535419e-18
8.496573e-18
8.457755e-18
8.418966e-18
8.380207e-18
8.341478e-18
8.302780e-18
8.264113e-18
8.225477e-18
8.186874e-18
8.148304e-18
8.109768e-18
8.071265e-18
8.032796e-18
7.994363e-18
7.955965e-18
7.917604e-18
7.879279e-18
7.840991e-18
7.802740e-18
7.764528e-18
7.726355e-18
7.688221e-18
7.650127e-18
7.612073e-18
7.574060e-18
7.536088e-18
7.498158e-18
7.460271e-18
7.422426e-18
7.384626e-18
7.346869e-18
7.309156e-18
7.271489e-18
7.233868e-18
7.196292e-18
7.158763e-18
7.121282e-18
7.083848e-18
7.046462e-18
7.009125e-18
6.971837e-18
6.934599e-18
6.897412e-18
6.860275e-18
6.823189e-18
6.786156e-18
6.749174e-18
6.712246e-18
6.675371e-18
6.638550e-18
6.601783e-18
6.565071e-18
6.528415e-18
6.491815e-18
6.455271e-18
6.418784e-18
6.382355e-18
6.345983e-18
6.309670e-18
6.273417e-18
6.237222e-18
6.201088e-18
6.165014e-18
6.129001e-18
6.093050e-18
6.057161e-18
6.021334e-18
5.985570e-18
5.949870e-18
5.914234e-18
5.878663e-18
5.843156e-18
5.807715e-18
5.772340e-18
5.737032e-18
5.701790e-18
5.666616e-18
5.631510e-18
5.596473e-18
5.561504e-18
5.526605e-18
5.491776e-18
5.457017e-18
5.422329e-18
5.387712e-18
5.353168e-18
5.318695e-18
5.284296e-18
5.249970e-18
5.215718e-18
5.181540e-18
5.147436e-18
5.113408e-18
5.079456e-18
5.045579e-18
5.011780e-18
4.978057e-18
4.944412e-18
4.910846e-18
4.877357e-18
4.843948e-18
4.810618e-18
4.777368e-18
4.744199e-18
4.711110e-18
4.678102e-18
4.645177e-18
4.612333e-18
4.579573e-18
4.546895e-18
4.514301e-18
4.481791e-18
4.449365e-18
4.417025e-18
4.384770e-18
4.352601e-18
4.320518e-18
4.288521e-18
4.256612e-18
4.224791e-18
4.193058e-18
4.161413e-18
4.129857e-18
4.098390e-18
4.067014e-18
4.035728e-18
4.004532e-18
3.973428e-18
3.942415e-18
3.911494e-18
3.880665e-18
3.849930e-18
3.819287e-18
3.788739e-18
3.758285e-18
3.727925e-18
3.697660e-18
3.667490e-18
3.637417e-18
3.607439e-18
3.577559e-18
3.547775e-18
3.518089e-18
3.488501e-18
3.459011e-18
3.429620e-18
3.400328e-18
3.371135e-18
3.342043e-18
3.313051e-18
3.284159e-18
3.255369e-18
3.226680e-18
3.198094e-18
3.169609e-18
3.141228e-18
3.112949e-18
3.084774e-18
3.056703e-18
3.028736e-18
3.000874e-18
2.973117e-18
2.945466e-18
2.917920e-18
2.890481e-18
2.863148e-18
2.835922e-18
2.808804e-18
2.781793e-18
2.754891e-18
2.728097e-18
2.701411e-18
2.674835e-18
2.648369e-18
2.622013e-18
2.595766e-18
2.569631e-18
2.543607e-18
2.517694e-18
2.491893e-18
2.466204e-18
2.440627e-18
2.415163e-18
2.389813e-18
2.364576e-18
2.339453e-18
2.314444e-18
2.289549e-18
2.264770e-18
2.240106e-18
2.215557e-18
2.191125e-18
2.166808e-18
2.142608e-18
2.118526e-18
2.094560e-18
2.070712e-18
2.046982e-18
2.023370e-18
1.999877e-18
1.976503e-18
1.953248e-18
1.930112e-18
1.907097e-18
1.884201e-18
1.861426e-18
1.838772e-18
1.816239e-18
1.793828e-18
1.771538e-18
1.749370e-18
1.727324e-18
1.705401e-18
1.683601e-18
1.661925e-18
1.640372e-18
1.618942e-18
1.597637e-18
1.576456e-18
1.555400e-18
1.534469e-18
1.513664e-18
1.492983e-18
1.472429e-18
1.452001e-18
1.431699e-18
1.411524e-18
1.391476e-18
1.371555e-18
1.351761e-18
1.332095e-18
1.312558e-18
1.293148e-18
1.273868e-18
1.254716e-18
1.235693e-18
1.216799e-18
1.198035e-18
1.179401e-18
1.160898e-18
1.142524e-18
1.124281e-18
1.106169e-18
1.088188e-18
1.070338e-18
1.052620e-18
1.035034e-18
1.017580e-18
1.000258e-18
9.830689e-19
9.660124e-19
9.490889e-19
9.322986e-19
9.156417e-19
8.991186e-19
8.827293e-19
8.664742e-19
8.503534e-19
8.343672e-19
8.185157e-19
8.027992e-19
7.872179e-19
7.717720e-19
7.564617e-19
7.412873e-19
7.262488e-19
7.113466e-19
6.965808e-19
6.819516e-19
6.674592e-19
6.531038e-19
6.388856e-19
6.248048e-19
6.108616e-19
5.970561e-19
5.833886e-19
5.698592e-19
5.564681e-19
5.432155e-19
5.301015e-19
5.171263e-19
5.042902e-19
4.915932e-19
4.790356e-19
4.666174e-19
4.543389e-19
4.422003e-19
4.302016e-19
4.183431e-19
4.066249e-19
3.950471e-19
3.836099e-19
3.723135e-19
3.611580e-19
3.501435e-19
3.392702e-19
3.285383e-19
3.179478e-19
3.074989e-19
2.971918e-19
2.870265e-19
2.770033e-19
2.671222e-19
2.573834e-19
2.477869e-19
2.383330e-19
2.290217e-19
2.198531e-19
2.108274e-19
2.019447e-19
1.932051e-19
1.846087e-19
1.761557e-19
1.678460e-19
1.596799e-19
1.516575e-19
1.437787e-19
1.360438e-19
1.284528e-19
1.210059e-19
1.137030e-19
1.065444e-19
9.953009e-20
9.266015e-20
8.593467e-20
7.935375e-20
7.291746e-20
6.662587e-20
6.047908e-20
5.447714e-20
4.862013e-20
4.290813e-20
3.734120e-20
3.191941e-20
2.664282e-20
2.151149e-20
1.652548e-20
1.168486e-20
6.989669e-21
2.439972e-21
-1.964182e-21
-6.222744e-21
-1.033567e-20
-1.430290e-20
-1.812441e-20
-2.180015e-20
-2.533007e-20
-2.871415e-20
-3.195235e-20
-3.504463e-20
-3.799096e-20
-4.079131e-20
-4.344567e-20
-4.595399e-20
-4.831626e-20
-5.053246e-20
-5.260256e-20
-5.452656e-20
-5.630443e-20
-5.793617e-20
-5.942176e-20
-6.076119e-20
-6.195446e-20
-6.300157e-20
-6.390250e-20
-6.465726e-20
-6.526586e-20
-6.572828e-20
-6.604455e-20
-6.621467e-20
