2.007212e-19
2.014227e-19
2.022186e-19
2.031088e-19
2.040934e-19
2.051722e-19
2.063452e-19
2.076123e-19
2.089734e-19
2.104286e-19
2.119776e-19
2.136206e-19
2.153573e-19
2.171878e-19
2.191119e-19
2.211296e-19
2.232409e-19
2.254456e-19
2.277437e-19
2.301351e-19
2.326197e-19
2.351976e-19
2.378685e-19
2.406324e-19
2.434893e-19
2.464390e-19
2.494815e-19
2.526168e-19
2.558447e-19
2.591651e-19
2.625780e-19
2.660833e-19
2.696809e-19
2.733708e-19
2.771528e-19
2.810268e-19
2.849928e-19
2.890507e-19
2.932005e-19
2.974419e-19
3.017750e-19
3.061996e-19
3.107156e-19
3.153231e-19
3.200217e-19
3.248116e-19
3.296926e-19
3.346645e-19
3.397274e-19
3.448810e-19
3.501254e-19
3.554604e-19
3.608859e-19
3.664018e-19
3.720081e-19
3.777045e-19
3.834911e-19
3.893678e-19
3.953343e-19
4.013907e-19
4.075368e-19
4.137725e-19
4.200977e-19
4.265123e-19
4.330163e-19
4.396094e-19
4.462916e-19
4.530629e-19
4.599230e-19
4.668718e-19
4.739094e-19
4.810354e-19
4.882500e-19
4.955528e-19
5.029439e-19
5.104231e-19
5.179903e-19
5.256454e-19
5.333882e-19
5.412187e-19
5.491368e-19
5.571422e-19
5.652350e-19
5.734150e-19
5.816820e-19
5.900360e-19
5.984768e-19
6.070044e-19
6.156185e-19
6.243192e-19
6.331061e-19
6.419793e-19
6.509387e-19
6.599840e-19
6.691151e-19
6.783320e-19
6.876346e-19
6.970226e-19
7.064960e-19
7.160546e-19
7.256983e-19
7.354270e-19
7.452406e-19
7.551389e-19
7.651218e-19
7.751891e-19
7.853408e-19
7.955767e-19
8.058967e-19
8.163006e-19
8.267883e-19
8.373597e-19
8.480146e-19
8.587530e-19
8.695746e-19
8.804794e-19
8.914671e-19
9.025378e-19
9.136911e-19
9.249271e-19
9.362455e-19
9.476462e-19
9.591291e-19
9.706940e-19
9.823409e-19
9.940695e-19
1.005880e-18
1.017771e-18
1.029744e-18
1.041799e-18
1.053934e-18
1.066150e-18
1.078447e-18
1.090824e-18
1.103282e-18
1.115821e-18
1.128439e-18
1.141138e-18
1.153916e-18
1.166774e-18
1.179712e-18
1.192729e-18
1.205826e-18
1.219001e-18
1.232256e-18
1.245590e-18
1.259002e-18
1.272492e-18
1.286062e-18
1.299709e-18
1.313434e-18
1.327238e-18
1.341119e-18
1.355078e-18
1.369114e-18
1.383227e-18
1.397418e-18
1.411686e-18
1.426030e-18
1.440452e-18
1.454950e-18
1.469524e-18
1.484174e-18
1.498901e-18
1.513703e-18
1.528581e-18
1.543535e-18
1.558564e-18
1.573669e-18
1.588848e-18
1.604103e-18
1.619432e-18
1.634836e-18
1.650314e-18
1.665867e-18
1.681493e-18
1.697194e-18
1.712969e-18
1.728817e-18
1.744739e-18
1.760734e-18
1.776802e-18
1.792943e-18
1.809157e-18
1.825443e-18
1.841802e-18
1.858234e-18
1.874737e-18
1.891313e-18
1.907960e-18
1.924679e-18
1.941469e-18
1.958331e-18
1.975264e-18
1.992267e-18
2.009342e-18
2.026487e-18
2.043703e-18
2.060988e-18
2.078344e-18
2.095770e-18
2.113266e-18
2.130831e-18
2.148466e-18
2.166169e-18
2.183942e-18
2.201784e-18
2.219695e-18
2.237673e-18
2.255721e-18
2.273836e-18
2.292020e-18
2.310271e-18
2.328590e-18
2.346976e-18
2.365430e-18
2.383951e-18
2.402538e-18
2.421193e-18
2.439914e-18
2.458701e-18
2.477555e-18
2.496474e-18
2.515460e-18
2.534511e-18
2.553627e-18
2.572809e-18
2.592056e-18
2.611368e-18
2.630744e-18
2.650185e-18
2.669691e-18
2.689261e-18
2.708894e-18
2.728592e-18
2.748353e-18
2.768177e-18
2.788065e-18
2.808016e-18
2.828030e-18
2.848106e-18
2.868245e-18
2.888446e-18
2.908710e-18
2.929035e-18
2.949422e-18
2.969871e-18
2.990380e-18
3.010952e-18
3.031584e-18
3.052277e-18
3.073030e-18
3.093844e-18
3.114718e-18
3.135652e-18
3.156646e-18
3.177700e-18
3.198813e-18
3.219985e-18
3.241216e-18
3.262507e-18
3.283856e-18
3.305263e-18
3.326728e-18
3.348252e-18
3.369834e-18
3.391473e-18
3.413170e-18
3.434924e-18
3.456735e-18
3.478603e-18
3.500527e-18
3.522508e-18
3.544546e-18
3.566639e-18
3.588789e-18
3.610994e-18
3.633254e-18
3.655570e-18
3.677941e-18
3.700367e-18
3.722847e-18
3.745382e-18
3.767972e-18
3.790615e-18
3.813312e-18
3.836063e-18
3.858867e-18
3.881725e-18
3.904635e-18
3.927599e-18
3.950615e-18
3.973683e-18
3.996804e-18
4.019977e-18
4.043201e-18
4.066477e-18
4.089805e-18
4.113183e-18
4.136613e-18
4.160094e-18
4.183625e-18
4.207206e-18
4.230837e-18
4.254519e-18
4.278250e-18
4.302030e-18
4.325860e-18
4.349739e-18
4.373667e-18
4.397643e-18
4.421668e-18
4.445741e-18
4.469862e-18
4.494031e-18
4.518248e-18
4.542511e-18
4.566822e-18
4.591180e-18
4.615585e-18
4.640036e-18
4.664533e-18
4.689077e-18
4.713666e-18
4.738301e-18
4.762981e-18
4.787707e-18
4.812477e-18
4.837292e-18
4.862152e-18
4.887056e-18
4.912004e-18
4.936996e-18
4.962032e-18
4.987111e-18
5.012233e-18
5.037398e-18
5.062606e-18
5.087857e-18
5.113150e-18
5.138485e-18
5.163861e-18
5.189280e-18
5.214739e-18
5.240240e-18
5.265782e-18
5.291365e-18
5.316988e-18
5.342651e-18
5.368355e-18
5.394098e-18
5.419880e-18
5.445703e-18
5.471564e-18
5.497464e-18
5.523403e-18
5.549380e-18
5.575395e-18
5.601449e-18
5.627540e-18
5.653668e-18
5.679834e-18
5.706037e-18
5.732277e-18
5.758553e-18
5.784866e-18
5.811215e-18
5.837599e-18
5.864019e-18
5.890475e-18
5.916966e-18
5.943491e-18
5.970052e-18
5.996646e-18
6.023275e-18
6.049938e-18
6.076635e-18
6.103365e-18
6.130128e-18
6.156925e-18
6.183754e-18
6.210616e-18
6.237509e-18
6.264435e-18
6.291393e-18
6.318382e-18
6.345403e-18
6.372455e-18
6.399537e-18
6.426650e-18
6.453794e-18
6.480967e-18
6.508170e-18
6.535403e-18
6.562666e-18
6.589957e-18
6.617277e-18
6.644626e-18
6.672003e-18
6.699408e-18
6.726841e-18
6.754302e-18
6.781790e-18
6.809305e-18
6.836847e-18
6.864416e-18
6.892010e-18
6.919631e-18
6.947278e-18
6.974951e-18
7.002648e-18
7.030371e-18
7.058119e-18
7.085891e-18
7.113688e-18
7.141508e-18
7.169353e-18
7.197220e-18
7.225112e-18
7.253026e-18
7.280963e-18
7.308922e-18
7.336904e-18
7.364908e-18
7.392933e-18
7.420980e-18
7.449048e-18
7.477137e-18
7.505247e-18
7.533377e-18
7.561527e-18
7.589698e-18
7.617887e-18
7.646097e-18
7.674325e-18
7.702572e-18
7.730838e-18
7.759122e-18
7.787424e-18
7.815744e-18
7.844081e-18
7.872435e-18
7.900807e-18
7.929195e-18
7.957600e-18
7.986020e-18
8.014457e-18
8.042909e-18
8.071377e-18
8.099860e-18
8.128357e-18
8.156869e-18
8.185395e-18
8.213936e-18
8.242490e-18
8.271057e-18
8.299637e-18
8.328231e-18
8.356837e-18
8.385455e-18
8.414086e-18
8.442728e-18
8.471382e-18
8.500047e-18
8.528722e-18
8.557409e-18
8.586106e-18
8.614813e-18
8.643530e-18
8.672256e-18
8.700992e-18
8.729736e-18
8.758490e-18
8.787252e-18
8.816021e-18
8.844799e-18
8.873585e-18
8.902377e-18
8.931177e-18
8.959983e-18
8.988796e-18
9.017615e-18
9.046439e-18
9.075270e-18
9.104105e-18
9.132946e-18
9.161791e-18
9.190641e-18
9.219495e-18
9.248352e-18
9.277214e-18
9.306078e-18
9.334946e-18
9.363816e-18
9.392688e-18
9.421563e-18
9.450439e-18
9.479317e-18
9.508196e-18
9.537076e-18
9.565957e-18
9.594838e-18
9.623719e-18
9.652600e-18
9.681480e-18
9.710359e-18
9.739238e-18
9.768114e-18
9.796989e-18
9.825862e-18
9.854733e-18
9.883601e-18
9.912466e-18
9.941328e-18
9.970186e-18
9.999041e-18
1.002789e-17
1.005674e-17
1.008558e-17
1.011441e-17
1.014324e-17
1.017207e-17
1.020089e-17
1.022970e-17
1.025851e-17
1.028731e-17
1.031610e-17
1.034488e-17
1.037366e-17
1.040243e-17
1.043119e-17
1.045994e-17
1.048869e-17
1.051742e-17
1.054614e-17
1.057486e-17
1.060356e-17
1.063225e-17
1.066094e-17
1.068961e-17
1.071827e-17
1.074692e-17
1.077555e-17
1.080417e-17
1.083278e-17
1.086138e-17
1.088997e-17
1.091854e-17
1.094709e-17
1.097564e-17
1.100416e-17
1.103268e-17
1.106117e-17
1.108966e-17
1.111812e-17
1.114657e-17
1.117501e-17
1.120342e-17
1.123182e-17
1.126020e-17
1.128857e-17
1.131692e-17
1.134524e-17
1.137355e-17
1.140184e-17
1.143011e-17
1.145836e-17
1.148660e-17
1.151481e-17
1.154300e-17
1.157117e-17
1.159931e-17
1.162744e-17
1.165555e-17
1.168363e-17
1.171169e-17
1.173972e-17
1.176774e-17
1.179573e-17
1.182369e-17
1.185164e-17
1.187955e-17
1.190745e-17
1.193532e-17
1.196316e-17
1.199097e-17
1.201877e-17
1.204653e-17
1.207427e-17
1.210198e-17
1.212966e-17
1.215731e-17
1.218494e-17
1.221254e-17
1.224011e-17
1.226765e-17
1.229516e-17
1.232265e-17
1.235010e-17
1.237752e-17
1.240491e-17
1.243227e-17
1.245960e-17
1.248690e-17
1.251416e-17
1.254139e-17
1.256859e-17
1.259576e-17
1.262289e-17
1.264999e-17
1.267706e-17
1.270409e-17
1.273109e-17
1.275805e-17
1.278498e-17
1.281187e-17
1.283873e-17
1.286555e-17
1.289233e-17
1.291908e-17
1.294579e-17
1.297246e-17
1.299909e-17
1.302569e-17
1.305224e-17
1.307876e-17
1.310524e-17
1.313168e-17
1.315808e-17
1.318443e-17
1.321075e-17
1.323703e-17
1.326327e-17
1.328946e-17
1.331561e-17
1.334172e-17
1.336779e-17
1.339382e-17
1.341980e-17
1.344574e-17
1.347163e-17
1.349748e-17
1.352329e-17
1.354905e-17
1.357477e-17
1.360044e-17
1.362606e-17
1.365164e-17
1.367717e-17
1.370266e-17
1.372810e-17
1.375349e-17
1.377883e-17
1.380412e-17
1.382937e-17
1.385457e-17
1.387971e-17
1.390481e-17
1.392986e-17
1.395486e-17
1.397981e-17
1.400471e-17
1.402955e-17
1.405435e-17
1.407909e-17
1.410378e-17
1.412842e-17
1.415300e-17
1.417754e-17
1.420202e-17
1.422644e-17
1.425081e-17
1.427513e-17
1.429939e-17
1.432360e-17
1.434775e-17
1.437185e-17
1.439588e-17
1.441987e-17
1.444379e-17
1.446766e-17
1.449148e-17
1.451523e-17
1.453893e-17
1.456256e-17
1.458614e-17
1.460966e-17
1.463313e-17
1.465653e-17
1.467987e-17
1.470315e-17
1.472637e-17
1.474953e-17
1.477263e-17
1.479566e-17
1.481864e-17
1.484155e-17
1.486440e-17
1.488719e-17
1.490991e-17
1.493257e-17
1.495516e-17
1.497770e-17
1.500016e-17
1.502257e-17
1.504490e-17
1.506718e-17
1.508938e-17
1.511152e-17
1.513359e-17
1.515560e-17
1.517754e-17
1.519941e-17
1.522122e-17
1.524295e-17
1.526462e-17
1.528622e-17
1.530775e-17
1.532921e-17
1.535060e-17
1.537192e-17
1.539318e-17
1.541436e-17
1.543547e-17
1.545651e-17
1.547747e-17
1.549837e-17
1.551919e-17
1.553994e-17
1.556062e-17
1.558122e-17
1.560176e-17
1.562221e-17
1.564260e-17
1.566291e-17
1.568314e-17
1.570330e-17
1.572339e-17
1.574340e-17
1.576333e-17
1.578319e-17
1.580297e-17
1.582267e-17
1.584230e-17
1.586185e-17
1.588132e-17
1.590071e-17
1.592003e-17
1.593927e-17
1.595842e-17
1.597750e-17
1.599650e-17
1.601542e-17
1.603426e-17
1.605302e-17
1.607170e-17
1.609030e-17
1.610882e-17
1.612725e-17
1.614561e-17
1.616388e-17
1.618207e-17
1.620017e-17
1.621820e-17
1.623614e-17
1.625399e-17
1.627176e-17
1.628945e-17
1.630706e-17
1.632458e-17
1.634201e-17
1.635936e-17
1.637662e-17
1.639380e-17
1.641089e-17
1.642790e-17
1.644481e-17
1.646165e-17
1.647839e-17
1.649505e-17
1.651162e-17
1.652810e-17
1.654449e-17
1.656079e-17
1.657701e-17
1.659313e-17
1.660917e-17
1.662511e-17
1.664097e-17
1.665674e-17
1.667241e-17
1.668800e-17
1.670349e-17
1.671889e-17
1.673420e-17
1.674942e-17
1.676455e-17
1.677958e-17
1.679453e-17
1.680938e-17
1.682413e-17
1.683879e-17
1.685336e-17
1.686784e-17
1.688222e-17
1.689650e-17
1.691069e-17
1.692479e-17
1.693879e-17
1.695270e-17
1.696651e-17
1.698022e-17
1.699384e-17
1.700736e-17
1.702079e-17
1.703411e-17
1.704734e-17
1.706048e-17
1.707351e-17
1.708645e-17
1.709929e-17
1.711203e-17
1.712467e-17
1.713722e-17
1.714966e-17
1.716201e-17
1.717425e-17
1.718640e-17
1.719844e-17
1.721039e-17
1.722223e-17
1.723398e-17
1.724562e-17
1.725716e-17
1.726860e-17
1.727994e-17
1.729118e-17
1.730232e-17
1.731335e-17
1.732428e-17
1.733511e-17
1.734583e-17
1.735645e-17
1.736697e-17
1.737739e-17
1.738770e-17
1.739791e-17
1.740801e-17
1.741801e-17
1.742790e-17
1.743769e-17
1.744738e-17
1.745696e-17
1.746643e-17
1.747580e-17
1.748506e-17
1.749422e-17
1.750327e-17
1.751221e-17
1.752105e-17
1.752978e-17
1.753841e-17
1.754692e-17
1.755533e-17
1.756364e-17
1.757183e-17
1.757992e-17
1.758789e-17
1.759577e-17
1.760353e-17
1.761118e-17
1.761873e-17
1.762616e-17
1.763349e-17
1.764070e-17
1.764781e-17
1.765481e-17
1.766170e-17
1.766848e-17
1.767515e-17
1.768171e-17
1.768815e-17
1.769449e-17
1.770072e-17
1.770683e-17
1.771284e-17
1.771873e-17
1.772451e-17
1.773018e-17
1.773574e-17
1.774119e-17
1.774653e-17
1.775175e-17
1.775686e-17
1.776186e-17
1.776674e-17
1.777152e-17
1.777618e-17
1.778073e-17
1.778516e-17
1.778948e-17
1.779369e-17
1.779778e-17
1.780176e-17
1.780563e-17
1.780939e-17
1.781303e-17
1.781655e-17
1.781996e-17
1.782326e-17
1.782644e-17
1.782951e-17
1.783246e-17
1.783530e-17
1.783802e-17
1.784063e-17
1.784313e-17
1.784551e-17
1.784777e-17
1.784992e-17
1.785195e-17
1.785387e-17
1.785567e-17
1.785735e-17
1.785892e-17
1.786037e-17
1.786171e-17
1.786293e-17
1.786404e-17
1.786502e-17
1.786590e-17
1.786665e-17
1.786729e-17
1.786781e-17
1.786822e-17
1.786851e-17
1.786868e-17
1.786873e-17
1.786867e-17
1.786849e-17
1.786819e-17
1.786778e-17
1.786725e-17
1.786660e-17
1.786584e-17
1.786495e-17
1.786395e-17
1.786283e-17
1.786160e-17
1.786024e-17
1.785877e-17
1.785718e-17
1.785548e-17
1.785365e-17
1.785171e-17
1.784965e-17
1.784747e-17
1.784517e-17
1.784276e-17
1.784022e-17
1.783757e-17
1.783480e-17
1.783191e-17
1.782891e-17
1.782578e-17
1.782254e-17
1.781918e-17
1.781570e-17
1.781210e-17
1.780839e-17
1.780455e-17
1.780060e-17
1.779653e-17
1.779234e-17
1.778803e-17
1.778361e-17
1.777906e-17
1.777440e-17
1.776962e-17
1.776472e-17
1.775970e-17
1.775457e-17
1.774931e-17
1.774394e-17
1.773845e-17
1.773284e-17
1.772711e-17
1.772126e-17
1.771530e-17
1.770921e-17
1.770301e-17
1.769669e-17
1.769025e-17
1.768370e-17
1.767702e-17
1.767023e-17
1.766332e-17
1.765629e-17
1.764915e-17
1.764188e-17
1.763450e-17
1.762700e-17
1.761938e-17
1.761165e-17
1.760379e-17
1.759582e-17
1.758773e-17
1.757953e-17
1.757120e-17
1.756276e-17
1.755420e-17
1.754553e-17
1.753673e-17
1.752782e-17
1.751879e-17
1.750965e-17
1.750039e-17
1.749101e-17
1.748151e-17
1.747190e-17
1.746217e-17
1.745233e-17
1.744236e-17
1.743229e-17
1.742209e-17
1.741178e-17
1.740135e-17
1.739081e-17
1.738015e-17
1.736937e-17
1.735848e-17
1.734747e-17
1.733635e-17
1.732511e-17
1.731376e-17
1.730229e-17
1.729071e-17
1.727901e-17
1.726719e-17
1.725526e-17
1.724322e-17
1.723106e-17
1.721879e-17
1.720640e-17
1.719390e-17
1.718128e-17
1.716855e-17
1.715571e-17
1.714275e-17
1.712968e-17
1.711650e-17
1.710320e-17
1.708979e-17
1.707627e-17
1.706263e-17
1.704888e-17
1.703502e-17
1.702104e-17
1.700696e-17
1.699276e-17
1.697845e-17
1.696403e-17
1.694949e-17
1.693484e-17
1.692009e-17
1.690522e-17
1.689024e-17
1.687515e-17
1.685995e-17
1.684464e-17
1.682921e-17
1.681368e-17
1.679804e-17
1.678229e-17
1.676643e-17
1.675045e-17
1.673437e-17
1.671818e-17
1.670189e-17
1.668548e-17
1.666896e-17
1.665234e-17
1.663561e-17
1.661877e-17
1.660182e-17
1.658476e-17
1.656760e-17
1.655033e-17
1.653295e-17
1.651547e-17
1.649788e-17
1.648018e-17
1.646238e-17
1.644447e-17
1.642646e-17
1.640834e-17
1.639011e-17
1.637178e-17
1.635335e-17
1.633481e-17
1.631617e-17
1.629742e-17
1.627857e-17
1.625961e-17
1.624055e-17
1.622139e-17
1.620213e-17
1.618276e-17
1.616329e-17
1.614372e-17
1.612404e-17
1.610427e-17
1.608439e-17
1.606441e-17
1.604433e-17
1.602415e-17
1.600387e-17
1.598349e-17
1.596301e-17
1.594243e-17
1.592175e-17
1.590097e-17
1.588009e-17
1.585912e-17
1.583804e-17
1.581687e-17
1.579560e-17
1.577423e-17
1.575276e-17
1.573120e-17
1.570954e-17
1.568779e-17
1.566594e-17
1.564399e-17
1.562194e-17
1.559981e-17
1.557757e-17
1.555524e-17
1.553282e-17
1.551030e-17
1.548769e-17
1.546499e-17
1.544219e-17
1.541930e-17
1.539632e-17
1.537324e-17
1.535007e-17
1.532682e-17
1.530346e-17
1.528002e-17
1.525649e-17
1.523287e-17
1.520915e-17
1.518535e-17
1.516146e-17
1.513748e-17
1.511341e-17
1.508925e-17
1.506500e-17
1.504066e-17
1.501624e-17
1.499173e-17
1.496713e-17
1.494245e-17
1.491768e-17
1.489282e-17
1.486788e-17
1.484285e-17
1.481774e-17
1.479254e-17
1.476726e-17
1.474190e-17
1.471645e-17
1.469092e-17
1.466530e-17
1.463960e-17
1.461382e-17
1.458796e-17
1.456202e-17
1.453600e-17
1.450989e-17
1.448371e-17
1.445744e-17
1.443110e-17
1.440467e-17
1.437817e-17
1.435159e-17
1.432493e-17
1.429819e-17
1.427137e-17
1.424448e-17
1.421751e-17
1.419046e-17
1.416334e-17
1.413614e-17
1.410887e-17
1.408152e-17
1.405410e-17
1.402660e-17
1.399903e-17
1.397139e-17
1.394367e-17
1.391588e-17
1.388802e-17
1.386009e-17
1.383208e-17
1.380401e-17
1.377586e-17
1.374764e-17
1.371936e-17
1.369100e-17
1.366257e-17
1.363408e-17
1.360552e-17
1.357689e-17
1.354819e-17
1.351942e-17
1.349059e-17
1.346169e-17
1.343273e-17
1.340370e-17
1.337460e-17
1.334544e-17
1.331622e-17
1.328693e-17
1.325758e-17
1.322816e-17
1.319869e-17
1.316915e-17
1.313955e-17
1.310988e-17
1.308016e-17
1.305038e-17
1.302053e-17
1.299063e-17
1.296066e-17
1.293064e-17
1.290056e-17
1.287042e-17
1.284023e-17
1.280997e-17
1.277966e-17
1.274930e-17
1.271887e-17
1.268840e-17
1.265786e-17
1.262727e-17
1.259663e-17
1.256594e-17
1.253519e-17
1.250439e-17
1.247353e-17
1.244262e-17
1.241167e-17
1.238066e-17
1.234960e-17
1.231849e-17
1.228733e-17
1.225612e-17
1.222486e-17
1.219355e-17
1.216220e-17
1.213080e-17
1.209935e-17
1.206785e-17
1.203631e-17
1.200472e-17
1.197309e-17
1.194141e-17
1.190968e-17
1.187792e-17
1.184611e-17
1.181425e-17
1.178236e-17
1.175042e-17
1.171844e-17
1.168641e-17
1.165435e-17
1.162225e-17
1.159011e-17
1.155792e-17
1.152570e-17
1.149344e-17
1.146114e-17
1.142881e-17
1.139644e-17
1.136403e-17
1.133158e-17
1.129910e-17
1.126658e-17
1.123403e-17
1.120144e-17
1.116882e-17
1.113617e-17
1.110348e-17
1.107076e-17
1.103801e-17
1.100523e-17
1.097242e-17
1.093957e-17
1.090670e-17
1.087379e-17
1.084086e-17
1.080790e-17
1.077491e-17
1.074189e-17
1.070884e-17
1.067577e-17
1.064267e-17
1.060954e-17
1.057639e-17
1.054321e-17
1.051001e-17
1.047679e-17
1.044354e-17
1.041027e-17
1.037698e-17
1.034366e-17
1.031032e-17
1.027696e-17
1.024358e-17
1.021018e-17
1.017676e-17
1.014332e-17
1.010986e-17
1.007639e-17
1.004289e-17
1.000938e-17
9.975852e-18
9.942307e-18
9.908746e-18
9.875169e-18
9.841577e-18
9.807971e-18
9.774350e-18
9.740716e-18
9.707069e-18
9.673409e-18
9.639737e-18
9.606054e-18
9.572359e-18
9.538653e-18
9.504937e-18
9.471212e-18
9.437477e-18
9.403733e-18
9.369981e-18
9.336222e-18
9.302455e-18
9.268680e-18
9.234900e-18
9.201114e-18
9.167322e-18
9.133525e-18
9.099724e-18
9.065919e-18
9.032110e-18
8.998298e-18
8.964484e-18
8.930667e-18
8.896849e-18
8.863030e-18
8.829210e-18
8.795390e-18
8.761571e-18
8.727752e-18
8.693934e-18
8.660118e-18
8.626305e-18
8.592494e-18
8.558686e-18
8.524882e-18
8.491082e-18
8.457287e-18
8.423497e-18
8.389712e-18
8.355934e-18
8.322162e-18
8.288397e-18
8.254639e-18
8.220890e-18
8.187149e-18
8.153417e-18
8.119694e-18
8.085981e-18
8.052278e-18
8.018587e-18
7.984906e-18
7.951238e-18
7.917581e-18
7.883938e-18
7.850307e-18
7.816690e-18
7.783088e-18
7.749499e-18
7.715926e-18
7.682369e-18
7.648828e-18
7.615303e-18
7.581795e-18
7.548304e-18
7.514832e-18
7.481377e-18
7.447942e-18
7.414526e-18
7.381129e-18
7.347753e-18
7.314398e-18
7.281064e-18
7.247751e-18
7.214461e-18
7.181193e-18
7.147948e-18
7.114727e-18
7.081530e-18
7.048357e-18
7.015209e-18
6.982086e-18
6.948989e-18
6.915919e-18
6.882875e-18
6.849859e-18
6.816870e-18
6.783909e-18
6.750977e-18
6.718074e-18
6.685200e-18
6.652356e-18
6.619543e-18
6.586760e-18
6.554009e-18
6.521290e-18
6.488603e-18
6.455948e-18
6.423327e-18
6.390739e-18
6.358186e-18
6.325666e-18
6.293182e-18
6.260733e-18
6.228320e-18
6.195943e-18
6.163603e-18
6.131300e-18
6.099035e-18
6.066807e-18
6.034618e-18
6.002469e-18
5.970358e-18
5.938287e-18
5.906257e-18
5.874267e-18
5.842319e-18
5.810412e-18
5.778547e-18
5.746724e-18
5.714945e-18
5.683208e-18
5.651516e-18
5.619868e-18
5.588264e-18
5.556705e-18
5.525192e-18
5.493725e-18
5.462304e-18
5.430930e-18
5.399603e-18
5.368323e-18
5.337092e-18
5.305909e-18
5.274775e-18
5.243691e-18
5.212656e-18
5.181671e-18
5.150737e-18
5.119854e-18
5.089022e-18
5.058242e-18
5.027515e-18
4.996840e-18
4.966218e-18
4.935650e-18
4.905135e-18
4.874675e-18
4.844270e-18
4.813919e-18
4.783625e-18
4.753386e-18
4.723204e-18
4.693078e-18
4.663009e-18
4.632999e-18
4.603046e-18
4.573151e-18
4.543315e-18
4.513539e-18
4.483822e-18
4.454165e-18
4.424568e-18
4.395032e-18
4.365557e-18
4.336144e-18
4.306792e-18
4.277503e-18
4.248277e-18
4.219114e-18
4.190014e-18
4.160978e-18
4.132007e-18
4.103100e-18
4.074258e-18
4.045482e-18
4.016771e-18
3.988126e-18
3.959548e-18
3.931037e-18
3.902593e-18
3.874217e-18
3.845909e-18
3.817670e-18
3.789499e-18
3.761397e-18
3.733365e-18
3.705403e-18
3.677511e-18
3.649689e-18
3.621939e-18
3.594260e-18
3.566652e-18
3.539117e-18
3.511654e-18
3.484264e-18
3.456947e-18
3.429704e-18
3.402534e-18
3.375439e-18
3.348418e-18
3.321472e-18
3.294601e-18
3.267806e-18
3.241087e-18
3.214444e-18
3.187878e-18
3.161388e-18
3.134976e-18
3.108642e-18
3.082386e-18
3.056208e-18
3.030109e-18
3.004088e-18
2.978147e-18
2.952286e-18
2.926505e-18
2.900804e-18
2.875183e-18
2.849644e-18
2.824186e-18
2.798810e-18
2.773515e-18
2.748303e-18
2.723173e-18
2.698127e-18
2.673163e-18
2.648283e-18
2.623487e-18
2.598776e-18
2.574148e-18
2.549606e-18
2.525148e-18
2.500776e-18
2.476490e-18
2.452289e-18
2.428176e-18
2.404148e-18
2.380208e-18
2.356355e-18
2.332589e-18
2.308911e-18
2.285321e-18
2.261820e-18
2.238407e-18
2.215084e-18
2.191849e-18
2.168705e-18
2.145650e-18
2.122685e-18
2.099810e-18
2.077027e-18
2.054334e-18
2.031733e-18
2.009223e-18
1.986805e-18
1.964479e-18
1.942246e-18
1.920105e-18
1.898057e-18
1.876102e-18
1.854241e-18
1.832473e-18
1.810799e-18
1.789220e-18
1.767735e-18
1.746345e-18
1.725050e-18
1.703850e-18
1.682746e-18
1.661738e-18
1.640825e-18
1.620009e-18
1.599290e-18
1.578667e-18
1.558141e-18
1.537713e-18
1.517382e-18
1.497149e-18
1.477014e-18
1.456977e-18
1.437039e-18
1.417199e-18
1.397459e-18
1.377817e-18
1.358276e-18
1.338833e-18
1.319491e-18
1.300249e-18
1.281107e-18
1.262066e-18
1.243125e-18
1.224286e-18
1.205548e-18
1.186911e-18
1.168376e-18
1.149943e-18
1.131612e-18
1.113383e-18
1.095257e-18
1.077234e-18
1.059313e-18
1.041496e-18
1.023782e-18
1.006172e-18
9.886656e-19
9.712630e-19
9.539646e-19
9.367706e-19
9.196812e-19
9.026966e-19
8.858169e-19
8.690423e-19
8.523731e-19
8.358094e-19
8.193515e-19
8.029994e-19
7.867535e-19
7.706138e-19
7.545805e-19
7.386539e-19
7.228341e-19
7.071212e-19
6.915156e-19
6.760172e-19
6.606264e-19
6.453432e-19
6.301679e-19
6.151006e-19
6.001415e-19
5.852907e-19
5.705484e-19
5.559148e-19
5.413900e-19
5.269741e-19
5.126675e-19
4.984701e-19
4.843821e-19
4.704038e-19
4.565352e-19
4.427765e-19
4.291279e-19
4.155894e-19
4.021613e-19
3.888437e-19
3.756366e-19
3.625404e-19
3.495550e-19
3.366807e-19
3.239175e-19
3.112657e-19
2.987253e-19
2.862964e-19
2.739792e-19
2.617739e-19
2.496805e-19
2.376992e-19
2.258301e-19
2.140733e-19
2.024289e-19
1.908971e-19
1.794780e-19
1.681716e-19
1.569782e-19
1.458978e-19
1.349304e-19
1.240764e-19
1.133356e-19
1.027084e-19
9.219462e-20
8.179454e-20
7.150822e-20
6.133576e-20
5.127725e-20
4.133280e-20
3.150249e-20
2.178642e-20
1.218470e-20
2.697392e-21
-6.675397e-21
-1.593358e-20
-2.507708e-20
-3.410580e-20
-4.301966e-20
-5.181858e-20
-6.050248e-20
-6.907128e-20
-7.752490e-20
-8.586327e-20
-9.408631e-20
-1.021940e-19
-1.101861e-19
-1.180628e-19
-1.258238e-19
-1.334691e-19
-1.409987e-19
-1.484125e-19
-1.557104e-19
-1.628924e-19
-1.699584e-19
-1.769083e-19
-1.837422e-19
-1.904599e-19
-1.970613e-19
-2.035466e-19
-2.099154e-19
-2.161680e-19
-2.223041e-19
-2.283237e-19
-2.342269e-19
-2.400135e-19
-2.456835e-19
-2.512369e-19
-2.566736e-19
-2.619936e-19
-2.671969e-19
-2.722834e-19
-2.772530e-19
-2.821059e-19
-2.868419e-19
-2.914609e-19
-2.959631e-19
-3.003483e-19
-3.046165e-19
-3.087677e-19
-3.128019e-19
-3.167191e-19
-3.205192e-19
-3.242022e-19
-3.277681e-19
-3.312170e-19
-3.345487e-19
-3.377633e-19
-3.408607e-19
-3.438410e-19
-3.467042e-19
-3.494501e-19
-3.520790e-19
-3.545906e-19
-3.569851e-19
-3.592624e-19
-3.614226e-19
-3.634655e-19
-3.653914e-19
-3.672001e-19
-3.688916e-19
-3.704660e-19
-3.719233e-19
-3.732634e-19
-3.744865e-19
-3.755924e-19
-3.765813e-19
-3.774532e-19
-3.782080e-19
-3.788457e-19
-3.793665e-19
-3.797703e-19
-3.800572e-19
-3.802272e-19
-3.802802e-19
-3.802164e-19
-3.800357e-19
-3.797383e-19
-3.793240e-19
-3.787931e-19
