1.931322e-19
1.936795e-19
1.943212e-19
1.950575e-19
1.958882e-19
1.968134e-19
1.978330e-19
1.989470e-19
2.001553e-19
2.014579e-19
2.028548e-19
2.043459e-19
2.059312e-19
2.076107e-19
2.093843e-19
2.112519e-19
2.132136e-19
2.152693e-19
2.174189e-19
2.196624e-19
2.219998e-19
2.244310e-19
2.269559e-19
2.295746e-19
2.322869e-19
2.350929e-19
2.379924e-19
2.409854e-19
2.440719e-19
2.472518e-19
2.505251e-19
2.538917e-19
2.573515e-19
2.609045e-19
2.645506e-19
2.682898e-19
2.721221e-19
2.760473e-19
2.800654e-19
2.841763e-19
2.883800e-19
2.926764e-19
2.970655e-19
3.015472e-19
3.061214e-19
3.107880e-19
3.155470e-19
3.203983e-19
3.253419e-19
3.303777e-19
3.355056e-19
3.407255e-19
3.460374e-19
3.514412e-19
3.569368e-19
3.625241e-19
3.682032e-19
3.739738e-19
3.798359e-19
3.857895e-19
3.918345e-19
3.979707e-19
4.041982e-19
4.105168e-19
4.169264e-19
4.234270e-19
4.300185e-19
4.367007e-19
4.434737e-19
4.503373e-19
4.572915e-19
4.643361e-19
4.714710e-19
4.786963e-19
4.860117e-19
4.934172e-19
5.009128e-19
5.084982e-19
5.161735e-19
5.239385e-19
5.317932e-19
5.397374e-19
5.477710e-19
5.558940e-19
5.641062e-19
5.724076e-19
5.807981e-19
5.892775e-19
5.978458e-19
6.065029e-19
6.152486e-19
6.240828e-19
6.330055e-19
6.420166e-19
6.511159e-19
6.603033e-19
6.695788e-19
6.789422e-19
6.883935e-19
6.979324e-19
7.075589e-19
7.172730e-19
7.270744e-19
7.369631e-19
7.469389e-19
7.570018e-19
7.671517e-19
7.773883e-19
7.877117e-19
7.981216e-19
8.086180e-19
8.192008e-19
8.298698e-19
8.406250e-19
8.514661e-19
8.623932e-19
8.734059e-19
8.845044e-19
8.956883e-19
9.069577e-19
9.183123e-19
9.297520e-19
9.412768e-19
9.528865e-19
9.645810e-19
9.763601e-19
9.882237e-19
1.000172e-18
1.012204e-18
1.024320e-18
1.036521e-18
1.048805e-18
1.061173e-18
1.073625e-18
1.086160e-18
1.098778e-18
1.111480e-18
1.124265e-18
1.137132e-18
1.150083e-18
1.163116e-18
1.176231e-18
1.189429e-18
1.202710e-18
1.216072e-18
1.229516e-18
1.243042e-18
1.256650e-18
1.270339e-18
1.284110e-18
1.297962e-18
1.311895e-18
1.325909e-18
1.340004e-18
1.354180e-18
1.368436e-18
1.382772e-18
1.397189e-18
1.411685e-18
1.426262e-18
1.440918e-18
1.455654e-18
1.470470e-18
1.485364e-18
1.500338e-18
1.515391e-18
1.530523e-18
1.545734e-18
1.561023e-18
1.576390e-18
1.591836e-18
1.607359e-18
1.622961e-18
1.638640e-18
1.654397e-18
1.670231e-18
1.686143e-18
1.702132e-18
1.718198e-18
1.734340e-18
1.750559e-18
1.766855e-18
1.783226e-18
1.799674e-18
1.816198e-18
1.832798e-18
1.849473e-18
1.866224e-18
1.883050e-18
1.899951e-18
1.916927e-18
1.933978e-18
1.951103e-18
1.968303e-18
1.985577e-18
2.002926e-18
2.020348e-18
2.037843e-18
2.055413e-18
2.073056e-18
2.090772e-18
2.108561e-18
2.126423e-18
2.144357e-18
2.162364e-18
2.180443e-18
2.198595e-18
2.216818e-18
2.235114e-18
2.253480e-18
2.271919e-18
2.290428e-18
2.309009e-18
2.327660e-18
2.346382e-18
2.365174e-18
2.384037e-18
2.402970e-18
2.421973e-18
2.441045e-18
2.460188e-18
2.479399e-18
2.498680e-18
2.518029e-18
2.537448e-18
2.556935e-18
2.576490e-18
2.596114e-18
2.615805e-18
2.635565e-18
2.655392e-18
2.675286e-18
2.695248e-18
2.715277e-18
2.735373e-18
2.755535e-18
2.775764e-18
2.796059e-18
2.816420e-18
2.836847e-18
2.857339e-18
2.877897e-18
2.898521e-18
2.919209e-18
2.939962e-18
2.960780e-18
2.981662e-18
3.002609e-18
3.023619e-18
3.044693e-18
3.065831e-18
3.087033e-18
3.108297e-18
3.129625e-18
3.151015e-18
3.172468e-18
3.193983e-18
3.215561e-18
3.237200e-18
3.258901e-18
3.280664e-18
3.302488e-18
3.324373e-18
3.346319e-18
3.368326e-18
3.390393e-18
3.412520e-18
3.434708e-18
3.456955e-18
3.479261e-18
3.501628e-18
3.524053e-18
3.546537e-18
3.569080e-18
3.591682e-18
3.614341e-18
3.637059e-18
3.659835e-18
3.682668e-18
3.705559e-18
3.728507e-18
3.751511e-18
3.774573e-18
3.797691e-18
3.820865e-18
3.844096e-18
3.867382e-18
3.890724e-18
3.914121e-18
3.937573e-18
3.961080e-18
3.984642e-18
4.008258e-18
4.031929e-18
4.055654e-18
4.079432e-18
4.103264e-18
4.127149e-18
4.151087e-18
4.175078e-18
4.199122e-18
4.223218e-18
4.247366e-18
4.271566e-18
4.295818e-18
4.320121e-18
4.344476e-18
4.368881e-18
4.393337e-18
4.417844e-18
4.442400e-18
4.467007e-18
4.491664e-18
4.516370e-18
4.541125e-18
4.565929e-18
4.590783e-18
4.615684e-18
4.640634e-18
4.665632e-18
4.690678e-18
4.715772e-18
4.740913e-18
4.766101e-18
4.791336e-18
4.816617e-18
4.841945e-18
4.867319e-18
4.892738e-18
4.918204e-18
4.943714e-18
4.969270e-18
4.994871e-18
5.020516e-18
5.046206e-18
5.071939e-18
5.097717e-18
5.123538e-18
5.149403e-18
5.175310e-18
5.201261e-18
5.227254e-18
5.253289e-18
5.279367e-18
5.305486e-18
5.331647e-18
5.357849e-18
5.384092e-18
5.410376e-18
5.436701e-18
5.463066e-18
5.489471e-18
5.515915e-18
5.542400e-18
5.568923e-18
5.595485e-18
5.622086e-18
5.648726e-18
5.675404e-18
5.702119e-18
5.728873e-18
5.755664e-18
5.782491e-18
5.809356e-18
5.836258e-18
5.863195e-18
5.890169e-18
5.917179e-18
5.944224e-18
5.971304e-18
5.998420e-18
6.025570e-18
6.052755e-18
6.079974e-18
6.107226e-18
6.134513e-18
6.161833e-18
6.189186e-18
6.216572e-18
6.243990e-18
6.271441e-18
6.298924e-18
6.326438e-18
6.353984e-18
6.381561e-18
6.409170e-18
6.436808e-18
6.464478e-18
6.492177e-18
6.519906e-18
6.547665e-18
6.575453e-18
6.603270e-18
6.631116e-18
6.658990e-18
6.686892e-18
6.714822e-18
6.742780e-18
6.770766e-18
6.798778e-18
6.826817e-18
6.854882e-18
6.882974e-18
6.911092e-18
6.939235e-18
6.967404e-18
6.995597e-18
7.023816e-18
7.052059e-18
7.080326e-18
7.108617e-18
7.136932e-18
7.165270e-18
7.193632e-18
7.222016e-18
7.250422e-18
7.278851e-18
7.307302e-18
7.335774e-18
7.364268e-18
7.392783e-18
7.421318e-18
7.449874e-18
7.478451e-18
7.507047e-18
7.535663e-18
7.564298e-18
7.592952e-18
7.621625e-18
7.650316e-18
7.679026e-18
7.707753e-18
7.736498e-18
7.765260e-18
7.794039e-18
7.822835e-18
7.851647e-18
7.880476e-18
7.909320e-18
7.938179e-18
7.967054e-18
7.995944e-18
8.024848e-18
8.053767e-18
8.082700e-18
8.111646e-18
8.140606e-18
8.169579e-18
8.198565e-18
8.227563e-18
8.256574e-18
8.285596e-18
8.314630e-18
8.343676e-18
8.372732e-18
8.401799e-18
8.430877e-18
8.459965e-18
8.489062e-18
8.518169e-18
8.547286e-18
8.576411e-18
8.605545e-18
8.634687e-18
8.663837e-18
8.692994e-18
8.722159e-18
8.751332e-18
8.780511e-18
8.809696e-18
8.838888e-18
8.868085e-18
8.897288e-18
8.926496e-18
8.955710e-18
8.984927e-18
9.014150e-18
9.043376e-18
9.072606e-18
9.101839e-18
9.131075e-18
9.160314e-18
9.189556e-18
9.218799e-18
9.248045e-18
9.277292e-18
9.306540e-18
9.335790e-18
9.365040e-18
9.394290e-18
9.423540e-18
9.452790e-18
9.482039e-18
9.511287e-18
9.540534e-18
9.569779e-18
9.599023e-18
9.628264e-18
9.657502e-18
9.686738e-18
9.715971e-18
9.745200e-18
9.774426e-18
9.803647e-18
9.832864e-18
9.862076e-18
9.891284e-18
9.920486e-18
9.949682e-18
9.978872e-18
1.000806e-17
1.003723e-17
1.006640e-17
1.009557e-17
1.012472e-17
1.015387e-17
1.018301e-17
1.021214e-17
1.024126e-17
1.027038e-17
1.029948e-17
1.032857e-17
1.035766e-17
1.038673e-17
1.041579e-17
1.044484e-17
1.047388e-17
1.050291e-17
1.053193e-17
1.056093e-17
1.058992e-17
1.061890e-17
1.064787e-17
1.067682e-17
1.070575e-17
1.073468e-17
1.076359e-17
1.079248e-17
1.082136e-17
1.085022e-17
1.087907e-17
1.090790e-17
1.093671e-17
1.096551e-17
1.099429e-17
1.102305e-17
1.105180e-17
1.108052e-17
1.110923e-17
1.113792e-17
1.116659e-17
1.119524e-17
1.122388e-17
1.125249e-17
1.128108e-17
1.130965e-17
1.133820e-17
1.136673e-17
1.139523e-17
1.142372e-17
1.145218e-17
1.148062e-17
1.150903e-17
1.153743e-17
1.156580e-17
1.159414e-17
1.162246e-17
1.165076e-17
1.167903e-17
1.170728e-17
1.173550e-17
1.176370e-17
1.179187e-17
1.182001e-17
1.184812e-17
1.187621e-17
1.190427e-17
1.193231e-17
1.196031e-17
1.198829e-17
1.201624e-17
1.204416e-17
1.207205e-17
1.209990e-17
1.212773e-17
1.215553e-17
1.218330e-17
1.221104e-17
1.223875e-17
1.226642e-17
1.229406e-17
1.232167e-17
1.234925e-17
1.237680e-17
1.240431e-17
1.243178e-17
1.245923e-17
1.248664e-17
1.251401e-17
1.254135e-17
1.256866e-17
1.259593e-17
1.262316e-17
1.265036e-17
1.267752e-17
1.270464e-17
1.273173e-17
1.275878e-17
1.278579e-17
1.281276e-17
1.283970e-17
1.286659e-17
1.289345e-17
1.292027e-17
1.294704e-17
1.297378e-17
1.300048e-17
1.302714e-17
1.305375e-17
1.308033e-17
1.310686e-17
1.313335e-17
1.315980e-17
1.318620e-17
1.321256e-17
1.323888e-17
1.326516e-17
1.329139e-17
1.331758e-17
1.334372e-17
1.336982e-17
1.339588e-17
1.342188e-17
1.344785e-17
1.347376e-17
1.349963e-17
1.352545e-17
1.355123e-17
1.357696e-17
1.360264e-17
1.362827e-17
1.365385e-17
1.367939e-17
1.370488e-17
1.373031e-17
1.375570e-17
1.378104e-17
1.380633e-17
1.383156e-17
1.385675e-17
1.388189e-17
1.390697e-17
1.393200e-17
1.395698e-17
1.398191e-17
1.400678e-17
1.403160e-17
1.405637e-17
1.408109e-17
1.410575e-17
1.413035e-17
1.415491e-17
1.417940e-17
1.420384e-17
1.422823e-17
1.425256e-17
1.427684e-17
1.430105e-17
1.432521e-17
1.434932e-17
1.437336e-17
1.439735e-17
1.442128e-17
1.444516e-17
1.446897e-17
1.449273e-17
1.451642e-17
1.454006e-17
1.456363e-17
1.458715e-17
1.461061e-17
1.463400e-17
1.465734e-17
1.468061e-17
1.470382e-17
1.472697e-17
1.475006e-17
1.477308e-17
1.479605e-17
1.481894e-17
1.484178e-17
1.486455e-17
1.488726e-17
1.490990e-17
1.493248e-17
1.495500e-17
1.497744e-17
1.499983e-17
1.502214e-17
1.504440e-17
1.506658e-17
1.508870e-17
1.511075e-17
1.513273e-17
1.515465e-17
1.517650e-17
1.519828e-17
1.521999e-17
1.524164e-17
1.526321e-17
1.528472e-17
1.530615e-17
1.532752e-17
1.534881e-17
1.537004e-17
1.539119e-17
1.541228e-17
1.543329e-17
1.545423e-17
1.547510e-17
1.549589e-17
1.551662e-17
1.553727e-17
1.555785e-17
1.557835e-17
1.559878e-17
1.561914e-17
1.563943e-17
1.565963e-17
1.567977e-17
1.569983e-17
1.571981e-17
1.573972e-17
1.575956e-17
1.577931e-17
1.579899e-17
1.581860e-17
1.583813e-17
1.585758e-17
1.587695e-17
1.589624e-17
1.591546e-17
1.593460e-17
1.595366e-17
1.597264e-17
1.599155e-17
1.601037e-17
1.602911e-17
1.604778e-17
1.606636e-17
1.608487e-17
1.610329e-17
1.612163e-17
1.613989e-17
1.615807e-17
1.617617e-17
1.619419e-17
1.621212e-17
1.622997e-17
1.624774e-17
1.626543e-17
1.628303e-17
1.630055e-17
1.631799e-17
1.633534e-17
1.635261e-17
1.636979e-17
1.638689e-17
1.640391e-17
1.642083e-17
1.643768e-17
1.645444e-17
1.647111e-17
1.648769e-17
1.650419e-17
1.652061e-17
1.653693e-17
1.655317e-17
1.656932e-17
1.658538e-17
1.660136e-17
1.661725e-17
1.663305e-17
1.664876e-17
1.666438e-17
1.667991e-17
1.669536e-17
1.671071e-17
1.672598e-17
1.674115e-17
1.675623e-17
1.677123e-17
1.678613e-17
1.680094e-17
1.681567e-17
1.683030e-17
1.684483e-17
1.685928e-17
1.687363e-17
1.688790e-17
1.690207e-17
1.691614e-17
1.693013e-17
1.694402e-17
1.695782e-17
1.697152e-17
1.698513e-17
1.699865e-17
1.701207e-17
1.702540e-17
1.703864e-17
1.705178e-17
1.706482e-17
1.707777e-17
1.709062e-17
1.710338e-17
1.711604e-17
1.712861e-17
1.714108e-17
1.715345e-17
1.716573e-17
1.717791e-17
1.718999e-17
1.720198e-17
1.721386e-17
1.722566e-17
1.723735e-17
1.724894e-17
1.726044e-17
1.727184e-17
1.728314e-17
1.729434e-17
1.730544e-17
1.731644e-17
1.732735e-17
1.733815e-17
1.734886e-17
1.735946e-17
1.736996e-17
1.738037e-17
1.739067e-17
1.740088e-17
1.741098e-17
1.742098e-17
1.743088e-17
1.744068e-17
1.745038e-17
1.745997e-17
1.746947e-17
1.747886e-17
1.748815e-17
1.749734e-17
1.750642e-17
1.751541e-17
1.752429e-17
1.753306e-17
1.754174e-17
1.755031e-17
1.755878e-17
1.756714e-17
1.757540e-17
1.758356e-17
1.759161e-17
1.759956e-17
1.760740e-17
1.761514e-17
1.762278e-17
1.763031e-17
1.763773e-17
1.764505e-17
1.765227e-17
1.765938e-17
1.766638e-17
1.767328e-17
1.768007e-17
1.768676e-17
1.769334e-17
1.769981e-17
1.770618e-17
1.771244e-17
1.771860e-17
1.772465e-17
1.773059e-17
1.773642e-17
1.774215e-17
1.774777e-17
1.775329e-17
1.775869e-17
1.776399e-17
1.776918e-17
1.777426e-17
1.777924e-17
1.778411e-17
1.778886e-17
1.779352e-17
1.779806e-17
1.780249e-17
1.780682e-17
1.781103e-17
1.781514e-17
1.781914e-17
1.782303e-17
1.782681e-17
1.783048e-17
1.783405e-17
1.783750e-17
1.784085e-17
1.784408e-17
1.784720e-17
1.785022e-17
1.785312e-17
1.785592e-17
1.785861e-17
1.786118e-17
1.786365e-17
1.786600e-17
1.786824e-17
1.787038e-17
1.787240e-17
1.787432e-17
1.787612e-17
1.787781e-17
1.787939e-17
1.788086e-17
1.788222e-17
1.788347e-17
1.788461e-17
1.788563e-17
1.788655e-17
1.788735e-17
1.788804e-17
1.788862e-17
1.788909e-17
1.788945e-17
1.788970e-17
1.788983e-17
1.788986e-17
1.788977e-17
1.788957e-17
1.788926e-17
1.788883e-17
1.788830e-17
1.788765e-17
1.788689e-17
1.788602e-17
1.788503e-17
1.788394e-17
1.788273e-17
1.788141e-17
1.787998e-17
1.787843e-17
1.787678e-17
1.787501e-17
1.787313e-17
1.787113e-17
1.786903e-17
1.786681e-17
1.786448e-17
1.786204e-17
1.785948e-17
1.785681e-17
1.785403e-17
1.785114e-17
1.784814e-17
1.784502e-17
1.784179e-17
1.783844e-17
1.783499e-17
1.783142e-17
1.782774e-17
1.782395e-17
1.782004e-17
1.781602e-17
1.781189e-17
1.780765e-17
1.780330e-17
1.779883e-17
1.779425e-17
1.778955e-17
1.778475e-17
1.777983e-17
1.777480e-17
1.776966e-17
1.776440e-17
1.775903e-17
1.775355e-17
1.774796e-17
1.774226e-17
1.773644e-17
1.773051e-17
1.772447e-17
1.771832e-17
1.771205e-17
1.770567e-17
1.769918e-17
1.769258e-17
1.768587e-17
1.767904e-17
1.767210e-17
1.766505e-17
1.765789e-17
1.765062e-17
1.764323e-17
1.763573e-17
1.762813e-17
1.762041e-17
1.761257e-17
1.760463e-17
1.759657e-17
1.758841e-17
1.758013e-17
1.757174e-17
1.756324e-17
1.755463e-17
1.754591e-17
1.753708e-17
1.752813e-17
1.751908e-17
1.750991e-17
1.750064e-17
1.749125e-17
1.748175e-17
1.747214e-17
1.746242e-17
1.745260e-17
1.744266e-17
1.743261e-17
1.742245e-17
1.741218e-17
1.740180e-17
1.739131e-17
1.738071e-17
1.737001e-17
1.735919e-17
1.734826e-17
1.733723e-17
1.732608e-17
1.731483e-17
1.730346e-17
1.729199e-17
1.728041e-17
1.726872e-17
1.725692e-17
1.724502e-17
1.723300e-17
1.722088e-17
1.720865e-17
1.719631e-17
1.718386e-17
1.717131e-17
1.715864e-17
1.714588e-17
1.713300e-17
1.712001e-17
1.710692e-17
1.709372e-17
1.708042e-17
1.706701e-17
1.705349e-17
1.703986e-17
1.702613e-17
1.701230e-17
1.699835e-17
1.698431e-17
1.697015e-17
1.695589e-17
1.694152e-17
1.692705e-17
1.691248e-17
1.689780e-17
1.688301e-17
1.686812e-17
1.685313e-17
1.683803e-17
1.682283e-17
1.680752e-17
1.679211e-17
1.677659e-17
1.676097e-17
1.674525e-17
1.672943e-17
1.671350e-17
1.669747e-17
1.668134e-17
1.666510e-17
1.664876e-17
1.663232e-17
1.661578e-17
1.659914e-17
1.658239e-17
1.656555e-17
1.654860e-17
1.653155e-17
1.651440e-17
1.649715e-17
1.647980e-17
1.646235e-17
1.644480e-17
1.642715e-17
1.640940e-17
1.639155e-17
1.637360e-17
1.635556e-17
1.633741e-17
1.631917e-17
1.630082e-17
1.628238e-17
1.626384e-17
1.624520e-17
1.622647e-17
1.620764e-17
1.618871e-17
1.616968e-17
1.615056e-17
1.613134e-17
1.611203e-17
1.609261e-17
1.607311e-17
1.605350e-17
1.603381e-17
1.601401e-17
1.599413e-17
1.597414e-17
1.595407e-17
1.593390e-17
1.591363e-17
1.589327e-17
1.587282e-17
1.585228e-17
1.583164e-17
1.581091e-17
1.579008e-17
1.576917e-17
1.574816e-17
1.572706e-17
1.570587e-17
1.568459e-17
1.566322e-17
1.564175e-17
1.562020e-17
1.559856e-17
1.557682e-17
1.555500e-17
1.553309e-17
1.551108e-17
1.548899e-17
1.546681e-17
1.544455e-17
1.542219e-17
1.539975e-17
1.537722e-17
1.535460e-17
1.533189e-17
1.530910e-17
1.528623e-17
1.526326e-17
1.524021e-17
1.521708e-17
1.519386e-17
1.517055e-17
1.514716e-17
1.512368e-17
1.510013e-17
1.507648e-17
1.505276e-17
1.502895e-17
1.500506e-17
1.498108e-17
1.495702e-17
1.493288e-17
1.490866e-17
1.488436e-17
1.485998e-17
1.483551e-17
1.481097e-17
1.478634e-17
1.476164e-17
1.473685e-17
1.471199e-17
1.468705e-17
1.466203e-17
1.463693e-17
1.461175e-17
1.458649e-17
1.456116e-17
1.453575e-17
1.451026e-17
1.448470e-17
1.445906e-17
1.443335e-17
1.440756e-17
1.438169e-17
1.435575e-17
1.432974e-17
1.430365e-17
1.427748e-17
1.425125e-17
1.422494e-17
1.419856e-17
1.417210e-17
1.414557e-17
1.411898e-17
1.409231e-17
1.406556e-17
1.403875e-17
1.401187e-17
1.398492e-17
1.395789e-17
1.393080e-17
1.390364e-17
1.387641e-17
1.384911e-17
1.382175e-17
1.379432e-17
1.376681e-17
1.373925e-17
1.371161e-17
1.368391e-17
1.365615e-17
1.362831e-17
1.360042e-17
1.357246e-17
1.354443e-17
1.351634e-17
1.348819e-17
1.345997e-17
1.343169e-17
1.340334e-17
1.337494e-17
1.334647e-17
1.331794e-17
1.328935e-17
1.326070e-17
1.323199e-17
1.320322e-17
1.317439e-17
1.314550e-17
1.311655e-17
1.308755e-17
1.305848e-17
1.302936e-17
1.300018e-17
1.297094e-17
1.294165e-17
1.291230e-17
1.288289e-17
1.285343e-17
1.282391e-17
1.279434e-17
1.276472e-17
1.273504e-17
1.270531e-17
1.267552e-17
1.264568e-17
1.261579e-17
1.258585e-17
1.255586e-17
1.252581e-17
1.249571e-17
1.246557e-17
1.243537e-17
1.240513e-17
1.237483e-17
1.234449e-17
1.231410e-17
1.228366e-17
1.225317e-17
1.222263e-17
1.219205e-17
1.216142e-17
1.213075e-17
1.210003e-17
1.206927e-17
1.203846e-17
1.200761e-17
1.197671e-17
1.194577e-17
1.191478e-17
1.188376e-17
1.185269e-17
1.182158e-17
1.179043e-17
1.175924e-17
1.172800e-17
1.169673e-17
1.166542e-17
1.163407e-17
1.160267e-17
1.157125e-17
1.153978e-17
1.150827e-17
1.147673e-17
1.144515e-17
1.141354e-17
1.138188e-17
1.135020e-17
1.131848e-17
1.128672e-17
1.125493e-17
1.122310e-17
1.119125e-17
1.115936e-17
1.112743e-17
1.109548e-17
1.106349e-17
1.103147e-17
1.099942e-17
1.096734e-17
1.093523e-17
1.090309e-17
1.087093e-17
1.083873e-17
1.080651e-17
1.077425e-17
1.074197e-17
1.070967e-17
1.067733e-17
1.064497e-17
1.061259e-17
1.058018e-17
1.054775e-17
1.051529e-17
1.048280e-17
1.045030e-17
1.041777e-17
1.038522e-17
1.035264e-17
1.032005e-17
1.028743e-17
1.025480e-17
1.022214e-17
1.018946e-17
1.015677e-17
1.012405e-17
1.009132e-17
1.005856e-17
1.002579e-17
9.993007e-18
9.960204e-18
9.927384e-18
9.894548e-18
9.861697e-18
9.828831e-18
9.795951e-18
9.763056e-18
9.730148e-18
9.697227e-18
9.664293e-18
9.631347e-18
9.598389e-18
9.565419e-18
9.532439e-18
9.499448e-18
9.466447e-18
9.433437e-18
9.400418e-18
9.367390e-18
9.334353e-18
9.301309e-18
9.268258e-18
9.235200e-18
9.202135e-18
9.169065e-18
9.135989e-18
9.102908e-18
9.069822e-18
9.036732e-18
9.003639e-18
8.970542e-18
8.937443e-18
8.904341e-18
8.871238e-18
8.838133e-18
8.805027e-18
8.771920e-18
8.738814e-18
8.705708e-18
8.672602e-18
8.639499e-18
8.606396e-18
8.573297e-18
8.540199e-18
8.507105e-18
8.474015e-18
8.440928e-18
8.407846e-18
8.374769e-18
8.341698e-18
8.308632e-18
8.275572e-18
8.242520e-18
8.209474e-18
8.176436e-18
8.143407e-18
8.110386e-18
8.077374e-18
8.044371e-18
8.011379e-18
7.978396e-18
7.945425e-18
7.912465e-18
7.879517e-18
7.846581e-18
7.813658e-18
7.780747e-18
7.747851e-18
7.714968e-18
7.682100e-18
7.649247e-18
7.616409e-18
7.583587e-18
7.550782e-18
7.517993e-18
7.485221e-18
7.452467e-18
7.419731e-18
7.387014e-18
7.354316e-18
7.321637e-18
7.288978e-18
7.256339e-18
7.223721e-18
7.191125e-18
7.158550e-18
7.125998e-18
7.093468e-18
7.060961e-18
7.028477e-18
6.996018e-18
6.963583e-18
6.931173e-18
6.898788e-18
6.866429e-18
6.834096e-18
6.801790e-18
6.769510e-18
6.737259e-18
6.705035e-18
6.672840e-18
6.640674e-18
6.608537e-18
6.576430e-18
6.544353e-18
6.512306e-18
6.480291e-18
6.448308e-18
6.416356e-18
6.384437e-18
6.352550e-18
6.320697e-18
6.288878e-18
6.257093e-18
6.225342e-18
6.193627e-18
6.161947e-18
6.130303e-18
6.098696e-18
6.067125e-18
6.035592e-18
6.004096e-18
5.972638e-18
5.941219e-18
5.909839e-18
5.878499e-18
5.847198e-18
5.815938e-18
5.784718e-18
5.753540e-18
5.722403e-18
5.691308e-18
5.660256e-18
5.629247e-18
5.598280e-18
5.567358e-18
5.536480e-18
5.505647e-18
5.474858e-18
5.444115e-18
5.413418e-18
5.382767e-18
5.352163e-18
5.321607e-18
5.291097e-18
5.260636e-18
5.230223e-18
5.199860e-18
5.169545e-18
5.139280e-18
5.109065e-18
5.078901e-18
5.048788e-18
5.018726e-18
4.988716e-18
4.958758e-18
4.928853e-18
4.899000e-18
4.869202e-18
4.839457e-18
4.809766e-18
4.780130e-18
4.750549e-18
4.721024e-18
4.691555e-18
4.662142e-18
4.632785e-18
4.603486e-18
4.574245e-18
4.545061e-18
4.515936e-18
4.486869e-18
4.457862e-18
4.428914e-18
4.400026e-18
4.371199e-18
4.342432e-18
4.313726e-18
4.285082e-18
4.256500e-18
4.227981e-18
4.199524e-18
4.171130e-18
4.142800e-18
4.114534e-18
4.086332e-18
4.058194e-18
4.030122e-18
4.002116e-18
3.974175e-18
3.946301e-18
3.918493e-18
3.890752e-18
3.863079e-18
3.835473e-18
3.807936e-18
3.780467e-18
3.753067e-18
3.725736e-18
3.698476e-18
3.671285e-18
3.644165e-18
3.617115e-18
3.590137e-18
3.563230e-18
3.536396e-18
3.509633e-18
3.482944e-18
3.456327e-18
3.429784e-18
3.403314e-18
3.376919e-18
3.350598e-18
3.324353e-18
3.298182e-18
3.272087e-18
3.246068e-18
3.220126e-18
3.194260e-18
3.168471e-18
3.142759e-18
3.117126e-18
3.091570e-18
3.066093e-18
3.040695e-18
3.015376e-18
2.990136e-18
2.964976e-18
2.939897e-18
2.914898e-18
2.889980e-18
2.865143e-18
2.840388e-18
2.815715e-18
2.791124e-18
2.766615e-18
2.742190e-18
2.717848e-18
2.693589e-18
2.669415e-18
2.645324e-18
2.621319e-18
2.597398e-18
2.573563e-18
2.549813e-18
2.526149e-18
2.502571e-18
2.479080e-18
2.455676e-18
2.432359e-18
2.409130e-18
2.385989e-18
2.362935e-18
2.339971e-18
2.317095e-18
2.294308e-18
2.271611e-18
2.249003e-18
2.226485e-18
2.204058e-18
2.181722e-18
2.159476e-18
2.137322e-18
2.115259e-18
2.093289e-18
2.071410e-18
2.049624e-18
2.027931e-18
2.006331e-18
1.984824e-18
1.963411e-18
1.942092e-18
1.920868e-18
1.899737e-18
1.878702e-18
1.857762e-18
1.836917e-18
1.816168e-18
1.795515e-18
1.774958e-18
1.754498e-18
1.734135e-18
1.713868e-18
1.693700e-18
1.673628e-18
1.653655e-18
1.633780e-18
1.614004e-18
1.594326e-18
1.574747e-18
1.555267e-18
1.535887e-18
1.516607e-18
1.497427e-18
1.478348e-18
1.459368e-18
1.440490e-18
1.421713e-18
1.403037e-18
1.384463e-18
1.365991e-18
1.347621e-18
1.329353e-18
1.311188e-18
1.293125e-18
1.275166e-18
1.257310e-18
1.239558e-18
1.221910e-18
1.204365e-18
1.186925e-18
1.169590e-18
1.152359e-18
1.135233e-18
1.118213e-18
1.101298e-18
1.084489e-18
1.067786e-18
1.051188e-18
1.034698e-18
1.018313e-18
1.002036e-18
9.858659e-19
9.698028e-19
9.538473e-19
9.379994e-19
9.222594e-19
9.066276e-19
8.911040e-19
8.756890e-19
8.603828e-19
8.451854e-19
8.300973e-19
8.151184e-19
8.002492e-19
7.854896e-19
7.708401e-19
7.563006e-19
7.418715e-19
7.275529e-19
7.133451e-19
6.992481e-19
6.852623e-19
6.713877e-19
6.576246e-19
6.439731e-19
6.304335e-19
6.170059e-19
6.036904e-19
5.904874e-19
5.773968e-19
5.644190e-19
5.515541e-19
5.388022e-19
5.261636e-19
5.136383e-19
5.012266e-19
4.889286e-19
4.767445e-19
4.646744e-19
4.527185e-19
4.408770e-19
4.291500e-19
4.175377e-19
4.060402e-19
3.946576e-19
3.833902e-19
3.722380e-19
3.612012e-19
3.502800e-19
3.394745e-19
3.287848e-19
3.182111e-19
3.077535e-19
2.974122e-19
2.871872e-19
2.770788e-19
2.670870e-19
2.572120e-19
2.474539e-19
2.378128e-19
2.282888e-19
2.188821e-19
2.095929e-19
2.004211e-19
1.913670e-19
1.824306e-19
1.736121e-19
1.649115e-19
1.563290e-19
1.478648e-19
1.395188e-19
1.312912e-19
1.231821e-19
1.151917e-19
1.073200e-19
9.956703e-20
9.193301e-20
8.441800e-20
7.702208e-20
6.974535e-20
6.258790e-20
5.554982e-20
4.863120e-20
4.183212e-20
3.515266e-20
2.859291e-20
2.215295e-20
1.583285e-20
9.632701e-21
3.552565e-21
-2.407478e-21
-8.247358e-21
-1.396700e-20
-1.956635e-20
-2.504532e-20
-3.040386e-20
-3.564191e-20
-4.075939e-20
-4.575626e-20
-5.063245e-20
-5.538790e-20
-6.002257e-20
-6.453639e-20
-6.892932e-20
-7.320131e-20
-7.735231e-20
-8.138227e-20
-8.529115e-20
-8.907890e-20
-9.274549e-20
-9.629087e-20
-9.971500e-20
-1.030179e-19
-1.061994e-19
-1.092596e-19
-1.121984e-19
-1.150158e-19
-1.177118e-19
-1.202863e-19
-1.227393e-19
-1.250709e-19
-1.272809e-19
-1.293693e-19
-1.313362e-19
-1.331815e-19
-1.349052e-19
-1.365073e-19
-1.379878e-19
-1.393466e-19
-1.405838e-19
-1.416994e-19
-1.426933e-19
-1.435656e-19
-1.443163e-19
-1.449453e-19
-1.454526e-19
-1.458383e-19
-1.461024e-19
-1.462449e-19
-1.462657e-19
-1.461650e-19
-1.459426e-19
