1.410447e-12
1.410445e-12
1.410438e-12
1.410426e-12
1.410410e-12
1.410389e-12
1.410363e-12
1.410332e-12
1.410297e-12
1.410257e-12
1.410212e-12
1.410163e-12
1.410109e-12
1.410050e-12
1.409987e-12
1.409919e-12
1.409846e-12
1.409769e-12
1.409687e-12
1.409600e-12
1.409508e-12
1.409412e-12
1.409311e-12
1.409205e-12
1.409095e-12
1.408980e-12
1.408860e-12
1.408736e-12
1.408607e-12
1.408473e-12
1.408335e-12
1.408192e-12
1.408044e-12
1.407891e-12
1.407734e-12
1.407572e-12
1.407406e-12
1.407234e-12
1.407058e-12
1.406878e-12
1.406693e-12
1.406503e-12
1.406308e-12
1.406109e-12
1.405905e-12
1.405696e-12
1.405483e-12
1.405265e-12
1.405042e-12
1.404815e-12
1.404583e-12
1.404346e-12
1.404105e-12
1.403859e-12
1.403608e-12
1.403353e-12
1.403093e-12
1.402828e-12
1.402559e-12
1.402285e-12
1.402006e-12
1.401723e-12
1.401435e-12
1.401142e-12
1.400845e-12
1.400543e-12
1.400236e-12
1.399925e-12
1.399609e-12
1.399289e-12
1.398964e-12
1.398634e-12
1.398299e-12
1.397960e-12
1.397617e-12
1.397268e-12
1.396915e-12
1.396558e-12
1.396195e-12
1.395829e-12
1.395457e-12
1.395081e-12
1.394700e-12
1.394315e-12
1.393925e-12
1.393530e-12
1.393131e-12
1.392727e-12
1.392319e-12
1.391906e-12
1.391488e-12
1.391066e-12
1.390639e-12
1.390207e-12
1.389771e-12
1.389331e-12
1.388885e-12
1.388435e-12
1.387981e-12
1.387522e-12
1.387058e-12
1.386590e-12
1.386117e-12
1.385640e-12
1.385158e-12
1.384671e-12
1.384180e-12
1.383684e-12
1.383184e-12
1.382679e-12
1.382170e-12
1.381656e-12
1.381137e-12
1.380614e-12
1.380087e-12
1.379555e-12
1.379018e-12
1.378477e-12
1.377931e-12
1.377380e-12
1.376825e-12
1.376266e-12
1.375702e-12
1.375133e-12
1.374560e-12
1.373983e-12
1.373401e-12
1.372814e-12
1.372223e-12
1.371627e-12
1.371027e-12
1.370422e-12
1.369813e-12
1.369200e-12
1.368581e-12
1.367959e-12
1.367331e-12
1.366700e-12
1.366064e-12
1.365423e-12
1.364778e-12
1.364128e-12
1.363474e-12
1.362815e-12
1.362152e-12
1.361485e-12
1.360813e-12
1.360136e-12
1.359455e-12
1.358770e-12
1.358080e-12
1.357386e-12
1.356687e-12
1.355984e-12
1.355276e-12
1.354564e-12
1.353848e-12
1.353127e-12
1.352402e-12
1.351672e-12
1.350938e-12
1.350199e-12
1.349456e-12
1.348709e-12
1.347957e-12
1.347201e-12
1.346440e-12
1.345675e-12
1.344906e-12
1.344132e-12
1.343354e-12
1.342571e-12
1.341784e-12
1.340993e-12
1.340197e-12
1.339397e-12
1.338593e-12
1.337784e-12
1.336971e-12
1.336153e-12
1.335331e-12
1.334505e-12
1.333675e-12
1.332840e-12
1.332001e-12
1.331157e-12
1.330309e-12
1.329457e-12
1.328601e-12
1.327740e-12
1.326875e-12
1.326005e-12
1.325132e-12
1.324254e-12
1.323371e-12
1.322485e-12
1.321594e-12
1.320699e-12
1.319799e-12
1.318896e-12
1.317988e-12
1.317076e-12
1.316159e-12
1.315238e-12
1.314313e-12
1.313384e-12
1.312451e-12
1.311513e-12
1.310571e-12
1.309625e-12
1.308674e-12
1.307720e-12
1.306761e-12
1.305798e-12
1.304831e-12
1.303859e-12
1.302883e-12
1.301904e-12
1.300920e-12
1.299931e-12
1.298939e-12
1.297942e-12
1.296942e-12
1.295937e-12
1.294928e-12
1.293914e-12
1.292897e-12
1.291875e-12
1.290850e-12
1.289820e-12
1.288786e-12
1.287748e-12
1.286706e-12
1.285659e-12
1.284609e-12
1.283554e-12
1.282496e-12
1.281433e-12
1.280366e-12
1.279295e-12
1.278220e-12
1.277141e-12
1.276058e-12
1.274970e-12
1.273879e-12
1.272784e-12
1.271684e-12
1.270581e-12
1.269473e-12
1.268362e-12
1.267246e-12
1.266126e-12
1.265003e-12
1.263875e-12
1.262743e-12
1.261608e-12
1.260468e-12
1.259324e-12
1.258176e-12
1.257025e-12
1.255869e-12
1.254709e-12
1.253546e-12
1.252378e-12
1.251207e-12
1.250031e-12
1.248852e-12
1.247668e-12
1.246481e-12
1.245289e-12
1.244094e-12
1.242895e-12
1.241692e-12
1.240485e-12
1.239274e-12
1.238059e-12
1.236841e-12
1.235618e-12
1.234392e-12
1.233161e-12
1.231927e-12
1.230689e-12
1.229447e-12
1.228201e-12
1.226951e-12
1.225698e-12
1.224440e-12
1.223179e-12
1.221914e-12
1.220645e-12
1.219373e-12
1.218096e-12
1.216816e-12
1.215532e-12
1.214244e-12
1.212952e-12
1.211657e-12
1.210357e-12
1.209054e-12
1.207748e-12
1.206437e-12
1.205123e-12
1.203805e-12
1.202483e-12
1.201157e-12
1.199828e-12
1.198495e-12
1.197158e-12
1.195818e-12
1.194474e-12
1.193126e-12
1.191775e-12
1.190419e-12
1.189060e-12
1.187698e-12
1.186332e-12
1.184962e-12
1.183588e-12
1.182211e-12
1.180830e-12
1.179446e-12
1.178057e-12
1.176666e-12
1.175270e-12
1.173871e-12
1.172469e-12
1.171062e-12
1.169653e-12
1.168239e-12
1.166822e-12
1.165402e-12
1.163977e-12
1.162550e-12
1.161118e-12
1.159684e-12
1.158245e-12
1.156803e-12
1.155358e-12
1.153909e-12
1.152457e-12
1.151001e-12
1.149541e-12
1.148078e-12
1.146612e-12
1.145142e-12
1.143668e-12
1.142191e-12
1.140711e-12
1.139227e-12
1.137740e-12
1.136249e-12
1.134755e-12
1.133257e-12
1.131756e-12
1.130251e-12
1.128743e-12
1.127232e-12
1.125717e-12
1.124199e-12
1.122678e-12
1.121153e-12
1.119625e-12
1.118093e-12
1.116558e-12
1.115020e-12
1.113478e-12
1.111933e-12
1.110384e-12
1.108833e-12
1.107278e-12
1.105719e-12
1.104158e-12
1.102593e-12
1.101024e-12
1.099453e-12
1.097878e-12
1.096300e-12
1.094719e-12
1.093134e-12
1.091546e-12
1.089955e-12
1.088361e-12
1.086763e-12
1.085162e-12
1.083558e-12
1.081951e-12
1.080340e-12
1.078727e-12
1.077110e-12
1.075490e-12
1.073867e-12
1.072240e-12
1.070611e-12
1.068978e-12
1.067342e-12
1.065703e-12
1.064061e-12
1.062416e-12
1.060768e-12
1.059116e-12
1.057461e-12
1.055804e-12
1.054143e-12
1.052479e-12
1.050812e-12
1.049142e-12
1.047469e-12
1.045793e-12
1.044114e-12
1.042432e-12
1.040746e-12
1.039058e-12
1.037367e-12
1.035673e-12
1.033975e-12
1.032275e-12
1.030572e-12
1.028865e-12
1.027156e-12
1.025444e-12
1.023729e-12
1.022011e-12
1.020290e-12
1.018566e-12
1.016839e-12
1.015109e-12
1.013376e-12
1.011640e-12
1.009902e-12
1.008160e-12
1.006416e-12
1.004669e-12
1.002919e-12
1.001166e-12
9.994097e-13
9.976510e-13
9.958895e-13
9.941251e-13
9.923579e-13
9.905879e-13
9.888151e-13
9.870395e-13
9.852610e-13
9.834798e-13
9.816958e-13
9.799090e-13
9.781195e-13
9.763272e-13
9.745321e-13
9.727343e-13
9.709338e-13
9.691305e-13
9.673245e-13
9.655158e-13
9.637044e-13
9.618903e-13
9.600735e-13
9.582540e-13
9.564319e-13
9.546071e-13
9.527796e-13
9.509494e-13
9.491167e-13
9.472812e-13
9.454432e-13
9.436025e-13
9.417592e-13
9.399134e-13
9.380649e-13
9.362138e-13
9.343601e-13
9.325039e-13
9.306451e-13
9.287837e-13
9.269198e-13
9.250533e-13
9.231843e-13
9.213128e-13
9.194387e-13
9.175622e-13
9.156831e-13
9.138015e-13
9.119175e-13
9.100309e-13
9.081419e-13
9.062504e-13
9.043565e-13
9.024601e-13
9.005612e-13
8.986600e-13
8.967563e-13
8.948501e-13
8.929416e-13
8.910307e-13
8.891173e-13
8.872016e-13
8.852835e-13
8.833630e-13
8.814402e-13
8.795150e-13
8.775875e-13
8.756576e-13
8.737254e-13
8.717908e-13
8.698540e-13
8.679148e-13
8.659733e-13
8.640296e-13
8.620835e-13
8.601352e-13
8.581846e-13
8.562317e-13
8.542766e-13
8.523193e-13
8.503597e-13
8.483979e-13
8.464338e-13
8.444675e-13
8.424991e-13
8.405284e-13
8.385556e-13
8.365805e-13
8.346033e-13
8.326240e-13
8.306424e-13
8.286587e-13
8.266729e-13
8.246850e-13
8.226949e-13
8.207027e-13
8.187084e-13
8.167120e-13
8.147135e-13
8.127129e-13
8.107102e-13
8.087055e-13
8.066987e-13
8.046898e-13
8.026789e-13
8.006660e-13
7.986510e-13
7.966340e-13
7.946150e-13
7.925940e-13
7.905710e-13
7.885461e-13
7.865191e-13
7.844901e-13
7.824592e-13
7.804264e-13
7.783916e-13
7.763548e-13
7.743161e-13
7.722755e-13
7.702330e-13
7.681886e-13
7.661423e-13
7.640940e-13
7.620439e-13
7.599920e-13
7.579381e-13
7.558824e-13
7.538249e-13
7.517655e-13
7.497042e-13
7.476412e-13
7.455763e-13
7.435096e-13
7.414411e-13
7.393708e-13
7.372988e-13
7.352249e-13
7.331493e-13
7.310719e-13
7.289928e-13
7.269119e-13
7.248293e-13
7.227450e-13
7.206589e-13
7.185711e-13
7.164816e-13
7.143905e-13
7.122976e-13
7.102031e-13
7.081069e-13
7.060090e-13
7.039094e-13
7.018083e-13
6.997054e-13
6.976010e-13
6.954949e-13
6.933872e-13
6.912779e-13
6.891670e-13
6.870546e-13
6.849405e-13
6.828249e-13
6.807077e-13
6.785889e-13
6.764686e-13
6.743467e-13
6.722233e-13
6.700984e-13
6.679720e-13
6.658441e-13
6.637146e-13
6.615837e-13
6.594513e-13
6.573174e-13
6.551821e-13
6.530453e-13
6.509070e-13
6.487673e-13
6.466261e-13
6.444836e-13
6.423396e-13
6.401942e-13
6.380474e-13
6.358992e-13
6.337496e-13
6.315987e-13
6.294463e-13
6.272927e-13
6.251376e-13
6.229812e-13
6.208235e-13
6.186645e-13
6.165041e-13
6.143424e-13
6.121794e-13
6.100151e-13
6.078496e-13
6.056827e-13
6.035146e-13
6.013452e-13
5.991746e-13
5.970027e-13
5.948295e-13
5.926552e-13
5.904796e-13
5.883028e-13
5.861248e-13
5.839456e-13
5.817652e-13
5.795836e-13
5.774009e-13
5.752170e-13
5.730319e-13
5.708457e-13
5.686583e-13
5.664698e-13
5.642802e-13
5.620895e-13
5.598976e-13
5.577047e-13
5.555106e-13
5.533155e-13
5.511193e-13
5.489221e-13
5.467237e-13
5.445244e-13
5.423239e-13
5.401225e-13
5.379200e-13
5.357165e-13
5.335120e-13
5.313065e-13
5.290999e-13
5.268924e-13
5.246840e-13
5.224745e-13
5.202641e-13
5.180527e-13
5.158404e-13
5.136271e-13
5.114130e-13
5.091978e-13
5.069818e-13
5.047649e-13
5.025471e-13
5.003283e-13
4.981087e-13
4.958883e-13
4.936669e-13
4.914447e-13
4.892217e-13
4.869978e-13
4.847731e-13
4.825475e-13
4.803211e-13
4.780940e-13
4.758660e-13
4.736372e-13
4.714076e-13
4.691773e-13
4.669462e-13
4.647143e-13
4.624817e-13
4.602483e-13
4.580142e-13
4.557794e-13
4.535438e-13
4.513075e-13
4.490706e-13
4.468329e-13
4.445945e-13
4.423555e-13
4.401157e-13
4.378753e-13
4.356343e-13
4.333926e-13
4.311502e-13
4.289073e-13
4.266637e-13
4.244194e-13
4.221746e-13
4.199292e-13
4.176831e-13
4.154365e-13
4.131893e-13
4.109416e-13
4.086932e-13
4.064443e-13
4.041949e-13
4.019449e-13
3.996944e-13
3.974434e-13
3.951918e-13
3.929398e-13
3.906872e-13
3.884342e-13
3.861807e-13
3.839267e-13
3.816722e-13
3.794172e-13
3.771619e-13
3.749060e-13
3.726497e-13
3.703930e-13
3.681359e-13
3.658784e-13
3.636204e-13
3.613621e-13
3.591034e-13
3.568442e-13
3.545847e-13
3.523249e-13
3.500647e-13
3.478041e-13
3.455432e-13
3.432819e-13
3.410203e-13
3.387584e-13
3.364962e-13
3.342337e-13
3.319709e-13
3.297078e-13
3.274444e-13
3.251807e-13
3.229168e-13
3.206526e-13
3.183881e-13
3.161235e-13
3.138585e-13
3.115934e-13
3.093280e-13
3.070624e-13
3.047966e-13
3.025306e-13
3.002645e-13
2.979981e-13
2.957316e-13
2.934649e-13
2.911980e-13
2.889310e-13
2.866638e-13
2.843965e-13
2.821291e-13
2.798615e-13
2.775939e-13
2.753261e-13
2.730582e-13
2.707903e-13
2.685222e-13
2.662541e-13
2.639859e-13
2.617177e-13
2.594493e-13
2.571810e-13
2.549126e-13
2.526442e-13
2.503757e-13
2.481073e-13
2.458388e-13
2.435703e-13
2.413019e-13
2.390334e-13
2.367650e-13
2.344966e-13
2.322282e-13
2.299599e-13
2.276916e-13
2.254234e-13
2.231552e-13
2.208871e-13
2.186191e-13
2.163512e-13
2.140834e-13
2.118157e-13
2.095481e-13
2.072806e-13
2.050132e-13
2.027460e-13
2.004789e-13
1.982120e-13
1.959452e-13
1.936785e-13
1.914121e-13
1.891458e-13
1.868797e-13
1.846138e-13
1.823481e-13
1.800825e-13
1.778172e-13
1.755522e-13
1.732873e-13
1.710227e-13
1.687583e-13
1.664942e-13
1.642303e-13
1.619667e-13
1.597034e-13
1.574403e-13
1.551775e-13
1.529150e-13
1.506528e-13
1.483910e-13
1.461294e-13
1.438681e-13
1.416072e-13
1.393466e-13
1.370864e-13
1.348265e-13
1.325669e-13
1.303078e-13
1.280489e-13
1.257905e-13
1.235325e-13
1.212748e-13
1.190175e-13
1.167607e-13
1.145042e-13
1.122482e-13
1.099926e-13
1.077375e-13
1.054827e-13
1.032285e-13
1.009746e-13
9.872129e-14
9.646839e-14
9.421598e-14
9.196404e-14
8.971260e-14
8.746165e-14
8.521121e-14
8.296127e-14
8.071185e-14
7.846296e-14
7.621459e-14
7.396677e-14
7.171948e-14
6.947275e-14
6.722658e-14
6.498097e-14
6.273594e-14
6.049148e-14
5.824761e-14
5.600433e-14
5.376165e-14
5.151958e-14
4.927811e-14
4.703727e-14
4.479706e-14
4.255748e-14
4.031853e-14
3.808024e-14
3.584260e-14
3.360561e-14
3.136930e-14
2.913366e-14
2.689870e-14
2.466442e-14
2.243084e-14
2.019796e-14
1.796579e-14
1.573433e-14
1.350359e-14
1.127357e-14
9.044295e-15
6.815756e-15
4.587964e-15
2.360925e-15
1.346461e-16
-2.090866e-15
-4.315605e-15
-6.539565e-15
-8.762738e-15
-1.098512e-14
-1.320670e-14
-1.542747e-14
-1.764744e-14
-1.986658e-14
-2.208490e-14
-2.430239e-14
-2.651903e-14
-2.873484e-14
-3.094979e-14
-3.316388e-14
-3.537711e-14
-3.758947e-14
-3.980095e-14
-4.201155e-14
-4.422126e-14
-4.643007e-14
-4.863798e-14
-5.084498e-14
-5.305107e-14
-5.525623e-14
-5.746046e-14
-5.966376e-14
-6.186612e-14
-6.406753e-14
-6.626799e-14
-6.846749e-14
-7.066602e-14
-7.286358e-14
-7.506017e-14
-7.725576e-14
-7.945037e-14
-8.164397e-14
-8.383658e-14
-8.602817e-14
-8.821875e-14
-9.040831e-14
-9.259683e-14
-9.478433e-14
-9.697078e-14
-9.915618e-14
-1.013405e-13
-1.035238e-13
-1.057060e-13
-1.078872e-13
-1.100673e-13
-1.122463e-13
-1.144242e-13
-1.166010e-13
-1.187767e-13
-1.209513e-13
-1.231248e-13
-1.252971e-13
-1.274684e-13
-1.296385e-13
-1.318074e-13
-1.339752e-13
-1.361419e-13
-1.383074e-13
-1.404718e-13
-1.426350e-13
-1.447970e-13
-1.469578e-13
-1.491174e-13
-1.512759e-13
-1.534331e-13
-1.555892e-13
-1.577440e-13
-1.598976e-13
-1.620500e-13
-1.642012e-13
-1.663511e-13
-1.684998e-13
-1.706473e-13
-1.727935e-13
-1.749384e-13
-1.770821e-13
-1.792245e-13
-1.813657e-13
-1.835055e-13
-1.856441e-13
-1.877814e-13
-1.899174e-13
-1.920521e-13
-1.941854e-13
-1.963175e-13
-1.984482e-13
-2.005776e-13
-2.027057e-13
-2.048325e-13
-2.069579e-13
-2.090819e-13
-2.112046e-13
-2.133260e-13
-2.154459e-13
-2.175645e-13
-2.196817e-13
-2.217976e-13
-2.239120e-13
-2.260251e-13
-2.281368e-13
-2.302470e-13
-2.323559e-13
-2.344633e-13
-2.365693e-13
-2.386739e-13
-2.407770e-13
-2.428787e-13
-2.449790e-13
-2.470778e-13
-2.491752e-13
-2.512711e-13
-2.533655e-13
-2.554585e-13
-2.575500e-13
-2.596400e-13
-2.617285e-13
-2.638156e-13
-2.659011e-13
-2.679851e-13
-2.700676e-13
-2.721486e-13
-2.742281e-13
-2.763061e-13
-2.783825e-13
-2.804574e-13
-2.825308e-13
-2.846026e-13
-2.866729e-13
-2.887416e-13
-2.908087e-13
-2.928743e-13
-2.949383e-13
-2.970007e-13
-2.990616e-13
-3.011208e-13
-3.031785e-13
-3.052346e-13
-3.072890e-13
-3.093419e-13
-3.113931e-13
-3.134427e-13
-3.154907e-13
-3.175371e-13
-3.195818e-13
-3.216249e-13
-3.236664e-13
-3.257062e-13
-3.277443e-13
-3.297808e-13
-3.318156e-13
-3.338488e-13
-3.358803e-13
-3.379101e-13
-3.399382e-13
-3.419646e-13
-3.439893e-13
-3.460124e-13
-3.480337e-13
-3.500533e-13
-3.520712e-13
-3.540874e-13
-3.561018e-13
-3.581145e-13
-3.601255e-13
-3.621348e-13
-3.641423e-13
-3.661480e-13
-3.681520e-13
-3.701543e-13
-3.721548e-13
-3.741535e-13
-3.761504e-13
-3.781456e-13
-3.801389e-13
-3.821305e-13
-3.841203e-13
-3.861083e-13
-3.880945e-13
-3.900789e-13
-3.920615e-13
-3.940422e-13
-3.960212e-13
-3.979983e-13
-3.999736e-13
-4.019470e-13
-4.039186e-13
-4.058884e-13
-4.078563e-13
-4.098223e-13
-4.117865e-13
-4.137489e-13
-4.157093e-13
-4.176679e-13
-4.196247e-13
-4.215795e-13
-4.235324e-13
-4.254835e-13
-4.274327e-13
-4.293799e-13
-4.313253e-13
-4.332687e-13
-4.352102e-13
-4.371499e-13
-4.390876e-13
-4.410233e-13
-4.429572e-13
-4.448890e-13
-4.468190e-13
-4.487470e-13
-4.506731e-13
-4.525972e-13
-4.545193e-13
-4.564395e-13
-4.583577e-13
-4.602740e-13
-4.621882e-13
-4.641005e-13
-4.660108e-13
-4.679191e-13
-4.698255e-13
-4.717298e-13
-4.736321e-13
-4.755324e-13
-4.774307e-13
-4.793270e-13
-4.812213e-13
-4.831135e-13
-4.850037e-13
-4.868919e-13
-4.887781e-13
-4.906622e-13
-4.925442e-13
-4.944242e-13
-4.963022e-13
-4.981781e-13
-5.000519e-13
-5.019237e-13
-5.037934e-13
-5.056610e-13
-5.075266e-13
-5.093901e-13
-5.112514e-13
-5.131107e-13
-5.149679e-13
-5.168230e-13
-5.186760e-13
-5.205269e-13
-5.223757e-13
-5.242223e-13
-5.260668e-13
-5.279093e-13
-5.297495e-13
-5.315877e-13
-5.334237e-13
-5.352576e-13
-5.370893e-13
-5.389189e-13
-5.407464e-13
-5.425716e-13
-5.443948e-13
-5.462157e-13
-5.480345e-13
-5.498511e-13
-5.516656e-13
-5.534778e-13
-5.552879e-13
-5.570958e-13
-5.589015e-13
-5.607050e-13
-5.625064e-13
-5.643055e-13
-5.661024e-13
-5.678971e-13
-5.696895e-13
-5.714798e-13
-5.732678e-13
-5.750537e-13
-5.768373e-13
-5.786186e-13
-5.803977e-13
-5.821746e-13
-5.839492e-13
-5.857216e-13
-5.874918e-13
-5.892596e-13
-5.910253e-13
-5.927886e-13
-5.945497e-13
-5.963085e-13
-5.980651e-13
-5.998194e-13
-6.015714e-13
-6.033211e-13
-6.050685e-13
-6.068136e-13
-6.085564e-13
-6.102970e-13
-6.120352e-13
-6.137711e-13
-6.155047e-13
-6.172360e-13
-6.189650e-13
-6.206917e-13
-6.224160e-13
-6.241380e-13
-6.258577e-13
-6.275751e-13
-6.292901e-13
-6.310028e-13
-6.327131e-13
-6.344211e-13
-6.361267e-13
-6.378300e-13
-6.395309e-13
-6.412294e-13
-6.429256e-13
-6.446194e-13
-6.463109e-13
-6.479999e-13
-6.496866e-13
-6.513709e-13
-6.530528e-13
-6.547324e-13
-6.564095e-13
-6.580843e-13
-6.597566e-13
-6.614266e-13
-6.630941e-13
-6.647592e-13
-6.664219e-13
-6.680822e-13
-6.697401e-13
-6.713956e-13
-6.730486e-13
-6.746992e-13
-6.763474e-13
-6.779931e-13
-6.796364e-13
-6.812773e-13
-6.829157e-13
-6.845517e-13
-6.861852e-13
-6.878162e-13
-6.894448e-13
-6.910710e-13
-6.926947e-13
-6.943159e-13
-6.959346e-13
-6.975509e-13
-6.991647e-13
-7.007760e-13
-7.023848e-13
-7.039912e-13
-7.055950e-13
-7.071964e-13
-7.087953e-13
-7.103916e-13
-7.119855e-13
-7.135769e-13
-7.151657e-13
-7.167521e-13
-7.183359e-13
-7.199172e-13
-7.214960e-13
-7.230723e-13
-7.246461e-13
-7.262173e-13
-7.277860e-13
-7.293522e-13
-7.309158e-13
-7.324769e-13
-7.340354e-13
-7.355915e-13
-7.371449e-13
-7.386958e-13
-7.402442e-13
-7.417900e-13
-7.433332e-13
-7.448739e-13
-7.464120e-13
-7.479475e-13
-7.494805e-13
-7.510109e-13
-7.525387e-13
-7.540639e-13
-7.555866e-13
-7.571066e-13
-7.586241e-13
-7.601390e-13
-7.616513e-13
-7.631610e-13
-7.646681e-13
-7.661726e-13
-7.676745e-13
-7.691738e-13
-7.706704e-13
-7.721645e-13
-7.736560e-13
-7.751448e-13
-7.766310e-13
-7.781146e-13
-7.795956e-13
-7.810739e-13
-7.825496e-13
-7.840227e-13
-7.854931e-13
-7.869609e-13
-7.884260e-13
-7.898885e-13
-7.913484e-13
-7.928056e-13
-7.942602e-13
-7.957121e-13
-7.971613e-13
-7.986079e-13
-8.000518e-13
-8.014931e-13
-8.029317e-13
-8.043676e-13
-8.058008e-13
-8.072314e-13
-8.086593e-13
-8.100845e-13
-8.115071e-13
-8.129269e-13
-8.143441e-13
-8.157585e-13
-8.171703e-13
-8.185794e-13
-8.199858e-13
-8.213895e-13
-8.227904e-13
-8.241887e-13
-8.255843e-13
-8.269772e-13
-8.283673e-13
-8.297547e-13
-8.311395e-13
-8.325215e-13
-8.339008e-13
-8.352773e-13
-8.366511e-13
-8.380222e-13
-8.393906e-13
-8.407562e-13
-8.421192e-13
-8.434793e-13
-8.448367e-13
-8.461914e-13
-8.475434e-13
-8.488926e-13
-8.502390e-13
-8.515827e-13
-8.529236e-13
-8.542618e-13
-8.555972e-13
-8.569299e-13
-8.582598e-13
-8.595869e-13
-8.609113e-13
-8.622329e-13
-8.635517e-13
-8.648678e-13
-8.661811e-13
-8.674916e-13
-8.687993e-13
-8.701042e-13
-8.714064e-13
-8.727058e-13
-8.740023e-13
-8.752961e-13
-8.765871e-13
-8.778753e-13
-8.791607e-13
-8.804433e-13
-8.817232e-13
-8.830002e-13
-8.842743e-13
-8.855457e-13
-8.868143e-13
-8.880801e-13
-8.893430e-13
-8.906032e-13
-8.918605e-13
-8.931150e-13
-8.943667e-13
-8.956155e-13
-8.968616e-13
-8.981048e-13
-8.993451e-13
-9.005827e-13
-9.018174e-13
-9.030492e-13
-9.042783e-13
-9.055045e-13
-9.067278e-13
-9.079483e-13
-9.091660e-13
-9.103808e-13
-9.115927e-13
-9.128019e-13
-9.140081e-13
-9.152115e-13
-9.164121e-13
-9.176098e-13
-9.188046e-13
-9.199965e-13
-9.211856e-13
-9.223719e-13
-9.235552e-13
-9.247357e-13
-9.259134e-13
-9.270881e-13
-9.282600e-13
-9.294290e-13
-9.305951e-13
-9.317583e-13
-9.329187e-13
-9.340762e-13
-9.352307e-13
-9.363824e-13
-9.375312e-13
-9.386771e-13
-9.398202e-13
-9.409603e-13
-9.420975e-13
-9.432318e-13
-9.443633e-13
-9.454918e-13
-9.466174e-13
-9.477401e-13
-9.488599e-13
-9.499768e-13
-9.510908e-13
-9.522019e-13
-9.533100e-13
-9.544153e-13
-9.555176e-13
-9.566170e-13
-9.577135e-13
-9.588071e-13
-9.598977e-13
-9.609854e-13
-9.620702e-13
-9.631521e-13
-9.642310e-13
-9.653070e-13
-9.663801e-13
-9.674502e-13
-9.685174e-13
-9.695816e-13
-9.706429e-13
-9.717013e-13
-9.727567e-13
-9.738092e-13
-9.748587e-13
-9.759053e-13
-9.769490e-13
-9.779896e-13
-9.790274e-13
-9.800621e-13
-9.810940e-13
-9.821228e-13
-9.831487e-13
-9.841717e-13
-9.851917e-13
-9.862087e-13
-9.872227e-13
-9.882338e-13
-9.892419e-13
-9.902471e-13
-9.912493e-13
-9.922485e-13
-9.932447e-13
-9.942380e-13
-9.952283e-13
-9.962156e-13
-9.971999e-13
-9.981812e-13
-9.991596e-13
-1.000135e-12
-1.001107e-12
-1.002077e-12
-1.003043e-12
-1.004007e-12
-1.004967e-12
-1.005925e-12
-1.006879e-12
-1.007830e-12
-1.008779e-12
-1.009724e-12
-1.010667e-12
-1.011606e-12
-1.012543e-12
-1.013476e-12
-1.014407e-12
-1.015334e-12
-1.016259e-12
-1.017180e-12
-1.018098e-12
-1.019014e-12
-1.019926e-12
-1.020836e-12
-1.021742e-12
-1.022645e-12
-1.023546e-12
-1.024443e-12
-1.025337e-12
-1.026229e-12
-1.027117e-12
-1.028002e-12
-1.028885e-12
-1.029764e-12
-1.030640e-12
-1.031513e-12
-1.032383e-12
-1.033250e-12
-1.034114e-12
-1.034975e-12
-1.035833e-12
-1.036688e-12
-1.037540e-12
-1.038389e-12
-1.039235e-12
-1.040078e-12
-1.040917e-12
-1.041754e-12
-1.042588e-12
-1.043418e-12
-1.044246e-12
-1.045071e-12
-1.045892e-12
-1.046710e-12
-1.047526e-12
-1.048338e-12
-1.049147e-12
-1.049954e-12
-1.050757e-12
-1.051557e-12
-1.052354e-12
-1.053148e-12
-1.053939e-12
-1.054727e-12
-1.055512e-12
-1.056293e-12
-1.057072e-12
-1.057848e-12
-1.058620e-12
-1.059390e-12
-1.060156e-12
-1.060920e-12
-1.061680e-12
-1.062437e-12
-1.063191e-12
-1.063942e-12
-1.064690e-12
-1.065435e-12
-1.066177e-12
-1.066916e-12
-1.067652e-12
-1.068384e-12
-1.069114e-12
-1.069840e-12
-1.070564e-12
-1.071284e-12
-1.072001e-12
-1.072716e-12
-1.073427e-12
-1.074135e-12
-1.074839e-12
-1.075541e-12
-1.076240e-12
-1.076936e-12
-1.077628e-12
-1.078318e-12
-1.079004e-12
-1.079687e-12
-1.080367e-12
-1.081044e-12
-1.081718e-12
-1.082389e-12
-1.083057e-12
-1.083722e-12
-1.084383e-12
-1.085042e-12
-1.085697e-12
-1.086349e-12
-1.086998e-12
-1.087645e-12
-1.088288e-12
-1.088927e-12
-1.089564e-12
-1.090198e-12
-1.090828e-12
-1.091456e-12
-1.092080e-12
-1.092701e-12
-1.093319e-12
-1.093934e-12
-1.094546e-12
-1.095155e-12
-1.095761e-12
-1.096363e-12
-1.096963e-12
-1.097559e-12
-1.098152e-12
-1.098742e-12
-1.099329e-12
-1.099913e-12
-1.100494e-12
-1.101071e-12
-1.101646e-12
-1.102217e-12
-1.102785e-12
-1.103350e-12
-1.103912e-12
-1.104471e-12
-1.105027e-12
-1.105579e-12
-1.106129e-12
-1.106675e-12
-1.107218e-12
-1.107758e-12
-1.108295e-12
-1.108829e-12
-1.109360e-12
-1.109887e-12
-1.110412e-12
-1.110933e-12
-1.111451e-12
-1.111966e-12
-1.112478e-12
-1.112987e-12
-1.113493e-12
-1.113995e-12
-1.114494e-12
-1.114991e-12
-1.115484e-12
-1.115974e-12
-1.116460e-12
-1.116944e-12
-1.117424e-12
-1.117902e-12
-1.118376e-12
-1.118847e-12
-1.119315e-12
-1.119780e-12
-1.120241e-12
-1.120700e-12
-1.121155e-12
-1.121607e-12
-1.122056e-12
-1.122502e-12
-1.122945e-12
-1.123385e-12
-1.123821e-12
-1.124254e-12
-1.124685e-12
-1.125112e-12
-1.125535e-12
-1.125956e-12
-1.126374e-12
-1.126788e-12
-1.127199e-12
-1.127607e-12
-1.128012e-12
-1.128414e-12
-1.128813e-12
-1.129208e-12
-1.129600e-12
-1.129990e-12
-1.130376e-12
-1.130758e-12
-1.131138e-12
-1.131515e-12
-1.131888e-12
-1.132258e-12
-1.132625e-12
-1.132989e-12
-1.133350e-12
-1.133707e-12
-1.134062e-12
-1.134413e-12
-1.134761e-12
-1.135106e-12
-1.135448e-12
-1.135786e-12
-1.136122e-12
-1.136454e-12
-1.136783e-12
-1.137109e-12
-1.137432e-12
-1.137751e-12
-1.138068e-12
-1.138381e-12
-1.138691e-12
-1.138998e-12
-1.139301e-12
-1.139602e-12
-1.139899e-12
-1.140194e-12
-1.140485e-12
-1.140773e-12
-1.141057e-12
-1.141339e-12
-1.141617e-12
-1.141892e-12
-1.142164e-12
-1.142433e-12
-1.142699e-12
-1.142961e-12
-1.143221e-12
-1.143477e-12
-1.143730e-12
-1.143980e-12
-1.144226e-12
-1.144470e-12
-1.144710e-12
-1.144947e-12
-1.145181e-12
-1.145412e-12
-1.145640e-12
-1.145864e-12
-1.146085e-12
-1.146303e-12
-1.146518e-12
-1.146730e-12
-1.146938e-12
-1.147144e-12
-1.147346e-12
-1.147545e-12
-1.147741e-12
-1.147933e-12
-1.148123e-12
-1.148309e-12
-1.148492e-12
-1.148672e-12
-1.148849e-12
-1.149022e-12
-1.149193e-12
-1.149360e-12
-1.149524e-12
-1.149685e-12
-1.149842e-12
-1.149997e-12
-1.150148e-12
-1.150296e-12
-1.150441e-12
-1.150583e-12
-1.150721e-12
-1.150857e-12
-1.150989e-12
-1.151118e-12
-1.151244e-12
-1.151366e-12
-1.151486e-12
-1.151602e-12
-1.151715e-12
-1.151825e-12
-1.151932e-12
-1.152035e-12
-1.152136e-12
-1.152233e-12
-1.152327e-12
-1.152418e-12
-1.152505e-12
-1.152590e-12
-1.152671e-12
-1.152749e-12
-1.152824e-12
-1.152895e-12
-1.152964e-12
-1.153029e-12
-1.153091e-12
-1.153150e-12
-1.153206e-12
-1.153259e-12
-1.153308e-12
-1.153354e-12
-1.153397e-12
-1.153437e-12
-1.153474e-12
-1.153507e-12
-1.153537e-12
-1.153564e-12
-1.153588e-12
-1.153609e-12
-1.153627e-12
-1.153641e-12
-1.153652e-12
-1.153660e-12
-1.153665e-12
-1.153666e-12
