1.410446e-12
1.410444e-12
1.410437e-12
1.410425e-12
1.410409e-12
1.410388e-12
1.410362e-12
1.410331e-12
1.410296e-12
1.410256e-12
1.410212e-12
1.410162e-12
1.410108e-12
1.410050e-12
1.409986e-12
1.409918e-12
1.409845e-12
1.409768e-12
1.409686e-12
1.409599e-12
1.409507e-12
1.409411e-12
1.409310e-12
1.409205e-12
1.409094e-12
1.408979e-12
1.408860e-12
1.408735e-12
1.408606e-12
1.408472e-12
1.408334e-12
1.408191e-12
1.408043e-12
1.407890e-12
1.407733e-12
1.407571e-12
1.407405e-12
1.407234e-12
1.407058e-12
1.406877e-12
1.406692e-12
1.406502e-12
1.406307e-12
1.406108e-12
1.405904e-12
1.405695e-12
1.405482e-12
1.405264e-12
1.405041e-12
1.404814e-12
1.404582e-12
1.404345e-12
1.404104e-12
1.403858e-12
1.403607e-12
1.403352e-12
1.403092e-12
1.402827e-12
1.402558e-12
1.402284e-12
1.402005e-12
1.401722e-12
1.401434e-12
1.401141e-12
1.400844e-12
1.400542e-12
1.400236e-12
1.399924e-12
1.399609e-12
1.399288e-12
1.398963e-12
1.398633e-12
1.398299e-12
1.397960e-12
1.397616e-12
1.397268e-12
1.396915e-12
1.396557e-12
1.396195e-12
1.395828e-12
1.395456e-12
1.395080e-12
1.394700e-12
1.394314e-12
1.393924e-12
1.393530e-12
1.393130e-12
1.392727e-12
1.392318e-12
1.391905e-12
1.391487e-12
1.391065e-12
1.390638e-12
1.390207e-12
1.389771e-12
1.389330e-12
1.388885e-12
1.388435e-12
1.387980e-12
1.387521e-12
1.387058e-12
1.386589e-12
1.386117e-12
1.385639e-12
1.385157e-12
1.384671e-12
1.384180e-12
1.383684e-12
1.383184e-12
1.382679e-12
1.382169e-12
1.381655e-12
1.381137e-12
1.380614e-12
1.380086e-12
1.379554e-12
1.379017e-12
1.378476e-12
1.377930e-12
1.377380e-12
1.376825e-12
1.376265e-12
1.375701e-12
1.375133e-12
1.374560e-12
1.373982e-12
1.373400e-12
1.372814e-12
1.372222e-12
1.371627e-12
1.371027e-12
1.370422e-12
1.369813e-12
1.369199e-12
1.368581e-12
1.367958e-12
1.367331e-12
1.366699e-12
1.366063e-12
1.365422e-12
1.364777e-12
1.364128e-12
1.363473e-12
1.362815e-12
1.362152e-12
1.361484e-12
1.360812e-12
1.360136e-12
1.359455e-12
1.358770e-12
1.358080e-12
1.357385e-12
1.356687e-12
1.355984e-12
1.355276e-12
1.354564e-12
1.353847e-12
1.353127e-12
1.352401e-12
1.351671e-12
1.350937e-12
1.350199e-12
1.349456e-12
1.348708e-12
1.347956e-12
1.347200e-12
1.346440e-12
1.345675e-12
1.344905e-12
1.344131e-12
1.343353e-12
1.342571e-12
1.341784e-12
1.340992e-12
1.340197e-12
1.339397e-12
1.338592e-12
1.337783e-12
1.336970e-12
1.336153e-12
1.335331e-12
1.334505e-12
1.333674e-12
1.332839e-12
1.332000e-12
1.331157e-12
1.330309e-12
1.329457e-12
1.328600e-12
1.327739e-12
1.326874e-12
1.326005e-12
1.325131e-12
1.324253e-12
1.323371e-12
1.322484e-12
1.321594e-12
1.320698e-12
1.319799e-12
1.318895e-12
1.317987e-12
1.317075e-12
1.316159e-12
1.315238e-12
1.314313e-12
1.313384e-12
1.312450e-12
1.311512e-12
1.310571e-12
1.309624e-12
1.308674e-12
1.307719e-12
1.306760e-12
1.305797e-12
1.304830e-12
1.303859e-12
1.302883e-12
1.301903e-12
1.300919e-12
1.299931e-12
1.298938e-12
1.297942e-12
1.296941e-12
1.295936e-12
1.294927e-12
1.293914e-12
1.292896e-12
1.291875e-12
1.290849e-12
1.289819e-12
1.288785e-12
1.287747e-12
1.286705e-12
1.285659e-12
1.284608e-12
1.283554e-12
1.282495e-12
1.281432e-12
1.280366e-12
1.279295e-12
1.278220e-12
1.277140e-12
1.276057e-12
1.274970e-12
1.273879e-12
1.272783e-12
1.271684e-12
1.270580e-12
1.269473e-12
1.268361e-12
1.267246e-12
1.266126e-12
1.265002e-12
1.263875e-12
1.262743e-12
1.261607e-12
1.260467e-12
1.259324e-12
1.258176e-12
1.257024e-12
1.255869e-12
1.254709e-12
1.253545e-12
1.252378e-12
1.251206e-12
1.250031e-12
1.248851e-12
1.247668e-12
1.246480e-12
1.245289e-12
1.244094e-12
1.242895e-12
1.241692e-12
1.240485e-12
1.239274e-12
1.238059e-12
1.236840e-12
1.235618e-12
1.234391e-12
1.233161e-12
1.231926e-12
1.230688e-12
1.229446e-12
1.228201e-12
1.226951e-12
1.225697e-12
1.224440e-12
1.223179e-12
1.221914e-12
1.220645e-12
1.219372e-12
1.218096e-12
1.216815e-12
1.215531e-12
1.214243e-12
1.212952e-12
1.211656e-12
1.210357e-12
1.209054e-12
1.207747e-12
1.206437e-12
1.205122e-12
1.203804e-12
1.202482e-12
1.201157e-12
1.199828e-12
1.198495e-12
1.197158e-12
1.195817e-12
1.194473e-12
1.193126e-12
1.191774e-12
1.190419e-12
1.189060e-12
1.187697e-12
1.186331e-12
1.184961e-12
1.183588e-12
1.182210e-12
1.180829e-12
1.179445e-12
1.178057e-12
1.176665e-12
1.175270e-12
1.173871e-12
1.172468e-12
1.171062e-12
1.169652e-12
1.168239e-12
1.166822e-12
1.165401e-12
1.163977e-12
1.162549e-12
1.161118e-12
1.159683e-12
1.158245e-12
1.156803e-12
1.155357e-12
1.153908e-12
1.152456e-12
1.151000e-12
1.149540e-12
1.148077e-12
1.146611e-12
1.145141e-12
1.143667e-12
1.142190e-12
1.140710e-12
1.139226e-12
1.137739e-12
1.136248e-12
1.134754e-12
1.133256e-12
1.131755e-12
1.130251e-12
1.128743e-12
1.127231e-12
1.125717e-12
1.124198e-12
1.122677e-12
1.121152e-12
1.119624e-12
1.118092e-12
1.116557e-12
1.115019e-12
1.113477e-12
1.111932e-12
1.110384e-12
1.108832e-12
1.107277e-12
1.105718e-12
1.104157e-12
1.102592e-12
1.101024e-12
1.099452e-12
1.097877e-12
1.096299e-12
1.094718e-12
1.093133e-12
1.091545e-12
1.089954e-12
1.088360e-12
1.086762e-12
1.085161e-12
1.083557e-12
1.081950e-12
1.080339e-12
1.078726e-12
1.077109e-12
1.075489e-12
1.073866e-12
1.072239e-12
1.070610e-12
1.068977e-12
1.067341e-12
1.065702e-12
1.064060e-12
1.062415e-12
1.060767e-12
1.059115e-12
1.057460e-12
1.055803e-12
1.054142e-12
1.052478e-12
1.050811e-12
1.049141e-12
1.047468e-12
1.045792e-12
1.044113e-12
1.042431e-12
1.040745e-12
1.039057e-12
1.037366e-12
1.035672e-12
1.033974e-12
1.032274e-12
1.030571e-12
1.028864e-12
1.027155e-12
1.025443e-12
1.023728e-12
1.022010e-12
1.020289e-12
1.018564e-12
1.016838e-12
1.015108e-12
1.013375e-12
1.011639e-12
1.009901e-12
1.008159e-12
1.006415e-12
1.004667e-12
1.002917e-12
1.001164e-12
9.994085e-13
9.976498e-13
9.958882e-13
9.941239e-13
9.923567e-13
9.905866e-13
9.888138e-13
9.870382e-13
9.852597e-13
9.834785e-13
9.816945e-13
9.799077e-13
9.781182e-13
9.763258e-13
9.745308e-13
9.727330e-13
9.709324e-13
9.691292e-13
9.673232e-13
9.655145e-13
9.637030e-13
9.618889e-13
9.600721e-13
9.582526e-13
9.564305e-13
9.546057e-13
9.527782e-13
9.509480e-13
9.491152e-13
9.472798e-13
9.454417e-13
9.436011e-13
9.417578e-13
9.399119e-13
9.380634e-13
9.362123e-13
9.343586e-13
9.325024e-13
9.306436e-13
9.287822e-13
9.269183e-13
9.250518e-13
9.231828e-13
9.213112e-13
9.194372e-13
9.175606e-13
9.156815e-13
9.138000e-13
9.119159e-13
9.100293e-13
9.081403e-13
9.062488e-13
9.043549e-13
9.024585e-13
9.005596e-13
8.986583e-13
8.967546e-13
8.948485e-13
8.929400e-13
8.910290e-13
8.891157e-13
8.872000e-13
8.852819e-13
8.833614e-13
8.814385e-13
8.795133e-13
8.775858e-13
8.756559e-13
8.737237e-13
8.717891e-13
8.698523e-13
8.679131e-13
8.659716e-13
8.640278e-13
8.620818e-13
8.601334e-13
8.581828e-13
8.562300e-13
8.542749e-13
8.523175e-13
8.503579e-13
8.483961e-13
8.464320e-13
8.444658e-13
8.424973e-13
8.405266e-13
8.385538e-13
8.365787e-13
8.346015e-13
8.326221e-13
8.306406e-13
8.286569e-13
8.266711e-13
8.246831e-13
8.226930e-13
8.207008e-13
8.187065e-13
8.167101e-13
8.147116e-13
8.127110e-13
8.107083e-13
8.087036e-13
8.066968e-13
8.046879e-13
8.026770e-13
8.006641e-13
7.986491e-13
7.966321e-13
7.946131e-13
7.925921e-13
7.905691e-13
7.885441e-13
7.865172e-13
7.844882e-13
7.824573e-13
7.804244e-13
7.783896e-13
7.763529e-13
7.743142e-13
7.722736e-13
7.702311e-13
7.681866e-13
7.661403e-13
7.640921e-13
7.620420e-13
7.599900e-13
7.579361e-13
7.558804e-13
7.538229e-13
7.517635e-13
7.497022e-13
7.476392e-13
7.455743e-13
7.435076e-13
7.414391e-13
7.393688e-13
7.372968e-13
7.352229e-13
7.331473e-13
7.310699e-13
7.289908e-13
7.269099e-13
7.248273e-13
7.227429e-13
7.206569e-13
7.185691e-13
7.164796e-13
7.143884e-13
7.122956e-13
7.102010e-13
7.081048e-13
7.060069e-13
7.039074e-13
7.018062e-13
6.997034e-13
6.975989e-13
6.954929e-13
6.933852e-13
6.912759e-13
6.891650e-13
6.870525e-13
6.849384e-13
6.828228e-13
6.807056e-13
6.785868e-13
6.764665e-13
6.743447e-13
6.722213e-13
6.700964e-13
6.679700e-13
6.658420e-13
6.637126e-13
6.615817e-13
6.594493e-13
6.573154e-13
6.551800e-13
6.530432e-13
6.509049e-13
6.487652e-13
6.466241e-13
6.444815e-13
6.423375e-13
6.401922e-13
6.380454e-13
6.358972e-13
6.337476e-13
6.315966e-13
6.294443e-13
6.272906e-13
6.251356e-13
6.229792e-13
6.208215e-13
6.186624e-13
6.165021e-13
6.143404e-13
6.121774e-13
6.100131e-13
6.078475e-13
6.056807e-13
6.035126e-13
6.013432e-13
5.991725e-13
5.970007e-13
5.948275e-13
5.926532e-13
5.904776e-13
5.883008e-13
5.861228e-13
5.839436e-13
5.817632e-13
5.795817e-13
5.773989e-13
5.752150e-13
5.730299e-13
5.708437e-13
5.686564e-13
5.664679e-13
5.642783e-13
5.620875e-13
5.598957e-13
5.577028e-13
5.555087e-13
5.533136e-13
5.511174e-13
5.489201e-13
5.467218e-13
5.445225e-13
5.423220e-13
5.401206e-13
5.379181e-13
5.357146e-13
5.335101e-13
5.313046e-13
5.290981e-13
5.268906e-13
5.246821e-13
5.224727e-13
5.202622e-13
5.180509e-13
5.158386e-13
5.136253e-13
5.114111e-13
5.091960e-13
5.069800e-13
5.047631e-13
5.025453e-13
5.003266e-13
4.981070e-13
4.958865e-13
4.936652e-13
4.914430e-13
4.892199e-13
4.869960e-13
4.847713e-13
4.825458e-13
4.803194e-13
4.780923e-13
4.758643e-13
4.736355e-13
4.714060e-13
4.691756e-13
4.669445e-13
4.647127e-13
4.624800e-13
4.602467e-13
4.580126e-13
4.557778e-13
4.535422e-13
4.513059e-13
4.490690e-13
4.468313e-13
4.445929e-13
4.423539e-13
4.401142e-13
4.378738e-13
4.356327e-13
4.333911e-13
4.311487e-13
4.289058e-13
4.266622e-13
4.244179e-13
4.221731e-13
4.199277e-13
4.176817e-13
4.154351e-13
4.131879e-13
4.109401e-13
4.086918e-13
4.064429e-13
4.041935e-13
4.019435e-13
3.996930e-13
3.974420e-13
3.951905e-13
3.929385e-13
3.906859e-13
3.884329e-13
3.861794e-13
3.839254e-13
3.816709e-13
3.794160e-13
3.771606e-13
3.749048e-13
3.726485e-13
3.703918e-13
3.681347e-13
3.658772e-13
3.636192e-13
3.613609e-13
3.591022e-13
3.568431e-13
3.545836e-13
3.523238e-13
3.500635e-13
3.478030e-13
3.455421e-13
3.432808e-13
3.410193e-13
3.387574e-13
3.364952e-13
3.342327e-13
3.319699e-13
3.297068e-13
3.274434e-13
3.251797e-13
3.229158e-13
3.206516e-13
3.183872e-13
3.161225e-13
3.138576e-13
3.115925e-13
3.093271e-13
3.070616e-13
3.047958e-13
3.025298e-13
3.002636e-13
2.979973e-13
2.957308e-13
2.934641e-13
2.911972e-13
2.889302e-13
2.866631e-13
2.843958e-13
2.821284e-13
2.798608e-13
2.775932e-13
2.753254e-13
2.730576e-13
2.707896e-13
2.685216e-13
2.662535e-13
2.639853e-13
2.617171e-13
2.594488e-13
2.571804e-13
2.549121e-13
2.526436e-13
2.503752e-13
2.481068e-13
2.458383e-13
2.435698e-13
2.413014e-13
2.390330e-13
2.367645e-13
2.344961e-13
2.322278e-13
2.299595e-13
2.276912e-13
2.254230e-13
2.231549e-13
2.208868e-13
2.186188e-13
2.163509e-13
2.140831e-13
2.118154e-13
2.095478e-13
2.072804e-13
2.050130e-13
2.027458e-13
2.004787e-13
1.982118e-13
1.959450e-13
1.936784e-13
1.914120e-13
1.891457e-13
1.868796e-13
1.846137e-13
1.823480e-13
1.800825e-13
1.778172e-13
1.755522e-13
1.732873e-13
1.710227e-13
1.687583e-13
1.664942e-13
1.642304e-13
1.619668e-13
1.597035e-13
1.574404e-13
1.551776e-13
1.529152e-13
1.506530e-13
1.483911e-13
1.461296e-13
1.438683e-13
1.416074e-13
1.393468e-13
1.370866e-13
1.348267e-13
1.325672e-13
1.303080e-13
1.280492e-13
1.257908e-13
1.235328e-13
1.212751e-13
1.190179e-13
1.167611e-13
1.145046e-13
1.122486e-13
1.099930e-13
1.077379e-13
1.054832e-13
1.032289e-13
1.009751e-13
9.872178e-14
9.646890e-14
9.421650e-14
9.196458e-14
8.971315e-14
8.746221e-14
8.521178e-14
8.296186e-14
8.071246e-14
7.846358e-14
7.621523e-14
7.396742e-14
7.172015e-14
6.947343e-14
6.722727e-14
6.498168e-14
6.273666e-14
6.049221e-14
5.824836e-14
5.600509e-14
5.376243e-14
5.152037e-14
4.927892e-14
4.703809e-14
4.479789e-14
4.255832e-14
4.031939e-14
3.808111e-14
3.584348e-14
3.360651e-14
3.137021e-14
2.913458e-14
2.689963e-14
2.466537e-14
2.243180e-14
2.019894e-14
1.796678e-14
1.573533e-14
1.350460e-14
1.127460e-14
9.045334e-15
6.816808e-15
4.589028e-15
2.362001e-15
1.357346e-16
-2.089766e-15
-4.314493e-15
-6.538440e-15
-8.761602e-15
-1.098397e-14
-1.320554e-14
-1.542630e-14
-1.764625e-14
-1.986539e-14
-2.208369e-14
-2.430117e-14
-2.651781e-14
-2.873360e-14
-3.094854e-14
-3.316262e-14
-3.537584e-14
-3.758819e-14
-3.979966e-14
-4.201025e-14
-4.421994e-14
-4.642875e-14
-4.863665e-14
-5.084364e-14
-5.304971e-14
-5.525486e-14
-5.745909e-14
-5.966238e-14
-6.186473e-14
-6.406613e-14
-6.626658e-14
-6.846607e-14
-7.066459e-14
-7.286214e-14
-7.505871e-14
-7.725430e-14
-7.944890e-14
-8.164250e-14
-8.383509e-14
-8.602668e-14
-8.821725e-14
-9.040679e-14
-9.259531e-14
-9.478280e-14
-9.696924e-14
-9.915464e-14
-1.013390e-13
-1.035223e-13
-1.057045e-13
-1.078856e-13
-1.100657e-13
-1.122447e-13
-1.144226e-13
-1.165994e-13
-1.187751e-13
-1.209497e-13
-1.231231e-13
-1.252955e-13
-1.274667e-13
-1.296368e-13
-1.318058e-13
-1.339736e-13
-1.361403e-13
-1.383058e-13
-1.404701e-13
-1.426333e-13
-1.447953e-13
-1.469561e-13
-1.491157e-13
-1.512742e-13
-1.534314e-13
-1.555875e-13
-1.577423e-13
-1.598959e-13
-1.620483e-13
-1.641995e-13
-1.663494e-13
-1.684981e-13
-1.706456e-13
-1.727918e-13
-1.749367e-13
-1.770804e-13
-1.792228e-13
-1.813639e-13
-1.835038e-13
-1.856424e-13
-1.877796e-13
-1.899156e-13
-1.920503e-13
-1.941837e-13
-1.963157e-13
-1.984465e-13
-2.005759e-13
-2.027039e-13
-2.048307e-13
-2.069561e-13
-2.090801e-13
-2.112028e-13
-2.133242e-13
-2.154441e-13
-2.175627e-13
-2.196800e-13
-2.217958e-13
-2.239103e-13
-2.260233e-13
-2.281350e-13
-2.302452e-13
-2.323541e-13
-2.344615e-13
-2.365675e-13
-2.386721e-13
-2.407752e-13
-2.428770e-13
-2.449772e-13
-2.470760e-13
-2.491734e-13
-2.512693e-13
-2.533638e-13
-2.554567e-13
-2.575482e-13
-2.596382e-13
-2.617268e-13
-2.638138e-13
-2.658993e-13
-2.679834e-13
-2.700659e-13
-2.721469e-13
-2.742264e-13
-2.763044e-13
-2.783808e-13
-2.804557e-13
-2.825291e-13
-2.846009e-13
-2.866711e-13
-2.887399e-13
-2.908070e-13
-2.928726e-13
-2.949366e-13
-2.969990e-13
-2.990599e-13
-3.011191e-13
-3.031768e-13
-3.052329e-13
-3.072873e-13
-3.093402e-13
-3.113914e-13
-3.134411e-13
-3.154891e-13
-3.175355e-13
-3.195802e-13
-3.216233e-13
-3.236647e-13
-3.257046e-13
-3.277427e-13
-3.297792e-13
-3.318140e-13
-3.338472e-13
-3.358787e-13
-3.379085e-13
-3.399366e-13
-3.419630e-13
-3.439878e-13
-3.460108e-13
-3.480321e-13
-3.500517e-13
-3.520696e-13
-3.540858e-13
-3.561003e-13
-3.581130e-13
-3.601240e-13
-3.621333e-13
-3.641408e-13
-3.661466e-13
-3.681506e-13
-3.701528e-13
-3.721533e-13
-3.741520e-13
-3.761490e-13
-3.781441e-13
-3.801375e-13
-3.821291e-13
-3.841189e-13
-3.861069e-13
-3.880931e-13
-3.900775e-13
-3.920601e-13
-3.940409e-13
-3.960198e-13
-3.979970e-13
-3.999722e-13
-4.019457e-13
-4.039173e-13
-4.058871e-13
-4.078550e-13
-4.098211e-13
-4.117853e-13
-4.137476e-13
-4.157081e-13
-4.176667e-13
-4.196234e-13
-4.215783e-13
-4.235312e-13
-4.254823e-13
-4.274315e-13
-4.293788e-13
-4.313241e-13
-4.332676e-13
-4.352091e-13
-4.371488e-13
-4.390865e-13
-4.410222e-13
-4.429561e-13
-4.448880e-13
-4.468179e-13
-4.487460e-13
-4.506720e-13
-4.525962e-13
-4.545183e-13
-4.564385e-13
-4.583567e-13
-4.602730e-13
-4.621873e-13
-4.640996e-13
-4.660099e-13
-4.679182e-13
-4.698246e-13
-4.717289e-13
-4.736312e-13
-4.755315e-13
-4.774299e-13
-4.793262e-13
-4.812204e-13
-4.831127e-13
-4.850029e-13
-4.868911e-13
-4.887773e-13
-4.906614e-13
-4.925435e-13
-4.944235e-13
-4.963015e-13
-4.981774e-13
-5.000512e-13
-5.019230e-13
-5.037927e-13
-5.056604e-13
-5.075259e-13
-5.093894e-13
-5.112508e-13
-5.131101e-13
-5.149673e-13
-5.168224e-13
-5.186754e-13
-5.205263e-13
-5.223751e-13
-5.242218e-13
-5.260663e-13
-5.279087e-13
-5.297490e-13
-5.315872e-13
-5.334232e-13
-5.352571e-13
-5.370889e-13
-5.389185e-13
-5.407459e-13
-5.425712e-13
-5.443944e-13
-5.462153e-13
-5.480341e-13
-5.498508e-13
-5.516652e-13
-5.534775e-13
-5.552876e-13
-5.570955e-13
-5.589012e-13
-5.607047e-13
-5.625061e-13
-5.643052e-13
-5.661021e-13
-5.678968e-13
-5.696893e-13
-5.714796e-13
-5.732676e-13
-5.750535e-13
-5.768371e-13
-5.786184e-13
-5.803976e-13
-5.821744e-13
-5.839491e-13
-5.857215e-13
-5.874916e-13
-5.892595e-13
-5.910251e-13
-5.927885e-13
-5.945496e-13
-5.963085e-13
-5.980650e-13
-5.998193e-13
-6.015713e-13
-6.033210e-13
-6.050684e-13
-6.068136e-13
-6.085564e-13
-6.102970e-13
-6.120352e-13
-6.137711e-13
-6.155048e-13
-6.172361e-13
-6.189651e-13
-6.206917e-13
-6.224161e-13
-6.241381e-13
-6.258578e-13
-6.275752e-13
-6.292902e-13
-6.310028e-13
-6.327132e-13
-6.344212e-13
-6.361268e-13
-6.378301e-13
-6.395310e-13
-6.412295e-13
-6.429257e-13
-6.446196e-13
-6.463110e-13
-6.480001e-13
-6.496868e-13
-6.513711e-13
-6.530530e-13
-6.547325e-13
-6.564097e-13
-6.580844e-13
-6.597568e-13
-6.614267e-13
-6.630943e-13
-6.647594e-13
-6.664221e-13
-6.680824e-13
-6.697403e-13
-6.713958e-13
-6.730488e-13
-6.746994e-13
-6.763476e-13
-6.779933e-13
-6.796366e-13
-6.812775e-13
-6.829159e-13
-6.845519e-13
-6.861854e-13
-6.878164e-13
-6.894450e-13
-6.910712e-13
-6.926949e-13
-6.943161e-13
-6.959348e-13
-6.975511e-13
-6.991649e-13
-7.007762e-13
-7.023850e-13
-7.039914e-13
-7.055952e-13
-7.071966e-13
-7.087954e-13
-7.103918e-13
-7.119857e-13
-7.135770e-13
-7.151659e-13
-7.167522e-13
-7.183361e-13
-7.199174e-13
-7.214962e-13
-7.230725e-13
-7.246462e-13
-7.262175e-13
-7.277861e-13
-7.293523e-13
-7.309159e-13
-7.324770e-13
-7.340355e-13
-7.355915e-13
-7.371450e-13
-7.386959e-13
-7.402442e-13
-7.417900e-13
-7.433332e-13
-7.448739e-13
-7.464120e-13
-7.479475e-13
-7.494805e-13
-7.510108e-13
-7.525386e-13
-7.540639e-13
-7.555865e-13
-7.571066e-13
-7.586240e-13
-7.601389e-13
-7.616512e-13
-7.631609e-13
-7.646680e-13
-7.661724e-13
-7.676743e-13
-7.691736e-13
-7.706702e-13
-7.721643e-13
-7.736557e-13
-7.751445e-13
-7.766307e-13
-7.781143e-13
-7.795953e-13
-7.810736e-13
-7.825492e-13
-7.840223e-13
-7.854927e-13
-7.869605e-13
-7.884256e-13
-7.898881e-13
-7.913479e-13
-7.928051e-13
-7.942597e-13
-7.957115e-13
-7.971608e-13
-7.986073e-13
-8.000512e-13
-8.014925e-13
-8.029310e-13
-8.043669e-13
-8.058001e-13
-8.072307e-13
-8.086586e-13
-8.100837e-13
-8.115062e-13
-8.129261e-13
-8.143432e-13
-8.157576e-13
-8.171694e-13
-8.185784e-13
-8.199848e-13
-8.213885e-13
-8.227894e-13
-8.241877e-13
-8.255832e-13
-8.269760e-13
-8.283661e-13
-8.297536e-13
-8.311382e-13
-8.325202e-13
-8.338995e-13
-8.352760e-13
-8.366498e-13
-8.380208e-13
-8.393892e-13
-8.407548e-13
-8.421176e-13
-8.434778e-13
-8.448352e-13
-8.461898e-13
-8.475417e-13
-8.488909e-13
-8.502373e-13
-8.515809e-13
-8.529218e-13
-8.542600e-13
-8.555953e-13
-8.569280e-13
-8.582578e-13
-8.595849e-13
-8.609092e-13
-8.622308e-13
-8.635496e-13
-8.648656e-13
-8.661788e-13
-8.674893e-13
-8.687970e-13
-8.701019e-13
-8.714040e-13
-8.727033e-13
-8.739998e-13
-8.752936e-13
-8.765845e-13
-8.778727e-13
-8.791580e-13
-8.804406e-13
-8.817203e-13
-8.829973e-13
-8.842714e-13
-8.855428e-13
-8.868113e-13
-8.880770e-13
-8.893399e-13
-8.906000e-13
-8.918573e-13
-8.931117e-13
-8.943633e-13
-8.956121e-13
-8.968581e-13
-8.981013e-13
-8.993416e-13
-9.005790e-13
-9.018137e-13
-9.030455e-13
-9.042745e-13
-9.055006e-13
-9.067239e-13
-9.079444e-13
-9.091620e-13
-9.103767e-13
-9.115886e-13
-9.127977e-13
-9.140039e-13
-9.152072e-13
-9.164077e-13
-9.176053e-13
-9.188001e-13
-9.199920e-13
-9.211810e-13
-9.223672e-13
-9.235505e-13
-9.247309e-13
-9.259085e-13
-9.270831e-13
-9.282549e-13
-9.294239e-13
-9.305899e-13
-9.317531e-13
-9.329134e-13
-9.340708e-13
-9.352253e-13
-9.363769e-13
-9.375256e-13
-9.386715e-13
-9.398144e-13
-9.409545e-13
-9.420916e-13
-9.432259e-13
-9.443572e-13
-9.454857e-13
-9.466112e-13
-9.477339e-13
-9.488536e-13
-9.499704e-13
-9.510843e-13
-9.521953e-13
-9.533034e-13
-9.544086e-13
-9.555108e-13
-9.566102e-13
-9.577066e-13
-9.588001e-13
-9.598906e-13
-9.609783e-13
-9.620630e-13
-9.631448e-13
-9.642236e-13
-9.652995e-13
-9.663725e-13
-9.674425e-13
-9.685096e-13
-9.695738e-13
-9.706350e-13
-9.716933e-13
-9.727487e-13
-9.738011e-13
-9.748505e-13
-9.758970e-13
-9.769406e-13
-9.779812e-13
-9.790188e-13
-9.800535e-13
-9.810852e-13
-9.821140e-13
-9.831398e-13
-9.841627e-13
-9.851826e-13
-9.861995e-13
-9.872135e-13
-9.882245e-13
-9.892325e-13
-9.902376e-13
-9.912397e-13
-9.922388e-13
-9.932349e-13
-9.942281e-13
-9.952183e-13
-9.962055e-13
-9.971897e-13
-9.981710e-13
-9.991493e-13
-1.000125e-12
-1.001097e-12
-1.002066e-12
-1.003032e-12
-1.003996e-12
-1.004956e-12
-1.005914e-12
-1.006868e-12
-1.007819e-12
-1.008768e-12
-1.009713e-12
-1.010655e-12
-1.011595e-12
-1.012531e-12
-1.013464e-12
-1.014395e-12
-1.015322e-12
-1.016247e-12
-1.017168e-12
-1.018086e-12
-1.019002e-12
-1.019914e-12
-1.020823e-12
-1.021729e-12
-1.022633e-12
-1.023533e-12
-1.024430e-12
-1.025324e-12
-1.026216e-12
-1.027104e-12
-1.027989e-12
-1.028871e-12
-1.029750e-12
-1.030626e-12
-1.031499e-12
-1.032369e-12
-1.033236e-12
-1.034100e-12
-1.034961e-12
-1.035819e-12
-1.036674e-12
-1.037526e-12
-1.038374e-12
-1.039220e-12
-1.040063e-12
-1.040903e-12
-1.041739e-12
-1.042573e-12
-1.043403e-12
-1.044231e-12
-1.045055e-12
-1.045877e-12
-1.046695e-12
-1.047510e-12
-1.048322e-12
-1.049132e-12
-1.049938e-12
-1.050741e-12
-1.051541e-12
-1.052338e-12
-1.053132e-12
-1.053922e-12
-1.054710e-12
-1.055495e-12
-1.056277e-12
-1.057055e-12
-1.057831e-12
-1.058603e-12
-1.059373e-12
-1.060139e-12
-1.060902e-12
-1.061662e-12
-1.062420e-12
-1.063174e-12
-1.063925e-12
-1.064672e-12
-1.065417e-12
-1.066159e-12
-1.066898e-12
-1.067633e-12
-1.068366e-12
-1.069095e-12
-1.069822e-12
-1.070545e-12
-1.071265e-12
-1.071982e-12
-1.072696e-12
-1.073407e-12
-1.074115e-12
-1.074820e-12
-1.075522e-12
-1.076220e-12
-1.076916e-12
-1.077608e-12
-1.078297e-12
-1.078984e-12
-1.079667e-12
-1.080347e-12
-1.081024e-12
-1.081698e-12
-1.082369e-12
-1.083036e-12
-1.083701e-12
-1.084362e-12
-1.085021e-12
-1.085676e-12
-1.086328e-12
-1.086977e-12
-1.087623e-12
-1.088266e-12
-1.088906e-12
-1.089542e-12
-1.090176e-12
-1.090806e-12
-1.091434e-12
-1.092058e-12
-1.092679e-12
-1.093297e-12
-1.093912e-12
-1.094524e-12
-1.095132e-12
-1.095738e-12
-1.096340e-12
-1.096940e-12
-1.097536e-12
-1.098129e-12
-1.098719e-12
-1.099306e-12
-1.099889e-12
-1.100470e-12
-1.101047e-12
-1.101622e-12
-1.102193e-12
-1.102761e-12
-1.103326e-12
-1.103888e-12
-1.104447e-12
-1.105002e-12
-1.105555e-12
-1.106104e-12
-1.106650e-12
-1.107194e-12
-1.107734e-12
-1.108270e-12
-1.108804e-12
-1.109335e-12
-1.109862e-12
-1.110386e-12
-1.110908e-12
-1.111426e-12
-1.111941e-12
-1.112452e-12
-1.112961e-12
-1.113467e-12
-1.113969e-12
-1.114468e-12
-1.114964e-12
-1.115457e-12
-1.115947e-12
-1.116434e-12
-1.116917e-12
-1.117398e-12
-1.117875e-12
-1.118349e-12
-1.118820e-12
-1.119288e-12
-1.119753e-12
-1.120214e-12
-1.120673e-12
-1.121128e-12
-1.121580e-12
-1.122029e-12
-1.122475e-12
-1.122917e-12
-1.123357e-12
-1.123793e-12
-1.124226e-12
-1.124656e-12
-1.125083e-12
-1.125507e-12
-1.125928e-12
-1.126345e-12
-1.126760e-12
-1.127171e-12
-1.127579e-12
-1.127984e-12
-1.128385e-12
-1.128784e-12
-1.129179e-12
-1.129571e-12
-1.129960e-12
-1.130346e-12
-1.130729e-12
-1.131109e-12
-1.131485e-12
-1.131858e-12
-1.132228e-12
-1.132595e-12
-1.132959e-12
-1.133320e-12
-1.133677e-12
-1.134032e-12
-1.134383e-12
-1.134731e-12
-1.135076e-12
-1.135417e-12
-1.135756e-12
-1.136091e-12
-1.136423e-12
-1.136752e-12
-1.137078e-12
-1.137401e-12
-1.137720e-12
-1.138037e-12
-1.138350e-12
-1.138660e-12
-1.138967e-12
-1.139270e-12
-1.139571e-12
-1.139868e-12
-1.140162e-12
-1.140453e-12
-1.140741e-12
-1.141026e-12
-1.141307e-12
-1.141586e-12
-1.141861e-12
-1.142133e-12
-1.142401e-12
-1.142667e-12
-1.142930e-12
-1.143189e-12
-1.143445e-12
-1.143698e-12
-1.143948e-12
-1.144194e-12
-1.144438e-12
-1.144678e-12
-1.144915e-12
-1.145149e-12
-1.145379e-12
-1.145607e-12
-1.145831e-12
-1.146053e-12
-1.146271e-12
-1.146485e-12
-1.146697e-12
-1.146906e-12
-1.147111e-12
-1.147313e-12
-1.147512e-12
-1.147708e-12
-1.147900e-12
-1.148090e-12
-1.148276e-12
-1.148459e-12
-1.148639e-12
-1.148815e-12
-1.148989e-12
-1.149159e-12
-1.149326e-12
-1.149490e-12
-1.149651e-12
-1.149809e-12
-1.149963e-12
-1.150114e-12
-1.150263e-12
-1.150407e-12
-1.150549e-12
-1.150688e-12
-1.150823e-12
-1.150955e-12
-1.151084e-12
-1.151210e-12
-1.151332e-12
-1.151452e-12
-1.151568e-12
-1.151681e-12
-1.151791e-12
-1.151898e-12
-1.152001e-12
-1.152102e-12
-1.152199e-12
-1.152293e-12
-1.152383e-12
-1.152471e-12
-1.152555e-12
-1.152637e-12
-1.152715e-12
-1.152790e-12
-1.152861e-12
-1.152930e-12
-1.152995e-12
-1.153057e-12
-1.153116e-12
-1.153172e-12
-1.153224e-12
-1.153274e-12
-1.153320e-12
-1.153363e-12
-1.153403e-12
-1.153439e-12
-1.153473e-12
-1.153503e-12
-1.153530e-12
-1.153554e-12
-1.153575e-12
-1.153592e-12
-1.153607e-12
-1.153618e-12
-1.153626e-12
-1.153630e-12
-1.153632e-12
