1.416370e-12
1.416368e-12
1.416361e-12
1.416349e-12
1.416333e-12
1.416311e-12
1.416285e-12
1.416255e-12
1.416219e-12
1.416179e-12
1.416134e-12
1.416085e-12
1.416030e-12
1.415971e-12
1.415908e-12
1.415839e-12
1.415766e-12
1.415688e-12
1.415606e-12
1.415518e-12
1.415426e-12
1.415329e-12
1.415228e-12
1.415122e-12
1.415011e-12
1.414895e-12
1.414775e-12
1.414650e-12
1.414520e-12
1.414386e-12
1.414246e-12
1.414102e-12
1.413954e-12
1.413801e-12
1.413643e-12
1.413480e-12
1.413312e-12
1.413140e-12
1.412963e-12
1.412782e-12
1.412595e-12
1.412404e-12
1.412209e-12
1.412008e-12
1.411803e-12
1.411594e-12
1.411379e-12
1.411160e-12
1.410936e-12
1.410707e-12
1.410474e-12
1.410236e-12
1.409994e-12
1.409746e-12
1.409494e-12
1.409237e-12
1.408976e-12
1.408710e-12
1.408439e-12
1.408164e-12
1.407884e-12
1.407599e-12
1.407309e-12
1.407015e-12
1.406716e-12
1.406413e-12
1.406104e-12
1.405792e-12
1.405474e-12
1.405152e-12
1.404825e-12
1.404493e-12
1.404157e-12
1.403816e-12
1.403471e-12
1.403120e-12
1.402766e-12
1.402406e-12
1.402042e-12
1.401673e-12
1.401299e-12
1.400921e-12
1.400539e-12
1.400151e-12
1.399759e-12
1.399362e-12
1.398961e-12
1.398555e-12
1.398144e-12
1.397729e-12
1.397309e-12
1.396885e-12
1.396455e-12
1.396022e-12
1.395583e-12
1.395140e-12
1.394692e-12
1.394240e-12
1.393783e-12
1.393322e-12
1.392856e-12
1.392385e-12
1.391910e-12
1.391430e-12
1.390945e-12
1.390456e-12
1.389962e-12
1.389464e-12
1.388961e-12
1.388453e-12
1.387941e-12
1.387424e-12
1.386903e-12
1.386377e-12
1.385847e-12
1.385312e-12
1.384772e-12
1.384228e-12
1.383679e-12
1.383126e-12
1.382568e-12
1.382005e-12
1.381438e-12
1.380867e-12
1.380291e-12
1.379710e-12
1.379125e-12
1.378535e-12
1.377941e-12
1.377342e-12
1.376739e-12
1.376131e-12
1.375518e-12
1.374901e-12
1.374280e-12
1.373654e-12
1.373023e-12
1.372388e-12
1.371748e-12
1.371104e-12
1.370456e-12
1.369803e-12
1.369145e-12
1.368483e-12
1.367816e-12
1.367145e-12
1.366470e-12
1.365790e-12
1.365105e-12
1.364416e-12
1.363723e-12
1.363025e-12
1.362322e-12
1.361615e-12
1.360904e-12
1.360188e-12
1.359468e-12
1.358743e-12
1.358014e-12
1.357280e-12
1.356542e-12
1.355800e-12
1.355053e-12
1.354301e-12
1.353545e-12
1.352785e-12
1.352020e-12
1.351251e-12
1.350478e-12
1.349700e-12
1.348918e-12
1.348131e-12
1.347340e-12
1.346544e-12
1.345744e-12
1.344940e-12
1.344131e-12
1.343318e-12
1.342501e-12
1.341679e-12
1.340853e-12
1.340022e-12
1.339187e-12
1.338348e-12
1.337504e-12
1.336656e-12
1.335804e-12
1.334947e-12
1.334086e-12
1.333221e-12
1.332351e-12
1.331477e-12
1.330599e-12
1.329716e-12
1.328829e-12
1.327938e-12
1.327042e-12
1.326143e-12
1.325238e-12
1.324330e-12
1.323417e-12
1.322500e-12
1.321579e-12
1.320653e-12
1.319723e-12
1.318789e-12
1.317851e-12
1.316908e-12
1.315961e-12
1.315010e-12
1.314054e-12
1.313095e-12
1.312131e-12
1.311163e-12
1.310190e-12
1.309214e-12
1.308233e-12
1.307248e-12
1.306259e-12
1.305265e-12
1.304268e-12
1.303266e-12
1.302260e-12
1.301250e-12
1.300235e-12
1.299217e-12
1.298194e-12
1.297167e-12
1.296136e-12
1.295101e-12
1.294061e-12
1.293018e-12
1.291970e-12
1.290918e-12
1.289862e-12
1.288802e-12
1.287738e-12
1.286670e-12
1.285597e-12
1.284521e-12
1.283440e-12
1.282355e-12
1.281266e-12
1.280173e-12
1.279076e-12
1.277975e-12
1.276870e-12
1.275761e-12
1.274647e-12
1.273530e-12
1.272408e-12
1.271283e-12
1.270153e-12
1.269020e-12
1.267882e-12
1.266740e-12
1.265595e-12
1.264445e-12
1.263291e-12
1.262134e-12
1.260972e-12
1.259806e-12
1.258637e-12
1.257463e-12
1.256285e-12
1.255103e-12
1.253918e-12
1.252728e-12
1.251535e-12
1.250337e-12
1.249136e-12
1.247930e-12
1.246721e-12
1.245508e-12
1.244291e-12
1.243069e-12
1.241844e-12
1.240615e-12
1.239383e-12
1.238146e-12
1.236905e-12
1.235661e-12
1.234412e-12
1.233160e-12
1.231904e-12
1.230644e-12
1.229380e-12
1.228112e-12
1.226840e-12
1.225565e-12
1.224286e-12
1.223003e-12
1.221716e-12
1.220425e-12
1.219130e-12
1.217832e-12
1.216530e-12
1.215224e-12
1.213914e-12
1.212601e-12
1.211283e-12
1.209962e-12
1.208637e-12
1.207309e-12
1.205976e-12
1.204640e-12
1.203300e-12
1.201957e-12
1.200609e-12
1.199258e-12
1.197904e-12
1.196545e-12
1.195183e-12
1.193817e-12
1.192447e-12
1.191074e-12
1.189697e-12
1.188317e-12
1.186932e-12
1.185544e-12
1.184153e-12
1.182757e-12
1.181359e-12
1.179956e-12
1.178550e-12
1.177140e-12
1.175727e-12
1.174310e-12
1.172889e-12
1.171465e-12
1.170037e-12
1.168605e-12
1.167170e-12
1.165732e-12
1.164290e-12
1.162844e-12
1.161395e-12
1.159942e-12
1.158486e-12
1.157026e-12
1.155562e-12
1.154095e-12
1.152625e-12
1.151151e-12
1.149673e-12
1.148192e-12
1.146708e-12
1.145220e-12
1.143729e-12
1.142234e-12
1.140735e-12
1.139234e-12
1.137728e-12
1.136220e-12
1.134707e-12
1.133192e-12
1.131673e-12
1.130150e-12
1.128625e-12
1.127095e-12
1.125563e-12
1.124027e-12
1.122487e-12
1.120945e-12
1.119398e-12
1.117849e-12
1.116296e-12
1.114740e-12
1.113180e-12
1.111617e-12
1.110051e-12
1.108482e-12
1.106909e-12
1.105333e-12
1.103753e-12
1.102170e-12
1.100584e-12
1.098995e-12
1.097402e-12
1.095806e-12
1.094207e-12
1.092605e-12
1.090999e-12
1.089390e-12
1.087778e-12
1.086163e-12
1.084545e-12
1.082923e-12
1.081298e-12
1.079670e-12
1.078038e-12
1.076404e-12
1.074766e-12
1.073125e-12
1.071481e-12
1.069834e-12
1.068184e-12
1.066530e-12
1.064874e-12
1.063214e-12
1.061551e-12
1.059885e-12
1.058216e-12
1.056544e-12
1.054869e-12
1.053190e-12
1.051509e-12
1.049825e-12
1.048137e-12
1.046446e-12
1.044753e-12
1.043056e-12
1.041357e-12
1.039654e-12
1.037948e-12
1.036239e-12
1.034528e-12
1.032813e-12
1.031095e-12
1.029374e-12
1.027651e-12
1.025924e-12
1.024195e-12
1.022462e-12
1.020727e-12
1.018988e-12
1.017247e-12
1.015503e-12
1.013755e-12
1.012005e-12
1.010252e-12
1.008496e-12
1.006738e-12
1.004976e-12
1.003212e-12
1.001444e-12
9.996741e-13
9.979010e-13
9.961251e-13
9.943464e-13
9.925649e-13
9.907805e-13
9.889934e-13
9.872034e-13
9.854107e-13
9.836151e-13
9.818168e-13
9.800158e-13
9.782119e-13
9.764053e-13
9.745960e-13
9.727839e-13
9.709691e-13
9.691516e-13
9.673313e-13
9.655084e-13
9.636827e-13
9.618544e-13
9.600233e-13
9.581896e-13
9.563533e-13
9.545142e-13
9.526725e-13
9.508282e-13
9.489812e-13
9.471316e-13
9.452794e-13
9.434245e-13
9.415671e-13
9.397070e-13
9.378444e-13
9.359791e-13
9.341113e-13
9.322410e-13
9.303680e-13
9.284925e-13
9.266145e-13
9.247339e-13
9.228508e-13
9.209652e-13
9.190771e-13
9.171864e-13
9.152933e-13
9.133977e-13
9.114996e-13
9.095990e-13
9.076959e-13
9.057904e-13
9.038825e-13
9.019721e-13
9.000592e-13
8.981440e-13
8.962263e-13
8.943062e-13
8.923837e-13
8.904588e-13
8.885315e-13
8.866019e-13
8.846698e-13
8.827354e-13
8.807987e-13
8.788596e-13
8.769182e-13
8.749744e-13
8.730283e-13
8.710799e-13
8.691292e-13
8.671762e-13
8.652209e-13
8.632633e-13
8.613034e-13
8.593413e-13
8.573769e-13
8.554102e-13
8.534414e-13
8.514702e-13
8.494969e-13
8.475213e-13
8.455435e-13
8.435635e-13
8.415814e-13
8.395970e-13
8.376105e-13
8.356217e-13
8.336309e-13
8.316378e-13
8.296426e-13
8.276453e-13
8.256459e-13
8.236443e-13
8.216406e-13
8.196348e-13
8.176269e-13
8.156169e-13
8.136049e-13
8.115907e-13
8.095745e-13
8.075563e-13
8.055360e-13
8.035136e-13
8.014892e-13
7.994628e-13
7.974344e-13
7.954039e-13
7.933715e-13
7.913371e-13
7.893006e-13
7.872622e-13
7.852219e-13
7.831796e-13
7.811353e-13
7.790891e-13
7.770409e-13
7.749908e-13
7.729388e-13
7.708849e-13
7.688291e-13
7.667714e-13
7.647118e-13
7.626503e-13
7.605870e-13
7.585217e-13
7.564547e-13
7.543858e-13
7.523150e-13
7.502424e-13
7.481680e-13
7.460918e-13
7.440138e-13
7.419340e-13
7.398524e-13
7.377690e-13
7.356839e-13
7.335969e-13
7.315083e-13
7.294179e-13
7.273257e-13
7.252318e-13
7.231362e-13
7.210388e-13
7.189398e-13
7.168391e-13
7.147367e-13
7.126325e-13
7.105268e-13
7.084193e-13
7.063102e-13
7.041995e-13
7.020871e-13
6.999730e-13
6.978574e-13
6.957401e-13
6.936212e-13
6.915008e-13
6.893787e-13
6.872550e-13
6.851298e-13
6.830030e-13
6.808747e-13
6.787448e-13
6.766133e-13
6.744804e-13
6.723458e-13
6.702098e-13
6.680723e-13
6.659333e-13
6.637927e-13
6.616507e-13
6.595072e-13
6.573623e-13
6.552159e-13
6.530680e-13
6.509187e-13
6.487679e-13
6.466158e-13
6.444622e-13
6.423072e-13
6.401508e-13
6.379930e-13
6.358338e-13
6.336732e-13
6.315113e-13
6.293480e-13
6.271833e-13
6.250174e-13
6.228500e-13
6.206814e-13
6.185114e-13
6.163401e-13
6.141675e-13
6.119936e-13
6.098184e-13
6.076420e-13
6.054643e-13
6.032853e-13
6.011050e-13
5.989235e-13
5.967408e-13
5.945568e-13
5.923716e-13
5.901852e-13
5.879976e-13
5.858088e-13
5.836189e-13
5.814277e-13
5.792353e-13
5.770418e-13
5.748472e-13
5.726514e-13
5.704544e-13
5.682563e-13
5.660571e-13
5.638568e-13
5.616554e-13
5.594528e-13
5.572492e-13
5.550445e-13
5.528387e-13
5.506319e-13
5.484240e-13
5.462150e-13
5.440050e-13
5.417940e-13
5.395819e-13
5.373689e-13
5.351548e-13
5.329397e-13
5.307236e-13
5.285066e-13
5.262885e-13
5.240695e-13
5.218495e-13
5.196286e-13
5.174068e-13
5.151840e-13
5.129602e-13
5.107356e-13
5.085100e-13
5.062835e-13
5.040562e-13
5.018279e-13
4.995988e-13
4.973688e-13
4.951379e-13
4.929062e-13
4.906736e-13
4.884402e-13
4.862060e-13
4.839709e-13
4.817351e-13
4.794984e-13
4.772609e-13
4.750226e-13
4.727836e-13
4.705437e-13
4.683031e-13
4.660618e-13
4.638197e-13
4.615768e-13
4.593332e-13
4.570889e-13
4.548439e-13
4.525982e-13
4.503517e-13
4.481046e-13
4.458568e-13
4.436083e-13
4.413591e-13
4.391093e-13
4.368588e-13
4.346076e-13
4.323559e-13
4.301035e-13
4.278504e-13
4.255968e-13
4.233426e-13
4.210877e-13
4.188323e-13
4.165763e-13
4.143197e-13
4.120625e-13
4.098048e-13
4.075465e-13
4.052877e-13
4.030284e-13
4.007685e-13
3.985081e-13
3.962472e-13
3.939858e-13
3.917239e-13
3.894615e-13
3.871986e-13
3.849353e-13
3.826715e-13
3.804072e-13
3.781425e-13
3.758773e-13
3.736117e-13
3.713457e-13
3.690793e-13
3.668125e-13
3.645452e-13
3.622776e-13
3.600096e-13
3.577412e-13
3.554724e-13
3.532033e-13
3.509338e-13
3.486640e-13
3.463938e-13
3.441233e-13
3.418525e-13
3.395814e-13
3.373099e-13
3.350382e-13
3.327661e-13
3.304938e-13
3.282212e-13
3.259484e-13
3.236752e-13
3.214019e-13
3.191282e-13
3.168544e-13
3.145803e-13
3.123060e-13
3.100314e-13
3.077567e-13
3.054817e-13
3.032066e-13
3.009313e-13
2.986558e-13
2.963802e-13
2.941043e-13
2.918284e-13
2.895522e-13
2.872760e-13
2.849996e-13
2.827231e-13
2.804465e-13
2.781697e-13
2.758929e-13
2.736160e-13
2.713389e-13
2.690619e-13
2.667847e-13
2.645075e-13
2.622302e-13
2.599529e-13
2.576755e-13
2.553981e-13
2.531207e-13
2.508432e-13
2.485658e-13
2.462883e-13
2.440109e-13
2.417335e-13
2.394561e-13
2.371787e-13
2.349013e-13
2.326240e-13
2.303468e-13
2.280696e-13
2.257924e-13
2.235154e-13
2.212384e-13
2.189615e-13
2.166847e-13
2.144080e-13
2.121314e-13
2.098550e-13
2.075786e-13
2.053024e-13
2.030264e-13
2.007504e-13
1.984747e-13
1.961991e-13
1.939236e-13
1.916483e-13
1.893733e-13
1.870984e-13
1.848237e-13
1.825492e-13
1.802749e-13
1.780009e-13
1.757270e-13
1.734535e-13
1.711801e-13
1.689070e-13
1.666342e-13
1.643616e-13
1.620893e-13
1.598172e-13
1.575455e-13
1.552740e-13
1.530029e-13
1.507320e-13
1.484615e-13
1.461913e-13
1.439214e-13
1.416518e-13
1.393826e-13
1.371138e-13
1.348453e-13
1.325771e-13
1.303094e-13
1.280420e-13
1.257750e-13
1.235084e-13
1.212422e-13
1.189764e-13
1.167110e-13
1.144460e-13
1.121815e-13
1.099174e-13
1.076537e-13
1.053905e-13
1.031277e-13
1.008655e-13
9.860363e-14
9.634228e-14
9.408142e-14
9.182104e-14
8.956117e-14
8.730180e-14
8.504294e-14
8.278460e-14
8.052679e-14
7.826951e-14
7.601277e-14
7.375658e-14
7.150094e-14
6.924586e-14
6.699134e-14
6.473741e-14
6.248405e-14
6.023128e-14
5.797910e-14
5.572753e-14
5.347657e-14
5.122622e-14
4.897649e-14
4.672739e-14
4.447892e-14
4.223110e-14
3.998393e-14
3.773742e-14
3.549156e-14
3.324638e-14
3.100187e-14
2.875805e-14
2.651491e-14
2.427247e-14
2.203074e-14
1.978971e-14
1.754940e-14
1.530981e-14
1.307096e-14
1.083284e-14
8.595461e-15
6.358834e-15
4.122963e-15
1.887855e-15
-3.464827e-16
-2.580045e-15
-4.812824e-15
-7.044813e-15
-9.276007e-15
-1.150640e-14
-1.373598e-14
-1.596475e-14
-1.819269e-14
-2.041981e-14
-2.264609e-14
-2.487152e-14
-2.709611e-14
-2.931985e-14
-3.154272e-14
-3.376473e-14
-3.598586e-14
-3.820611e-14
-4.042548e-14
-4.264395e-14
-4.486152e-14
-4.707818e-14
-4.929394e-14
-5.150877e-14
-5.372268e-14
-5.593565e-14
-5.814769e-14
-6.035878e-14
-6.256892e-14
-6.477810e-14
-6.698632e-14
-6.919357e-14
-7.139985e-14
-7.360514e-14
-7.580944e-14
-7.801275e-14
-8.021505e-14
-8.241635e-14
-8.461664e-14
-8.681590e-14
-8.901414e-14
-9.121134e-14
-9.340751e-14
-9.560263e-14
-9.779670e-14
-9.998971e-14
-1.021817e-13
-1.043725e-13
-1.065623e-13
-1.087511e-13
-1.109387e-13
-1.131252e-13
-1.153107e-13
-1.174950e-13
-1.196782e-13
-1.218603e-13
-1.240413e-13
-1.262211e-13
-1.283998e-13
-1.305774e-13
-1.327538e-13
-1.349291e-13
-1.371032e-13
-1.392761e-13
-1.414479e-13
-1.436184e-13
-1.457878e-13
-1.479560e-13
-1.501230e-13
-1.522888e-13
-1.544534e-13
-1.566168e-13
-1.587790e-13
-1.609399e-13
-1.630996e-13
-1.652581e-13
-1.674153e-13
-1.695713e-13
-1.717260e-13
-1.738794e-13
-1.760316e-13
-1.781825e-13
-1.803321e-13
-1.824805e-13
-1.846275e-13
-1.867733e-13
-1.889177e-13
-1.910609e-13
-1.932027e-13
-1.953432e-13
-1.974824e-13
-1.996203e-13
-2.017568e-13
-2.038920e-13
-2.060258e-13
-2.081583e-13
-2.102894e-13
-2.124191e-13
-2.145475e-13
-2.166745e-13
-2.188001e-13
-2.209244e-13
-2.230472e-13
-2.251686e-13
-2.272887e-13
-2.294073e-13
-2.315245e-13
-2.336403e-13
-2.357547e-13
-2.378676e-13
-2.399791e-13
-2.420891e-13
-2.441977e-13
-2.463049e-13
-2.484105e-13
-2.505148e-13
-2.526175e-13
-2.547188e-13
-2.568186e-13
-2.589169e-13
-2.610137e-13
-2.631090e-13
-2.652028e-13
-2.672951e-13
-2.693859e-13
-2.714751e-13
-2.735629e-13
-2.756491e-13
-2.777338e-13
-2.798169e-13
-2.818985e-13
-2.839785e-13
-2.860570e-13
-2.881339e-13
-2.902092e-13
-2.922830e-13
-2.943552e-13
-2.964258e-13
-2.984949e-13
-3.005623e-13
-3.026281e-13
-3.046923e-13
-3.067550e-13
-3.088160e-13
-3.108753e-13
-3.129331e-13
-3.149892e-13
-3.170437e-13
-3.190966e-13
-3.211478e-13
-3.231973e-13
-3.252452e-13
-3.272915e-13
-3.293360e-13
-3.313790e-13
-3.334202e-13
-3.354597e-13
-3.374976e-13
-3.395338e-13
-3.415682e-13
-3.436010e-13
-3.456321e-13
-3.476614e-13
-3.496890e-13
-3.517150e-13
-3.537391e-13
-3.557616e-13
-3.577823e-13
-3.598013e-13
-3.618185e-13
-3.638340e-13
-3.658478e-13
-3.678597e-13
-3.698699e-13
-3.718784e-13
-3.738850e-13
-3.758899e-13
-3.778930e-13
-3.798943e-13
-3.818938e-13
-3.838915e-13
-3.858874e-13
-3.878815e-13
-3.898738e-13
-3.918642e-13
-3.938529e-13
-3.958397e-13
-3.978247e-13
-3.998078e-13
-4.017891e-13
-4.037686e-13
-4.057462e-13
-4.077219e-13
-4.096958e-13
-4.116678e-13
-4.136380e-13
-4.156062e-13
-4.175726e-13
-4.195371e-13
-4.214998e-13
-4.234605e-13
-4.254193e-13
-4.273762e-13
-4.293313e-13
-4.312844e-13
-4.332356e-13
-4.351848e-13
-4.371322e-13
-4.390776e-13
-4.410211e-13
-4.429626e-13
-4.449022e-13
-4.468399e-13
-4.487756e-13
-4.507093e-13
-4.526411e-13
-4.545709e-13
-4.564988e-13
-4.584246e-13
-4.603485e-13
-4.622704e-13
-4.641904e-13
-4.661083e-13
-4.680242e-13
-4.699381e-13
-4.718501e-13
-4.737600e-13
-4.756679e-13
-4.775738e-13
-4.794776e-13
-4.813795e-13
-4.832793e-13
-4.851771e-13
-4.870728e-13
-4.889665e-13
-4.908581e-13
-4.927477e-13
-4.946352e-13
-4.965207e-13
-4.984041e-13
-5.002855e-13
-5.021647e-13
-5.040419e-13
-5.059170e-13
-5.077900e-13
-5.096610e-13
-5.115298e-13
-5.133965e-13
-5.152612e-13
-5.171237e-13
-5.189841e-13
-5.208424e-13
-5.226986e-13
-5.245527e-13
-5.264046e-13
-5.282544e-13
-5.301021e-13
-5.319476e-13
-5.337910e-13
-5.356322e-13
-5.374713e-13
-5.393082e-13
-5.411430e-13
-5.429756e-13
-5.448061e-13
-5.466344e-13
-5.484605e-13
-5.502844e-13
-5.521061e-13
-5.539257e-13
-5.557430e-13
-5.575582e-13
-5.593712e-13
-5.611819e-13
-5.629905e-13
-5.647968e-13
-5.666010e-13
-5.684029e-13
-5.702026e-13
-5.720001e-13
-5.737953e-13
-5.755883e-13
-5.773791e-13
-5.791677e-13
-5.809539e-13
-5.827380e-13
-5.845198e-13
-5.862993e-13
-5.880766e-13
-5.898516e-13
-5.916244e-13
-5.933949e-13
-5.951631e-13
-5.969290e-13
-5.986926e-13
-6.004540e-13
-6.022131e-13
-6.039699e-13
-6.057244e-13
-6.074765e-13
-6.092264e-13
-6.109740e-13
-6.127193e-13
-6.144622e-13
-6.162029e-13
-6.179412e-13
-6.196772e-13
-6.214109e-13
-6.231422e-13
-6.248712e-13
-6.265979e-13
-6.283222e-13
-6.300441e-13
-6.317638e-13
-6.334810e-13
-6.351960e-13
-6.369085e-13
-6.386187e-13
-6.403265e-13
-6.420320e-13
-6.437351e-13
-6.454358e-13
-6.471341e-13
-6.488301e-13
-6.505236e-13
-6.522148e-13
-6.539036e-13
-6.555900e-13
-6.572739e-13
-6.589555e-13
-6.606347e-13
-6.623114e-13
-6.639858e-13
-6.656577e-13
-6.673272e-13
-6.689943e-13
-6.706590e-13
-6.723212e-13
-6.739810e-13
-6.756384e-13
-6.772933e-13
-6.789458e-13
-6.805958e-13
-6.822434e-13
-6.838885e-13
-6.855312e-13
-6.871714e-13
-6.888091e-13
-6.904444e-13
-6.920773e-13
-6.937076e-13
-6.953355e-13
-6.969609e-13
-6.985838e-13
-7.002042e-13
-7.018222e-13
-7.034376e-13
-7.050506e-13
-7.066611e-13
-7.082690e-13
-7.098745e-13
-7.114774e-13
-7.130779e-13
-7.146758e-13
-7.162713e-13
-7.178642e-13
-7.194546e-13
-7.210424e-13
-7.226278e-13
-7.242106e-13
-7.257908e-13
-7.273686e-13
-7.289438e-13
-7.305164e-13
-7.320865e-13
-7.336541e-13
-7.352191e-13
-7.367816e-13
-7.383415e-13
-7.398989e-13
-7.414536e-13
-7.430059e-13
-7.445555e-13
-7.461026e-13
-7.476471e-13
-7.491890e-13
-7.507284e-13
-7.522652e-13
-7.537994e-13
-7.553310e-13
-7.568600e-13
-7.583864e-13
-7.599102e-13
-7.614315e-13
-7.629501e-13
-7.644661e-13
-7.659795e-13
-7.674903e-13
-7.689985e-13
-7.705041e-13
-7.720071e-13
-7.735074e-13
-7.750051e-13
-7.765002e-13
-7.779927e-13
-7.794825e-13
-7.809697e-13
-7.824543e-13
-7.839362e-13
-7.854155e-13
-7.868921e-13
-7.883661e-13
-7.898374e-13
-7.913061e-13
-7.927722e-13
-7.942355e-13
-7.956963e-13
-7.971543e-13
-7.986097e-13
-8.000624e-13
-8.015125e-13
-8.029599e-13
-8.044046e-13
-8.058466e-13
-8.072859e-13
-8.087226e-13
-8.101566e-13
-8.115879e-13
-8.130165e-13
-8.144424e-13
-8.158656e-13
-8.172861e-13
-8.187039e-13
-8.201190e-13
-8.215314e-13
-8.229411e-13
-8.243481e-13
-8.257524e-13
-8.271540e-13
-8.285528e-13
-8.299489e-13
-8.313423e-13
-8.327330e-13
-8.341210e-13
-8.355062e-13
-8.368887e-13
-8.382684e-13
-8.396455e-13
-8.410198e-13
-8.423913e-13
-8.437601e-13
-8.451262e-13
-8.464895e-13
-8.478500e-13
-8.492078e-13
-8.505629e-13
-8.519152e-13
-8.532647e-13
-8.546115e-13
-8.559555e-13
-8.572968e-13
-8.586352e-13
-8.599709e-13
-8.613039e-13
-8.626340e-13
-8.639614e-13
-8.652860e-13
-8.666079e-13
-8.679269e-13
-8.692432e-13
-8.705566e-13
-8.718673e-13
-8.731752e-13
-8.744803e-13
-8.757826e-13
-8.770821e-13
-8.783788e-13
-8.796727e-13
-8.809638e-13
-8.822521e-13
-8.835375e-13
-8.848202e-13
-8.861001e-13
-8.873771e-13
-8.886513e-13
-8.899227e-13
-8.911913e-13
-8.924570e-13
-8.937200e-13
-8.949801e-13
-8.962374e-13
-8.974918e-13
-8.987434e-13
-8.999922e-13
-9.012381e-13
-9.024812e-13
-9.037215e-13
-9.049589e-13
-9.061935e-13
-9.074252e-13
-9.086541e-13
-9.098801e-13
-9.111032e-13
-9.123236e-13
-9.135410e-13
-9.147556e-13
-9.159674e-13
-9.171762e-13
-9.183822e-13
-9.195854e-13
-9.207857e-13
-9.219831e-13
-9.231776e-13
-9.243693e-13
-9.255581e-13
-9.267440e-13
-9.279270e-13
-9.291071e-13
-9.302844e-13
-9.314588e-13
-9.326303e-13
-9.337989e-13
-9.349646e-13
-9.361274e-13
-9.372873e-13
-9.384444e-13
-9.395985e-13
-9.407498e-13
-9.418981e-13
-9.430435e-13
-9.441861e-13
-9.453257e-13
-9.464624e-13
-9.475962e-13
-9.487271e-13
-9.498551e-13
-9.509801e-13
-9.521023e-13
-9.532215e-13
-9.543378e-13
-9.554512e-13
-9.565617e-13
-9.576693e-13
-9.587739e-13
-9.598756e-13
-9.609743e-13
-9.620702e-13
-9.631631e-13
-9.642530e-13
-9.653400e-13
-9.664241e-13
-9.675053e-13
-9.685835e-13
-9.696588e-13
-9.707311e-13
-9.718005e-13
-9.728669e-13
-9.739304e-13
-9.749909e-13
-9.760485e-13
-9.771031e-13
-9.781548e-13
-9.792035e-13
-9.802492e-13
-9.812920e-13
-9.823319e-13
-9.833687e-13
-9.844027e-13
-9.854336e-13
-9.864616e-13
-9.874866e-13
-9.885086e-13
-9.895277e-13
-9.905438e-13
-9.915569e-13
-9.925670e-13
-9.935742e-13
-9.945784e-13
-9.955796e-13
-9.965778e-13
-9.975730e-13
-9.985653e-13
-9.995546e-13
-1.000541e-12
-1.001524e-12
-1.002504e-12
-1.003482e-12
-1.004456e-12
-1.005427e-12
-1.006396e-12
-1.007361e-12
-1.008323e-12
-1.009283e-12
-1.010239e-12
-1.011192e-12
-1.012143e-12
-1.013090e-12
-1.014034e-12
-1.014976e-12
-1.015914e-12
-1.016849e-12
-1.017781e-12
-1.018711e-12
-1.019637e-12
-1.020560e-12
-1.021480e-12
-1.022398e-12
-1.023312e-12
-1.024223e-12
-1.025131e-12
-1.026036e-12
-1.026938e-12
-1.027837e-12
-1.028733e-12
-1.029626e-12
-1.030516e-12
-1.031403e-12
-1.032287e-12
-1.033168e-12
-1.034046e-12
-1.034921e-12
-1.035792e-12
-1.036661e-12
-1.037527e-12
-1.038389e-12
-1.039249e-12
-1.040106e-12
-1.040959e-12
-1.041810e-12
-1.042657e-12
-1.043501e-12
-1.044343e-12
-1.045181e-12
-1.046016e-12
-1.046848e-12
-1.047678e-12
-1.048504e-12
-1.049327e-12
-1.050147e-12
-1.050964e-12
-1.051777e-12
-1.052588e-12
-1.053396e-12
-1.054201e-12
-1.055002e-12
-1.055801e-12
-1.056596e-12
-1.057389e-12
-1.058178e-12
-1.058964e-12
-1.059747e-12
-1.060528e-12
-1.061305e-12
-1.062079e-12
-1.062850e-12
-1.063617e-12
-1.064382e-12
-1.065144e-12
-1.065902e-12
-1.066658e-12
-1.067410e-12
-1.068160e-12
-1.068906e-12
-1.069649e-12
-1.070389e-12
-1.071127e-12
-1.071860e-12
-1.072591e-12
-1.073319e-12
-1.074044e-12
-1.074765e-12
-1.075484e-12
-1.076199e-12
-1.076912e-12
-1.077621e-12
-1.078327e-12
-1.079030e-12
-1.079730e-12
-1.080427e-12
-1.081121e-12
-1.081811e-12
-1.082499e-12
-1.083183e-12
-1.083865e-12
-1.084543e-12
-1.085218e-12
-1.085890e-12
-1.086559e-12
-1.087225e-12
-1.087888e-12
-1.088547e-12
-1.089204e-12
-1.089857e-12
-1.090508e-12
-1.091155e-12
-1.091799e-12
-1.092440e-12
-1.093078e-12
-1.093713e-12
-1.094344e-12
-1.094973e-12
-1.095598e-12
-1.096221e-12
-1.096840e-12
-1.097456e-12
-1.098069e-12
-1.098678e-12
-1.099285e-12
-1.099889e-12
-1.100489e-12
-1.101087e-12
-1.101681e-12
-1.102272e-12
-1.102860e-12
-1.103445e-12
-1.104026e-12
-1.104605e-12
-1.105180e-12
-1.105753e-12
-1.106322e-12
-1.106888e-12
-1.107451e-12
-1.108011e-12
-1.108567e-12
-1.109121e-12
-1.109671e-12
-1.110219e-12
-1.110763e-12
-1.111304e-12
-1.111842e-12
-1.112376e-12
-1.112908e-12
-1.113436e-12
-1.113962e-12
-1.114484e-12
-1.115003e-12
-1.115519e-12
-1.116031e-12
-1.116541e-12
-1.117048e-12
-1.117551e-12
-1.118051e-12
-1.118548e-12
-1.119042e-12
-1.119533e-12
-1.120020e-12
-1.120505e-12
-1.120986e-12
-1.121464e-12
-1.121939e-12
-1.122411e-12
-1.122880e-12
-1.123345e-12
-1.123808e-12
-1.124267e-12
-1.124723e-12
-1.125176e-12
-1.125626e-12
-1.126072e-12
-1.126516e-12
-1.126956e-12
-1.127393e-12
-1.127827e-12
-1.128258e-12
-1.128686e-12
-1.129111e-12
-1.129532e-12
-1.129950e-12
-1.130365e-12
-1.130777e-12
-1.131186e-12
-1.131591e-12
-1.131994e-12
-1.132393e-12
-1.132789e-12
-1.133182e-12
-1.133572e-12
-1.133959e-12
-1.134342e-12
-1.134722e-12
-1.135100e-12
-1.135473e-12
-1.135844e-12
-1.136212e-12
-1.136576e-12
-1.136938e-12
-1.137296e-12
-1.137651e-12
-1.138003e-12
-1.138351e-12
-1.138697e-12
-1.139039e-12
-1.139378e-12
-1.139714e-12
-1.140047e-12
-1.140376e-12
-1.140703e-12
-1.141026e-12
-1.141346e-12
-1.141663e-12
-1.141977e-12
-1.142287e-12
-1.142595e-12
-1.142899e-12
-1.143200e-12
-1.143498e-12
-1.143793e-12
-1.144084e-12
-1.144373e-12
-1.144658e-12
-1.144940e-12
-1.145218e-12
-1.145494e-12
-1.145767e-12
-1.146036e-12
-1.146302e-12
-1.146565e-12
-1.146825e-12
-1.147081e-12
-1.147335e-12
-1.147585e-12
-1.147832e-12
-1.148076e-12
-1.148316e-12
-1.148554e-12
-1.148788e-12
-1.149019e-12
-1.149247e-12
-1.149472e-12
-1.149694e-12
-1.149912e-12
-1.150127e-12
-1.150339e-12
-1.150548e-12
-1.150754e-12
-1.150956e-12
-1.151156e-12
-1.151352e-12
-1.151545e-12
-1.151734e-12
-1.151921e-12
-1.152104e-12
-1.152285e-12
-1.152462e-12
-1.152635e-12
-1.152806e-12
-1.152973e-12
-1.153138e-12
-1.153299e-12
-1.153457e-12
-1.153611e-12
-1.153763e-12
-1.153911e-12
-1.154056e-12
-1.154198e-12
-1.154337e-12
-1.154473e-12
-1.154605e-12
-1.154734e-12
-1.154860e-12
-1.154983e-12
-1.155103e-12
-1.155219e-12
-1.155332e-12
-1.155443e-12
-1.155549e-12
-1.155653e-12
-1.155754e-12
-1.155851e-12
-1.155945e-12
-1.156036e-12
-1.156124e-12
-1.156208e-12
-1.156290e-12
-1.156368e-12
-1.156443e-12
-1.156515e-12
-1.156583e-12
-1.156649e-12
-1.156711e-12
-1.156770e-12
-1.156826e-12
-1.156878e-12
-1.156928e-12
-1.156974e-12
-1.157017e-12
-1.157057e-12
-1.157094e-12
-1.157127e-12
-1.157158e-12
-1.157185e-12
-1.157209e-12
-1.157229e-12
-1.157247e-12
-1.157261e-12
-1.157272e-12
-1.157280e-12
-1.157285e-12
-1.157287e-12
