1.416370e-12
1.416368e-12
1.416360e-12
1.416349e-12
1.416332e-12
1.416311e-12
1.416285e-12
1.416254e-12
1.416219e-12
1.416179e-12
1.416134e-12
1.416084e-12
1.416030e-12
1.415971e-12
1.415907e-12
1.415839e-12
1.415766e-12
1.415688e-12
1.415605e-12
1.415518e-12
1.415426e-12
1.415329e-12
1.415228e-12
1.415121e-12
1.415010e-12
1.414895e-12
1.414774e-12
1.414649e-12
1.414520e-12
1.414385e-12
1.414246e-12
1.414102e-12
1.413953e-12
1.413800e-12
1.413642e-12
1.413479e-12
1.413312e-12
1.413140e-12
1.412963e-12
1.412781e-12
1.412595e-12
1.412404e-12
1.412208e-12
1.412008e-12
1.411803e-12
1.411593e-12
1.411379e-12
1.411159e-12
1.410936e-12
1.410707e-12
1.410474e-12
1.410236e-12
1.409993e-12
1.409746e-12
1.409494e-12
1.409237e-12
1.408976e-12
1.408710e-12
1.408439e-12
1.408163e-12
1.407883e-12
1.407598e-12
1.407309e-12
1.407015e-12
1.406716e-12
1.406412e-12
1.406104e-12
1.405791e-12
1.405474e-12
1.405151e-12
1.404824e-12
1.404493e-12
1.404157e-12
1.403816e-12
1.403470e-12
1.403120e-12
1.402765e-12
1.402406e-12
1.402041e-12
1.401672e-12
1.401299e-12
1.400921e-12
1.400538e-12
1.400151e-12
1.399759e-12
1.399362e-12
1.398960e-12
1.398554e-12
1.398144e-12
1.397729e-12
1.397309e-12
1.396884e-12
1.396455e-12
1.396021e-12
1.395583e-12
1.395140e-12
1.394692e-12
1.394240e-12
1.393783e-12
1.393321e-12
1.392855e-12
1.392384e-12
1.391909e-12
1.391429e-12
1.390944e-12
1.390455e-12
1.389962e-12
1.389463e-12
1.388960e-12
1.388453e-12
1.387941e-12
1.387424e-12
1.386903e-12
1.386377e-12
1.385846e-12
1.385311e-12
1.384772e-12
1.384227e-12
1.383679e-12
1.383125e-12
1.382567e-12
1.382005e-12
1.381438e-12
1.380866e-12
1.380290e-12
1.379710e-12
1.379124e-12
1.378535e-12
1.377940e-12
1.377341e-12
1.376738e-12
1.376130e-12
1.375518e-12
1.374901e-12
1.374279e-12
1.373653e-12
1.373023e-12
1.372387e-12
1.371748e-12
1.371104e-12
1.370455e-12
1.369802e-12
1.369144e-12
1.368482e-12
1.367816e-12
1.367145e-12
1.366469e-12
1.365789e-12
1.365104e-12
1.364415e-12
1.363722e-12
1.363024e-12
1.362322e-12
1.361615e-12
1.360903e-12
1.360187e-12
1.359467e-12
1.358742e-12
1.358013e-12
1.357279e-12
1.356541e-12
1.355799e-12
1.355052e-12
1.354300e-12
1.353545e-12
1.352784e-12
1.352020e-12
1.351251e-12
1.350477e-12
1.349699e-12
1.348917e-12
1.348130e-12
1.347339e-12
1.346543e-12
1.345744e-12
1.344939e-12
1.344131e-12
1.343317e-12
1.342500e-12
1.341678e-12
1.340852e-12
1.340021e-12
1.339187e-12
1.338347e-12
1.337504e-12
1.336656e-12
1.335803e-12
1.334947e-12
1.334086e-12
1.333220e-12
1.332351e-12
1.331477e-12
1.330598e-12
1.329716e-12
1.328829e-12
1.327937e-12
1.327042e-12
1.326142e-12
1.325238e-12
1.324329e-12
1.323416e-12
1.322499e-12
1.321578e-12
1.320652e-12
1.319722e-12
1.318788e-12
1.317850e-12
1.316907e-12
1.315960e-12
1.315009e-12
1.314054e-12
1.313094e-12
1.312130e-12
1.311162e-12
1.310190e-12
1.309213e-12
1.308232e-12
1.307247e-12
1.306258e-12
1.305265e-12
1.304267e-12
1.303265e-12
1.302259e-12
1.301249e-12
1.300234e-12
1.299216e-12
1.298193e-12
1.297166e-12
1.296135e-12
1.295100e-12
1.294060e-12
1.293017e-12
1.291969e-12
1.290917e-12
1.289861e-12
1.288801e-12
1.287737e-12
1.286669e-12
1.285596e-12
1.284520e-12
1.283439e-12
1.282354e-12
1.281265e-12
1.280172e-12
1.279075e-12
1.277974e-12
1.276869e-12
1.275760e-12
1.274646e-12
1.273529e-12
1.272408e-12
1.271282e-12
1.270153e-12
1.269019e-12
1.267881e-12
1.266740e-12
1.265594e-12
1.264444e-12
1.263291e-12
1.262133e-12
1.260971e-12
1.259805e-12
1.258636e-12
1.257462e-12
1.256284e-12
1.255103e-12
1.253917e-12
1.252727e-12
1.251534e-12
1.250336e-12
1.249135e-12
1.247930e-12
1.246720e-12
1.245507e-12
1.244290e-12
1.243069e-12
1.241844e-12
1.240615e-12
1.239382e-12
1.238145e-12
1.236904e-12
1.235660e-12
1.234411e-12
1.233159e-12
1.231903e-12
1.230643e-12
1.229379e-12
1.228111e-12
1.226840e-12
1.225564e-12
1.224285e-12
1.223002e-12
1.221715e-12
1.220424e-12
1.219130e-12
1.217831e-12
1.216529e-12
1.215223e-12
1.213913e-12
1.212600e-12
1.211283e-12
1.209961e-12
1.208637e-12
1.207308e-12
1.205976e-12
1.204639e-12
1.203300e-12
1.201956e-12
1.200609e-12
1.199258e-12
1.197903e-12
1.196544e-12
1.195182e-12
1.193816e-12
1.192447e-12
1.191073e-12
1.189696e-12
1.188316e-12
1.186932e-12
1.185544e-12
1.184152e-12
1.182757e-12
1.181358e-12
1.179955e-12
1.178549e-12
1.177139e-12
1.175726e-12
1.174309e-12
1.172888e-12
1.171464e-12
1.170036e-12
1.168605e-12
1.167170e-12
1.165731e-12
1.164289e-12
1.162843e-12
1.161394e-12
1.159941e-12
1.158485e-12
1.157025e-12
1.155561e-12
1.154095e-12
1.152624e-12
1.151150e-12
1.149673e-12
1.148192e-12
1.146707e-12
1.145219e-12
1.143728e-12
1.142233e-12
1.140735e-12
1.139233e-12
1.137728e-12
1.136219e-12
1.134707e-12
1.133191e-12
1.131672e-12
1.130150e-12
1.128624e-12
1.127095e-12
1.125562e-12
1.124026e-12
1.122487e-12
1.120944e-12
1.119398e-12
1.117848e-12
1.116295e-12
1.114739e-12
1.113180e-12
1.111617e-12
1.110050e-12
1.108481e-12
1.106908e-12
1.105332e-12
1.103752e-12
1.102170e-12
1.100584e-12
1.098994e-12
1.097402e-12
1.095806e-12
1.094207e-12
1.092604e-12
1.090999e-12
1.089390e-12
1.087778e-12
1.086162e-12
1.084544e-12
1.082922e-12
1.081297e-12
1.079669e-12
1.078038e-12
1.076403e-12
1.074766e-12
1.073125e-12
1.071481e-12
1.069833e-12
1.068183e-12
1.066530e-12
1.064873e-12
1.063213e-12
1.061551e-12
1.059885e-12
1.058216e-12
1.056543e-12
1.054868e-12
1.053190e-12
1.051508e-12
1.049824e-12
1.048137e-12
1.046446e-12
1.044752e-12
1.043056e-12
1.041356e-12
1.039653e-12
1.037948e-12
1.036239e-12
1.034527e-12
1.032812e-12
1.031095e-12
1.029374e-12
1.027650e-12
1.025924e-12
1.024194e-12
1.022462e-12
1.020726e-12
1.018988e-12
1.017246e-12
1.015502e-12
1.013755e-12
1.012005e-12
1.010252e-12
1.008496e-12
1.006737e-12
1.004976e-12
1.003211e-12
1.001444e-12
9.996737e-13
9.979006e-13
9.961248e-13
9.943461e-13
9.925645e-13
9.907802e-13
9.889930e-13
9.872031e-13
9.854103e-13
9.836148e-13
9.818165e-13
9.800154e-13
9.782116e-13
9.764050e-13
9.745957e-13
9.727836e-13
9.709688e-13
9.691513e-13
9.673310e-13
9.655081e-13
9.636824e-13
9.618541e-13
9.600231e-13
9.581894e-13
9.563530e-13
9.545140e-13
9.526723e-13
9.508279e-13
9.489810e-13
9.471314e-13
9.452791e-13
9.434243e-13
9.415668e-13
9.397068e-13
9.378441e-13
9.359789e-13
9.341111e-13
9.322408e-13
9.303678e-13
9.284923e-13
9.266143e-13
9.247338e-13
9.228507e-13
9.209650e-13
9.190769e-13
9.171863e-13
9.152932e-13
9.133975e-13
9.114994e-13
9.095988e-13
9.076958e-13
9.057903e-13
9.038823e-13
9.019720e-13
9.000591e-13
8.981439e-13
8.962262e-13
8.943061e-13
8.923836e-13
8.904587e-13
8.885314e-13
8.866018e-13
8.846698e-13
8.827354e-13
8.807986e-13
8.788595e-13
8.769181e-13
8.749744e-13
8.730283e-13
8.710799e-13
8.691292e-13
8.671761e-13
8.652208e-13
8.632633e-13
8.613034e-13
8.593413e-13
8.573769e-13
8.554103e-13
8.534414e-13
8.514703e-13
8.494969e-13
8.475213e-13
8.455436e-13
8.435636e-13
8.415814e-13
8.395971e-13
8.376105e-13
8.356218e-13
8.336309e-13
8.316379e-13
8.296427e-13
8.276454e-13
8.256460e-13
8.236444e-13
8.216407e-13
8.196349e-13
8.176270e-13
8.156171e-13
8.136050e-13
8.115909e-13
8.095747e-13
8.075564e-13
8.055361e-13
8.035137e-13
8.014894e-13
7.994629e-13
7.974345e-13
7.954041e-13
7.933716e-13
7.913372e-13
7.893008e-13
7.872624e-13
7.852221e-13
7.831797e-13
7.811355e-13
7.790893e-13
7.770411e-13
7.749910e-13
7.729390e-13
7.708851e-13
7.688293e-13
7.667716e-13
7.647120e-13
7.626505e-13
7.605872e-13
7.585220e-13
7.564549e-13
7.543860e-13
7.523153e-13
7.502427e-13
7.481683e-13
7.460921e-13
7.440141e-13
7.419343e-13
7.398527e-13
7.377693e-13
7.356841e-13
7.335972e-13
7.315086e-13
7.294181e-13
7.273260e-13
7.252321e-13
7.231365e-13
7.210391e-13
7.189401e-13
7.168394e-13
7.147370e-13
7.126329e-13
7.105271e-13
7.084196e-13
7.063105e-13
7.041998e-13
7.020874e-13
6.999734e-13
6.978577e-13
6.957405e-13
6.936216e-13
6.915011e-13
6.893790e-13
6.872554e-13
6.851302e-13
6.830034e-13
6.808750e-13
6.787451e-13
6.766137e-13
6.744807e-13
6.723462e-13
6.702102e-13
6.680727e-13
6.659336e-13
6.637931e-13
6.616511e-13
6.595076e-13
6.573627e-13
6.552163e-13
6.530684e-13
6.509191e-13
6.487683e-13
6.466162e-13
6.444626e-13
6.423076e-13
6.401512e-13
6.379934e-13
6.358342e-13
6.336736e-13
6.315117e-13
6.293484e-13
6.271838e-13
6.250178e-13
6.228504e-13
6.206818e-13
6.185118e-13
6.163405e-13
6.141679e-13
6.119940e-13
6.098189e-13
6.076424e-13
6.054647e-13
6.032857e-13
6.011054e-13
5.989239e-13
5.967412e-13
5.945573e-13
5.923721e-13
5.901857e-13
5.879981e-13
5.858093e-13
5.836193e-13
5.814281e-13
5.792358e-13
5.770423e-13
5.748476e-13
5.726518e-13
5.704548e-13
5.682568e-13
5.660576e-13
5.638572e-13
5.616558e-13
5.594533e-13
5.572497e-13
5.550449e-13
5.528392e-13
5.506323e-13
5.484244e-13
5.462155e-13
5.440055e-13
5.417944e-13
5.395824e-13
5.373693e-13
5.351552e-13
5.329401e-13
5.307241e-13
5.285070e-13
5.262890e-13
5.240700e-13
5.218500e-13
5.196291e-13
5.174072e-13
5.151844e-13
5.129607e-13
5.107360e-13
5.085104e-13
5.062840e-13
5.040566e-13
5.018284e-13
4.995992e-13
4.973692e-13
4.951384e-13
4.929066e-13
4.906741e-13
4.884407e-13
4.862064e-13
4.839714e-13
4.817355e-13
4.794988e-13
4.772613e-13
4.750230e-13
4.727840e-13
4.705441e-13
4.683035e-13
4.660622e-13
4.638201e-13
4.615772e-13
4.593336e-13
4.570893e-13
4.548443e-13
4.525986e-13
4.503521e-13
4.481050e-13
4.458572e-13
4.436087e-13
4.413595e-13
4.391096e-13
4.368592e-13
4.346080e-13
4.323562e-13
4.301038e-13
4.278508e-13
4.255972e-13
4.233429e-13
4.210881e-13
4.188326e-13
4.165766e-13
4.143200e-13
4.120629e-13
4.098051e-13
4.075469e-13
4.052880e-13
4.030287e-13
4.007688e-13
3.985084e-13
3.962475e-13
3.939861e-13
3.917242e-13
3.894618e-13
3.871989e-13
3.849356e-13
3.826718e-13
3.804075e-13
3.781428e-13
3.758776e-13
3.736120e-13
3.713460e-13
3.690796e-13
3.668127e-13
3.645455e-13
3.622779e-13
3.600099e-13
3.577415e-13
3.554727e-13
3.532036e-13
3.509341e-13
3.486642e-13
3.463941e-13
3.441236e-13
3.418527e-13
3.395816e-13
3.373102e-13
3.350384e-13
3.327664e-13
3.304940e-13
3.282214e-13
3.259486e-13
3.236754e-13
3.214021e-13
3.191284e-13
3.168546e-13
3.145805e-13
3.123061e-13
3.100316e-13
3.077569e-13
3.054819e-13
3.032068e-13
3.009315e-13
2.986560e-13
2.963803e-13
2.941045e-13
2.918285e-13
2.895524e-13
2.872761e-13
2.849997e-13
2.827232e-13
2.804466e-13
2.781698e-13
2.758930e-13
2.736161e-13
2.713391e-13
2.690620e-13
2.667848e-13
2.645076e-13
2.622303e-13
2.599530e-13
2.576756e-13
2.553982e-13
2.531208e-13
2.508433e-13
2.485659e-13
2.462884e-13
2.440110e-13
2.417335e-13
2.394561e-13
2.371787e-13
2.349014e-13
2.326241e-13
2.303468e-13
2.280696e-13
2.257925e-13
2.235154e-13
2.212384e-13
2.189615e-13
2.166847e-13
2.144080e-13
2.121314e-13
2.098550e-13
2.075786e-13
2.053024e-13
2.030263e-13
2.007504e-13
1.984746e-13
1.961990e-13
1.939236e-13
1.916483e-13
1.893732e-13
1.870983e-13
1.848236e-13
1.825491e-13
1.802749e-13
1.780008e-13
1.757270e-13
1.734534e-13
1.711800e-13
1.689069e-13
1.666341e-13
1.643615e-13
1.620892e-13
1.598171e-13
1.575454e-13
1.552739e-13
1.530028e-13
1.507319e-13
1.484614e-13
1.461911e-13
1.439213e-13
1.416517e-13
1.393825e-13
1.371136e-13
1.348451e-13
1.325770e-13
1.303092e-13
1.280418e-13
1.257748e-13
1.235082e-13
1.212420e-13
1.189762e-13
1.167108e-13
1.144458e-13
1.121813e-13
1.099172e-13
1.076535e-13
1.053903e-13
1.031275e-13
1.008652e-13
9.860341e-14
9.634205e-14
9.408119e-14
9.182081e-14
8.956093e-14
8.730156e-14
8.504270e-14
8.278436e-14
8.052654e-14
7.826926e-14
7.601252e-14
7.375632e-14
7.150068e-14
6.924559e-14
6.699108e-14
6.473713e-14
6.248377e-14
6.023100e-14
5.797882e-14
5.572725e-14
5.347628e-14
5.122593e-14
4.897620e-14
4.672709e-14
4.447863e-14
4.223080e-14
3.998363e-14
3.773711e-14
3.549126e-14
3.324607e-14
3.100156e-14
2.875773e-14
2.651460e-14
2.427215e-14
2.203042e-14
1.978939e-14
1.754908e-14
1.530949e-14
1.307063e-14
1.083251e-14
8.595131e-15
6.358502e-15
4.122630e-15
1.887520e-15
-3.468191e-16
-2.580382e-15
-4.813163e-15
-7.045153e-15
-9.276348e-15
-1.150674e-14
-1.373632e-14
-1.596509e-14
-1.819304e-14
-2.042015e-14
-2.264643e-14
-2.487187e-14
-2.709646e-14
-2.932020e-14
-3.154307e-14
-3.376508e-14
-3.598621e-14
-3.820646e-14
-4.042583e-14
-4.264430e-14
-4.486187e-14
-4.707853e-14
-4.929428e-14
-5.150912e-14
-5.372302e-14
-5.593600e-14
-5.814803e-14
-6.035913e-14
-6.256927e-14
-6.477845e-14
-6.698667e-14
-6.919392e-14
-7.140019e-14
-7.360548e-14
-7.580978e-14
-7.801309e-14
-8.021539e-14
-8.241669e-14
-8.461697e-14
-8.681623e-14
-8.901447e-14
-9.121167e-14
-9.340783e-14
-9.560295e-14
-9.779702e-14
-9.999003e-14
-1.021820e-13
-1.043729e-13
-1.065627e-13
-1.087514e-13
-1.109390e-13
-1.131255e-13
-1.153110e-13
-1.174953e-13
-1.196785e-13
-1.218606e-13
-1.240416e-13
-1.262214e-13
-1.284001e-13
-1.305777e-13
-1.327541e-13
-1.349293e-13
-1.371034e-13
-1.392764e-13
-1.414481e-13
-1.436187e-13
-1.457881e-13
-1.479563e-13
-1.501233e-13
-1.522891e-13
-1.544537e-13
-1.566171e-13
-1.587792e-13
-1.609401e-13
-1.630998e-13
-1.652583e-13
-1.674155e-13
-1.695715e-13
-1.717262e-13
-1.738796e-13
-1.760318e-13
-1.781827e-13
-1.803323e-13
-1.824807e-13
-1.846277e-13
-1.867734e-13
-1.889179e-13
-1.910610e-13
-1.932029e-13
-1.953434e-13
-1.974825e-13
-1.996204e-13
-2.017569e-13
-2.038921e-13
-2.060259e-13
-2.081584e-13
-2.102895e-13
-2.124192e-13
-2.145476e-13
-2.166746e-13
-2.188002e-13
-2.209244e-13
-2.230472e-13
-2.251687e-13
-2.272887e-13
-2.294073e-13
-2.315245e-13
-2.336403e-13
-2.357546e-13
-2.378676e-13
-2.399790e-13
-2.420891e-13
-2.441977e-13
-2.463048e-13
-2.484105e-13
-2.505147e-13
-2.526174e-13
-2.547187e-13
-2.568185e-13
-2.589168e-13
-2.610136e-13
-2.631089e-13
-2.652027e-13
-2.672949e-13
-2.693857e-13
-2.714750e-13
-2.735627e-13
-2.756489e-13
-2.777336e-13
-2.798167e-13
-2.818983e-13
-2.839783e-13
-2.860568e-13
-2.881337e-13
-2.902090e-13
-2.922828e-13
-2.943549e-13
-2.964255e-13
-2.984946e-13
-3.005620e-13
-3.026278e-13
-3.046920e-13
-3.067546e-13
-3.088156e-13
-3.108750e-13
-3.129327e-13
-3.149888e-13
-3.170433e-13
-3.190962e-13
-3.211474e-13
-3.231969e-13
-3.252448e-13
-3.272910e-13
-3.293356e-13
-3.313785e-13
-3.334197e-13
-3.354592e-13
-3.374971e-13
-3.395332e-13
-3.415677e-13
-3.436004e-13
-3.456315e-13
-3.476608e-13
-3.496884e-13
-3.517143e-13
-3.537385e-13
-3.557610e-13
-3.577817e-13
-3.598006e-13
-3.618179e-13
-3.638333e-13
-3.658471e-13
-3.678590e-13
-3.698692e-13
-3.718776e-13
-3.738843e-13
-3.758891e-13
-3.778922e-13
-3.798935e-13
-3.818930e-13
-3.838907e-13
-3.858866e-13
-3.878806e-13
-3.898729e-13
-3.918634e-13
-3.938520e-13
-3.958388e-13
-3.978237e-13
-3.998069e-13
-4.017882e-13
-4.037676e-13
-4.057452e-13
-4.077209e-13
-4.096948e-13
-4.116668e-13
-4.136369e-13
-4.156052e-13
-4.175716e-13
-4.195361e-13
-4.214987e-13
-4.234594e-13
-4.254182e-13
-4.273751e-13
-4.293301e-13
-4.312832e-13
-4.332344e-13
-4.351836e-13
-4.371310e-13
-4.390764e-13
-4.410198e-13
-4.429614e-13
-4.449009e-13
-4.468386e-13
-4.487743e-13
-4.507080e-13
-4.526398e-13
-4.545696e-13
-4.564974e-13
-4.584232e-13
-4.603471e-13
-4.622690e-13
-4.641889e-13
-4.661068e-13
-4.680228e-13
-4.699367e-13
-4.718486e-13
-4.737585e-13
-4.756664e-13
-4.775723e-13
-4.794761e-13
-4.813779e-13
-4.832777e-13
-4.851755e-13
-4.870712e-13
-4.889649e-13
-4.908565e-13
-4.927461e-13
-4.946336e-13
-4.965190e-13
-4.984024e-13
-5.002838e-13
-5.021630e-13
-5.040402e-13
-5.059153e-13
-5.077883e-13
-5.096592e-13
-5.115280e-13
-5.133947e-13
-5.152593e-13
-5.171219e-13
-5.189823e-13
-5.208406e-13
-5.226967e-13
-5.245508e-13
-5.264027e-13
-5.282525e-13
-5.301001e-13
-5.319457e-13
-5.337890e-13
-5.356303e-13
-5.374693e-13
-5.393062e-13
-5.411410e-13
-5.429736e-13
-5.448040e-13
-5.466323e-13
-5.484584e-13
-5.502823e-13
-5.521040e-13
-5.539236e-13
-5.557409e-13
-5.575561e-13
-5.593690e-13
-5.611798e-13
-5.629883e-13
-5.647947e-13
-5.665988e-13
-5.684007e-13
-5.702004e-13
-5.719979e-13
-5.737931e-13
-5.755861e-13
-5.773769e-13
-5.791654e-13
-5.809517e-13
-5.827357e-13
-5.845175e-13
-5.862970e-13
-5.880743e-13
-5.898493e-13
-5.916220e-13
-5.933925e-13
-5.951607e-13
-5.969266e-13
-5.986903e-13
-6.004516e-13
-6.022107e-13
-6.039675e-13
-6.057220e-13
-6.074741e-13
-6.092240e-13
-6.109716e-13
-6.127168e-13
-6.144598e-13
-6.162004e-13
-6.179387e-13
-6.196747e-13
-6.214084e-13
-6.231397e-13
-6.248687e-13
-6.265954e-13
-6.283197e-13
-6.300416e-13
-6.317613e-13
-6.334785e-13
-6.351934e-13
-6.369060e-13
-6.386162e-13
-6.403240e-13
-6.420295e-13
-6.437325e-13
-6.454332e-13
-6.471316e-13
-6.488275e-13
-6.505211e-13
-6.522122e-13
-6.539010e-13
-6.555874e-13
-6.572714e-13
-6.589529e-13
-6.606321e-13
-6.623089e-13
-6.639832e-13
-6.656551e-13
-6.673246e-13
-6.689917e-13
-6.706564e-13
-6.723186e-13
-6.739784e-13
-6.756358e-13
-6.772907e-13
-6.789432e-13
-6.805932e-13
-6.822408e-13
-6.838859e-13
-6.855286e-13
-6.871688e-13
-6.888066e-13
-6.904419e-13
-6.920747e-13
-6.937050e-13
-6.953329e-13
-6.969583e-13
-6.985812e-13
-7.002017e-13
-7.018196e-13
-7.034351e-13
-7.050480e-13
-7.066585e-13
-7.082665e-13
-7.098720e-13
-7.114749e-13
-7.130754e-13
-7.146733e-13
-7.162688e-13
-7.178617e-13
-7.194521e-13
-7.210399e-13
-7.226253e-13
-7.242081e-13
-7.257884e-13
-7.273661e-13
-7.289413e-13
-7.305140e-13
-7.320841e-13
-7.336517e-13
-7.352167e-13
-7.367792e-13
-7.383391e-13
-7.398965e-13
-7.414513e-13
-7.430035e-13
-7.445532e-13
-7.461003e-13
-7.476448e-13
-7.491868e-13
-7.507261e-13
-7.522629e-13
-7.537971e-13
-7.553288e-13
-7.568578e-13
-7.583842e-13
-7.599081e-13
-7.614293e-13
-7.629479e-13
-7.644640e-13
-7.659774e-13
-7.674882e-13
-7.689965e-13
-7.705021e-13
-7.720050e-13
-7.735054e-13
-7.750031e-13
-7.764982e-13
-7.779907e-13
-7.794806e-13
-7.809678e-13
-7.824524e-13
-7.839343e-13
-7.854136e-13
-7.868903e-13
-7.883643e-13
-7.898357e-13
-7.913044e-13
-7.927705e-13
-7.942339e-13
-7.956946e-13
-7.971527e-13
-7.986081e-13
-8.000608e-13
-8.015109e-13
-8.029583e-13
-8.044031e-13
-8.058451e-13
-8.072845e-13
-8.087212e-13
-8.101552e-13
-8.115865e-13
-8.130151e-13
-8.144411e-13
-8.158643e-13
-8.172849e-13
-8.187027e-13
-8.201179e-13
-8.215303e-13
-8.229400e-13
-8.243471e-13
-8.257514e-13
-8.271530e-13
-8.285518e-13
-8.299480e-13
-8.313414e-13
-8.327322e-13
-8.341201e-13
-8.355054e-13
-8.368879e-13
-8.382677e-13
-8.396448e-13
-8.410191e-13
-8.423907e-13
-8.437596e-13
-8.451256e-13
-8.464890e-13
-8.478496e-13
-8.492074e-13
-8.505625e-13
-8.519149e-13
-8.532645e-13
-8.546113e-13
-8.559553e-13
-8.572966e-13
-8.586352e-13
-8.599709e-13
-8.613039e-13
-8.626341e-13
-8.639615e-13
-8.652862e-13
-8.666081e-13
-8.679271e-13
-8.692435e-13
-8.705570e-13
-8.718677e-13
-8.731756e-13
-8.744808e-13
-8.757831e-13
-8.770827e-13
-8.783794e-13
-8.796734e-13
-8.809645e-13
-8.822529e-13
-8.835384e-13
-8.848211e-13
-8.861010e-13
-8.873781e-13
-8.886524e-13
-8.899238e-13
-8.911925e-13
-8.924583e-13
-8.937213e-13
-8.949814e-13
-8.962388e-13
-8.974933e-13
-8.987449e-13
-8.999938e-13
-9.012398e-13
-9.024829e-13
-9.037232e-13
-9.049607e-13
-9.061954e-13
-9.074271e-13
-9.086561e-13
-9.098822e-13
-9.111054e-13
-9.123258e-13
-9.135433e-13
-9.147579e-13
-9.159698e-13
-9.171787e-13
-9.183848e-13
-9.195880e-13
-9.207883e-13
-9.219858e-13
-9.231804e-13
-9.243721e-13
-9.255610e-13
-9.267470e-13
-9.279301e-13
-9.291103e-13
-9.302876e-13
-9.314621e-13
-9.326336e-13
-9.338023e-13
-9.349681e-13
-9.361310e-13
-9.372910e-13
-9.384481e-13
-9.396023e-13
-9.407536e-13
-9.419020e-13
-9.430475e-13
-9.441901e-13
-9.453298e-13
-9.464666e-13
-9.476005e-13
-9.487315e-13
-9.498595e-13
-9.509847e-13
-9.521069e-13
-9.532262e-13
-9.543426e-13
-9.554561e-13
-9.565666e-13
-9.576743e-13
-9.587790e-13
-9.598807e-13
-9.609796e-13
-9.620755e-13
-9.631685e-13
-9.642585e-13
-9.653456e-13
-9.664298e-13
-9.675110e-13
-9.685893e-13
-9.696647e-13
-9.707371e-13
-9.718066e-13
-9.728731e-13
-9.739366e-13
-9.749972e-13
-9.760549e-13
-9.771096e-13
-9.781614e-13
-9.792102e-13
-9.802560e-13
-9.812989e-13
-9.823388e-13
-9.833758e-13
-9.844098e-13
-9.854408e-13
-9.864689e-13
-9.874940e-13
-9.885161e-13
-9.895353e-13
-9.905514e-13
-9.915646e-13
-9.925749e-13
-9.935821e-13
-9.945864e-13
-9.955877e-13
-9.965860e-13
-9.975814e-13
-9.985737e-13
-9.995631e-13
-1.000549e-12
-1.001533e-12
-1.002513e-12
-1.003491e-12
-1.004465e-12
-1.005436e-12
-1.006405e-12
-1.007370e-12
-1.008333e-12
-1.009292e-12
-1.010249e-12
-1.011202e-12
-1.012152e-12
-1.013100e-12
-1.014044e-12
-1.014986e-12
-1.015924e-12
-1.016859e-12
-1.017792e-12
-1.018721e-12
-1.019647e-12
-1.020571e-12
-1.021491e-12
-1.022408e-12
-1.023323e-12
-1.024234e-12
-1.025142e-12
-1.026047e-12
-1.026950e-12
-1.027849e-12
-1.028745e-12
-1.029638e-12
-1.030528e-12
-1.031415e-12
-1.032299e-12
-1.033180e-12
-1.034058e-12
-1.034933e-12
-1.035805e-12
-1.036674e-12
-1.037539e-12
-1.038402e-12
-1.039262e-12
-1.040119e-12
-1.040972e-12
-1.041823e-12
-1.042670e-12
-1.043515e-12
-1.044356e-12
-1.045195e-12
-1.046030e-12
-1.046862e-12
-1.047691e-12
-1.048518e-12
-1.049341e-12
-1.050161e-12
-1.050978e-12
-1.051792e-12
-1.052603e-12
-1.053411e-12
-1.054215e-12
-1.055017e-12
-1.055816e-12
-1.056611e-12
-1.057404e-12
-1.058193e-12
-1.058980e-12
-1.059763e-12
-1.060543e-12
-1.061320e-12
-1.062094e-12
-1.062865e-12
-1.063633e-12
-1.064398e-12
-1.065160e-12
-1.065919e-12
-1.066674e-12
-1.067427e-12
-1.068176e-12
-1.068923e-12
-1.069666e-12
-1.070406e-12
-1.071144e-12
-1.071878e-12
-1.072609e-12
-1.073337e-12
-1.074061e-12
-1.074783e-12
-1.075502e-12
-1.076217e-12
-1.076930e-12
-1.077639e-12
-1.078345e-12
-1.079048e-12
-1.079748e-12
-1.080445e-12
-1.081139e-12
-1.081830e-12
-1.082518e-12
-1.083202e-12
-1.083884e-12
-1.084562e-12
-1.085237e-12
-1.085910e-12
-1.086579e-12
-1.087245e-12
-1.087907e-12
-1.088567e-12
-1.089224e-12
-1.089877e-12
-1.090528e-12
-1.091175e-12
-1.091819e-12
-1.092460e-12
-1.093098e-12
-1.093733e-12
-1.094365e-12
-1.094994e-12
-1.095619e-12
-1.096242e-12
-1.096861e-12
-1.097477e-12
-1.098090e-12
-1.098700e-12
-1.099307e-12
-1.099910e-12
-1.100511e-12
-1.101108e-12
-1.101703e-12
-1.102294e-12
-1.102882e-12
-1.103467e-12
-1.104049e-12
-1.104627e-12
-1.105203e-12
-1.105775e-12
-1.106345e-12
-1.106911e-12
-1.107474e-12
-1.108034e-12
-1.108590e-12
-1.109144e-12
-1.109695e-12
-1.110242e-12
-1.110786e-12
-1.111327e-12
-1.111865e-12
-1.112400e-12
-1.112932e-12
-1.113460e-12
-1.113986e-12
-1.114508e-12
-1.115027e-12
-1.115543e-12
-1.116056e-12
-1.116566e-12
-1.117072e-12
-1.117576e-12
-1.118076e-12
-1.118573e-12
-1.119067e-12
-1.119558e-12
-1.120046e-12
-1.120530e-12
-1.121011e-12
-1.121490e-12
-1.121965e-12
-1.122437e-12
-1.122906e-12
-1.123371e-12
-1.123834e-12
-1.124293e-12
-1.124749e-12
-1.125202e-12
-1.125652e-12
-1.126099e-12
-1.126542e-12
-1.126983e-12
-1.127420e-12
-1.127854e-12
-1.128285e-12
-1.128713e-12
-1.129138e-12
-1.129559e-12
-1.129977e-12
-1.130393e-12
-1.130805e-12
-1.131213e-12
-1.131619e-12
-1.132022e-12
-1.132421e-12
-1.132817e-12
-1.133210e-12
-1.133600e-12
-1.133987e-12
-1.134370e-12
-1.134751e-12
-1.135128e-12
-1.135502e-12
-1.135873e-12
-1.136240e-12
-1.136605e-12
-1.136966e-12
-1.137325e-12
-1.137680e-12
-1.138031e-12
-1.138380e-12
-1.138726e-12
-1.139068e-12
-1.139407e-12
-1.139743e-12
-1.140076e-12
-1.140406e-12
-1.140732e-12
-1.141056e-12
-1.141376e-12
-1.141693e-12
-1.142007e-12
-1.142317e-12
-1.142625e-12
-1.142929e-12
-1.143230e-12
-1.143528e-12
-1.143823e-12
-1.144114e-12
-1.144403e-12
-1.144688e-12
-1.144970e-12
-1.145249e-12
-1.145525e-12
-1.145797e-12
-1.146066e-12
-1.146333e-12
-1.146596e-12
-1.146855e-12
-1.147112e-12
-1.147366e-12
-1.147616e-12
-1.147863e-12
-1.148107e-12
-1.148348e-12
-1.148585e-12
-1.148819e-12
-1.149051e-12
-1.149279e-12
-1.149503e-12
-1.149725e-12
-1.149943e-12
-1.150159e-12
-1.150371e-12
-1.150580e-12
-1.150785e-12
-1.150988e-12
-1.151187e-12
-1.151383e-12
-1.151576e-12
-1.151766e-12
-1.151953e-12
-1.152136e-12
-1.152317e-12
-1.152494e-12
-1.152667e-12
-1.152838e-12
-1.153006e-12
-1.153170e-12
-1.153331e-12
-1.153489e-12
-1.153644e-12
-1.153795e-12
-1.153944e-12
-1.154089e-12
-1.154231e-12
-1.154370e-12
-1.154505e-12
-1.154638e-12
-1.154767e-12
-1.154893e-12
-1.155016e-12
-1.155135e-12
-1.155252e-12
-1.155365e-12
-1.155475e-12
-1.155582e-12
-1.155686e-12
-1.155786e-12
-1.155884e-12
-1.155978e-12
-1.156069e-12
-1.156157e-12
-1.156241e-12
-1.156323e-12
-1.156401e-12
-1.156476e-12
-1.156548e-12
-1.156616e-12
-1.156682e-12
-1.156744e-12
-1.156803e-12
-1.156859e-12
-1.156911e-12
-1.156961e-12
-1.157007e-12
-1.157050e-12
-1.157090e-12
-1.157127e-12
-1.157160e-12
-1.157191e-12
-1.157218e-12
-1.157242e-12
-1.157263e-12
-1.157280e-12
-1.157294e-12
-1.157306e-12
-1.157314e-12
-1.157318e-12
-1.157320e-12
