1.577431e-12
1.577429e-12
1.577421e-12
1.577408e-12
1.577390e-12
1.577366e-12
1.577338e-12
1.577304e-12
1.577265e-12
1.577221e-12
1.577171e-12
1.577117e-12
1.577057e-12
1.576992e-12
1.576922e-12
1.576846e-12
1.576766e-12
1.576680e-12
1.576589e-12
1.576493e-12
1.576391e-12
1.576285e-12
1.576173e-12
1.576056e-12
1.575933e-12
1.575806e-12
1.575674e-12
1.575536e-12
1.575393e-12
1.575245e-12
1.575091e-12
1.574933e-12
1.574769e-12
1.574600e-12
1.574426e-12
1.574247e-12
1.574062e-12
1.573872e-12
1.573677e-12
1.573477e-12
1.573272e-12
1.573062e-12
1.572846e-12
1.572625e-12
1.572399e-12
1.572168e-12
1.571932e-12
1.571690e-12
1.571444e-12
1.571192e-12
1.570935e-12
1.570673e-12
1.570405e-12
1.570133e-12
1.569855e-12
1.569572e-12
1.569284e-12
1.568991e-12
1.568692e-12
1.568389e-12
1.568080e-12
1.567766e-12
1.567447e-12
1.567123e-12
1.566794e-12
1.566459e-12
1.566120e-12
1.565775e-12
1.565425e-12
1.565070e-12
1.564710e-12
1.564344e-12
1.563974e-12
1.563598e-12
1.563217e-12
1.562832e-12
1.562441e-12
1.562044e-12
1.561643e-12
1.561237e-12
1.560825e-12
1.560408e-12
1.559986e-12
1.559559e-12
1.559127e-12
1.558690e-12
1.558248e-12
1.557801e-12
1.557348e-12
1.556890e-12
1.556428e-12
1.555960e-12
1.555487e-12
1.555009e-12
1.554526e-12
1.554037e-12
1.553544e-12
1.553046e-12
1.552542e-12
1.552033e-12
1.551520e-12
1.551001e-12
1.550477e-12
1.549948e-12
1.549414e-12
1.548875e-12
1.548331e-12
1.547782e-12
1.547227e-12
1.546668e-12
1.546104e-12
1.545534e-12
1.544959e-12
1.544380e-12
1.543795e-12
1.543206e-12
1.542611e-12
1.542011e-12
1.541406e-12
1.540796e-12
1.540182e-12
1.539562e-12
1.538937e-12
1.538307e-12
1.537672e-12
1.537032e-12
1.536387e-12
1.535737e-12
1.535082e-12
1.534421e-12
1.533756e-12
1.533086e-12
1.532411e-12
1.531731e-12
1.531046e-12
1.530356e-12
1.529661e-12
1.528961e-12
1.528256e-12
1.527546e-12
1.526831e-12
1.526111e-12
1.525386e-12
1.524657e-12
1.523922e-12
1.523182e-12
1.522437e-12
1.521688e-12
1.520933e-12
1.520173e-12
1.519409e-12
1.518640e-12
1.517865e-12
1.517086e-12
1.516302e-12
1.515513e-12
1.514718e-12
1.513920e-12
1.513116e-12
1.512307e-12
1.511493e-12
1.510675e-12
1.509851e-12
1.509023e-12
1.508189e-12
1.507351e-12
1.506508e-12
1.505660e-12
1.504807e-12
1.503950e-12
1.503087e-12
1.502220e-12
1.501348e-12
1.500471e-12
1.499589e-12
1.498702e-12
1.497810e-12
1.496914e-12
1.496012e-12
1.495106e-12
1.494195e-12
1.493280e-12
1.492359e-12
1.491433e-12
1.490503e-12
1.489568e-12
1.488628e-12
1.487684e-12
1.486734e-12
1.485780e-12
1.484821e-12
1.483857e-12
1.482889e-12
1.481916e-12
1.480937e-12
1.479955e-12
1.478967e-12
1.477975e-12
1.476978e-12
1.475976e-12
1.474969e-12
1.473958e-12
1.472942e-12
1.471921e-12
1.470895e-12
1.469865e-12
1.468830e-12
1.467791e-12
1.466746e-12
1.465697e-12
1.464644e-12
1.463585e-12
1.462522e-12
1.461454e-12
1.460382e-12
1.459305e-12
1.458223e-12
1.457137e-12
1.456045e-12
1.454950e-12
1.453849e-12
1.452744e-12
1.451635e-12
1.450520e-12
1.449401e-12
1.448278e-12
1.447150e-12
1.446017e-12
1.444880e-12
1.443738e-12
1.442591e-12
1.441440e-12
1.440284e-12
1.439124e-12
1.437959e-12
1.436790e-12
1.435616e-12
1.434437e-12
1.433254e-12
1.432066e-12
1.430874e-12
1.429677e-12
1.428476e-12
1.427270e-12
1.426060e-12
1.424845e-12
1.423626e-12
1.422402e-12
1.421173e-12
1.419940e-12
1.418703e-12
1.417461e-12
1.416215e-12
1.414964e-12
1.413709e-12
1.412449e-12
1.411185e-12
1.409917e-12
1.408644e-12
1.407366e-12
1.406084e-12
1.404798e-12
1.403507e-12
1.402212e-12
1.400912e-12
1.399608e-12
1.398300e-12
1.396987e-12
1.395670e-12
1.394348e-12
1.393023e-12
1.391692e-12
1.390358e-12
1.389019e-12
1.387675e-12
1.386328e-12
1.384976e-12
1.383619e-12
1.382258e-12
1.380893e-12
1.379524e-12
1.378151e-12
1.376773e-12
1.375390e-12
1.374004e-12
1.372613e-12
1.371218e-12
1.369819e-12
1.368415e-12
1.367007e-12
1.365595e-12
1.364179e-12
1.362758e-12
1.361333e-12
1.359904e-12
1.358471e-12
1.357033e-12
1.355591e-12
1.354145e-12
1.352695e-12
1.351241e-12
1.349783e-12
1.348320e-12
1.346853e-12
1.345382e-12
1.343907e-12
1.342427e-12
1.340944e-12
1.339456e-12
1.337965e-12
1.336469e-12
1.334969e-12
1.333465e-12
1.331956e-12
1.330444e-12
1.328928e-12
1.327407e-12
1.325883e-12
1.324354e-12
1.322821e-12
1.321285e-12
1.319744e-12
1.318199e-12
1.316650e-12
1.315097e-12
1.313540e-12
1.311979e-12
1.310414e-12
1.308845e-12
1.307272e-12
1.305695e-12
1.304114e-12
1.302529e-12
1.300940e-12
1.299347e-12
1.297751e-12
1.296150e-12
1.294545e-12
1.292936e-12
1.291324e-12
1.289707e-12
1.288087e-12
1.286462e-12
1.284834e-12
1.283202e-12
1.281566e-12
1.279926e-12
1.278282e-12
1.276635e-12
1.274983e-12
1.273328e-12
1.271668e-12
1.270005e-12
1.268339e-12
1.266668e-12
1.264993e-12
1.263315e-12
1.261633e-12
1.259947e-12
1.258257e-12
1.256564e-12
1.254866e-12
1.253165e-12
1.251461e-12
1.249752e-12
1.248040e-12
1.246324e-12
1.244604e-12
1.242881e-12
1.241153e-12
1.239422e-12
1.237688e-12
1.235950e-12
1.234208e-12
1.232462e-12
1.230713e-12
1.228960e-12
1.227203e-12
1.225443e-12
1.223679e-12
1.221911e-12
1.220140e-12
1.218365e-12
1.216587e-12
1.214805e-12
1.213019e-12
1.211230e-12
1.209437e-12
1.207641e-12
1.205841e-12
1.204038e-12
1.202231e-12
1.200420e-12
1.198606e-12
1.196789e-12
1.194967e-12
1.193143e-12
1.191315e-12
1.189483e-12
1.187648e-12
1.185809e-12
1.183967e-12
1.182122e-12
1.180273e-12
1.178420e-12
1.176565e-12
1.174705e-12
1.172843e-12
1.170976e-12
1.169107e-12
1.167234e-12
1.165358e-12
1.163478e-12
1.161595e-12
1.159708e-12
1.157818e-12
1.155925e-12
1.154029e-12
1.152129e-12
1.150226e-12
1.148319e-12
1.146409e-12
1.144496e-12
1.142580e-12
1.140660e-12
1.138737e-12
1.136811e-12
1.134881e-12
1.132948e-12
1.131012e-12
1.129073e-12
1.127130e-12
1.125185e-12
1.123236e-12
1.121283e-12
1.119328e-12
1.117369e-12
1.115408e-12
1.113443e-12
1.111475e-12
1.109503e-12
1.107529e-12
1.105551e-12
1.103571e-12
1.101587e-12
1.099600e-12
1.097610e-12
1.095617e-12
1.093620e-12
1.091621e-12
1.089619e-12
1.087613e-12
1.085605e-12
1.083593e-12
1.081578e-12
1.079561e-12
1.077540e-12
1.075516e-12
1.073490e-12
1.071460e-12
1.069427e-12
1.067391e-12
1.065353e-12
1.063311e-12
1.061266e-12
1.059219e-12
1.057168e-12
1.055115e-12
1.053058e-12
1.050999e-12
1.048937e-12
1.046872e-12
1.044804e-12
1.042733e-12
1.040659e-12
1.038582e-12
1.036503e-12
1.034420e-12
1.032335e-12
1.030247e-12
1.028156e-12
1.026063e-12
1.023966e-12
1.021867e-12
1.019765e-12
1.017660e-12
1.015552e-12
1.013442e-12
1.011329e-12
1.009213e-12
1.007094e-12
1.004973e-12
1.002849e-12
1.000722e-12
9.985921e-13
9.964599e-13
9.943250e-13
9.921873e-13
9.900471e-13
9.879041e-13
9.857585e-13
9.836102e-13
9.814594e-13
9.793058e-13
9.771497e-13
9.749909e-13
9.728296e-13
9.706656e-13
9.684991e-13
9.663300e-13
9.641583e-13
9.619841e-13
9.598073e-13
9.576279e-13
9.554461e-13
9.532617e-13
9.510748e-13
9.488854e-13
9.466934e-13
9.444990e-13
9.423021e-13
9.401028e-13
9.379010e-13
9.356967e-13
9.334899e-13
9.312808e-13
9.290692e-13
9.268552e-13
9.246388e-13
9.224199e-13
9.201987e-13
9.179751e-13
9.157491e-13
9.135208e-13
9.112901e-13
9.090570e-13
9.068216e-13
9.045839e-13
9.023438e-13
9.001014e-13
8.978568e-13
8.956098e-13
8.933605e-13
8.911090e-13
8.888552e-13
8.865991e-13
8.843408e-13
8.820802e-13
8.798174e-13
8.775524e-13
8.752851e-13
8.730157e-13
8.707440e-13
8.684702e-13
8.661941e-13
8.639159e-13
8.616356e-13
8.593530e-13
8.570684e-13
8.547816e-13
8.524926e-13
8.502016e-13
8.479084e-13
8.456131e-13
8.433158e-13
8.410163e-13
8.387148e-13
8.364112e-13
8.341056e-13
8.317979e-13
8.294882e-13
8.271764e-13
8.248626e-13
8.225468e-13
8.202290e-13
8.179092e-13
8.155875e-13
8.132637e-13
8.109380e-13
8.086103e-13
8.062806e-13
8.039491e-13
8.016156e-13
7.992801e-13
7.969428e-13
7.946035e-13
7.922624e-13
7.899193e-13
7.875744e-13
7.852276e-13
7.828790e-13
7.805285e-13
7.781761e-13
7.758220e-13
7.734660e-13
7.711081e-13
7.687485e-13
7.663871e-13
7.640239e-13
7.616589e-13
7.592921e-13
7.569236e-13
7.545533e-13
7.521813e-13
7.498075e-13
7.474321e-13
7.450549e-13
7.426759e-13
7.402953e-13
7.379130e-13
7.355290e-13
7.331434e-13
7.307561e-13
7.283671e-13
7.259765e-13
7.235842e-13
7.211903e-13
7.187948e-13
7.163977e-13
7.139990e-13
7.115987e-13
7.091968e-13
7.067934e-13
7.043883e-13
7.019817e-13
6.995736e-13
6.971639e-13
6.947528e-13
6.923400e-13
6.899258e-13
6.875101e-13
6.850929e-13
6.826741e-13
6.802540e-13
6.778323e-13
6.754092e-13
6.729847e-13
6.705587e-13
6.681312e-13
6.657024e-13
6.632721e-13
6.608405e-13
6.584074e-13
6.559730e-13
6.535371e-13
6.511000e-13
6.486614e-13
6.462215e-13
6.437803e-13
6.413377e-13
6.388938e-13
6.364486e-13
6.340021e-13
6.315543e-13
6.291052e-13
6.266548e-13
6.242032e-13
6.217503e-13
6.192961e-13
6.168408e-13
6.143841e-13
6.119263e-13
6.094672e-13
6.070069e-13
6.045455e-13
6.020828e-13
5.996190e-13
5.971539e-13
5.946878e-13
5.922204e-13
5.897520e-13
5.872824e-13
5.848116e-13
5.823398e-13
5.798668e-13
5.773927e-13
5.749176e-13
5.724414e-13
5.699641e-13
5.674857e-13
5.650063e-13
5.625258e-13
5.600443e-13
5.575617e-13
5.550782e-13
5.525936e-13
5.501080e-13
5.476215e-13
5.451339e-13
5.426454e-13
5.401559e-13
5.376655e-13
5.351741e-13
5.326817e-13
5.301884e-13
5.276943e-13
5.251991e-13
5.227031e-13
5.202062e-13
5.177084e-13
5.152098e-13
5.127102e-13
5.102098e-13
5.077086e-13
5.052065e-13
5.027035e-13
5.001998e-13
4.976952e-13
4.951898e-13
4.926837e-13
4.901767e-13
4.876689e-13
4.851604e-13
4.826511e-13
4.801411e-13
4.776303e-13
4.751188e-13
4.726065e-13
4.700935e-13
4.675799e-13
4.650655e-13
4.625504e-13
4.600346e-13
4.575182e-13
4.550011e-13
4.524833e-13
4.499649e-13
4.474458e-13
4.449261e-13
4.424058e-13
4.398848e-13
4.373633e-13
4.348412e-13
4.323184e-13
4.297951e-13
4.272712e-13
4.247468e-13
4.222218e-13
4.196963e-13
4.171702e-13
4.146436e-13
4.121164e-13
4.095888e-13
4.070606e-13
4.045320e-13
4.020029e-13
3.994733e-13
3.969432e-13
3.944127e-13
3.918817e-13
3.893503e-13
3.868184e-13
3.842861e-13
3.817534e-13
3.792203e-13
3.766868e-13
3.741529e-13
3.716186e-13
3.690840e-13
3.665489e-13
3.640136e-13
3.614778e-13
3.589418e-13
3.564054e-13
3.538687e-13
3.513316e-13
3.487943e-13
3.462567e-13
3.437187e-13
3.411805e-13
3.386420e-13
3.361033e-13
3.335643e-13
3.310251e-13
3.284856e-13
3.259459e-13
3.234060e-13
3.208658e-13
3.183255e-13
3.157849e-13
3.132442e-13
3.107033e-13
3.081622e-13
3.056210e-13
3.030796e-13
3.005380e-13
2.979964e-13
2.954546e-13
2.929126e-13
2.903706e-13
2.878285e-13
2.852862e-13
2.827439e-13
2.802015e-13
2.776590e-13
2.751165e-13
2.725739e-13
2.700313e-13
2.674886e-13
2.649459e-13
2.624032e-13
2.598605e-13
2.573177e-13
2.547750e-13
2.522323e-13
2.496896e-13
2.471469e-13
2.446043e-13
2.420617e-13
2.395192e-13
2.369767e-13
2.344343e-13
2.318920e-13
2.293498e-13
2.268077e-13
2.242656e-13
2.217237e-13
2.191819e-13
2.166402e-13
2.140987e-13
2.115573e-13
2.090160e-13
2.064750e-13
2.039341e-13
2.013933e-13
1.988528e-13
1.963124e-13
1.937722e-13
1.912323e-13
1.886926e-13
1.861530e-13
1.836138e-13
1.810747e-13
1.785359e-13
1.759974e-13
1.734592e-13
1.709212e-13
1.683834e-13
1.658460e-13
1.633089e-13
1.607721e-13
1.582356e-13
1.556994e-13
1.531635e-13
1.506280e-13
1.480928e-13
1.455580e-13
1.430235e-13
1.404895e-13
1.379557e-13
1.354224e-13
1.328895e-13
1.303569e-13
1.278248e-13
1.252931e-13
1.227618e-13
1.202309e-13
1.177005e-13
1.151705e-13
1.126410e-13
1.101119e-13
1.075833e-13
1.050552e-13
1.025276e-13
1.000005e-13
9.747386e-14
9.494774e-14
9.242214e-14
8.989707e-14
8.737252e-14
8.484852e-14
8.232507e-14
7.980217e-14
7.727984e-14
7.475807e-14
7.223689e-14
6.971629e-14
6.719629e-14
6.467689e-14
6.215809e-14
5.963992e-14
5.712237e-14
5.460545e-14
5.208917e-14
4.957354e-14
4.705857e-14
4.454426e-14
4.203062e-14
3.951765e-14
3.700538e-14
3.449379e-14
3.198291e-14
2.947273e-14
2.696327e-14
2.445454e-14
2.194653e-14
1.943926e-14
1.693274e-14
1.442697e-14
1.192196e-14
9.417720e-15
6.914255e-15
4.411573e-15
1.909681e-15
-5.914137e-16
-3.091703e-15
-5.591180e-15
-8.089836e-15
-1.058767e-14
-1.308466e-14
-1.558081e-14
-1.807612e-14
-2.057056e-14
-2.306415e-14
-2.555686e-14
-2.804869e-14
-3.053964e-14
-3.302969e-14
-3.551884e-14
-3.800709e-14
-4.049442e-14
-4.298083e-14
-4.546630e-14
-4.795085e-14
-5.043444e-14
-5.291709e-14
-5.539878e-14
-5.787950e-14
-6.035925e-14
-6.283802e-14
-6.531580e-14
-6.779259e-14
-7.026838e-14
-7.274315e-14
-7.521692e-14
-7.768966e-14
-8.016136e-14
-8.263204e-14
-8.510167e-14
-8.757024e-14
-9.003776e-14
-9.250422e-14
-9.496960e-14
-9.743390e-14
-9.989712e-14
-1.023592e-13
-1.048203e-13
-1.072802e-13
-1.097390e-13
-1.121967e-13
-1.146532e-13
-1.171086e-13
-1.195629e-13
-1.220160e-13
-1.244680e-13
-1.269188e-13
-1.293684e-13
-1.318169e-13
-1.342642e-13
-1.367102e-13
-1.391551e-13
-1.415988e-13
-1.440413e-13
-1.464825e-13
-1.489226e-13
-1.513614e-13
-1.537989e-13
-1.562352e-13
-1.586703e-13
-1.611041e-13
-1.635367e-13
-1.659679e-13
-1.683979e-13
-1.708266e-13
-1.732540e-13
-1.756801e-13
-1.781049e-13
-1.805284e-13
-1.829506e-13
-1.853715e-13
-1.877910e-13
-1.902091e-13
-1.926260e-13
-1.950415e-13
-1.974556e-13
-1.998683e-13
-2.022797e-13
-2.046897e-13
-2.070983e-13
-2.095056e-13
-2.119114e-13
-2.143158e-13
-2.167188e-13
-2.191204e-13
-2.215206e-13
-2.239193e-13
-2.263166e-13
-2.287125e-13
-2.311069e-13
-2.334998e-13
-2.358913e-13
-2.382813e-13
-2.406699e-13
-2.430569e-13
-2.454425e-13
-2.478266e-13
-2.502092e-13
-2.525902e-13
-2.549698e-13
-2.573478e-13
-2.597243e-13
-2.620993e-13
-2.644727e-13
-2.668446e-13
-2.692149e-13
-2.715837e-13
-2.739509e-13
-2.763165e-13
-2.786806e-13
-2.810431e-13
-2.834040e-13
-2.857632e-13
-2.881209e-13
-2.904770e-13
-2.928315e-13
-2.951843e-13
-2.975355e-13
-2.998851e-13
-3.022331e-13
-3.045794e-13
-3.069240e-13
-3.092670e-13
-3.116083e-13
-3.139480e-13
-3.162860e-13
-3.186223e-13
-3.209569e-13
-3.232898e-13
-3.256210e-13
-3.279505e-13
-3.302783e-13
-3.326044e-13
-3.349287e-13
-3.372514e-13
-3.395723e-13
-3.418914e-13
-3.442088e-13
-3.465244e-13
-3.488383e-13
-3.511505e-13
-3.534608e-13
-3.557694e-13
-3.580762e-13
-3.603812e-13
-3.626844e-13
-3.649858e-13
-3.672854e-13
-3.695831e-13
-3.718791e-13
-3.741732e-13
-3.764655e-13
-3.787560e-13
-3.810446e-13
-3.833314e-13
-3.856164e-13
-3.878994e-13
-3.901806e-13
-3.924600e-13
-3.947374e-13
-3.970130e-13
-3.992867e-13
-4.015585e-13
-4.038284e-13
-4.060964e-13
-4.083625e-13
-4.106267e-13
-4.128889e-13
-4.151492e-13
-4.174076e-13
-4.196641e-13
-4.219186e-13
-4.241711e-13
-4.264217e-13
-4.286704e-13
-4.309170e-13
-4.331617e-13
-4.354045e-13
-4.376452e-13
-4.398840e-13
-4.421207e-13
-4.443555e-13
-4.465883e-13
-4.488190e-13
-4.510477e-13
-4.532745e-13
-4.554991e-13
-4.577218e-13
-4.599424e-13
-4.621610e-13
-4.643775e-13
-4.665920e-13
-4.688044e-13
-4.710148e-13
-4.732231e-13
-4.754293e-13
-4.776334e-13
-4.798354e-13
-4.820354e-13
-4.842333e-13
-4.864290e-13
-4.886227e-13
-4.908142e-13
-4.930036e-13
-4.951909e-13
-4.973761e-13
-4.995592e-13
-5.017401e-13
-5.039188e-13
-5.060955e-13
-5.082699e-13
-5.104422e-13
-5.126124e-13
-5.147803e-13
-5.169461e-13
-5.191098e-13
-5.212712e-13
-5.234305e-13
-5.255875e-13
-5.277424e-13
-5.298950e-13
-5.320455e-13
-5.341937e-13
-5.363397e-13
-5.384835e-13
-5.406251e-13
-5.427644e-13
-5.449015e-13
-5.470363e-13
-5.491689e-13
-5.512993e-13
-5.534273e-13
-5.555532e-13
-5.576767e-13
-5.597980e-13
-5.619170e-13
-5.640337e-13
-5.661481e-13
-5.682603e-13
-5.703701e-13
-5.724777e-13
-5.745829e-13
-5.766858e-13
-5.787864e-13
-5.808847e-13
-5.829806e-13
-5.850742e-13
-5.871655e-13
-5.892545e-13
-5.913411e-13
-5.934253e-13
-5.955072e-13
-5.975867e-13
-5.996639e-13
-6.017387e-13
-6.038111e-13
-6.058812e-13
-6.079489e-13
-6.100141e-13
-6.120770e-13
-6.141375e-13
-6.161956e-13
-6.182513e-13
-6.203045e-13
-6.223554e-13
-6.244038e-13
-6.264498e-13
-6.284934e-13
-6.305346e-13
-6.325733e-13
-6.346095e-13
-6.366434e-13
-6.386747e-13
-6.407036e-13
-6.427301e-13
-6.447541e-13
-6.467756e-13
-6.487946e-13
-6.508112e-13
-6.528253e-13
-6.548369e-13
-6.568460e-13
-6.588526e-13
-6.608567e-13
-6.628583e-13
-6.648574e-13
-6.668540e-13
-6.688481e-13
-6.708396e-13
-6.728286e-13
-6.748151e-13
-6.767990e-13
-6.787805e-13
-6.807593e-13
-6.827356e-13
-6.847094e-13
-6.866806e-13
-6.886493e-13
-6.906154e-13
-6.925789e-13
-6.945398e-13
-6.964982e-13
-6.984540e-13
-7.004072e-13
-7.023578e-13
-7.043058e-13
-7.062512e-13
-7.081940e-13
-7.101342e-13
-7.120718e-13
-7.140068e-13
-7.159392e-13
-7.178689e-13
-7.197960e-13
-7.217205e-13
-7.236424e-13
-7.255616e-13
-7.274782e-13
-7.293921e-13
-7.313033e-13
-7.332120e-13
-7.351179e-13
-7.370212e-13
-7.389218e-13
-7.408198e-13
-7.427151e-13
-7.446077e-13
-7.464976e-13
-7.483848e-13
-7.502694e-13
-7.521512e-13
-7.540303e-13
-7.559068e-13
-7.577805e-13
-7.596516e-13
-7.615199e-13
-7.633855e-13
-7.652483e-13
-7.671085e-13
-7.689659e-13
-7.708206e-13
-7.726726e-13
-7.745218e-13
-7.763682e-13
-7.782119e-13
-7.800529e-13
-7.818911e-13
-7.837266e-13
-7.855593e-13
-7.873892e-13
-7.892163e-13
-7.910407e-13
-7.928623e-13
-7.946811e-13
-7.964972e-13
-7.983104e-13
-8.001209e-13
-8.019285e-13
-8.037334e-13
-8.055354e-13
-8.073347e-13
-8.091311e-13
-8.109247e-13
-8.127155e-13
-8.145035e-13
-8.162887e-13
-8.180710e-13
-8.198505e-13
-8.216271e-13
-8.234010e-13
-8.251719e-13
-8.269401e-13
-8.287054e-13
-8.304678e-13
-8.322274e-13
-8.339841e-13
-8.357379e-13
-8.374889e-13
-8.392370e-13
-8.409823e-13
-8.427246e-13
-8.444641e-13
-8.462007e-13
-8.479344e-13
-8.496652e-13
-8.513932e-13
-8.531182e-13
-8.548403e-13
-8.565595e-13
-8.582759e-13
-8.599893e-13
-8.616998e-13
-8.634073e-13
-8.651120e-13
-8.668137e-13
-8.685125e-13
-8.702084e-13
-8.719013e-13
-8.735913e-13
-8.752784e-13
-8.769625e-13
-8.786437e-13
-8.803219e-13
-8.819972e-13
-8.836695e-13
-8.853388e-13
-8.870052e-13
-8.886686e-13
-8.903291e-13
-8.919866e-13
-8.936411e-13
-8.952926e-13
-8.969412e-13
-8.985867e-13
-9.002293e-13
-9.018689e-13
-9.035055e-13
-9.051391e-13
-9.067697e-13
-9.083972e-13
-9.100218e-13
-9.116434e-13
-9.132620e-13
-9.148775e-13
-9.164900e-13
-9.180995e-13
-9.197060e-13
-9.213095e-13
-9.229099e-13
-9.245073e-13
-9.261017e-13
-9.276930e-13
-9.292813e-13
-9.308665e-13
-9.324487e-13
-9.340278e-13
-9.356039e-13
-9.371769e-13
-9.387469e-13
-9.403138e-13
-9.418776e-13
-9.434384e-13
-9.449960e-13
-9.465507e-13
-9.481022e-13
-9.496507e-13
-9.511961e-13
-9.527384e-13
-9.542776e-13
-9.558137e-13
-9.573467e-13
-9.588766e-13
-9.604035e-13
-9.619272e-13
-9.634478e-13
-9.649653e-13
-9.664797e-13
-9.679910e-13
-9.694992e-13
-9.710043e-13
-9.725062e-13
-9.740050e-13
-9.755007e-13
-9.769933e-13
-9.784827e-13
-9.799690e-13
-9.814521e-13
-9.829322e-13
-9.844090e-13
-9.858828e-13
-9.873534e-13
-9.888208e-13
-9.902851e-13
-9.917462e-13
-9.932042e-13
-9.946590e-13
-9.961106e-13
-9.975591e-13
-9.990044e-13
-1.000447e-12
-1.001885e-12
-1.003321e-12
-1.004754e-12
-1.006183e-12
-1.007610e-12
-1.009033e-12
-1.010453e-12
-1.011869e-12
-1.013283e-12
-1.014693e-12
-1.016100e-12
-1.017504e-12
-1.018905e-12
-1.020302e-12
-1.021696e-12
-1.023087e-12
-1.024475e-12
-1.025860e-12
-1.027241e-12
-1.028620e-12
-1.029995e-12
-1.031366e-12
-1.032735e-12
-1.034100e-12
-1.035462e-12
-1.036821e-12
-1.038177e-12
-1.039529e-12
-1.040878e-12
-1.042224e-12
-1.043567e-12
-1.044906e-12
-1.046242e-12
-1.047575e-12
-1.048905e-12
-1.050231e-12
-1.051554e-12
-1.052874e-12
-1.054191e-12
-1.055504e-12
-1.056814e-12
-1.058121e-12
-1.059424e-12
-1.060724e-12
-1.062021e-12
-1.063315e-12
-1.064606e-12
-1.065893e-12
-1.067176e-12
-1.068457e-12
-1.069734e-12
-1.071008e-12
-1.072279e-12
-1.073546e-12
-1.074810e-12
-1.076071e-12
-1.077329e-12
-1.078583e-12
-1.079834e-12
-1.081081e-12
-1.082325e-12
-1.083566e-12
-1.084804e-12
-1.086038e-12
-1.087269e-12
-1.088497e-12
-1.089721e-12
-1.090942e-12
-1.092160e-12
-1.093374e-12
-1.094585e-12
-1.095793e-12
-1.096997e-12
-1.098198e-12
-1.099396e-12
-1.100590e-12
-1.101781e-12
-1.102969e-12
-1.104153e-12
-1.105334e-12
-1.106512e-12
-1.107686e-12
-1.108857e-12
-1.110024e-12
-1.111188e-12
-1.112349e-12
-1.113507e-12
-1.114661e-12
-1.115812e-12
-1.116959e-12
-1.118103e-12
-1.119244e-12
-1.120381e-12
-1.121515e-12
-1.122645e-12
-1.123772e-12
-1.124896e-12
-1.126016e-12
-1.127133e-12
-1.128247e-12
-1.129357e-12
-1.130464e-12
-1.131567e-12
-1.132667e-12
-1.133764e-12
-1.134857e-12
-1.135947e-12
-1.137033e-12
-1.138116e-12
-1.139196e-12
-1.140272e-12
-1.141345e-12
-1.142414e-12
-1.143480e-12
-1.144543e-12
-1.145602e-12
-1.146658e-12
-1.147710e-12
-1.148759e-12
-1.149805e-12
-1.150847e-12
-1.151885e-12
-1.152921e-12
-1.153953e-12
-1.154981e-12
-1.156006e-12
-1.157027e-12
-1.158045e-12
-1.159060e-12
-1.160071e-12
-1.161079e-12
-1.162083e-12
-1.163084e-12
-1.164082e-12
-1.165076e-12
-1.166066e-12
-1.167053e-12
-1.168037e-12
-1.169017e-12
-1.169994e-12
-1.170967e-12
-1.171937e-12
-1.172904e-12
-1.173867e-12
-1.174826e-12
-1.175782e-12
-1.176735e-12
-1.177684e-12
-1.178629e-12
-1.179572e-12
-1.180510e-12
-1.181445e-12
-1.182377e-12
-1.183306e-12
-1.184230e-12
-1.185152e-12
-1.186070e-12
-1.186984e-12
-1.187895e-12
-1.188802e-12
-1.189706e-12
-1.190607e-12
-1.191504e-12
-1.192397e-12
-1.193287e-12
-1.194174e-12
-1.195057e-12
-1.195936e-12
-1.196812e-12
-1.197685e-12
-1.198554e-12
-1.199419e-12
-1.200281e-12
-1.201140e-12
-1.201995e-12
-1.202847e-12
-1.203695e-12
-1.204539e-12
-1.205380e-12
-1.206218e-12
-1.207052e-12
-1.207882e-12
-1.208709e-12
-1.209533e-12
-1.210353e-12
-1.211169e-12
-1.211982e-12
-1.212792e-12
-1.213597e-12
-1.214400e-12
-1.215199e-12
-1.215994e-12
-1.216786e-12
-1.217574e-12
-1.218359e-12
-1.219140e-12
-1.219918e-12
-1.220692e-12
-1.221463e-12
-1.222230e-12
-1.222994e-12
-1.223754e-12
-1.224510e-12
-1.225263e-12
-1.226013e-12
-1.226759e-12
-1.227501e-12
-1.228240e-12
-1.228975e-12
-1.229707e-12
-1.230435e-12
-1.231160e-12
-1.231881e-12
-1.232598e-12
-1.233313e-12
-1.234023e-12
-1.234730e-12
-1.235433e-12
-1.236133e-12
-1.236829e-12
-1.237522e-12
-1.238211e-12
-1.238897e-12
-1.239579e-12
-1.240258e-12
-1.240933e-12
-1.241604e-12
-1.242272e-12
-1.242936e-12
-1.243597e-12
-1.244254e-12
-1.244907e-12
-1.245557e-12
-1.246204e-12
-1.246847e-12
-1.247486e-12
-1.248122e-12
-1.248754e-12
-1.249383e-12
-1.250008e-12
-1.250629e-12
-1.251247e-12
-1.251861e-12
-1.252472e-12
-1.253079e-12
-1.253683e-12
-1.254283e-12
-1.254879e-12
-1.255472e-12
-1.256061e-12
-1.256647e-12
-1.257229e-12
-1.257808e-12
-1.258382e-12
-1.258954e-12
-1.259522e-12
-1.260086e-12
-1.260646e-12
-1.261203e-12
-1.261757e-12
-1.262307e-12
-1.262853e-12
-1.263395e-12
-1.263935e-12
-1.264470e-12
-1.265002e-12
-1.265530e-12
-1.266055e-12
-1.266576e-12
-1.267093e-12
-1.267607e-12
-1.268118e-12
-1.268624e-12
-1.269127e-12
-1.269627e-12
-1.270123e-12
-1.270615e-12
-1.271104e-12
-1.271589e-12
-1.272070e-12
-1.272548e-12
-1.273022e-12
-1.273493e-12
-1.273960e-12
-1.274423e-12
-1.274883e-12
-1.275340e-12
-1.275792e-12
-1.276241e-12
-1.276687e-12
-1.277128e-12
-1.277567e-12
-1.278001e-12
-1.278432e-12
-1.278859e-12
-1.279283e-12
-1.279703e-12
-1.280120e-12
-1.280533e-12
-1.280942e-12
-1.281348e-12
-1.281750e-12
-1.282148e-12
-1.282543e-12
-1.282934e-12
-1.283322e-12
-1.283706e-12
-1.284086e-12
-1.284463e-12
-1.284836e-12
-1.285205e-12
-1.285571e-12
-1.285933e-12
-1.286292e-12
-1.286647e-12
-1.286998e-12
-1.287346e-12
-1.287690e-12
-1.288030e-12
-1.288367e-12
-1.288700e-12
-1.289030e-12
-1.289356e-12
-1.289678e-12
-1.289997e-12
-1.290312e-12
-1.290623e-12
-1.290931e-12
-1.291235e-12
-1.291536e-12
-1.291833e-12
-1.292126e-12
-1.292416e-12
-1.292702e-12
-1.292984e-12
-1.293263e-12
-1.293538e-12
-1.293809e-12
-1.294077e-12
-1.294341e-12
-1.294602e-12
-1.294859e-12
-1.295112e-12
-1.295362e-12
-1.295608e-12
-1.295850e-12
-1.296089e-12
-1.296324e-12
-1.296556e-12
-1.296783e-12
-1.297008e-12
-1.297228e-12
-1.297445e-12
-1.297658e-12
-1.297868e-12
-1.298074e-12
-1.298276e-12
-1.298475e-12
-1.298670e-12
-1.298862e-12
-1.299049e-12
-1.299233e-12
-1.299414e-12
-1.299591e-12
-1.299764e-12
-1.299934e-12
-1.300100e-12
-1.300262e-12
-1.300421e-12
-1.300576e-12
-1.300727e-12
-1.300875e-12
-1.301019e-12
-1.301159e-12
-1.301296e-12
-1.301429e-12
-1.301558e-12
-1.301684e-12
-1.301807e-12
-1.301925e-12
-1.302040e-12
-1.302151e-12
-1.302259e-12
-1.302363e-12
-1.302463e-12
-1.302560e-12
-1.302653e-12
-1.302742e-12
-1.302828e-12
-1.302910e-12
-1.302988e-12
-1.303063e-12
-1.303134e-12
-1.303202e-12
-1.303266e-12
-1.303326e-12
-1.303382e-12
-1.303435e-12
-1.303485e-12
-1.303530e-12
-1.303572e-12
-1.303610e-12
-1.303645e-12
-1.303676e-12
-1.303704e-12
-1.303727e-12
-1.303747e-12
-1.303764e-12
-1.303777e-12
-1.303786e-12
-1.303791e-12
-1.303793e-12
