1.410446e-12
1.410444e-12
1.410437e-12
1.410425e-12
1.410409e-12
1.410388e-12
1.410362e-12
1.410331e-12
1.410296e-12
1.410256e-12
1.410212e-12
1.410162e-12
1.410108e-12
1.410050e-12
1.409986e-12
1.409918e-12
1.409845e-12
1.409768e-12
1.409686e-12
1.409599e-12
1.409507e-12
1.409411e-12
1.409310e-12
1.409205e-12
1.409094e-12
1.408979e-12
1.408860e-12
1.408735e-12
1.408606e-12
1.408472e-12
1.408334e-12
1.408191e-12
1.408043e-12
1.407890e-12
1.407733e-12
1.407571e-12
1.407405e-12
1.407234e-12
1.407058e-12
1.406877e-12
1.406692e-12
1.406502e-12
1.406307e-12
1.406108e-12
1.405904e-12
1.405695e-12
1.405482e-12
1.405264e-12
1.405041e-12
1.404814e-12
1.404582e-12
1.404345e-12
1.404104e-12
1.403858e-12
1.403607e-12
1.403352e-12
1.403092e-12
1.402827e-12
1.402558e-12
1.402284e-12
1.402005e-12
1.401722e-12
1.401434e-12
1.401141e-12
1.400844e-12
1.400542e-12
1.400236e-12
1.399924e-12
1.399608e-12
1.399288e-12
1.398963e-12
1.398633e-12
1.398299e-12
1.397960e-12
1.397616e-12
1.397268e-12
1.396915e-12
1.396557e-12
1.396195e-12
1.395828e-12
1.395456e-12
1.395080e-12
1.394699e-12
1.394314e-12
1.393924e-12
1.393530e-12
1.393130e-12
1.392726e-12
1.392318e-12
1.391905e-12
1.391487e-12
1.391065e-12
1.390638e-12
1.390207e-12
1.389771e-12
1.389330e-12
1.388885e-12
1.388435e-12
1.387980e-12
1.387521e-12
1.387058e-12
1.386589e-12
1.386117e-12
1.385639e-12
1.385157e-12
1.384671e-12
1.384180e-12
1.383684e-12
1.383184e-12
1.382679e-12
1.382169e-12
1.381655e-12
1.381137e-12
1.380614e-12
1.380086e-12
1.379554e-12
1.379017e-12
1.378476e-12
1.377930e-12
1.377380e-12
1.376825e-12
1.376265e-12
1.375701e-12
1.375133e-12
1.374560e-12
1.373982e-12
1.373400e-12
1.372813e-12
1.372222e-12
1.371627e-12
1.371026e-12
1.370422e-12
1.369813e-12
1.369199e-12
1.368581e-12
1.367958e-12
1.367331e-12
1.366699e-12
1.366063e-12
1.365422e-12
1.364777e-12
1.364127e-12
1.363473e-12
1.362815e-12
1.362152e-12
1.361484e-12
1.360812e-12
1.360136e-12
1.359455e-12
1.358769e-12
1.358080e-12
1.357385e-12
1.356687e-12
1.355984e-12
1.355276e-12
1.354564e-12
1.353847e-12
1.353126e-12
1.352401e-12
1.351671e-12
1.350937e-12
1.350199e-12
1.349456e-12
1.348708e-12
1.347956e-12
1.347200e-12
1.346440e-12
1.345675e-12
1.344905e-12
1.344131e-12
1.343353e-12
1.342571e-12
1.341784e-12
1.340992e-12
1.340197e-12
1.339397e-12
1.338592e-12
1.337783e-12
1.336970e-12
1.336153e-12
1.335331e-12
1.334505e-12
1.333674e-12
1.332839e-12
1.332000e-12
1.331157e-12
1.330309e-12
1.329457e-12
1.328600e-12
1.327739e-12
1.326874e-12
1.326005e-12
1.325131e-12
1.324253e-12
1.323371e-12
1.322484e-12
1.321593e-12
1.320698e-12
1.319799e-12
1.318895e-12
1.317987e-12
1.317075e-12
1.316159e-12
1.315238e-12
1.314313e-12
1.313384e-12
1.312450e-12
1.311512e-12
1.310570e-12
1.309624e-12
1.308674e-12
1.307719e-12
1.306760e-12
1.305797e-12
1.304830e-12
1.303859e-12
1.302883e-12
1.301903e-12
1.300919e-12
1.299931e-12
1.298938e-12
1.297942e-12
1.296941e-12
1.295936e-12
1.294927e-12
1.293914e-12
1.292896e-12
1.291875e-12
1.290849e-12
1.289819e-12
1.288785e-12
1.287747e-12
1.286705e-12
1.285659e-12
1.284608e-12
1.283554e-12
1.282495e-12
1.281432e-12
1.280365e-12
1.279294e-12
1.278219e-12
1.277140e-12
1.276057e-12
1.274970e-12
1.273879e-12
1.272783e-12
1.271684e-12
1.270580e-12
1.269473e-12
1.268361e-12
1.267246e-12
1.266126e-12
1.265002e-12
1.263874e-12
1.262743e-12
1.261607e-12
1.260467e-12
1.259324e-12
1.258176e-12
1.257024e-12
1.255869e-12
1.254709e-12
1.253545e-12
1.252378e-12
1.251206e-12
1.250031e-12
1.248851e-12
1.247668e-12
1.246480e-12
1.245289e-12
1.244094e-12
1.242895e-12
1.241691e-12
1.240484e-12
1.239274e-12
1.238059e-12
1.236840e-12
1.235617e-12
1.234391e-12
1.233161e-12
1.231926e-12
1.230688e-12
1.229446e-12
1.228200e-12
1.226951e-12
1.225697e-12
1.224440e-12
1.223179e-12
1.221914e-12
1.220645e-12
1.219372e-12
1.218096e-12
1.216815e-12
1.215531e-12
1.214243e-12
1.212952e-12
1.211656e-12
1.210357e-12
1.209054e-12
1.207747e-12
1.206437e-12
1.205122e-12
1.203804e-12
1.202482e-12
1.201157e-12
1.199828e-12
1.198495e-12
1.197158e-12
1.195817e-12
1.194473e-12
1.193125e-12
1.191774e-12
1.190419e-12
1.189060e-12
1.187697e-12
1.186331e-12
1.184961e-12
1.183587e-12
1.182210e-12
1.180829e-12
1.179445e-12
1.178057e-12
1.176665e-12
1.175270e-12
1.173871e-12
1.172468e-12
1.171062e-12
1.169652e-12
1.168238e-12
1.166821e-12
1.165401e-12
1.163977e-12
1.162549e-12
1.161118e-12
1.159683e-12
1.158245e-12
1.156803e-12
1.155357e-12
1.153908e-12
1.152456e-12
1.151000e-12
1.149540e-12
1.148077e-12
1.146611e-12
1.145141e-12
1.143667e-12
1.142190e-12
1.140710e-12
1.139226e-12
1.137739e-12
1.136248e-12
1.134754e-12
1.133256e-12
1.131755e-12
1.130251e-12
1.128743e-12
1.127231e-12
1.125717e-12
1.124198e-12
1.122677e-12
1.121152e-12
1.119624e-12
1.118092e-12
1.116557e-12
1.115019e-12
1.113477e-12
1.111932e-12
1.110383e-12
1.108832e-12
1.107277e-12
1.105718e-12
1.104157e-12
1.102592e-12
1.101023e-12
1.099452e-12
1.097877e-12
1.096299e-12
1.094718e-12
1.093133e-12
1.091545e-12
1.089954e-12
1.088360e-12
1.086762e-12
1.085161e-12
1.083557e-12
1.081950e-12
1.080339e-12
1.078726e-12
1.077109e-12
1.075489e-12
1.073866e-12
1.072239e-12
1.070610e-12
1.068977e-12
1.067341e-12
1.065702e-12
1.064060e-12
1.062415e-12
1.060766e-12
1.059115e-12
1.057460e-12
1.055803e-12
1.054142e-12
1.052478e-12
1.050811e-12
1.049141e-12
1.047468e-12
1.045792e-12
1.044113e-12
1.042431e-12
1.040745e-12
1.039057e-12
1.037366e-12
1.035671e-12
1.033974e-12
1.032274e-12
1.030571e-12
1.028864e-12
1.027155e-12
1.025443e-12
1.023728e-12
1.022010e-12
1.020288e-12
1.018564e-12
1.016837e-12
1.015108e-12
1.013375e-12
1.011639e-12
1.009901e-12
1.008159e-12
1.006415e-12
1.004667e-12
1.002917e-12
1.001164e-12
9.994084e-13
9.976497e-13
9.958882e-13
9.941238e-13
9.923566e-13
9.905866e-13
9.888137e-13
9.870381e-13
9.852597e-13
9.834784e-13
9.816944e-13
9.799076e-13
9.781181e-13
9.763258e-13
9.745307e-13
9.727329e-13
9.709324e-13
9.691291e-13
9.673231e-13
9.655144e-13
9.637030e-13
9.618889e-13
9.600721e-13
9.582526e-13
9.564304e-13
9.546056e-13
9.527781e-13
9.509480e-13
9.491152e-13
9.472797e-13
9.454417e-13
9.436010e-13
9.417577e-13
9.399118e-13
9.380633e-13
9.362122e-13
9.343586e-13
9.325023e-13
9.306435e-13
9.287821e-13
9.269182e-13
9.250517e-13
9.231827e-13
9.213112e-13
9.194371e-13
9.175605e-13
9.156815e-13
9.137999e-13
9.119158e-13
9.100293e-13
9.081403e-13
9.062488e-13
9.043548e-13
9.024584e-13
9.005596e-13
8.986583e-13
8.967546e-13
8.948485e-13
8.929399e-13
8.910290e-13
8.891156e-13
8.871999e-13
8.852818e-13
8.833613e-13
8.814385e-13
8.795133e-13
8.775857e-13
8.756558e-13
8.737236e-13
8.717891e-13
8.698522e-13
8.679130e-13
8.659715e-13
8.640278e-13
8.620817e-13
8.601334e-13
8.581828e-13
8.562299e-13
8.542748e-13
8.523174e-13
8.503578e-13
8.483960e-13
8.464320e-13
8.444657e-13
8.424972e-13
8.405266e-13
8.385537e-13
8.365787e-13
8.346015e-13
8.326221e-13
8.306405e-13
8.286569e-13
8.266710e-13
8.246831e-13
8.226930e-13
8.207008e-13
8.187065e-13
8.167100e-13
8.147115e-13
8.127109e-13
8.107083e-13
8.087035e-13
8.066967e-13
8.046879e-13
8.026770e-13
8.006640e-13
7.986491e-13
7.966321e-13
7.946131e-13
7.925921e-13
7.905691e-13
7.885441e-13
7.865171e-13
7.844882e-13
7.824573e-13
7.804244e-13
7.783896e-13
7.763528e-13
7.743141e-13
7.722735e-13
7.702310e-13
7.681866e-13
7.661402e-13
7.640920e-13
7.620419e-13
7.599899e-13
7.579361e-13
7.558804e-13
7.538228e-13
7.517634e-13
7.497022e-13
7.476391e-13
7.455742e-13
7.435076e-13
7.414391e-13
7.393688e-13
7.372967e-13
7.352229e-13
7.331472e-13
7.310699e-13
7.289907e-13
7.269099e-13
7.248272e-13
7.227429e-13
7.206568e-13
7.185691e-13
7.164796e-13
7.143884e-13
7.122955e-13
7.102010e-13
7.081048e-13
7.060069e-13
7.039074e-13
7.018062e-13
6.997034e-13
6.975989e-13
6.954928e-13
6.933851e-13
6.912758e-13
6.891650e-13
6.870525e-13
6.849384e-13
6.828228e-13
6.807056e-13
6.785868e-13
6.764665e-13
6.743446e-13
6.722213e-13
6.700963e-13
6.679699e-13
6.658420e-13
6.637126e-13
6.615816e-13
6.594492e-13
6.573153e-13
6.551800e-13
6.530432e-13
6.509049e-13
6.487652e-13
6.466241e-13
6.444815e-13
6.423375e-13
6.401921e-13
6.380453e-13
6.358971e-13
6.337475e-13
6.315966e-13
6.294443e-13
6.272906e-13
6.251355e-13
6.229792e-13
6.208214e-13
6.186624e-13
6.165020e-13
6.143403e-13
6.121774e-13
6.100131e-13
6.078475e-13
6.056807e-13
6.035125e-13
6.013431e-13
5.991725e-13
5.970006e-13
5.948275e-13
5.926531e-13
5.904776e-13
5.883008e-13
5.861228e-13
5.839436e-13
5.817632e-13
5.795816e-13
5.773989e-13
5.752150e-13
5.730299e-13
5.708437e-13
5.686563e-13
5.664678e-13
5.642782e-13
5.620875e-13
5.598957e-13
5.577027e-13
5.555087e-13
5.533136e-13
5.511174e-13
5.489201e-13
5.467218e-13
5.445224e-13
5.423220e-13
5.401206e-13
5.379181e-13
5.357146e-13
5.335101e-13
5.313046e-13
5.290980e-13
5.268905e-13
5.246821e-13
5.224726e-13
5.202622e-13
5.180509e-13
5.158385e-13
5.136253e-13
5.114111e-13
5.091960e-13
5.069800e-13
5.047631e-13
5.025452e-13
5.003265e-13
4.981069e-13
4.958865e-13
4.936651e-13
4.914429e-13
4.892199e-13
4.869960e-13
4.847713e-13
4.825458e-13
4.803194e-13
4.780922e-13
4.758643e-13
4.736355e-13
4.714059e-13
4.691756e-13
4.669445e-13
4.647126e-13
4.624800e-13
4.602467e-13
4.580126e-13
4.557777e-13
4.535422e-13
4.513059e-13
4.490689e-13
4.468313e-13
4.445929e-13
4.423539e-13
4.401141e-13
4.378738e-13
4.356327e-13
4.333910e-13
4.311487e-13
4.289057e-13
4.266621e-13
4.244179e-13
4.221731e-13
4.199277e-13
4.176817e-13
4.154350e-13
4.131879e-13
4.109401e-13
4.086918e-13
4.064429e-13
4.041935e-13
4.019435e-13
3.996930e-13
3.974420e-13
3.951905e-13
3.929384e-13
3.906859e-13
3.884329e-13
3.861793e-13
3.839253e-13
3.816709e-13
3.794160e-13
3.771606e-13
3.749047e-13
3.726485e-13
3.703918e-13
3.681347e-13
3.658772e-13
3.636192e-13
3.613609e-13
3.591022e-13
3.568431e-13
3.545836e-13
3.523237e-13
3.500635e-13
3.478030e-13
3.455421e-13
3.432808e-13
3.410193e-13
3.387574e-13
3.364952e-13
3.342327e-13
3.319699e-13
3.297068e-13
3.274434e-13
3.251797e-13
3.229158e-13
3.206516e-13
3.183872e-13
3.161225e-13
3.138576e-13
3.115925e-13
3.093271e-13
3.070615e-13
3.047958e-13
3.025298e-13
3.002636e-13
2.979973e-13
2.957308e-13
2.934641e-13
2.911972e-13
2.889302e-13
2.866631e-13
2.843958e-13
2.821284e-13
2.798608e-13
2.775932e-13
2.753254e-13
2.730576e-13
2.707896e-13
2.685216e-13
2.662535e-13
2.639853e-13
2.617171e-13
2.594488e-13
2.571804e-13
2.549121e-13
2.526436e-13
2.503752e-13
2.481068e-13
2.458383e-13
2.435698e-13
2.413014e-13
2.390329e-13
2.367645e-13
2.344961e-13
2.322278e-13
2.299595e-13
2.276912e-13
2.254230e-13
2.231549e-13
2.208868e-13
2.186188e-13
2.163509e-13
2.140831e-13
2.118154e-13
2.095478e-13
2.072804e-13
2.050130e-13
2.027458e-13
2.004787e-13
1.982118e-13
1.959450e-13
1.936784e-13
1.914120e-13
1.891457e-13
1.868796e-13
1.846137e-13
1.823480e-13
1.800825e-13
1.778172e-13
1.755521e-13
1.732873e-13
1.710227e-13
1.687583e-13
1.664942e-13
1.642304e-13
1.619668e-13
1.597035e-13
1.574404e-13
1.551776e-13
1.529152e-13
1.506530e-13
1.483911e-13
1.461296e-13
1.438683e-13
1.416074e-13
1.393469e-13
1.370866e-13
1.348267e-13
1.325672e-13
1.303080e-13
1.280492e-13
1.257908e-13
1.235328e-13
1.212752e-13
1.190179e-13
1.167611e-13
1.145046e-13
1.122486e-13
1.099931e-13
1.077379e-13
1.054832e-13
1.032289e-13
1.009751e-13
9.872178e-14
9.646891e-14
9.421651e-14
9.196459e-14
8.971316e-14
8.746222e-14
8.521179e-14
8.296187e-14
8.071247e-14
7.846359e-14
7.621524e-14
7.396742e-14
7.172016e-14
6.947344e-14
6.722728e-14
6.498169e-14
6.273667e-14
6.049222e-14
5.824837e-14
5.600510e-14
5.376244e-14
5.152038e-14
4.927893e-14
4.703810e-14
4.479790e-14
4.255833e-14
4.031940e-14
3.808112e-14
3.584349e-14
3.360653e-14
3.137022e-14
2.913460e-14
2.689965e-14
2.466539e-14
2.243182e-14
2.019895e-14
1.796679e-14
1.573534e-14
1.350462e-14
1.127462e-14
9.045351e-15
6.816825e-15
4.589045e-15
2.362019e-15
1.357523e-16
-2.089748e-15
-4.314475e-15
-6.538422e-15
-8.761583e-15
-1.098395e-14
-1.320552e-14
-1.542628e-14
-1.764623e-14
-1.986537e-14
-2.208367e-14
-2.430115e-14
-2.651778e-14
-2.873358e-14
-3.094852e-14
-3.316260e-14
-3.537582e-14
-3.758817e-14
-3.979964e-14
-4.201022e-14
-4.421992e-14
-4.642872e-14
-4.863662e-14
-5.084361e-14
-5.304969e-14
-5.525484e-14
-5.745906e-14
-5.966235e-14
-6.186470e-14
-6.406610e-14
-6.626655e-14
-6.846604e-14
-7.066456e-14
-7.286211e-14
-7.505869e-14
-7.725427e-14
-7.944887e-14
-8.164247e-14
-8.383506e-14
-8.602665e-14
-8.821722e-14
-9.040677e-14
-9.259528e-14
-9.478277e-14
-9.696921e-14
-9.915461e-14
-1.013390e-13
-1.035222e-13
-1.057045e-13
-1.078856e-13
-1.100657e-13
-1.122447e-13
-1.144225e-13
-1.165993e-13
-1.187750e-13
-1.209496e-13
-1.231231e-13
-1.252955e-13
-1.274667e-13
-1.296368e-13
-1.318057e-13
-1.339736e-13
-1.361402e-13
-1.383057e-13
-1.404701e-13
-1.426332e-13
-1.447953e-13
-1.469561e-13
-1.491157e-13
-1.512742e-13
-1.534314e-13
-1.555874e-13
-1.577423e-13
-1.598959e-13
-1.620483e-13
-1.641994e-13
-1.663494e-13
-1.684981e-13
-1.706455e-13
-1.727917e-13
-1.749367e-13
-1.770803e-13
-1.792227e-13
-1.813639e-13
-1.835037e-13
-1.856423e-13
-1.877796e-13
-1.899156e-13
-1.920503e-13
-1.941836e-13
-1.963157e-13
-1.984464e-13
-2.005758e-13
-2.027039e-13
-2.048306e-13
-2.069560e-13
-2.090801e-13
-2.112028e-13
-2.133241e-13
-2.154441e-13
-2.175627e-13
-2.196799e-13
-2.217958e-13
-2.239102e-13
-2.260233e-13
-2.281349e-13
-2.302452e-13
-2.323540e-13
-2.344615e-13
-2.365675e-13
-2.386720e-13
-2.407752e-13
-2.428769e-13
-2.449772e-13
-2.470760e-13
-2.491734e-13
-2.512693e-13
-2.533637e-13
-2.554567e-13
-2.575482e-13
-2.596382e-13
-2.617267e-13
-2.638137e-13
-2.658993e-13
-2.679833e-13
-2.700658e-13
-2.721468e-13
-2.742263e-13
-2.763043e-13
-2.783807e-13
-2.804556e-13
-2.825290e-13
-2.846008e-13
-2.866711e-13
-2.887398e-13
-2.908069e-13
-2.928725e-13
-2.949365e-13
-2.969990e-13
-2.990598e-13
-3.011191e-13
-3.031767e-13
-3.052328e-13
-3.072873e-13
-3.093401e-13
-3.113914e-13
-3.134410e-13
-3.154890e-13
-3.175354e-13
-3.195801e-13
-3.216232e-13
-3.236647e-13
-3.257045e-13
-3.277426e-13
-3.297791e-13
-3.318140e-13
-3.338471e-13
-3.358786e-13
-3.379084e-13
-3.399365e-13
-3.419630e-13
-3.439877e-13
-3.460107e-13
-3.480320e-13
-3.500517e-13
-3.520696e-13
-3.540858e-13
-3.561002e-13
-3.581130e-13
-3.601239e-13
-3.621332e-13
-3.641407e-13
-3.661465e-13
-3.681505e-13
-3.701527e-13
-3.721532e-13
-3.741519e-13
-3.761489e-13
-3.781441e-13
-3.801374e-13
-3.821290e-13
-3.841188e-13
-3.861069e-13
-3.880931e-13
-3.900775e-13
-3.920600e-13
-3.940408e-13
-3.960198e-13
-3.979969e-13
-3.999722e-13
-4.019456e-13
-4.039172e-13
-4.058870e-13
-4.078549e-13
-4.098210e-13
-4.117852e-13
-4.137475e-13
-4.157080e-13
-4.176666e-13
-4.196234e-13
-4.215782e-13
-4.235312e-13
-4.254822e-13
-4.274314e-13
-4.293787e-13
-4.313240e-13
-4.332675e-13
-4.352090e-13
-4.371487e-13
-4.390864e-13
-4.410221e-13
-4.429560e-13
-4.448879e-13
-4.468179e-13
-4.487459e-13
-4.506719e-13
-4.525961e-13
-4.545182e-13
-4.564384e-13
-4.583566e-13
-4.602729e-13
-4.621872e-13
-4.640995e-13
-4.660098e-13
-4.679181e-13
-4.698245e-13
-4.717288e-13
-4.736311e-13
-4.755314e-13
-4.774298e-13
-4.793261e-13
-4.812203e-13
-4.831126e-13
-4.850028e-13
-4.868910e-13
-4.887772e-13
-4.906613e-13
-4.925434e-13
-4.944234e-13
-4.963014e-13
-4.981773e-13
-5.000511e-13
-5.019229e-13
-5.037926e-13
-5.056603e-13
-5.075258e-13
-5.093893e-13
-5.112507e-13
-5.131100e-13
-5.149672e-13
-5.168223e-13
-5.186753e-13
-5.205262e-13
-5.223750e-13
-5.242217e-13
-5.260662e-13
-5.279086e-13
-5.297489e-13
-5.315871e-13
-5.334231e-13
-5.352570e-13
-5.370888e-13
-5.389184e-13
-5.407458e-13
-5.425711e-13
-5.443942e-13
-5.462152e-13
-5.480340e-13
-5.498506e-13
-5.516651e-13
-5.534774e-13
-5.552875e-13
-5.570954e-13
-5.589011e-13
-5.607046e-13
-5.625059e-13
-5.643051e-13
-5.661020e-13
-5.678967e-13
-5.696892e-13
-5.714795e-13
-5.732675e-13
-5.750533e-13
-5.768369e-13
-5.786183e-13
-5.803974e-13
-5.821743e-13
-5.839490e-13
-5.857214e-13
-5.874915e-13
-5.892594e-13
-5.910250e-13
-5.927884e-13
-5.945495e-13
-5.963083e-13
-5.980649e-13
-5.998192e-13
-6.015712e-13
-6.033209e-13
-6.050683e-13
-6.068134e-13
-6.085563e-13
-6.102968e-13
-6.120351e-13
-6.137710e-13
-6.155046e-13
-6.172359e-13
-6.189649e-13
-6.206916e-13
-6.224159e-13
-6.241380e-13
-6.258577e-13
-6.275750e-13
-6.292900e-13
-6.310027e-13
-6.327130e-13
-6.344210e-13
-6.361267e-13
-6.378299e-13
-6.395308e-13
-6.412294e-13
-6.429256e-13
-6.446194e-13
-6.463109e-13
-6.479999e-13
-6.496866e-13
-6.513709e-13
-6.530529e-13
-6.547324e-13
-6.564095e-13
-6.580843e-13
-6.597566e-13
-6.614266e-13
-6.630941e-13
-6.647593e-13
-6.664220e-13
-6.680823e-13
-6.697402e-13
-6.713956e-13
-6.730487e-13
-6.746993e-13
-6.763474e-13
-6.779932e-13
-6.796365e-13
-6.812773e-13
-6.829157e-13
-6.845517e-13
-6.861852e-13
-6.878163e-13
-6.894449e-13
-6.910710e-13
-6.926947e-13
-6.943159e-13
-6.959347e-13
-6.975509e-13
-6.991647e-13
-7.007760e-13
-7.023849e-13
-7.039912e-13
-7.055950e-13
-7.071964e-13
-7.087953e-13
-7.103916e-13
-7.119855e-13
-7.135769e-13
-7.151657e-13
-7.167521e-13
-7.183359e-13
-7.199172e-13
-7.214960e-13
-7.230723e-13
-7.246461e-13
-7.262173e-13
-7.277860e-13
-7.293521e-13
-7.309158e-13
-7.324768e-13
-7.340354e-13
-7.355914e-13
-7.371448e-13
-7.386957e-13
-7.402440e-13
-7.417898e-13
-7.433331e-13
-7.448737e-13
-7.464118e-13
-7.479473e-13
-7.494803e-13
-7.510107e-13
-7.525385e-13
-7.540637e-13
-7.555863e-13
-7.571064e-13
-7.586238e-13
-7.601387e-13
-7.616510e-13
-7.631607e-13
-7.646678e-13
-7.661723e-13
-7.676741e-13
-7.691734e-13
-7.706701e-13
-7.721641e-13
-7.736555e-13
-7.751444e-13
-7.766306e-13
-7.781141e-13
-7.795951e-13
-7.810734e-13
-7.825491e-13
-7.840221e-13
-7.854925e-13
-7.869603e-13
-7.884254e-13
-7.898879e-13
-7.913477e-13
-7.928049e-13
-7.942595e-13
-7.957113e-13
-7.971606e-13
-7.986071e-13
-8.000510e-13
-8.014923e-13
-8.029308e-13
-8.043667e-13
-8.057999e-13
-8.072305e-13
-8.086584e-13
-8.100835e-13
-8.115061e-13
-8.129259e-13
-8.143430e-13
-8.157574e-13
-8.171692e-13
-8.185782e-13
-8.199846e-13
-8.213883e-13
-8.227892e-13
-8.241875e-13
-8.255830e-13
-8.269758e-13
-8.283659e-13
-8.297534e-13
-8.311380e-13
-8.325200e-13
-8.338993e-13
-8.352758e-13
-8.366496e-13
-8.380206e-13
-8.393890e-13
-8.407546e-13
-8.421174e-13
-8.434776e-13
-8.448350e-13
-8.461896e-13
-8.475415e-13
-8.488907e-13
-8.502371e-13
-8.515807e-13
-8.529216e-13
-8.542597e-13
-8.555951e-13
-8.569278e-13
-8.582576e-13
-8.595847e-13
-8.609090e-13
-8.622306e-13
-8.635494e-13
-8.648654e-13
-8.661786e-13
-8.674891e-13
-8.687968e-13
-8.701017e-13
-8.714038e-13
-8.727031e-13
-8.739996e-13
-8.752934e-13
-8.765843e-13
-8.778725e-13
-8.791578e-13
-8.804404e-13
-8.817201e-13
-8.829971e-13
-8.842712e-13
-8.855426e-13
-8.868111e-13
-8.880768e-13
-8.893397e-13
-8.905998e-13
-8.918570e-13
-8.931115e-13
-8.943631e-13
-8.956119e-13
-8.968579e-13
-8.981010e-13
-8.993413e-13
-9.005788e-13
-9.018135e-13
-9.030453e-13
-9.042743e-13
-9.055004e-13
-9.067237e-13
-9.079441e-13
-9.091617e-13
-9.103765e-13
-9.115884e-13
-9.127974e-13
-9.140036e-13
-9.152070e-13
-9.164075e-13
-9.176051e-13
-9.187998e-13
-9.199917e-13
-9.211808e-13
-9.223669e-13
-9.235502e-13
-9.247307e-13
-9.259082e-13
-9.270829e-13
-9.282547e-13
-9.294236e-13
-9.305897e-13
-9.317529e-13
-9.329131e-13
-9.340705e-13
-9.352251e-13
-9.363767e-13
-9.375254e-13
-9.386712e-13
-9.398142e-13
-9.409542e-13
-9.420914e-13
-9.432257e-13
-9.443570e-13
-9.454855e-13
-9.466110e-13
-9.477336e-13
-9.488534e-13
-9.499702e-13
-9.510841e-13
-9.521951e-13
-9.533032e-13
-9.544084e-13
-9.555106e-13
-9.566099e-13
-9.577063e-13
-9.587998e-13
-9.598904e-13
-9.609780e-13
-9.620627e-13
-9.631445e-13
-9.642234e-13
-9.652993e-13
-9.663722e-13
-9.674423e-13
-9.685094e-13
-9.695736e-13
-9.706348e-13
-9.716931e-13
-9.727484e-13
-9.738008e-13
-9.748503e-13
-9.758968e-13
-9.769403e-13
-9.779809e-13
-9.790186e-13
-9.800532e-13
-9.810850e-13
-9.821138e-13
-9.831396e-13
-9.841624e-13
-9.851823e-13
-9.861993e-13
-9.872132e-13
-9.882242e-13
-9.892322e-13
-9.902373e-13
-9.912394e-13
-9.922385e-13
-9.932347e-13
-9.942278e-13
-9.952180e-13
-9.962052e-13
-9.971895e-13
-9.981707e-13
-9.991490e-13
-1.000124e-12
-1.001097e-12
-1.002066e-12
-1.003032e-12
-1.003996e-12
-1.004956e-12
-1.005913e-12
-1.006868e-12
-1.007819e-12
-1.008767e-12
-1.009713e-12
-1.010655e-12
-1.011594e-12
-1.012531e-12
-1.013464e-12
-1.014395e-12
-1.015322e-12
-1.016246e-12
-1.017168e-12
-1.018086e-12
-1.019001e-12
-1.019914e-12
-1.020823e-12
-1.021729e-12
-1.022632e-12
-1.023533e-12
-1.024430e-12
-1.025324e-12
-1.026215e-12
-1.027104e-12
-1.027989e-12
-1.028871e-12
-1.029750e-12
-1.030626e-12
-1.031499e-12
-1.032369e-12
-1.033236e-12
-1.034100e-12
-1.034961e-12
-1.035819e-12
-1.036674e-12
-1.037525e-12
-1.038374e-12
-1.039220e-12
-1.040063e-12
-1.040902e-12
-1.041739e-12
-1.042572e-12
-1.043403e-12
-1.044230e-12
-1.045055e-12
-1.045876e-12
-1.046695e-12
-1.047510e-12
-1.048322e-12
-1.049131e-12
-1.049937e-12
-1.050740e-12
-1.051540e-12
-1.052337e-12
-1.053131e-12
-1.053922e-12
-1.054710e-12
-1.055495e-12
-1.056276e-12
-1.057055e-12
-1.057830e-12
-1.058603e-12
-1.059372e-12
-1.060139e-12
-1.060902e-12
-1.061662e-12
-1.062419e-12
-1.063173e-12
-1.063924e-12
-1.064672e-12
-1.065417e-12
-1.066159e-12
-1.066897e-12
-1.067633e-12
-1.068366e-12
-1.069095e-12
-1.069821e-12
-1.070545e-12
-1.071265e-12
-1.071982e-12
-1.072696e-12
-1.073407e-12
-1.074115e-12
-1.074820e-12
-1.075521e-12
-1.076220e-12
-1.076915e-12
-1.077608e-12
-1.078297e-12
-1.078983e-12
-1.079667e-12
-1.080347e-12
-1.081024e-12
-1.081697e-12
-1.082368e-12
-1.083036e-12
-1.083700e-12
-1.084362e-12
-1.085020e-12
-1.085676e-12
-1.086328e-12
-1.086977e-12
-1.087623e-12
-1.088266e-12
-1.088905e-12
-1.089542e-12
-1.090176e-12
-1.090806e-12
-1.091433e-12
-1.092058e-12
-1.092679e-12
-1.093297e-12
-1.093912e-12
-1.094523e-12
-1.095132e-12
-1.095737e-12
-1.096340e-12
-1.096939e-12
-1.097535e-12
-1.098128e-12
-1.098718e-12
-1.099305e-12
-1.099889e-12
-1.100470e-12
-1.101047e-12
-1.101621e-12
-1.102193e-12
-1.102761e-12
-1.103326e-12
-1.103888e-12
-1.104446e-12
-1.105002e-12
-1.105555e-12
-1.106104e-12
-1.106650e-12
-1.107193e-12
-1.107733e-12
-1.108270e-12
-1.108804e-12
-1.109334e-12
-1.109862e-12
-1.110386e-12
-1.110907e-12
-1.111425e-12
-1.111940e-12
-1.112452e-12
-1.112961e-12
-1.113466e-12
-1.113969e-12
-1.114468e-12
-1.114964e-12
-1.115457e-12
-1.115947e-12
-1.116433e-12
-1.116917e-12
-1.117397e-12
-1.117875e-12
-1.118349e-12
-1.118820e-12
-1.119288e-12
-1.119752e-12
-1.120214e-12
-1.120672e-12
-1.121127e-12
-1.121580e-12
-1.122029e-12
-1.122474e-12
-1.122917e-12
-1.123357e-12
-1.123793e-12
-1.124226e-12
-1.124656e-12
-1.125083e-12
-1.125507e-12
-1.125927e-12
-1.126345e-12
-1.126759e-12
-1.127170e-12
-1.127578e-12
-1.127983e-12
-1.128385e-12
-1.128783e-12
-1.129179e-12
-1.129571e-12
-1.129960e-12
-1.130346e-12
-1.130729e-12
-1.131108e-12
-1.131485e-12
-1.131858e-12
-1.132228e-12
-1.132595e-12
-1.132959e-12
-1.133320e-12
-1.133677e-12
-1.134031e-12
-1.134383e-12
-1.134730e-12
-1.135075e-12
-1.135417e-12
-1.135755e-12
-1.136091e-12
-1.136423e-12
-1.136752e-12
-1.137078e-12
-1.137400e-12
-1.137720e-12
-1.138036e-12
-1.138349e-12
-1.138659e-12
-1.138966e-12
-1.139270e-12
-1.139571e-12
-1.139868e-12
-1.140162e-12
-1.140453e-12
-1.140741e-12
-1.141025e-12
-1.141307e-12
-1.141585e-12
-1.141860e-12
-1.142132e-12
-1.142401e-12
-1.142667e-12
-1.142929e-12
-1.143189e-12
-1.143445e-12
-1.143698e-12
-1.143947e-12
-1.144194e-12
-1.144437e-12
-1.144678e-12
-1.144915e-12
-1.145148e-12
-1.145379e-12
-1.145607e-12
-1.145831e-12
-1.146052e-12
-1.146270e-12
-1.146485e-12
-1.146697e-12
-1.146905e-12
-1.147111e-12
-1.147313e-12
-1.147512e-12
-1.147707e-12
-1.147900e-12
-1.148089e-12
-1.148276e-12
-1.148459e-12
-1.148638e-12
-1.148815e-12
-1.148989e-12
-1.149159e-12
-1.149326e-12
-1.149490e-12
-1.149651e-12
-1.149808e-12
-1.149963e-12
-1.150114e-12
-1.150262e-12
-1.150407e-12
-1.150549e-12
-1.150687e-12
-1.150823e-12
-1.150955e-12
-1.151084e-12
-1.151210e-12
-1.151332e-12
-1.151452e-12
-1.151568e-12
-1.151681e-12
-1.151791e-12
-1.151897e-12
-1.152001e-12
-1.152101e-12
-1.152198e-12
-1.152292e-12
-1.152383e-12
-1.152471e-12
-1.152555e-12
-1.152636e-12
-1.152714e-12
-1.152789e-12
-1.152861e-12
-1.152929e-12
-1.152995e-12
-1.153057e-12
-1.153116e-12
-1.153171e-12
-1.153224e-12
-1.153273e-12
-1.153320e-12
-1.153363e-12
-1.153402e-12
-1.153439e-12
-1.153472e-12
-1.153503e-12
-1.153530e-12
-1.153554e-12
-1.153574e-12
-1.153592e-12
-1.153606e-12
-1.153617e-12
-1.153625e-12
-1.153630e-12
-1.153632e-12
