1.577434e-12
1.577431e-12
1.577423e-12
1.577410e-12
1.577392e-12
1.577369e-12
1.577340e-12
1.577306e-12
1.577267e-12
1.577223e-12
1.577173e-12
1.577119e-12
1.577059e-12
1.576994e-12
1.576924e-12
1.576848e-12
1.576768e-12
1.576682e-12
1.576591e-12
1.576495e-12
1.576393e-12
1.576287e-12
1.576175e-12
1.576058e-12
1.575936e-12
1.575808e-12
1.575676e-12
1.575538e-12
1.575395e-12
1.575247e-12
1.575093e-12
1.574935e-12
1.574771e-12
1.574602e-12
1.574428e-12
1.574249e-12
1.574064e-12
1.573874e-12
1.573680e-12
1.573480e-12
1.573274e-12
1.573064e-12
1.572848e-12
1.572627e-12
1.572401e-12
1.572170e-12
1.571934e-12
1.571692e-12
1.571446e-12
1.571194e-12
1.570937e-12
1.570675e-12
1.570407e-12
1.570135e-12
1.569857e-12
1.569574e-12
1.569286e-12
1.568993e-12
1.568695e-12
1.568391e-12
1.568082e-12
1.567768e-12
1.567449e-12
1.567125e-12
1.566796e-12
1.566461e-12
1.566122e-12
1.565777e-12
1.565427e-12
1.565072e-12
1.564712e-12
1.564346e-12
1.563976e-12
1.563600e-12
1.563220e-12
1.562834e-12
1.562443e-12
1.562046e-12
1.561645e-12
1.561239e-12
1.560827e-12
1.560410e-12
1.559988e-12
1.559562e-12
1.559129e-12
1.558692e-12
1.558250e-12
1.557803e-12
1.557350e-12
1.556892e-12
1.556430e-12
1.555962e-12
1.555489e-12
1.555011e-12
1.554528e-12
1.554039e-12
1.553546e-12
1.553048e-12
1.552544e-12
1.552035e-12
1.551522e-12
1.551003e-12
1.550479e-12
1.549950e-12
1.549416e-12
1.548877e-12
1.548333e-12
1.547784e-12
1.547229e-12
1.546670e-12
1.546105e-12
1.545536e-12
1.544961e-12
1.544382e-12
1.543797e-12
1.543208e-12
1.542613e-12
1.542013e-12
1.541408e-12
1.540798e-12
1.540183e-12
1.539563e-12
1.538939e-12
1.538309e-12
1.537674e-12
1.537034e-12
1.536389e-12
1.535738e-12
1.535083e-12
1.534423e-12
1.533758e-12
1.533088e-12
1.532413e-12
1.531733e-12
1.531048e-12
1.530358e-12
1.529663e-12
1.528963e-12
1.528258e-12
1.527548e-12
1.526833e-12
1.526113e-12
1.525388e-12
1.524658e-12
1.523924e-12
1.523184e-12
1.522439e-12
1.521689e-12
1.520935e-12
1.520175e-12
1.519411e-12
1.518641e-12
1.517867e-12
1.517088e-12
1.516303e-12
1.515514e-12
1.514720e-12
1.513921e-12
1.513117e-12
1.512308e-12
1.511495e-12
1.510676e-12
1.509853e-12
1.509024e-12
1.508191e-12
1.507353e-12
1.506510e-12
1.505662e-12
1.504809e-12
1.503951e-12
1.503089e-12
1.502221e-12
1.501349e-12
1.500472e-12
1.499590e-12
1.498703e-12
1.497812e-12
1.496915e-12
1.496014e-12
1.495108e-12
1.494197e-12
1.493281e-12
1.492360e-12
1.491435e-12
1.490505e-12
1.489570e-12
1.488630e-12
1.487685e-12
1.486736e-12
1.485781e-12
1.484822e-12
1.483859e-12
1.482890e-12
1.481917e-12
1.480939e-12
1.479956e-12
1.478968e-12
1.477976e-12
1.476979e-12
1.475977e-12
1.474970e-12
1.473959e-12
1.472943e-12
1.471922e-12
1.470897e-12
1.469866e-12
1.468831e-12
1.467792e-12
1.466747e-12
1.465698e-12
1.464645e-12
1.463586e-12
1.462523e-12
1.461455e-12
1.460383e-12
1.459306e-12
1.458224e-12
1.457138e-12
1.456046e-12
1.454951e-12
1.453850e-12
1.452745e-12
1.451636e-12
1.450521e-12
1.449402e-12
1.448279e-12
1.447151e-12
1.446018e-12
1.444880e-12
1.443738e-12
1.442592e-12
1.441441e-12
1.440285e-12
1.439125e-12
1.437960e-12
1.436790e-12
1.435616e-12
1.434438e-12
1.433254e-12
1.432067e-12
1.430875e-12
1.429678e-12
1.428476e-12
1.427271e-12
1.426060e-12
1.424845e-12
1.423626e-12
1.422402e-12
1.421174e-12
1.419941e-12
1.418704e-12
1.417462e-12
1.416215e-12
1.414965e-12
1.413709e-12
1.412450e-12
1.411186e-12
1.409917e-12
1.408644e-12
1.407366e-12
1.406084e-12
1.404798e-12
1.403507e-12
1.402212e-12
1.400912e-12
1.399608e-12
1.398300e-12
1.396987e-12
1.395670e-12
1.394349e-12
1.393023e-12
1.391692e-12
1.390358e-12
1.389019e-12
1.387675e-12
1.386328e-12
1.384975e-12
1.383619e-12
1.382258e-12
1.380893e-12
1.379524e-12
1.378150e-12
1.376772e-12
1.375390e-12
1.374004e-12
1.372613e-12
1.371218e-12
1.369818e-12
1.368415e-12
1.367007e-12
1.365595e-12
1.364178e-12
1.362758e-12
1.361333e-12
1.359904e-12
1.358470e-12
1.357033e-12
1.355591e-12
1.354145e-12
1.352695e-12
1.351240e-12
1.349782e-12
1.348319e-12
1.346852e-12
1.345381e-12
1.343906e-12
1.342427e-12
1.340943e-12
1.339456e-12
1.337964e-12
1.336468e-12
1.334968e-12
1.333464e-12
1.331956e-12
1.330443e-12
1.328927e-12
1.327406e-12
1.325882e-12
1.324353e-12
1.322820e-12
1.321283e-12
1.319743e-12
1.318198e-12
1.316649e-12
1.315096e-12
1.313539e-12
1.311978e-12
1.310413e-12
1.308844e-12
1.307271e-12
1.305694e-12
1.304113e-12
1.302528e-12
1.300939e-12
1.299346e-12
1.297749e-12
1.296148e-12
1.294543e-12
1.292935e-12
1.291322e-12
1.289706e-12
1.288085e-12
1.286461e-12
1.284832e-12
1.283200e-12
1.281564e-12
1.279924e-12
1.278280e-12
1.276633e-12
1.274981e-12
1.273326e-12
1.271667e-12
1.270003e-12
1.268337e-12
1.266666e-12
1.264991e-12
1.263313e-12
1.261631e-12
1.259945e-12
1.258255e-12
1.256562e-12
1.254864e-12
1.253163e-12
1.251458e-12
1.249750e-12
1.248038e-12
1.246321e-12
1.244602e-12
1.242878e-12
1.241151e-12
1.239420e-12
1.237685e-12
1.235947e-12
1.234205e-12
1.232459e-12
1.230710e-12
1.228957e-12
1.227201e-12
1.225440e-12
1.223676e-12
1.221909e-12
1.220137e-12
1.218363e-12
1.216584e-12
1.214802e-12
1.213017e-12
1.211227e-12
1.209435e-12
1.207638e-12
1.205838e-12
1.204035e-12
1.202228e-12
1.200417e-12
1.198603e-12
1.196786e-12
1.194964e-12
1.193140e-12
1.191312e-12
1.189480e-12
1.187645e-12
1.185806e-12
1.183964e-12
1.182119e-12
1.180270e-12
1.178417e-12
1.176561e-12
1.174702e-12
1.172839e-12
1.170973e-12
1.169103e-12
1.167230e-12
1.165354e-12
1.163474e-12
1.161591e-12
1.159705e-12
1.157815e-12
1.155922e-12
1.154025e-12
1.152125e-12
1.150222e-12
1.148315e-12
1.146405e-12
1.144492e-12
1.142576e-12
1.140656e-12
1.138733e-12
1.136807e-12
1.134877e-12
1.132944e-12
1.131008e-12
1.129069e-12
1.127126e-12
1.125181e-12
1.123232e-12
1.121279e-12
1.119324e-12
1.117365e-12
1.115404e-12
1.113439e-12
1.111471e-12
1.109499e-12
1.107525e-12
1.105547e-12
1.103566e-12
1.101583e-12
1.099596e-12
1.097606e-12
1.095612e-12
1.093616e-12
1.091617e-12
1.089614e-12
1.087609e-12
1.085600e-12
1.083589e-12
1.081574e-12
1.079556e-12
1.077536e-12
1.075512e-12
1.073485e-12
1.071455e-12
1.069422e-12
1.067387e-12
1.065348e-12
1.063306e-12
1.061262e-12
1.059214e-12
1.057164e-12
1.055110e-12
1.053054e-12
1.050994e-12
1.048932e-12
1.046867e-12
1.044799e-12
1.042728e-12
1.040654e-12
1.038577e-12
1.036498e-12
1.034416e-12
1.032330e-12
1.030242e-12
1.028151e-12
1.026058e-12
1.023961e-12
1.021862e-12
1.019760e-12
1.017655e-12
1.015547e-12
1.013437e-12
1.011324e-12
1.009208e-12
1.007089e-12
1.004967e-12
1.002843e-12
1.000716e-12
9.985869e-13
9.964547e-13
9.943197e-13
9.921821e-13
9.900418e-13
9.878988e-13
9.857532e-13
9.836050e-13
9.814541e-13
9.793005e-13
9.771444e-13
9.749856e-13
9.728243e-13
9.706603e-13
9.684937e-13
9.663246e-13
9.641529e-13
9.619787e-13
9.598019e-13
9.576225e-13
9.554407e-13
9.532563e-13
9.510693e-13
9.488799e-13
9.466880e-13
9.444936e-13
9.422967e-13
9.400973e-13
9.378955e-13
9.356912e-13
9.334845e-13
9.312753e-13
9.290637e-13
9.268497e-13
9.246332e-13
9.224144e-13
9.201932e-13
9.179696e-13
9.157436e-13
9.135152e-13
9.112845e-13
9.090515e-13
9.068160e-13
9.045783e-13
9.023383e-13
9.000959e-13
8.978512e-13
8.956042e-13
8.933550e-13
8.911034e-13
8.888496e-13
8.865935e-13
8.843352e-13
8.820746e-13
8.798118e-13
8.775468e-13
8.752796e-13
8.730101e-13
8.707385e-13
8.684646e-13
8.661886e-13
8.639104e-13
8.616300e-13
8.593475e-13
8.570628e-13
8.547760e-13
8.524871e-13
8.501961e-13
8.479029e-13
8.456076e-13
8.433103e-13
8.410108e-13
8.387093e-13
8.364057e-13
8.341001e-13
8.317924e-13
8.294827e-13
8.271709e-13
8.248572e-13
8.225414e-13
8.202236e-13
8.179038e-13
8.155820e-13
8.132583e-13
8.109326e-13
8.086049e-13
8.062753e-13
8.039437e-13
8.016102e-13
7.992748e-13
7.969374e-13
7.945982e-13
7.922571e-13
7.899140e-13
7.875691e-13
7.852223e-13
7.828737e-13
7.805232e-13
7.781709e-13
7.758167e-13
7.734607e-13
7.711029e-13
7.687433e-13
7.663819e-13
7.640187e-13
7.616538e-13
7.592870e-13
7.569185e-13
7.545482e-13
7.521762e-13
7.498025e-13
7.474270e-13
7.450498e-13
7.426709e-13
7.402904e-13
7.379081e-13
7.355241e-13
7.331385e-13
7.307512e-13
7.283622e-13
7.259716e-13
7.235794e-13
7.211855e-13
7.187900e-13
7.163930e-13
7.139943e-13
7.115940e-13
7.091921e-13
7.067887e-13
7.043837e-13
7.019771e-13
6.995690e-13
6.971594e-13
6.947482e-13
6.923355e-13
6.899213e-13
6.875056e-13
6.850884e-13
6.826697e-13
6.802496e-13
6.778279e-13
6.754049e-13
6.729803e-13
6.705544e-13
6.681270e-13
6.656982e-13
6.632679e-13
6.608363e-13
6.584033e-13
6.559689e-13
6.535331e-13
6.510959e-13
6.486574e-13
6.462175e-13
6.437763e-13
6.413338e-13
6.388899e-13
6.364448e-13
6.339983e-13
6.315505e-13
6.291015e-13
6.266511e-13
6.241995e-13
6.217466e-13
6.192925e-13
6.168372e-13
6.143806e-13
6.119228e-13
6.094637e-13
6.070035e-13
6.045420e-13
6.020794e-13
5.996156e-13
5.971506e-13
5.946845e-13
5.922172e-13
5.897488e-13
5.872792e-13
5.848085e-13
5.823367e-13
5.798638e-13
5.773898e-13
5.749146e-13
5.724384e-13
5.699612e-13
5.674828e-13
5.650035e-13
5.625230e-13
5.600416e-13
5.575591e-13
5.550755e-13
5.525910e-13
5.501055e-13
5.476190e-13
5.451315e-13
5.426430e-13
5.401535e-13
5.376631e-13
5.351718e-13
5.326795e-13
5.301862e-13
5.276921e-13
5.251970e-13
5.227011e-13
5.202042e-13
5.177065e-13
5.152078e-13
5.127083e-13
5.102080e-13
5.077068e-13
5.052047e-13
5.027018e-13
5.001981e-13
4.976936e-13
4.951883e-13
4.926821e-13
4.901752e-13
4.876675e-13
4.851590e-13
4.826498e-13
4.801398e-13
4.776291e-13
4.751176e-13
4.726054e-13
4.700925e-13
4.675788e-13
4.650645e-13
4.625495e-13
4.600337e-13
4.575173e-13
4.550003e-13
4.524826e-13
4.499642e-13
4.474452e-13
4.449255e-13
4.424053e-13
4.398844e-13
4.373629e-13
4.348408e-13
4.323181e-13
4.297949e-13
4.272710e-13
4.247466e-13
4.222217e-13
4.196962e-13
4.171702e-13
4.146436e-13
4.121165e-13
4.095889e-13
4.070608e-13
4.045323e-13
4.020032e-13
3.994736e-13
3.969436e-13
3.944131e-13
3.918822e-13
3.893508e-13
3.868190e-13
3.842868e-13
3.817542e-13
3.792211e-13
3.766877e-13
3.741538e-13
3.716196e-13
3.690850e-13
3.665500e-13
3.640147e-13
3.614790e-13
3.589430e-13
3.564067e-13
3.538700e-13
3.513330e-13
3.487957e-13
3.462582e-13
3.437203e-13
3.411821e-13
3.386437e-13
3.361050e-13
3.335661e-13
3.310269e-13
3.284875e-13
3.259478e-13
3.234080e-13
3.208679e-13
3.183276e-13
3.157871e-13
3.132464e-13
3.107056e-13
3.081645e-13
3.056234e-13
3.030820e-13
3.005405e-13
2.979989e-13
2.954572e-13
2.929153e-13
2.903733e-13
2.878312e-13
2.852891e-13
2.827468e-13
2.802044e-13
2.776620e-13
2.751196e-13
2.725770e-13
2.700345e-13
2.674918e-13
2.649492e-13
2.624065e-13
2.598639e-13
2.573212e-13
2.547785e-13
2.522359e-13
2.496932e-13
2.471506e-13
2.446080e-13
2.420655e-13
2.395230e-13
2.369806e-13
2.344383e-13
2.318960e-13
2.293538e-13
2.268118e-13
2.242698e-13
2.217279e-13
2.191862e-13
2.166446e-13
2.141031e-13
2.115617e-13
2.090205e-13
2.064795e-13
2.039387e-13
2.013980e-13
1.988575e-13
1.963172e-13
1.937771e-13
1.912372e-13
1.886975e-13
1.861580e-13
1.836188e-13
1.810798e-13
1.785411e-13
1.760026e-13
1.734644e-13
1.709264e-13
1.683888e-13
1.658514e-13
1.633143e-13
1.607776e-13
1.582411e-13
1.557050e-13
1.531692e-13
1.506337e-13
1.480986e-13
1.455638e-13
1.430294e-13
1.404954e-13
1.379617e-13
1.354284e-13
1.328955e-13
1.303630e-13
1.278309e-13
1.252993e-13
1.227680e-13
1.202372e-13
1.177068e-13
1.151769e-13
1.126474e-13
1.101184e-13
1.075899e-13
1.050618e-13
1.025342e-13
1.000072e-13
9.748058e-14
9.495451e-14
9.242895e-14
8.990392e-14
8.737942e-14
8.485547e-14
8.233206e-14
7.980920e-14
7.728691e-14
7.476519e-14
7.224405e-14
6.972350e-14
6.720354e-14
6.468418e-14
6.216543e-14
5.964730e-14
5.712979e-14
5.461292e-14
5.209668e-14
4.958109e-14
4.706616e-14
4.455189e-14
4.203829e-14
3.952536e-14
3.701313e-14
3.450158e-14
3.199074e-14
2.948060e-14
2.697118e-14
2.446248e-14
2.195451e-14
1.944728e-14
1.694080e-14
1.443506e-14
1.193009e-14
9.425886e-15
6.922457e-15
4.419810e-15
1.917953e-15
-5.831064e-16
-3.083361e-15
-5.582804e-15
-8.081426e-15
-1.057922e-14
-1.307618e-14
-1.557230e-14
-1.806758e-14
-2.056199e-14
-2.305554e-14
-2.554822e-14
-2.804002e-14
-3.053094e-14
-3.302096e-14
-3.551008e-14
-3.799830e-14
-4.048560e-14
-4.297198e-14
-4.545743e-14
-4.794194e-14
-5.042551e-14
-5.290813e-14
-5.538979e-14
-5.787049e-14
-6.035021e-14
-6.282896e-14
-6.530671e-14
-6.778348e-14
-7.025924e-14
-7.273399e-14
-7.520773e-14
-7.768045e-14
-8.015213e-14
-8.262278e-14
-8.509239e-14
-8.756095e-14
-9.002845e-14
-9.249488e-14
-9.496024e-14
-9.742452e-14
-9.988772e-14
-1.023498e-13
-1.048108e-13
-1.072707e-13
-1.097295e-13
-1.121872e-13
-1.146437e-13
-1.170991e-13
-1.195534e-13
-1.220065e-13
-1.244584e-13
-1.269092e-13
-1.293588e-13
-1.318073e-13
-1.342545e-13
-1.367006e-13
-1.391455e-13
-1.415892e-13
-1.440316e-13
-1.464729e-13
-1.489129e-13
-1.513517e-13
-1.537892e-13
-1.562255e-13
-1.586606e-13
-1.610944e-13
-1.635269e-13
-1.659582e-13
-1.683881e-13
-1.708168e-13
-1.732442e-13
-1.756703e-13
-1.780951e-13
-1.805186e-13
-1.829408e-13
-1.853616e-13
-1.877812e-13
-1.901993e-13
-1.926162e-13
-1.950316e-13
-1.974457e-13
-1.998585e-13
-2.022699e-13
-2.046799e-13
-2.070885e-13
-2.094957e-13
-2.119016e-13
-2.143060e-13
-2.167090e-13
-2.191106e-13
-2.215108e-13
-2.239095e-13
-2.263068e-13
-2.287027e-13
-2.310971e-13
-2.334900e-13
-2.358815e-13
-2.382716e-13
-2.406601e-13
-2.430472e-13
-2.454327e-13
-2.478168e-13
-2.501994e-13
-2.525805e-13
-2.549600e-13
-2.573381e-13
-2.597146e-13
-2.620896e-13
-2.644630e-13
-2.668349e-13
-2.692053e-13
-2.715740e-13
-2.739413e-13
-2.763069e-13
-2.786710e-13
-2.810335e-13
-2.833944e-13
-2.857537e-13
-2.881114e-13
-2.904675e-13
-2.928220e-13
-2.951748e-13
-2.975260e-13
-2.998756e-13
-3.022236e-13
-3.045699e-13
-3.069146e-13
-3.092576e-13
-3.115989e-13
-3.139386e-13
-3.162766e-13
-3.186129e-13
-3.209476e-13
-3.232805e-13
-3.256118e-13
-3.279413e-13
-3.302691e-13
-3.325952e-13
-3.349196e-13
-3.372422e-13
-3.395632e-13
-3.418823e-13
-3.441998e-13
-3.465154e-13
-3.488293e-13
-3.511415e-13
-3.534519e-13
-3.557605e-13
-3.580673e-13
-3.603723e-13
-3.626755e-13
-3.649770e-13
-3.672766e-13
-3.695744e-13
-3.718704e-13
-3.741646e-13
-3.764569e-13
-3.787474e-13
-3.810361e-13
-3.833229e-13
-3.856078e-13
-3.878910e-13
-3.901722e-13
-3.924516e-13
-3.947291e-13
-3.970047e-13
-3.992784e-13
-4.015502e-13
-4.038202e-13
-4.060882e-13
-4.083543e-13
-4.106185e-13
-4.128808e-13
-4.151412e-13
-4.173996e-13
-4.196561e-13
-4.219106e-13
-4.241632e-13
-4.264139e-13
-4.286625e-13
-4.309093e-13
-4.331540e-13
-4.353968e-13
-4.376376e-13
-4.398764e-13
-4.421132e-13
-4.443480e-13
-4.465808e-13
-4.488116e-13
-4.510403e-13
-4.532671e-13
-4.554918e-13
-4.577145e-13
-4.599352e-13
-4.621538e-13
-4.643704e-13
-4.665849e-13
-4.687974e-13
-4.710078e-13
-4.732161e-13
-4.754224e-13
-4.776265e-13
-4.798286e-13
-4.820286e-13
-4.842265e-13
-4.864224e-13
-4.886161e-13
-4.908076e-13
-4.929971e-13
-4.951845e-13
-4.973697e-13
-4.995528e-13
-5.017338e-13
-5.039126e-13
-5.060892e-13
-5.082637e-13
-5.104361e-13
-5.126063e-13
-5.147743e-13
-5.169402e-13
-5.191039e-13
-5.212653e-13
-5.234246e-13
-5.255818e-13
-5.277367e-13
-5.298894e-13
-5.320399e-13
-5.341882e-13
-5.363342e-13
-5.384781e-13
-5.406197e-13
-5.427591e-13
-5.448962e-13
-5.470311e-13
-5.491637e-13
-5.512941e-13
-5.534223e-13
-5.555482e-13
-5.576718e-13
-5.597931e-13
-5.619121e-13
-5.640289e-13
-5.661434e-13
-5.682556e-13
-5.703655e-13
-5.724731e-13
-5.745784e-13
-5.766813e-13
-5.787820e-13
-5.808803e-13
-5.829763e-13
-5.850700e-13
-5.871613e-13
-5.892503e-13
-5.913370e-13
-5.934213e-13
-5.955033e-13
-5.975828e-13
-5.996601e-13
-6.017349e-13
-6.038074e-13
-6.058775e-13
-6.079452e-13
-6.100106e-13
-6.120735e-13
-6.141341e-13
-6.161922e-13
-6.182479e-13
-6.203013e-13
-6.223522e-13
-6.244007e-13
-6.264467e-13
-6.284904e-13
-6.305316e-13
-6.325703e-13
-6.346067e-13
-6.366405e-13
-6.386720e-13
-6.407009e-13
-6.427274e-13
-6.447515e-13
-6.467731e-13
-6.487922e-13
-6.508088e-13
-6.528229e-13
-6.548346e-13
-6.568437e-13
-6.588504e-13
-6.608546e-13
-6.628562e-13
-6.648554e-13
-6.668520e-13
-6.688461e-13
-6.708377e-13
-6.728268e-13
-6.748133e-13
-6.767973e-13
-6.787788e-13
-6.807577e-13
-6.827341e-13
-6.847079e-13
-6.866792e-13
-6.886479e-13
-6.906140e-13
-6.925776e-13
-6.945386e-13
-6.964970e-13
-6.984529e-13
-7.004061e-13
-7.023568e-13
-7.043048e-13
-7.062503e-13
-7.081932e-13
-7.101334e-13
-7.120711e-13
-7.140061e-13
-7.159385e-13
-7.178683e-13
-7.197955e-13
-7.217200e-13
-7.236419e-13
-7.255612e-13
-7.274778e-13
-7.293918e-13
-7.313031e-13
-7.332118e-13
-7.351178e-13
-7.370211e-13
-7.389218e-13
-7.408198e-13
-7.427151e-13
-7.446077e-13
-7.464977e-13
-7.483850e-13
-7.502696e-13
-7.521515e-13
-7.540307e-13
-7.559071e-13
-7.577809e-13
-7.596520e-13
-7.615204e-13
-7.633860e-13
-7.652489e-13
-7.671091e-13
-7.689666e-13
-7.708213e-13
-7.726733e-13
-7.745226e-13
-7.763691e-13
-7.782128e-13
-7.800538e-13
-7.818921e-13
-7.837276e-13
-7.855603e-13
-7.873903e-13
-7.892174e-13
-7.910419e-13
-7.928635e-13
-7.946824e-13
-7.964984e-13
-7.983117e-13
-8.001222e-13
-8.019299e-13
-8.037348e-13
-8.055369e-13
-8.073361e-13
-8.091326e-13
-8.109263e-13
-8.127171e-13
-8.145051e-13
-8.162903e-13
-8.180726e-13
-8.198522e-13
-8.216289e-13
-8.234027e-13
-8.251737e-13
-8.269419e-13
-8.287072e-13
-8.304697e-13
-8.322293e-13
-8.339860e-13
-8.357399e-13
-8.374909e-13
-8.392390e-13
-8.409843e-13
-8.427267e-13
-8.444662e-13
-8.462028e-13
-8.479365e-13
-8.496674e-13
-8.513953e-13
-8.531204e-13
-8.548425e-13
-8.565618e-13
-8.582781e-13
-8.599915e-13
-8.617020e-13
-8.634096e-13
-8.651143e-13
-8.668160e-13
-8.685149e-13
-8.702107e-13
-8.719037e-13
-8.735937e-13
-8.752808e-13
-8.769649e-13
-8.786461e-13
-8.803243e-13
-8.819996e-13
-8.836719e-13
-8.853413e-13
-8.870077e-13
-8.886711e-13
-8.903316e-13
-8.919891e-13
-8.936436e-13
-8.952951e-13
-8.969437e-13
-8.985892e-13
-9.002318e-13
-9.018714e-13
-9.035080e-13
-9.051416e-13
-9.067722e-13
-9.083998e-13
-9.100243e-13
-9.116459e-13
-9.132645e-13
-9.148800e-13
-9.164926e-13
-9.181021e-13
-9.197085e-13
-9.213120e-13
-9.229124e-13
-9.245098e-13
-9.261041e-13
-9.276954e-13
-9.292837e-13
-9.308689e-13
-9.324511e-13
-9.340302e-13
-9.356063e-13
-9.371793e-13
-9.387492e-13
-9.403161e-13
-9.418800e-13
-9.434407e-13
-9.449984e-13
-9.465530e-13
-9.481045e-13
-9.496530e-13
-9.511983e-13
-9.527406e-13
-9.542798e-13
-9.558159e-13
-9.573489e-13
-9.588788e-13
-9.604056e-13
-9.619293e-13
-9.634499e-13
-9.649674e-13
-9.664818e-13
-9.679930e-13
-9.695012e-13
-9.710062e-13
-9.725081e-13
-9.740069e-13
-9.755026e-13
-9.769951e-13
-9.784845e-13
-9.799708e-13
-9.814539e-13
-9.829339e-13
-9.844107e-13
-9.858844e-13
-9.873549e-13
-9.888223e-13
-9.902866e-13
-9.917477e-13
-9.932056e-13
-9.946603e-13
-9.961119e-13
-9.975604e-13
-9.990056e-13
-1.000448e-12
-1.001887e-12
-1.003322e-12
-1.004755e-12
-1.006184e-12
-1.007611e-12
-1.009034e-12
-1.010453e-12
-1.011870e-12
-1.013283e-12
-1.014694e-12
-1.016101e-12
-1.017505e-12
-1.018905e-12
-1.020303e-12
-1.021697e-12
-1.023088e-12
-1.024476e-12
-1.025860e-12
-1.027242e-12
-1.028620e-12
-1.029995e-12
-1.031366e-12
-1.032735e-12
-1.034100e-12
-1.035462e-12
-1.036821e-12
-1.038176e-12
-1.039529e-12
-1.040878e-12
-1.042224e-12
-1.043566e-12
-1.044905e-12
-1.046242e-12
-1.047574e-12
-1.048904e-12
-1.050230e-12
-1.051553e-12
-1.052873e-12
-1.054189e-12
-1.055503e-12
-1.056813e-12
-1.058119e-12
-1.059423e-12
-1.060723e-12
-1.062020e-12
-1.063313e-12
-1.064604e-12
-1.065891e-12
-1.067175e-12
-1.068455e-12
-1.069732e-12
-1.071006e-12
-1.072277e-12
-1.073544e-12
-1.074808e-12
-1.076069e-12
-1.077326e-12
-1.078580e-12
-1.079831e-12
-1.081078e-12
-1.082322e-12
-1.083563e-12
-1.084801e-12
-1.086035e-12
-1.087266e-12
-1.088493e-12
-1.089718e-12
-1.090939e-12
-1.092156e-12
-1.093370e-12
-1.094581e-12
-1.095789e-12
-1.096993e-12
-1.098194e-12
-1.099392e-12
-1.100586e-12
-1.101777e-12
-1.102964e-12
-1.104148e-12
-1.105329e-12
-1.106507e-12
-1.107681e-12
-1.108852e-12
-1.110019e-12
-1.111183e-12
-1.112344e-12
-1.113501e-12
-1.114655e-12
-1.115806e-12
-1.116953e-12
-1.118097e-12
-1.119238e-12
-1.120375e-12
-1.121508e-12
-1.122639e-12
-1.123766e-12
-1.124889e-12
-1.126010e-12
-1.127126e-12
-1.128240e-12
-1.129350e-12
-1.130457e-12
-1.131560e-12
-1.132660e-12
-1.133756e-12
-1.134850e-12
-1.135939e-12
-1.137026e-12
-1.138108e-12
-1.139188e-12
-1.140264e-12
-1.141337e-12
-1.142406e-12
-1.143472e-12
-1.144534e-12
-1.145593e-12
-1.146649e-12
-1.147701e-12
-1.148750e-12
-1.149795e-12
-1.150837e-12
-1.151876e-12
-1.152911e-12
-1.153943e-12
-1.154971e-12
-1.155996e-12
-1.157017e-12
-1.158035e-12
-1.159050e-12
-1.160061e-12
-1.161068e-12
-1.162073e-12
-1.163073e-12
-1.164071e-12
-1.165065e-12
-1.166055e-12
-1.167042e-12
-1.168025e-12
-1.169006e-12
-1.169982e-12
-1.170955e-12
-1.171925e-12
-1.172891e-12
-1.173854e-12
-1.174814e-12
-1.175769e-12
-1.176722e-12
-1.177671e-12
-1.178616e-12
-1.179558e-12
-1.180497e-12
-1.181432e-12
-1.182364e-12
-1.183292e-12
-1.184216e-12
-1.185138e-12
-1.186055e-12
-1.186970e-12
-1.187880e-12
-1.188788e-12
-1.189691e-12
-1.190592e-12
-1.191489e-12
-1.192382e-12
-1.193272e-12
-1.194158e-12
-1.195041e-12
-1.195920e-12
-1.196796e-12
-1.197669e-12
-1.198538e-12
-1.199403e-12
-1.200265e-12
-1.201123e-12
-1.201978e-12
-1.202830e-12
-1.203678e-12
-1.204522e-12
-1.205363e-12
-1.206200e-12
-1.207034e-12
-1.207865e-12
-1.208691e-12
-1.209515e-12
-1.210335e-12
-1.211151e-12
-1.211964e-12
-1.212773e-12
-1.213579e-12
-1.214381e-12
-1.215180e-12
-1.215975e-12
-1.216767e-12
-1.217555e-12
-1.218339e-12
-1.219121e-12
-1.219898e-12
-1.220672e-12
-1.221443e-12
-1.222210e-12
-1.222973e-12
-1.223733e-12
-1.224490e-12
-1.225242e-12
-1.225992e-12
-1.226737e-12
-1.227480e-12
-1.228218e-12
-1.228954e-12
-1.229685e-12
-1.230413e-12
-1.231138e-12
-1.231859e-12
-1.232576e-12
-1.233290e-12
-1.234001e-12
-1.234707e-12
-1.235411e-12
-1.236110e-12
-1.236806e-12
-1.237499e-12
-1.238188e-12
-1.238874e-12
-1.239555e-12
-1.240234e-12
-1.240909e-12
-1.241580e-12
-1.242248e-12
-1.242912e-12
-1.243572e-12
-1.244229e-12
-1.244883e-12
-1.245533e-12
-1.246179e-12
-1.246822e-12
-1.247461e-12
-1.248096e-12
-1.248728e-12
-1.249357e-12
-1.249982e-12
-1.250603e-12
-1.251221e-12
-1.251835e-12
-1.252446e-12
-1.253053e-12
-1.253656e-12
-1.254256e-12
-1.254852e-12
-1.255445e-12
-1.256034e-12
-1.256620e-12
-1.257202e-12
-1.257780e-12
-1.258355e-12
-1.258926e-12
-1.259494e-12
-1.260058e-12
-1.260618e-12
-1.261175e-12
-1.261728e-12
-1.262278e-12
-1.262824e-12
-1.263367e-12
-1.263906e-12
-1.264441e-12
-1.264973e-12
-1.265501e-12
-1.266025e-12
-1.266546e-12
-1.267064e-12
-1.267577e-12
-1.268088e-12
-1.268594e-12
-1.269097e-12
-1.269597e-12
-1.270092e-12
-1.270584e-12
-1.271073e-12
-1.271558e-12
-1.272039e-12
-1.272517e-12
-1.272991e-12
-1.273462e-12
-1.273929e-12
-1.274392e-12
-1.274852e-12
-1.275308e-12
-1.275760e-12
-1.276209e-12
-1.276655e-12
-1.277096e-12
-1.277534e-12
-1.277969e-12
-1.278400e-12
-1.278827e-12
-1.279251e-12
-1.279671e-12
-1.280087e-12
-1.280500e-12
-1.280909e-12
-1.281314e-12
-1.281716e-12
-1.282115e-12
-1.282509e-12
-1.282901e-12
-1.283288e-12
-1.283672e-12
-1.284052e-12
-1.284429e-12
-1.284802e-12
-1.285171e-12
-1.285537e-12
-1.285899e-12
-1.286257e-12
-1.286612e-12
-1.286963e-12
-1.287311e-12
-1.287655e-12
-1.287995e-12
-1.288332e-12
-1.288665e-12
-1.288995e-12
-1.289321e-12
-1.289643e-12
-1.289961e-12
-1.290276e-12
-1.290588e-12
-1.290896e-12
-1.291200e-12
-1.291500e-12
-1.291797e-12
-1.292090e-12
-1.292380e-12
-1.292666e-12
-1.292948e-12
-1.293227e-12
-1.293502e-12
-1.293773e-12
-1.294041e-12
-1.294305e-12
-1.294565e-12
-1.294822e-12
-1.295075e-12
-1.295325e-12
-1.295571e-12
-1.295813e-12
-1.296052e-12
-1.296287e-12
-1.296518e-12
-1.296746e-12
-1.296970e-12
-1.297191e-12
-1.297408e-12
-1.297621e-12
-1.297831e-12
-1.298036e-12
-1.298239e-12
-1.298437e-12
-1.298632e-12
-1.298824e-12
-1.299012e-12
-1.299196e-12
-1.299376e-12
-1.299553e-12
-1.299726e-12
-1.299896e-12
-1.300061e-12
-1.300224e-12
-1.300382e-12
-1.300537e-12
-1.300689e-12
-1.300836e-12
-1.300980e-12
-1.301121e-12
-1.301257e-12
-1.301391e-12
-1.301520e-12
-1.301646e-12
-1.301768e-12
-1.301886e-12
-1.302001e-12
-1.302113e-12
-1.302220e-12
-1.302324e-12
-1.302424e-12
-1.302521e-12
-1.302614e-12
-1.302703e-12
-1.302789e-12
-1.302871e-12
-1.302950e-12
-1.303024e-12
-1.303095e-12
-1.303163e-12
-1.303227e-12
-1.303287e-12
-1.303343e-12
-1.303396e-12
-1.303446e-12
-1.303491e-12
-1.303533e-12
-1.303571e-12
-1.303606e-12
-1.303637e-12
-1.303664e-12
-1.303688e-12
-1.303708e-12
-1.303725e-12
-1.303737e-12
-1.303747e-12
-1.303752e-12
-1.303754e-12
