1.291764e-05
1.291662e-05
1.291357e-05
1.290850e-05
1.290139e-05
1.289226e-05
1.288111e-05
1.286795e-05
1.285277e-05
1.283559e-05
1.281641e-05
1.279525e-05
1.277211e-05
1.274700e-05
1.271993e-05
1.269092e-05
1.265997e-05
1.262711e-05
1.259233e-05
1.255567e-05
1.251714e-05
1.247674e-05
1.243451e-05
1.239045e-05
1.234459e-05
1.229695e-05
1.224754e-05
1.219639e-05
1.214352e-05
1.208895e-05
1.203271e-05
1.197482e-05
1.191530e-05
1.185417e-05
1.179148e-05
1.172723e-05
1.166146e-05
1.159420e-05
1.152546e-05
1.145529e-05
1.138371e-05
1.131075e-05
1.123644e-05
1.116081e-05
1.108389e-05
1.100571e-05
1.092630e-05
1.084570e-05
1.076394e-05
1.068105e-05
1.059707e-05
1.051202e-05
1.042594e-05
1.033887e-05
1.025083e-05
1.016187e-05
1.007202e-05
9.981304e-06
9.889770e-06
9.797447e-06
9.704372e-06
9.610578e-06
9.516103e-06
9.420980e-06
9.325245e-06
9.228933e-06
9.132081e-06
9.034722e-06
8.936893e-06
8.838628e-06
8.739962e-06
8.640931e-06
8.541570e-06
8.441913e-06
8.341994e-06
8.241848e-06
8.141509e-06
8.041012e-06
7.940389e-06
7.839675e-06
7.738903e-06
7.638104e-06
7.537313e-06
7.436561e-06
7.335881e-06
7.235303e-06
7.134860e-06
7.034581e-06
6.934499e-06
6.834641e-06
6.735040e-06
6.635722e-06
6.536718e-06
6.438056e-06
6.339763e-06
6.241867e-06
6.144395e-06
6.047373e-06
5.950827e-06
5.854782e-06
5.759264e-06
5.664296e-06
5.569902e-06
5.476106e-06
5.382929e-06
5.290395e-06
5.198524e-06
5.107338e-06
5.016857e-06
4.927100e-06
4.838086e-06
4.749835e-06
4.662364e-06
4.575690e-06
4.489830e-06
4.404800e-06
4.320615e-06
4.237291e-06
4.154842e-06
4.073281e-06
3.992621e-06
3.912875e-06
3.834054e-06
3.756169e-06
3.679232e-06
3.603251e-06
3.528237e-06
3.454197e-06
3.381141e-06
3.309074e-06
3.238006e-06
3.167941e-06
3.098885e-06
3.030844e-06
2.963822e-06
2.897823e-06
2.832850e-06
2.768906e-06
2.705994e-06
2.644116e-06
2.583272e-06
2.523463e-06
2.464689e-06
2.406951e-06
2.350246e-06
2.294574e-06
2.239934e-06
2.186321e-06
2.133734e-06
2.082170e-06
2.031625e-06
1.982094e-06
1.933572e-06
1.886056e-06
1.839539e-06
1.794016e-06
1.749480e-06
1.705925e-06
1.663343e-06
1.621728e-06
1.581072e-06
1.541366e-06
1.502602e-06
1.464772e-06
1.427867e-06
1.391877e-06
1.356792e-06
1.322603e-06
1.289301e-06
1.256873e-06
1.225311e-06
1.194602e-06
1.164737e-06
1.135703e-06
1.107490e-06
1.080086e-06
1.053478e-06
1.027656e-06
1.002607e-06
9.783185e-07
9.547786e-07
9.319747e-07
9.098943e-07
8.885248e-07
8.678533e-07
8.478672e-07
8.285534e-07
8.098992e-07
7.918914e-07
7.745171e-07
7.577633e-07
7.416170e-07
7.260649e-07
7.110942e-07
6.966918e-07
6.828446e-07
6.695396e-07
6.567639e-07
6.445045e-07
6.327486e-07
6.214834e-07
6.106962e-07
6.003742e-07
5.905049e-07
5.810758e-07
5.720745e-07
5.634886e-07
5.553060e-07
5.475147e-07
5.401025e-07
5.330578e-07
5.263687e-07
5.200237e-07
5.140114e-07
5.083204e-07
5.029397e-07
4.978582e-07
4.930650e-07
4.885495e-07
4.843013e-07
4.803099e-07
4.765651e-07
4.730570e-07
4.697757e-07
4.667116e-07
4.638552e-07
4.611972e-07
4.587285e-07
4.564402e-07
4.543237e-07
4.523702e-07
4.505715e-07
4.489195e-07
4.474061e-07
4.460236e-07
4.447644e-07
4.436211e-07
4.425865e-07
4.416537e-07
4.408158e-07
4.400662e-07
4.393985e-07
4.388064e-07
4.382839e-07
4.378252e-07
4.374246e-07
4.370765e-07
4.367758e-07
4.365173e-07
4.362961e-07
4.361074e-07
4.359467e-07
4.358096e-07
4.356919e-07
4.355894e-07
4.354985e-07
4.354152e-07
4.353362e-07
4.352580e-07
4.351774e-07
4.350914e-07
4.349970e-07
4.348915e-07
4.347723e-07
4.346370e-07
4.344831e-07
4.343086e-07
4.341115e-07
4.338897e-07
4.336417e-07
4.333656e-07
4.330600e-07
4.327234e-07
4.323547e-07
4.319527e-07
4.315162e-07
4.310444e-07
4.305365e-07
4.299916e-07
4.294092e-07
4.287887e-07
4.281296e-07
4.274317e-07
4.266947e-07
4.259182e-07
4.251024e-07
4.242470e-07
4.233522e-07
4.224181e-07
4.214448e-07
4.204326e-07
4.193818e-07
4.182928e-07
4.171660e-07
4.160018e-07
4.148008e-07
4.135636e-07
4.122908e-07
4.109829e-07
4.096408e-07
4.082652e-07
4.068567e-07
4.054163e-07
4.039447e-07
4.024429e-07
4.009116e-07
3.993517e-07
3.977643e-07
3.961502e-07
3.945104e-07
3.928459e-07
3.911576e-07
3.894466e-07
3.877137e-07
3.859601e-07
3.841868e-07
3.823947e-07
3.805848e-07
3.787583e-07
3.769160e-07
3.750591e-07
3.731884e-07
3.713051e-07
3.694100e-07
3.675042e-07
3.655887e-07
3.636644e-07
3.617322e-07
3.597932e-07
3.578481e-07
3.558981e-07
3.539438e-07
3.519863e-07
3.500264e-07
3.480649e-07
3.461027e-07
3.441406e-07
3.421793e-07
3.402197e-07
3.382625e-07
3.363084e-07
3.343582e-07
3.324125e-07
3.304721e-07
3.285375e-07
3.266094e-07
3.246885e-07
3.227752e-07
3.208703e-07
3.189741e-07
3.170873e-07
3.152103e-07
3.133437e-07
3.114879e-07
3.096432e-07
3.078103e-07
3.059893e-07
3.041808e-07
3.023851e-07
3.006025e-07
2.988333e-07
2.970779e-07
2.953365e-07
2.936093e-07
2.918967e-07
2.901987e-07
2.885158e-07
2.868479e-07
2.851953e-07
2.835582e-07
2.819367e-07
2.803308e-07
2.787408e-07
2.771667e-07
2.756085e-07
2.740664e-07
2.725403e-07
2.710304e-07
2.695366e-07
2.680589e-07
2.665974e-07
2.651521e-07
2.637228e-07
2.623096e-07
2.609124e-07
2.595311e-07
2.581658e-07
2.568162e-07
2.554825e-07
2.541643e-07
2.528617e-07
2.515745e-07
2.503027e-07
2.490461e-07
2.478045e-07
2.465779e-07
2.453662e-07
2.441691e-07
2.429865e-07
2.418183e-07
2.406643e-07
2.395244e-07
2.383984e-07
2.372862e-07
2.361876e-07
2.351023e-07
2.340304e-07
2.329714e-07
2.319255e-07
2.308922e-07
2.298715e-07
2.288632e-07
2.278671e-07
2.268831e-07
2.259109e-07
2.249504e-07
2.240015e-07
2.230639e-07
2.221374e-07
2.212220e-07
2.203175e-07
2.194236e-07
2.185402e-07
2.176672e-07
2.168043e-07
2.159515e-07
2.151086e-07
2.142753e-07
2.134517e-07
2.126374e-07
2.118324e-07
2.110365e-07
2.102496e-07
2.094715e-07
2.087021e-07
2.079413e-07
2.071889e-07
2.064448e-07
2.057089e-07
2.049810e-07
2.042610e-07
2.035488e-07
2.028444e-07
2.021475e-07
2.014580e-07
2.007759e-07
2.001011e-07
1.994334e-07
1.987728e-07
1.981191e-07
1.974723e-07
1.968322e-07
1.961989e-07
1.955721e-07
1.949518e-07
1.943379e-07
1.937304e-07
1.931292e-07
1.925341e-07
1.919452e-07
1.913623e-07
1.907854e-07
1.902144e-07
1.896493e-07
1.890899e-07
1.885363e-07
1.879883e-07
1.874460e-07
1.869092e-07
1.863778e-07
1.858520e-07
1.853315e-07
1.848164e-07
1.843066e-07
1.838020e-07
1.833026e-07
1.828084e-07
1.823192e-07
1.818352e-07
1.813562e-07
1.808822e-07
1.804131e-07
1.799489e-07
1.794896e-07
1.790351e-07
1.785854e-07
1.781405e-07
1.777003e-07
1.772648e-07
1.768339e-07
1.764077e-07
1.759860e-07
1.755689e-07
1.751563e-07
1.747482e-07
1.743445e-07
1.739452e-07
1.735504e-07
1.731598e-07
1.727736e-07
1.723917e-07
1.720140e-07
1.716406e-07
1.712713e-07
1.709062e-07
1.705452e-07
1.701883e-07
1.698355e-07
1.694867e-07
1.691419e-07
1.688010e-07
1.684641e-07
1.681310e-07
1.678019e-07
1.674765e-07
1.671550e-07
1.668372e-07
1.665231e-07
1.662127e-07
1.659060e-07
1.656029e-07
1.653034e-07
1.650074e-07
1.647150e-07
1.644260e-07
1.641405e-07
1.638584e-07
1.635796e-07
1.633042e-07
1.630321e-07
1.627632e-07
1.624976e-07
1.622351e-07
1.619758e-07
1.617196e-07
1.614665e-07
1.612164e-07
1.609693e-07
1.607251e-07
1.604838e-07
1.602455e-07
1.600099e-07
1.597771e-07
1.595471e-07
1.593198e-07
1.590951e-07
1.588731e-07
1.586537e-07
1.584368e-07
1.582224e-07
1.580104e-07
1.578009e-07
1.575938e-07
1.573889e-07
1.571864e-07
1.569861e-07
1.567880e-07
1.565921e-07
1.563982e-07
1.562065e-07
1.560167e-07
1.558290e-07
1.556431e-07
1.554592e-07
1.552771e-07
1.550968e-07
1.549183e-07
1.547414e-07
1.545663e-07
1.543927e-07
1.542207e-07
1.540503e-07
1.538813e-07
1.537138e-07
1.535477e-07
1.533829e-07
1.532193e-07
1.530571e-07
1.528960e-07
1.527361e-07
1.525773e-07
1.524196e-07
1.522629e-07
1.521072e-07
1.519523e-07
1.517984e-07
1.516453e-07
1.514929e-07
1.513413e-07
1.511904e-07
1.510401e-07
1.508904e-07
1.507413e-07
1.505926e-07
1.504444e-07
1.502966e-07
1.501492e-07
1.500021e-07
1.498552e-07
1.497086e-07
1.495621e-07
1.494157e-07
1.492695e-07
1.491232e-07
1.489770e-07
1.488306e-07
1.486842e-07
1.485376e-07
1.483909e-07
1.482439e-07
1.480966e-07
1.479489e-07
1.478010e-07
1.476525e-07
1.475037e-07
1.473543e-07
1.472044e-07
1.470539e-07
1.469027e-07
1.467509e-07
1.465984e-07
1.464451e-07
1.462911e-07
1.461362e-07
1.459804e-07
1.458237e-07
1.456661e-07
1.455075e-07
1.453479e-07
1.451872e-07
1.450254e-07
1.448625e-07
1.446985e-07
1.445332e-07
1.443668e-07
1.441990e-07
1.440300e-07
1.438597e-07
1.436880e-07
1.435149e-07
1.433404e-07
1.431645e-07
1.429872e-07
1.428083e-07
1.426280e-07
1.424461e-07
1.422627e-07
1.420777e-07
1.418911e-07
1.417029e-07
1.415130e-07
1.413215e-07
1.411283e-07
1.409335e-07
1.407370e-07
1.405387e-07
1.403387e-07
1.401370e-07
1.399336e-07
1.397284e-07
1.395214e-07
1.393127e-07
1.391022e-07
1.388899e-07
1.386758e-07
1.384600e-07
1.382424e-07
1.380230e-07
1.378018e-07
1.375789e-07
1.373541e-07
1.371276e-07
1.368993e-07
1.366693e-07
1.364375e-07
1.362040e-07
1.359688e-07
1.357318e-07
1.354932e-07
1.352528e-07
1.350108e-07
1.347671e-07
1.345218e-07
1.342748e-07
1.340263e-07
1.337761e-07
1.335244e-07
1.332712e-07
1.330164e-07
1.327602e-07
1.325025e-07
1.322433e-07
1.319828e-07
1.317208e-07
1.314575e-07
1.311929e-07
1.309270e-07
1.306598e-07
1.303914e-07
1.301218e-07
1.298510e-07
1.295792e-07
1.293062e-07
1.290322e-07
1.287571e-07
1.284811e-07
1.282042e-07
1.279263e-07
1.276476e-07
1.273681e-07
1.270878e-07
1.268068e-07
1.265251e-07
1.262427e-07
1.259597e-07
1.256762e-07
1.253921e-07
1.251076e-07
1.248226e-07
1.245373e-07
1.242516e-07
1.239656e-07
1.236794e-07
1.233929e-07
1.231063e-07
1.228196e-07
1.225328e-07
1.222460e-07
1.219592e-07
1.216725e-07
1.213859e-07
1.210995e-07
1.208133e-07
1.205273e-07
1.202416e-07
1.199563e-07
1.196714e-07
1.193869e-07
1.191029e-07
1.188194e-07
1.185365e-07
1.182542e-07
1.179725e-07
1.176916e-07
1.174114e-07
1.171320e-07
1.168534e-07
1.165757e-07
1.162989e-07
1.160230e-07
1.157482e-07
1.154744e-07
1.152016e-07
1.149300e-07
1.146595e-07
1.143902e-07
1.141221e-07
1.138552e-07
1.135897e-07
1.133255e-07
1.130627e-07
1.128012e-07
1.125412e-07
1.122826e-07
1.120256e-07
1.117700e-07
1.115160e-07
1.112636e-07
1.110128e-07
1.107636e-07
1.105161e-07
1.102703e-07
1.100262e-07
1.097838e-07
1.095432e-07
1.093044e-07
1.090674e-07
1.088322e-07
1.085988e-07
1.083674e-07
1.081378e-07
1.079101e-07
1.076843e-07
1.074605e-07
1.072386e-07
1.070186e-07
1.068007e-07
1.065847e-07
1.063707e-07
1.061588e-07
1.059488e-07
1.057409e-07
1.055351e-07
1.053312e-07
1.051295e-07
1.049298e-07
1.047321e-07
1.045365e-07
1.043430e-07
1.041516e-07
1.039622e-07
1.037749e-07
1.035897e-07
1.034065e-07
1.032254e-07
1.030464e-07
1.028695e-07
1.026946e-07
1.025218e-07
1.023511e-07
1.021824e-07
1.020157e-07
1.018511e-07
1.016885e-07
1.015279e-07
1.013693e-07
1.012127e-07
1.010582e-07
1.009055e-07
1.007549e-07
1.006062e-07
1.004595e-07
1.003146e-07
1.001717e-07
1.000307e-07
9.989158e-08
9.975432e-08
9.961890e-08
9.948532e-08
9.935355e-08
9.922358e-08
9.909539e-08
9.896896e-08
9.884426e-08
9.872129e-08
9.860002e-08
9.848043e-08
9.836249e-08
9.824619e-08
9.813151e-08
9.801841e-08
9.790689e-08
9.779691e-08
9.768845e-08
9.758150e-08
9.747601e-08
9.737198e-08
9.726937e-08
9.716816e-08
9.706833e-08
9.696985e-08
9.687269e-08
9.677682e-08
9.668223e-08
9.658888e-08
9.649675e-08
9.640581e-08
9.631604e-08
9.622740e-08
9.613988e-08
9.605343e-08
9.596804e-08
9.588367e-08
9.580031e-08
9.571792e-08
9.563647e-08
9.555593e-08
9.547628e-08
9.539750e-08
9.531954e-08
9.524239e-08
9.516601e-08
9.509038e-08
9.501547e-08
9.494125e-08
9.486770e-08
9.479478e-08
9.472247e-08
9.465074e-08
9.457957e-08
9.450892e-08
9.443877e-08
9.436909e-08
9.429986e-08
9.423105e-08
9.416263e-08
9.409458e-08
9.402687e-08
9.395947e-08
9.389236e-08
9.382552e-08
9.375892e-08
9.369253e-08
9.362633e-08
9.356030e-08
9.349442e-08
9.342865e-08
9.336298e-08
9.329738e-08
9.323184e-08
9.316633e-08
9.310083e-08
9.303531e-08
9.296977e-08
9.290417e-08
9.283850e-08
9.277274e-08
9.270687e-08
9.264087e-08
9.257473e-08
9.250842e-08
9.244194e-08
9.237525e-08
9.230836e-08
9.224124e-08
9.217388e-08
9.210627e-08
9.203838e-08
9.197022e-08
9.190176e-08
9.183299e-08
9.176391e-08
9.169450e-08
9.162475e-08
9.155466e-08
9.148421e-08
9.141340e-08
9.134221e-08
9.127065e-08
9.119870e-08
9.112636e-08
9.105362e-08
9.098048e-08
9.090694e-08
9.083300e-08
9.075864e-08
9.068387e-08
9.060868e-08
9.053308e-08
9.045707e-08
9.038064e-08
9.030379e-08
9.022654e-08
9.014887e-08
9.007080e-08
8.999233e-08
8.991345e-08
8.983418e-08
8.975452e-08
8.967448e-08
8.959405e-08
8.951326e-08
8.943210e-08
8.935058e-08
8.926872e-08
8.918652e-08
8.910398e-08
8.902113e-08
8.893796e-08
8.885450e-08
8.877075e-08
8.868672e-08
8.860243e-08
8.851788e-08
8.843310e-08
8.834808e-08
8.826286e-08
8.817744e-08
8.809183e-08
8.800605e-08
8.792011e-08
8.783403e-08
8.774783e-08
8.766152e-08
8.757511e-08
8.748863e-08
8.740208e-08
8.731549e-08
8.722887e-08
8.714223e-08
8.705560e-08
8.696899e-08
8.688242e-08
8.679590e-08
8.670945e-08
8.662310e-08
8.653684e-08
8.645071e-08
8.636472e-08
8.627888e-08
8.619322e-08
8.610774e-08
8.602247e-08
8.593743e-08
8.585262e-08
8.576806e-08
8.568378e-08
8.559978e-08
8.551608e-08
8.543270e-08
8.534965e-08
8.526695e-08
8.518460e-08
8.510263e-08
8.502105e-08
8.493987e-08
8.485910e-08
8.477876e-08
8.469886e-08
8.461941e-08
8.454042e-08
8.446191e-08
8.438388e-08
8.430634e-08
8.422930e-08
8.415278e-08
8.407677e-08
8.400130e-08
8.392636e-08
8.385196e-08
8.377812e-08
8.370483e-08
8.363210e-08
8.355994e-08
8.348834e-08
8.341732e-08
8.334688e-08
8.327702e-08
8.320775e-08
8.313905e-08
8.307094e-08
8.300342e-08
8.293648e-08
8.287012e-08
8.280435e-08
8.273916e-08
8.267455e-08
8.261052e-08
8.254705e-08
8.248416e-08
8.242183e-08
8.236005e-08
8.229883e-08
8.223816e-08
8.217802e-08
8.211842e-08
8.205934e-08
8.200078e-08
8.194273e-08
8.188517e-08
8.182810e-08
8.177152e-08
8.171540e-08
8.165973e-08
8.160452e-08
8.154973e-08
8.149537e-08
8.144142e-08
8.138787e-08
8.133469e-08
8.128189e-08
8.122945e-08
8.117734e-08
8.112557e-08
8.107410e-08
8.102294e-08
8.097206e-08
8.092145e-08
8.087109e-08
8.082096e-08
8.077106e-08
8.072137e-08
8.067186e-08
8.062253e-08
8.057336e-08
8.052432e-08
8.047542e-08
8.042662e-08
8.037792e-08
8.032930e-08
8.028074e-08
8.023223e-08
8.018374e-08
8.013527e-08
8.008680e-08
8.003832e-08
7.998980e-08
7.994124e-08
7.989261e-08
7.984392e-08
7.979513e-08
7.974624e-08
7.969723e-08
7.964809e-08
7.959881e-08
7.954937e-08
7.949977e-08
7.944998e-08
7.940000e-08
7.934982e-08
7.929942e-08
7.924880e-08
7.919794e-08
7.914684e-08
7.909549e-08
7.904387e-08
7.899198e-08
7.893982e-08
7.888737e-08
7.883463e-08
7.878159e-08
7.872824e-08
7.867459e-08
7.862063e-08
7.856634e-08
7.851174e-08
7.845681e-08
7.840156e-08
7.834598e-08
7.829006e-08
7.823382e-08
7.817725e-08
7.812035e-08
7.806311e-08
7.800555e-08
7.794767e-08
7.788946e-08
7.783093e-08
7.777209e-08
7.771293e-08
7.765347e-08
7.759370e-08
7.753364e-08
7.747329e-08
7.741266e-08
7.735175e-08
7.729057e-08
7.722914e-08
7.716745e-08
7.710552e-08
7.704336e-08
7.698098e-08
7.691839e-08
7.685560e-08
7.679263e-08
7.672947e-08
7.666616e-08
7.660269e-08
7.653908e-08
7.647536e-08
7.641152e-08
7.634758e-08
7.628356e-08
7.621948e-08
7.615534e-08
7.609116e-08
7.602697e-08
7.596277e-08
7.589857e-08
7.583441e-08
7.577028e-08
7.570622e-08
7.564223e-08
7.557833e-08
7.551454e-08
7.545088e-08
7.538736e-08
7.532401e-08
7.526083e-08
7.519784e-08
7.513507e-08
7.507252e-08
7.501023e-08
7.494819e-08
7.488644e-08
7.482499e-08
7.476385e-08
7.470304e-08
7.464258e-08
7.458249e-08
7.452278e-08
7.446347e-08
7.440458e-08
7.434611e-08
7.428810e-08
7.423054e-08
7.417347e-08
7.411688e-08
7.406081e-08
7.400526e-08
7.395025e-08
7.389579e-08
7.384189e-08
7.378858e-08
7.373585e-08
7.368374e-08
7.363224e-08
7.358137e-08
7.353115e-08
7.348158e-08
7.343268e-08
7.338445e-08
7.333692e-08
7.329007e-08
7.324394e-08
7.319852e-08
7.315383e-08
7.310988e-08
7.306666e-08
7.302420e-08
7.298249e-08
7.294155e-08
7.290138e-08
7.286198e-08
7.282337e-08
7.278555e-08
7.274852e-08
7.271229e-08
7.267686e-08
7.264223e-08
7.260841e-08
7.257540e-08
7.254320e-08
7.251182e-08
7.248126e-08
7.245151e-08
7.242258e-08
7.239446e-08
7.236717e-08
7.234069e-08
7.231502e-08
7.229017e-08
7.226614e-08
7.224291e-08
7.222049e-08
7.219887e-08
7.217806e-08
7.215804e-08
7.213881e-08
7.212038e-08
7.210272e-08
7.208585e-08
7.206975e-08
7.205441e-08
7.203984e-08
7.202602e-08
7.201295e-08
7.200061e-08
7.198901e-08
7.197814e-08
7.196798e-08
7.195852e-08
7.194977e-08
7.194171e-08
7.193433e-08
7.192762e-08
7.192158e-08
7.191618e-08
7.191143e-08
7.190731e-08
7.190381e-08
7.190092e-08
7.189863e-08
7.189693e-08
7.189581e-08
7.189525e-08
7.189524e-08
7.189578e-08
7.189684e-08
7.189842e-08
7.190050e-08
7.190308e-08
7.190613e-08
7.190965e-08
7.191363e-08
7.191804e-08
7.192288e-08
7.192813e-08
7.193379e-08
7.193983e-08
7.194624e-08
7.195301e-08
7.196013e-08
7.196758e-08
7.197534e-08
7.198341e-08
7.199177e-08
7.200041e-08
7.200930e-08
7.201845e-08
7.202782e-08
7.203742e-08
7.204722e-08
7.205721e-08
7.206738e-08
7.207770e-08
7.208818e-08
7.209879e-08
7.210952e-08
7.212035e-08
7.213127e-08
7.214227e-08
7.215333e-08
7.216444e-08
7.217559e-08
7.218675e-08
7.219792e-08
7.220907e-08
7.222021e-08
7.223131e-08
7.224236e-08
7.225335e-08
7.226425e-08
7.227507e-08
7.228578e-08
7.229637e-08
7.230683e-08
7.231715e-08
7.232730e-08
7.233729e-08
7.234709e-08
7.235669e-08
7.236608e-08
7.237525e-08
7.238418e-08
7.239287e-08
7.240129e-08
7.240944e-08
7.241731e-08
7.242488e-08
7.243214e-08
7.243908e-08
7.244569e-08
7.245195e-08
7.245787e-08
7.246342e-08
7.246859e-08
7.247338e-08
7.247777e-08
7.248175e-08
7.248532e-08
7.248846e-08
7.249117e-08
7.249343e-08
7.249524e-08
7.249658e-08
7.249745e-08
7.249785e-08
7.249775e-08
7.249716e-08
7.249607e-08
7.249446e-08
7.249234e-08
7.248969e-08
7.248651e-08
7.248279e-08
7.247853e-08
7.247372e-08
7.246836e-08
7.246243e-08
7.245595e-08
7.244889e-08
7.244126e-08
7.243305e-08
7.242426e-08
7.241489e-08
7.240494e-08
7.239439e-08
7.238326e-08
7.237153e-08
7.235921e-08
7.234630e-08
7.233279e-08
7.231869e-08
7.230399e-08
7.228869e-08
7.227281e-08
7.225633e-08
7.223926e-08
7.222160e-08
7.220336e-08
7.218453e-08
7.216512e-08
7.214514e-08
7.212459e-08
7.210347e-08
7.208178e-08
7.205954e-08
7.203675e-08
7.201342e-08
7.198954e-08
7.196514e-08
7.194021e-08
7.191477e-08
7.188882e-08
7.186237e-08
7.183543e-08
7.180801e-08
7.178012e-08
7.175177e-08
7.172297e-08
7.169373e-08
7.166407e-08
7.163399e-08
7.160352e-08
7.157265e-08
7.154141e-08
7.150980e-08
7.147785e-08
7.144556e-08
7.141295e-08
7.138004e-08
7.134684e-08
7.131336e-08
7.127963e-08
7.124566e-08
7.121146e-08
7.117705e-08
7.114246e-08
7.110769e-08
7.107277e-08
7.103771e-08
7.100254e-08
7.096727e-08
7.093191e-08
7.089650e-08
7.086105e-08
7.082557e-08
7.079009e-08
7.075464e-08
7.071922e-08
7.068386e-08
7.064858e-08
7.061340e-08
7.057835e-08
7.054343e-08
7.050869e-08
7.047412e-08
7.043977e-08
7.040564e-08
7.037176e-08
7.033815e-08
7.030484e-08
7.027184e-08
7.023918e-08
7.020687e-08
7.017494e-08
7.014341e-08
7.011231e-08
7.008165e-08
7.005145e-08
7.002173e-08
6.999252e-08
6.996384e-08
6.993571e-08
6.990814e-08
6.988116e-08
6.985479e-08
6.982905e-08
6.980395e-08
6.977952e-08
6.975578e-08
6.973273e-08
6.971042e-08
6.968884e-08
6.966802e-08
6.964797e-08
6.962872e-08
6.961028e-08
6.959266e-08
6.957588e-08
6.955996e-08
6.954492e-08
6.953075e-08
6.951749e-08
6.950514e-08
6.949372e-08
6.948323e-08
6.947370e-08
6.946512e-08
6.945753e-08
6.945091e-08
6.944529e-08
6.944067e-08
6.943706e-08
6.943447e-08
6.943290e-08
6.943237e-08
6.943288e-08
6.943444e-08
6.943704e-08
6.944070e-08
6.944542e-08
6.945120e-08
6.945804e-08
6.946594e-08
6.947492e-08
6.948496e-08
6.949607e-08
6.950824e-08
6.952148e-08
6.953578e-08
6.955114e-08
6.956755e-08
6.958502e-08
6.960353e-08
6.962309e-08
6.964368e-08
6.966531e-08
6.968795e-08
6.971161e-08
6.973628e-08
6.976194e-08
6.978859e-08
6.981622e-08
6.984482e-08
6.987437e-08
6.990486e-08
6.993629e-08
6.996864e-08
7.000190e-08
7.003604e-08
7.007107e-08
7.010696e-08
7.014371e-08
7.018128e-08
7.021968e-08
7.025888e-08
7.029887e-08
7.033963e-08
7.038115e-08
7.042340e-08
7.046638e-08
7.051006e-08
7.055443e-08
7.059946e-08
7.064515e-08
7.069148e-08
7.073842e-08
7.078597e-08
7.083409e-08
7.088279e-08
7.093203e-08
7.098180e-08
7.103209e-08
7.108287e-08
7.113414e-08
7.118588e-08
7.123807e-08
7.129069e-08
7.134373e-08
7.139718e-08
7.145102e-08
7.150524e-08
7.155983e-08
7.161477e-08
7.167006e-08
7.172568e-08
7.178161e-08
7.183787e-08
7.189442e-08
7.195127e-08
7.200841e-08
7.206584e-08
7.212354e-08
7.218152e-08
7.223977e-08
7.229829e-08
7.235708e-08
7.241613e-08
7.247546e-08
7.253506e-08
7.259493e-08
7.265509e-08
7.271554e-08
7.277628e-08
7.283732e-08
7.289869e-08
7.296037e-08
7.302240e-08
7.308479e-08
7.314754e-08
7.321068e-08
7.327423e-08
7.333821e-08
7.340264e-08
7.346755e-08
7.353295e-08
7.359888e-08
7.366537e-08
7.373244e-08
7.380013e-08
7.386847e-08
7.393750e-08
7.400725e-08
7.407776e-08
7.414907e-08
7.422123e-08
7.429427e-08
7.436825e-08
7.444320e-08
7.451918e-08
7.459623e-08
7.467442e-08
7.475378e-08
7.483438e-08
7.491627e-08
7.499951e-08
7.508416e-08
7.517028e-08
7.525793e-08
7.534717e-08
7.543808e-08
7.553071e-08
7.562513e-08
7.572141e-08
7.581963e-08
7.591985e-08
7.602214e-08
7.612658e-08
7.623324e-08
7.634220e-08
7.645354e-08
7.656732e-08
7.668363e-08
7.680255e-08
7.692416e-08
7.704853e-08
7.717575e-08
7.730589e-08
7.743904e-08
7.757528e-08
7.771469e-08
7.785736e-08
7.800335e-08
7.815277e-08
7.830568e-08
7.846217e-08
7.862232e-08
7.878622e-08
7.895393e-08
7.912555e-08
7.930115e-08
7.948081e-08
7.966461e-08
7.985262e-08
8.004493e-08
8.024160e-08
8.044271e-08
8.064833e-08
8.085854e-08
8.107340e-08
8.129297e-08
8.151734e-08
8.174656e-08
8.198069e-08
8.221980e-08
8.246395e-08
8.271318e-08
8.296756e-08
8.322714e-08
8.349196e-08
8.376207e-08
8.403753e-08
8.431836e-08
8.460461e-08
8.489632e-08
8.519352e-08
8.549623e-08
8.580448e-08
8.611830e-08
8.643771e-08
8.676273e-08
8.709336e-08
8.742962e-08
8.777151e-08
8.811903e-08
8.847219e-08
8.883098e-08
8.919539e-08
8.956540e-08
8.994100e-08
9.032216e-08
9.070887e-08
9.110109e-08
9.149879e-08
9.190192e-08
9.231046e-08
9.272434e-08
9.314352e-08
9.356794e-08
9.399754e-08
9.443226e-08
9.487202e-08
9.531676e-08
9.576640e-08
9.622085e-08
9.668002e-08
9.714382e-08
9.761217e-08
9.808494e-08
9.856205e-08
9.904337e-08
9.952881e-08
1.000182e-07
1.005115e-07
1.010085e-07
1.015091e-07
1.020132e-07
1.025206e-07
1.030312e-07
1.035448e-07
1.040613e-07
1.045806e-07
1.051024e-07
1.056265e-07
1.061529e-07
1.066814e-07
1.072117e-07
1.077438e-07
1.082773e-07
1.088122e-07
1.093483e-07
1.098852e-07
1.104230e-07
1.109612e-07
1.114999e-07
1.120386e-07
1.125773e-07
1.131158e-07
1.136537e-07
1.141910e-07
1.147274e-07
1.152626e-07
1.157965e-07
1.163288e-07
1.168593e-07
1.173878e-07
1.179141e-07
1.184378e-07
1.189589e-07
1.194771e-07
1.199921e-07
1.205038e-07
1.210118e-07
1.215160e-07
1.220161e-07
1.225120e-07
1.230033e-07
1.234899e-07
1.239714e-07
1.244478e-07
1.249188e-07
1.253841e-07
1.258435e-07
1.262968e-07
1.267438e-07
1.271843e-07
1.276180e-07
1.280448e-07
1.284644e-07
1.288766e-07
1.292813e-07
1.296781e-07
1.300670e-07
1.304477e-07
1.308201e-07
1.311838e-07
1.315389e-07
1.318849e-07
1.322219e-07
1.325497e-07
1.328679e-07
1.331766e-07
1.334755e-07
1.337645e-07
1.340433e-07
1.343120e-07
1.345703e-07
1.348181e-07
1.350553e-07
1.352817e-07
1.354972e-07
1.357018e-07
1.358952e-07
1.360775e-07
1.362485e-07
1.364080e-07
1.365561e-07
1.366927e-07
1.368176e-07
1.369308e-07
1.370323e-07
1.371219e-07
1.371997e-07
1.372656e-07
1.373196e-07
1.373616e-07
1.373916e-07
1.374096e-07
1.374156e-07
