-3.901896e-14
2.686963e-12
1.086339e-11
2.448744e-11
4.355437e-11
6.805755e-11
9.798846e-11
1.333367e-10
1.740898e-10
2.202336e-10
2.717518e-10
3.286264e-10
3.908370e-10
4.583618e-10
5.311765e-10
6.092552e-10
6.925696e-10
7.810896e-10
8.747831e-10
9.736157e-10
1.077551e-09
1.186551e-09
1.300574e-09
1.419578e-09
1.543518e-09
1.672346e-09
1.806014e-09
1.944469e-09
2.087657e-09
2.235523e-09
2.388007e-09
2.545049e-09
2.706586e-09
2.872551e-09
3.042877e-09
3.217492e-09
3.396326e-09
3.579300e-09
3.766339e-09
3.957362e-09
4.152284e-09
4.351023e-09
4.553488e-09
4.759590e-09
4.969237e-09
5.182331e-09
5.398776e-09
5.618471e-09
5.841312e-09
6.067193e-09
6.296008e-09
6.527644e-09
6.761988e-09
6.998926e-09
7.238338e-09
7.480103e-09
7.724100e-09
7.970202e-09
8.218281e-09
8.468207e-09
8.719847e-09
8.973067e-09
9.227730e-09
9.483697e-09
9.740825e-09
9.998973e-09
1.025799e-08
1.051774e-08
1.077806e-08
1.103881e-08
1.129984e-08
1.156098e-08
1.182208e-08
1.208299e-08
1.234354e-08
1.260358e-08
1.286294e-08
1.312147e-08
1.337899e-08
1.363534e-08
1.389036e-08
1.414388e-08
1.439573e-08
1.464575e-08
1.489377e-08
1.513961e-08
1.538312e-08
1.562412e-08
1.586244e-08
1.609792e-08
1.633039e-08
1.655968e-08
1.678562e-08
1.700805e-08
1.722681e-08
1.744172e-08
1.765263e-08
1.785937e-08
1.806179e-08
1.825972e-08
1.845301e-08
1.864151e-08
1.882505e-08
1.900350e-08
1.917669e-08
1.934450e-08
1.950676e-08
1.966334e-08
1.981411e-08
1.995893e-08
2.009766e-08
2.023018e-08
2.035637e-08
2.047610e-08
2.058925e-08
2.069571e-08
2.079537e-08
2.088813e-08
2.097388e-08
2.105253e-08
2.112398e-08
2.118815e-08
2.124495e-08
2.129430e-08
2.133613e-08
2.137037e-08
2.139696e-08
2.141583e-08
2.142694e-08
2.143024e-08
2.142569e-08
2.141324e-08
2.139286e-08
2.136454e-08
2.132825e-08
2.128397e-08
2.123170e-08
2.117144e-08
2.110318e-08
2.102694e-08
2.094273e-08
2.085058e-08
2.075051e-08
2.064255e-08
2.052675e-08
2.040314e-08
2.027178e-08
2.013273e-08
1.998604e-08
1.983180e-08
1.967006e-08
1.950092e-08
1.932446e-08
1.914078e-08
1.894996e-08
1.875212e-08
1.854736e-08
1.833579e-08
1.811755e-08
1.789275e-08
1.766153e-08
1.742401e-08
1.718035e-08
1.693068e-08
1.667516e-08
1.641395e-08
1.614720e-08
1.587508e-08
1.559776e-08
1.531541e-08
1.502821e-08
1.473634e-08
1.443999e-08
1.413934e-08
1.383458e-08
1.352592e-08
1.321355e-08
1.289767e-08
1.257849e-08
1.225621e-08
1.193105e-08
1.160321e-08
1.127291e-08
1.094037e-08
1.060580e-08
1.026943e-08
9.931468e-09
9.592144e-09
9.251679e-09
8.910297e-09
8.568222e-09
8.225680e-09
7.882895e-09
7.540092e-09
7.197496e-09
6.855333e-09
6.513826e-09
6.173198e-09
5.833673e-09
5.495471e-09
5.158813e-09
4.823917e-09
4.491000e-09
4.160278e-09
3.831964e-09
3.506269e-09
3.183401e-09
2.863566e-09
2.546969e-09
2.233808e-09
1.924283e-09
1.618587e-09
1.316912e-09
1.019444e-09
7.263678e-10
4.378635e-10
1.541072e-10
-1.247291e-10
-3.984773e-10
-6.669740e-10
-9.300597e-10
-1.187580e-09
-1.439385e-09
-1.685329e-09
-1.925272e-09
-2.159078e-09
-2.386618e-09
-2.607765e-09
-2.822400e-09
-3.030408e-09
-3.231680e-09
-3.426112e-09
-3.613604e-09
-3.794065e-09
-3.967407e-09
-4.133548e-09
-4.292411e-09
-4.443927e-09
-4.588030e-09
-4.724662e-09
-4.853769e-09
-4.975303e-09
-5.089224e-09
-5.195493e-09
-5.294082e-09
-5.384964e-09
-5.468123e-09
-5.543543e-09
-5.611216e-09
-5.671142e-09
-5.723323e-09
-5.767769e-09
-5.804492e-09
-5.833514e-09
-5.854858e-09
-5.868556e-09
-5.874642e-09
-5.873158e-09
-5.864149e-09
-5.847665e-09
-5.823763e-09
-5.792501e-09
-5.753945e-09
-5.708165e-09
-5.655234e-09
-5.595231e-09
-5.528238e-09
-5.454343e-09
-5.373635e-09
-5.286210e-09
-5.192165e-09
-5.091604e-09
-4.984633e-09
-4.871359e-09
-4.751896e-09
-4.626360e-09
-4.494869e-09
-4.357545e-09
-4.214512e-09
-4.065898e-09
-3.911832e-09
-3.752446e-09
-3.587874e-09
-3.418253e-09
-3.243721e-09
-3.064419e-09
-2.880487e-09
-2.692069e-09
-2.499311e-09
-2.302359e-09
-2.101358e-09
-1.896459e-09
-1.687810e-09
-1.475561e-09
-1.259862e-09
-1.040864e-09
-8.187193e-10
-5.935789e-10
-3.655945e-10
-1.349178e-10
9.829971e-11
3.339068e-10
5.717526e-10
8.116867e-10
1.053559e-09
1.297221e-09
1.542525e-09
1.789322e-09
2.037468e-09
2.286816e-09
2.537223e-09
2.788546e-09
3.040645e-09
3.293379e-09
3.546611e-09
3.800205e-09
4.054025e-09
4.307940e-09
4.561818e-09
4.815530e-09
5.068951e-09
5.321955e-09
5.574421e-09
5.826226e-09
6.077255e-09
6.327391e-09
6.576521e-09
6.824535e-09
7.071324e-09
7.316782e-09
7.560807e-09
7.803297e-09
8.044155e-09
8.283285e-09
8.520595e-09
8.755995e-09
8.989397e-09
9.220717e-09
9.449872e-09
9.676785e-09
9.901378e-09
1.012358e-08
1.034331e-08
1.056052e-08
1.077512e-08
1.098707e-08
1.119629e-08
1.140274e-08
1.160635e-08
1.180708e-08
1.200487e-08
1.219969e-08
1.239148e-08
1.258020e-08
1.276582e-08
1.294830e-08
1.312760e-08
1.330370e-08
1.347656e-08
1.364616e-08
1.381247e-08
1.397547e-08
1.413514e-08
1.429147e-08
1.444444e-08
1.459403e-08
1.474024e-08
1.488306e-08
1.502247e-08
1.515848e-08
1.529108e-08
1.542027e-08
1.554605e-08
1.566843e-08
1.578740e-08
1.590298e-08
1.601517e-08
1.612398e-08
1.622943e-08
1.633151e-08
1.643026e-08
1.652568e-08
1.661779e-08
1.670662e-08
1.679216e-08
1.687446e-08
1.695353e-08
1.702939e-08
1.710206e-08
1.717158e-08
1.723797e-08
1.730125e-08
1.736145e-08
1.741860e-08
1.747274e-08
1.752389e-08
1.757207e-08
1.761734e-08
1.765971e-08
1.769921e-08
1.773590e-08
1.776979e-08
1.780092e-08
1.782933e-08
1.785506e-08
1.787814e-08
1.789860e-08
1.791648e-08
1.793183e-08
1.794468e-08
1.795506e-08
1.796302e-08
1.796860e-08
1.797182e-08
1.797274e-08
1.797139e-08
1.796781e-08
1.796203e-08
1.795411e-08
1.794407e-08
1.793196e-08
1.791781e-08
1.790167e-08
1.788358e-08
1.786358e-08
1.784169e-08
1.781798e-08
1.779246e-08
1.776519e-08
1.773620e-08
1.770554e-08
1.767323e-08
1.763933e-08
1.760386e-08
1.756687e-08
1.752840e-08
1.748848e-08
1.744715e-08
1.740445e-08
1.736043e-08
1.731510e-08
1.726852e-08
1.722073e-08
1.717175e-08
1.712162e-08
1.707038e-08
1.701808e-08
1.696473e-08
1.691039e-08
1.685508e-08
1.679884e-08
1.674171e-08
1.668372e-08
1.662490e-08
1.656529e-08
1.650493e-08
1.644384e-08
1.638207e-08
1.631964e-08
1.625658e-08
1.619294e-08
1.612874e-08
1.606401e-08
1.599878e-08
1.593310e-08
1.586698e-08
1.580046e-08
1.573356e-08
1.566633e-08
1.559879e-08
1.553096e-08
1.546288e-08
1.539457e-08
1.532607e-08
1.525740e-08
1.518858e-08
1.511966e-08
1.505064e-08
1.498156e-08
1.491245e-08
1.484332e-08
1.477421e-08
1.470514e-08
1.463613e-08
1.456721e-08
1.449840e-08
1.442972e-08
1.436120e-08
1.429285e-08
1.422470e-08
1.415677e-08
1.408908e-08
1.402165e-08
1.395450e-08
1.388764e-08
1.382110e-08
1.375490e-08
1.368905e-08
1.362356e-08
1.355846e-08
1.349376e-08
1.342948e-08
1.336562e-08
1.330221e-08
1.323926e-08
1.317678e-08
1.311478e-08
1.305328e-08
1.299229e-08
1.293181e-08
1.287186e-08
1.281245e-08
1.275359e-08
1.269528e-08
1.263754e-08
1.258037e-08
1.252377e-08
1.246776e-08
1.241234e-08
1.235751e-08
1.230328e-08
1.224966e-08
1.219664e-08
1.214423e-08
1.209244e-08
1.204126e-08
1.199069e-08
1.194074e-08
1.189141e-08
1.184270e-08
1.179459e-08
1.174711e-08
1.170023e-08
1.165397e-08
1.160831e-08
1.156326e-08
1.151880e-08
1.147495e-08
1.143168e-08
1.138900e-08
1.134690e-08
1.130538e-08
1.126443e-08
1.122404e-08
1.118420e-08
1.114491e-08
1.110616e-08
1.106795e-08
1.103026e-08
1.099308e-08
1.095642e-08
1.092025e-08
1.088456e-08
1.084936e-08
1.081462e-08
1.078035e-08
1.074652e-08
1.071313e-08
1.068017e-08
1.064762e-08
1.061549e-08
1.058374e-08
1.055239e-08
1.052140e-08
1.049078e-08
1.046051e-08
1.043058e-08
1.040098e-08
1.037170e-08
1.034273e-08
1.031405e-08
1.028566e-08
1.025754e-08
1.022969e-08
1.020209e-08
1.017474e-08
1.014762e-08
1.012072e-08
1.009404e-08
1.006756e-08
1.004128e-08
1.001518e-08
9.989262e-09
9.963510e-09
9.937917e-09
9.912477e-09
9.887181e-09
9.862022e-09
9.836992e-09
9.812085e-09
9.787295e-09
9.762615e-09
9.738041e-09
9.713565e-09
9.689185e-09
9.664894e-09
9.640689e-09
9.616567e-09
9.592523e-09
9.568556e-09
9.544662e-09
9.520840e-09
9.497087e-09
9.473403e-09
9.449787e-09
9.426238e-09
9.402758e-09
9.379345e-09
9.356001e-09
9.332728e-09
9.309528e-09
9.286402e-09
9.263353e-09
9.240384e-09
9.217500e-09
9.194703e-09
9.171998e-09
9.149391e-09
9.126885e-09
9.104486e-09
9.082201e-09
9.060035e-09
9.037995e-09
9.016089e-09
8.994322e-09
8.972704e-09
8.951241e-09
8.929942e-09
8.908816e-09
8.887871e-09
8.867116e-09
8.846561e-09
8.826215e-09
8.806088e-09
8.786190e-09
8.766530e-09
8.747121e-09
8.727971e-09
8.709091e-09
8.690493e-09
8.672187e-09
8.654184e-09
8.636496e-09
8.619132e-09
8.602106e-09
8.585427e-09
8.569107e-09
8.553158e-09
8.537590e-09
8.522414e-09
8.507643e-09
8.493286e-09
8.479355e-09
8.465861e-09
8.452815e-09
8.440226e-09
8.428106e-09
8.416465e-09
8.405313e-09
8.394660e-09
8.384515e-09
8.374888e-09
8.365789e-09
8.357226e-09
8.349207e-09
8.341742e-09
8.334838e-09
8.328504e-09
8.322746e-09
8.317571e-09
8.312987e-09
8.309000e-09
8.305615e-09
8.302839e-09
8.300677e-09
8.299133e-09
8.298212e-09
8.297918e-09
8.298254e-09
8.299224e-09
8.300830e-09
8.303075e-09
8.305959e-09
8.309485e-09
8.313653e-09
8.318464e-09
8.323918e-09
8.330013e-09
8.336749e-09
8.344124e-09
8.352137e-09
8.360784e-09
8.370063e-09
8.379969e-09
8.390500e-09
8.401651e-09
8.413416e-09
8.425791e-09
8.438769e-09
8.452343e-09
8.466508e-09
8.481256e-09
8.496579e-09
8.512469e-09
8.528918e-09
8.545915e-09
8.563452e-09
8.581520e-09
8.600106e-09
8.619202e-09
8.638795e-09
8.658875e-09
8.679429e-09
8.700445e-09
8.721911e-09
8.743814e-09
8.766140e-09
8.788876e-09
8.812009e-09
8.835524e-09
8.859407e-09
8.883642e-09
8.908217e-09
8.933114e-09
8.958320e-09
8.983818e-09
9.009593e-09
9.035629e-09
9.061909e-09
9.088419e-09
9.115141e-09
9.142059e-09
9.169157e-09
9.196418e-09
9.223826e-09
9.251364e-09
9.279015e-09
9.306762e-09
9.334590e-09
9.362480e-09
9.390418e-09
9.418385e-09
9.446366e-09
9.474345e-09
9.502304e-09
9.530227e-09
9.558100e-09
9.585905e-09
9.613626e-09
9.641249e-09
9.668758e-09
9.696137e-09
9.723372e-09
9.750448e-09
9.777350e-09
9.804064e-09
9.830576e-09
9.856873e-09
9.882940e-09
9.908764e-09
9.934334e-09
9.959635e-09
9.984657e-09
1.000939e-08
1.003381e-08
1.005793e-08
1.008171e-08
1.010517e-08
1.012827e-08
1.015102e-08
1.017341e-08
1.019543e-08
1.021706e-08
1.023831e-08
1.025915e-08
1.027960e-08
1.029963e-08
1.031925e-08
1.033844e-08
1.035721e-08
1.037555e-08
1.039345e-08
1.041090e-08
1.042792e-08
1.044449e-08
1.046060e-08
1.047627e-08
1.049148e-08
1.050624e-08
1.052054e-08
1.053439e-08
1.054778e-08
1.056072e-08
1.057320e-08
1.058523e-08
1.059682e-08
1.060795e-08
1.061864e-08
1.062888e-08
1.063869e-08
1.064807e-08
1.065701e-08
1.066553e-08
1.067363e-08
1.068131e-08
1.068859e-08
1.069546e-08
1.070194e-08
1.070803e-08
1.071374e-08
1.071908e-08
1.072405e-08
1.072866e-08
1.073293e-08
1.073686e-08
1.074045e-08
1.074372e-08
1.074668e-08
1.074934e-08
1.075171e-08
1.075380e-08
1.075561e-08
1.075717e-08
1.075847e-08
1.075954e-08
1.076038e-08
1.076100e-08
1.076141e-08
1.076164e-08
1.076168e-08
1.076155e-08
1.076126e-08
1.076083e-08
1.076026e-08
1.075957e-08
1.075876e-08
1.075786e-08
1.075686e-08
1.075580e-08
1.075466e-08
1.075348e-08
1.075225e-08
1.075100e-08
1.074972e-08
1.074844e-08
1.074717e-08
1.074591e-08
1.074467e-08
1.074348e-08
1.074233e-08
1.074124e-08
1.074022e-08
1.073927e-08
1.073842e-08
1.073766e-08
1.073701e-08
1.073648e-08
1.073607e-08
1.073580e-08
1.073567e-08
1.073569e-08
1.073586e-08
1.073621e-08
1.073672e-08
1.073742e-08
1.073830e-08
1.073937e-08
1.074065e-08
1.074212e-08
1.074380e-08
1.074570e-08
1.074782e-08
1.075016e-08
1.075272e-08
1.075552e-08
1.075854e-08
1.076180e-08
1.076530e-08
1.076904e-08
1.077302e-08
1.077724e-08
1.078170e-08
1.078641e-08
1.079136e-08
1.079655e-08
1.080198e-08
1.080765e-08
1.081356e-08
1.081971e-08
1.082609e-08
1.083271e-08
1.083955e-08
1.084662e-08
1.085391e-08
1.086142e-08
1.086914e-08
1.087707e-08
1.088521e-08
1.089354e-08
1.090206e-08
1.091077e-08
1.091966e-08
1.092872e-08
1.093794e-08
1.094733e-08
1.095686e-08
1.096654e-08
1.097635e-08
1.098629e-08
1.099635e-08
1.100651e-08
1.101677e-08
1.102713e-08
1.103756e-08
1.104807e-08
1.105864e-08
1.106926e-08
1.107992e-08
1.109061e-08
1.110132e-08
1.111204e-08
1.112276e-08
1.113347e-08
1.114415e-08
1.115480e-08
1.116541e-08
1.117596e-08
1.118644e-08
1.119685e-08
1.120717e-08
1.121738e-08
1.122749e-08
1.123747e-08
1.124732e-08
1.125703e-08
1.126658e-08
1.127597e-08
1.128517e-08
1.129419e-08
1.130302e-08
1.131163e-08
1.132003e-08
1.132819e-08
1.133612e-08
1.134380e-08
1.135123e-08
1.135838e-08
1.136526e-08
1.137185e-08
1.137815e-08
1.138415e-08
1.138984e-08
1.139520e-08
1.140024e-08
1.140495e-08
1.140931e-08
1.141333e-08
1.141699e-08
1.142029e-08
1.142322e-08
1.142578e-08
1.142796e-08
1.142976e-08
1.143117e-08
1.143218e-08
1.143280e-08
1.143302e-08
1.143284e-08
1.143225e-08
1.143125e-08
1.142984e-08
1.142802e-08
1.142578e-08
1.142312e-08
1.142005e-08
1.141656e-08
1.141265e-08
1.140833e-08
1.140358e-08
1.139843e-08
1.139286e-08
1.138687e-08
1.138047e-08
1.137367e-08
1.136646e-08
1.135885e-08
1.135084e-08
1.134243e-08
1.133363e-08
1.132445e-08
1.131488e-08
1.130494e-08
1.129462e-08
1.128394e-08
1.127290e-08
1.126150e-08
1.124975e-08
1.123767e-08
1.122525e-08
1.121251e-08
1.119944e-08
1.118607e-08
1.117239e-08
1.115842e-08
1.114416e-08
1.112962e-08
1.111481e-08
1.109974e-08
1.108442e-08
1.106886e-08
1.105307e-08
1.103705e-08
1.102082e-08
1.100438e-08
1.098775e-08
1.097094e-08
1.095395e-08
1.093680e-08
1.091950e-08
1.090205e-08
1.088446e-08
1.086675e-08
1.084893e-08
1.083101e-08
1.081299e-08
1.079489e-08
1.077671e-08
1.075847e-08
1.074018e-08
1.072184e-08
1.070347e-08
1.068508e-08
1.066667e-08
1.064825e-08
1.062984e-08
1.061144e-08
1.059307e-08
1.057472e-08
1.055641e-08
1.053815e-08
1.051994e-08
1.050180e-08
1.048373e-08
1.046574e-08
1.044783e-08
1.043002e-08
1.041231e-08
1.039470e-08
1.037721e-08
1.035984e-08
1.034259e-08
1.032547e-08
1.030849e-08
1.029165e-08
1.027496e-08
1.025842e-08
1.024203e-08
1.022580e-08
1.020973e-08
1.019382e-08
1.017809e-08
1.016252e-08
1.014713e-08
1.013191e-08
1.011687e-08
1.010201e-08
1.008733e-08
1.007283e-08
1.005851e-08
1.004437e-08
1.003042e-08
1.001664e-08
1.000304e-08
9.989627e-09
9.976389e-09
9.963328e-09
9.950442e-09
9.937729e-09
9.925187e-09
9.912813e-09
9.900605e-09
9.888559e-09
9.876673e-09
9.864942e-09
9.853364e-09
9.841933e-09
9.830647e-09
9.819500e-09
9.808489e-09
9.797608e-09
9.786853e-09
9.776218e-09
9.765698e-09
9.755289e-09
9.744983e-09
9.734777e-09
9.724664e-09
9.714638e-09
9.704693e-09
9.694824e-09
9.685023e-09
9.675286e-09
9.665605e-09
9.655975e-09
9.646389e-09
9.636840e-09
9.627323e-09
9.617831e-09
9.608358e-09
9.598897e-09
9.589443e-09
9.579988e-09
9.570527e-09
9.561053e-09
9.551560e-09
9.542043e-09
9.532496e-09
9.522912e-09
9.513286e-09
9.503612e-09
9.493885e-09
9.484100e-09
9.474251e-09
9.464334e-09
9.454344e-09
9.444275e-09
9.434124e-09
9.423886e-09
9.413557e-09
9.403133e-09
9.392611e-09
9.381987e-09
9.371257e-09
9.360419e-09
9.349470e-09
9.338408e-09
9.327230e-09
9.315934e-09
9.304518e-09
9.292980e-09
9.281321e-09
9.269538e-09
9.257630e-09
9.245598e-09
9.233441e-09
9.221159e-09
9.208752e-09
9.196222e-09
9.183569e-09
9.170793e-09
9.157898e-09
9.144884e-09
9.131753e-09
9.118508e-09
9.105151e-09
9.091685e-09
9.078113e-09
9.064438e-09
9.050665e-09
9.036796e-09
9.022836e-09
9.008790e-09
8.994661e-09
8.980455e-09
8.966177e-09
8.951832e-09
8.937425e-09
8.922962e-09
8.908450e-09
8.893894e-09
8.879300e-09
8.864675e-09
8.850026e-09
8.835360e-09
8.820683e-09
8.806002e-09
8.791325e-09
8.776660e-09
8.762013e-09
8.747392e-09
8.732806e-09
8.718261e-09
8.703766e-09
8.689329e-09
8.674958e-09
8.660660e-09
8.646444e-09
8.632318e-09
8.618290e-09
8.604369e-09
8.590562e-09
8.576877e-09
8.563323e-09
8.549908e-09
8.536640e-09
8.523526e-09
8.510575e-09
8.497794e-09
8.485191e-09
8.472774e-09
8.460549e-09
8.448525e-09
8.436709e-09
8.425107e-09
8.413727e-09
8.402574e-09
8.391657e-09
8.380981e-09
8.370552e-09
8.360376e-09
8.350459e-09
8.340806e-09
8.331423e-09
8.322314e-09
8.313485e-09
8.304939e-09
8.296682e-09
8.288716e-09
8.281046e-09
8.273675e-09
8.266605e-09
8.259841e-09
8.253383e-09
8.247234e-09
8.241397e-09
8.235871e-09
8.230659e-09
8.225761e-09
8.221178e-09
8.216909e-09
8.212955e-09
8.209314e-09
8.205985e-09
8.202968e-09
8.200261e-09
8.197860e-09
8.195765e-09
8.193971e-09
8.192476e-09
8.191276e-09
8.190367e-09
8.189744e-09
8.189404e-09
8.189341e-09
8.189548e-09
8.190022e-09
8.190754e-09
8.191740e-09
8.192971e-09
8.194441e-09
8.196141e-09
8.198064e-09
8.200202e-09
8.202545e-09
8.205085e-09
8.207813e-09
8.210718e-09
8.213790e-09
8.217020e-09
8.220396e-09
8.223908e-09
8.227545e-09
8.231294e-09
8.235144e-09
8.239083e-09
8.243099e-09
8.247178e-09
8.251309e-09
8.255477e-09
8.259670e-09
8.263874e-09
8.268074e-09
8.272258e-09
8.276411e-09
8.280518e-09
8.284565e-09
8.288537e-09
8.292420e-09
8.296198e-09
8.299855e-09
8.303378e-09
8.306749e-09
8.309955e-09
8.312978e-09
8.315804e-09
8.318417e-09
8.320800e-09
8.322938e-09
8.324816e-09
8.326416e-09
8.327723e-09
8.328721e-09
8.329395e-09
8.329727e-09
8.329703e-09
8.329306e-09
8.328520e-09
8.327330e-09
8.325720e-09
8.323674e-09
8.321178e-09
8.318214e-09
8.314769e-09
8.310827e-09
8.306373e-09
8.301392e-09
8.295869e-09
8.289791e-09
8.283141e-09
8.275907e-09
8.268075e-09
8.259630e-09
8.250559e-09
8.240849e-09
8.230487e-09
8.219460e-09
8.207755e-09
8.195360e-09
8.182264e-09
8.168454e-09
8.153919e-09
8.138648e-09
8.122631e-09
8.105856e-09
8.088314e-09
8.069995e-09
8.050889e-09
8.030987e-09
8.010281e-09
7.988762e-09
7.966423e-09
7.943255e-09
7.919251e-09
7.894405e-09
7.868710e-09
7.842160e-09
7.814749e-09
7.786473e-09
7.757325e-09
7.727303e-09
7.696402e-09
7.664619e-09
7.631950e-09
7.598392e-09
7.563944e-09
7.528604e-09
7.492371e-09
7.455243e-09
7.417220e-09
7.378302e-09
7.338490e-09
7.297785e-09
7.256188e-09
7.213700e-09
7.170325e-09
7.126065e-09
7.080923e-09
7.034903e-09
6.988009e-09
6.940245e-09
6.891618e-09
6.842131e-09
6.791792e-09
6.740606e-09
6.688581e-09
6.635723e-09
6.582041e-09
6.527543e-09
6.472237e-09
6.416133e-09
6.359239e-09
6.301567e-09
6.243125e-09
6.183926e-09
6.123979e-09
6.063298e-09
6.001892e-09
5.939776e-09
5.876962e-09
5.813462e-09
5.749291e-09
5.684462e-09
5.618990e-09
5.552888e-09
5.486173e-09
5.418859e-09
5.350961e-09
5.282497e-09
5.213481e-09
5.143931e-09
5.073863e-09
5.003294e-09
4.932242e-09
4.860725e-09
4.788760e-09
4.716365e-09
4.643559e-09
4.570361e-09
4.496788e-09
4.422861e-09
4.348598e-09
4.274019e-09
4.199143e-09
4.123990e-09
4.048580e-09
3.972933e-09
3.897068e-09
3.821006e-09
3.744768e-09
3.668373e-09
3.591842e-09
3.515196e-09
3.438455e-09
3.361639e-09
3.284770e-09
3.207867e-09
3.130952e-09
3.054044e-09
2.977165e-09
2.900334e-09
2.823573e-09
2.746901e-09
2.670339e-09
2.593907e-09
2.517624e-09
2.441512e-09
2.365589e-09
2.289875e-09
2.214389e-09
2.139152e-09
2.064181e-09
1.989496e-09
1.915115e-09
1.841057e-09
1.767340e-09
1.693982e-09
1.621001e-09
1.548414e-09
1.476237e-09
1.404489e-09
1.333185e-09
1.262341e-09
1.191974e-09
1.122099e-09
1.052732e-09
9.838857e-10
9.155763e-10
8.478174e-10
7.806227e-10
7.140056e-10
6.479789e-10
5.825551e-10
5.177464e-10
4.535643e-10
3.900203e-10
3.271249e-10
2.648887e-10
2.033215e-10
1.424328e-10
8.223159e-11
2.272651e-11
-3.607439e-11
-9.416348e-11
-1.515336e-10
-2.081780e-10
-2.640906e-10
-3.192654e-10
-3.736974e-10
-4.273817e-10
-4.803140e-10
-5.324904e-10
-5.839076e-10
-6.345627e-10
-6.844532e-10
-7.335773e-10
-7.819335e-10
-8.295207e-10
-8.763385e-10
-9.223867e-10
-9.676658e-10
-1.012177e-09
-1.055920e-09
-1.098898e-09
-1.141114e-09
-1.182568e-09
-1.223265e-09
-1.263208e-09
-1.302400e-09
-1.340847e-09
-1.378552e-09
-1.415520e-09
-1.451758e-09
-1.487270e-09
-1.522063e-09
-1.556144e-09
-1.589518e-09
-1.622194e-09
-1.654179e-09
-1.685480e-09
-1.716106e-09
-1.746065e-09
-1.775365e-09
-1.804016e-09
-1.832027e-09
-1.859406e-09
-1.886164e-09
-1.912310e-09
-1.937855e-09
-1.962809e-09
-1.987181e-09
-2.010983e-09
-2.034225e-09
-2.056918e-09
-2.079073e-09
-2.100701e-09
-2.121813e-09
-2.142421e-09
-2.162535e-09
-2.182167e-09
-2.201328e-09
-2.220031e-09
-2.238285e-09
-2.256103e-09
-2.273497e-09
-2.290476e-09
-2.307054e-09
-2.323241e-09
-2.339048e-09
-2.354486e-09
-2.369567e-09
-2.384302e-09
-2.398702e-09
-2.412776e-09
-2.426537e-09
-2.439993e-09
-2.453157e-09
-2.466037e-09
-2.478644e-09
-2.490987e-09
-2.503077e-09
-2.514922e-09
-2.526532e-09
-2.537916e-09
-2.549082e-09
-2.560039e-09
-2.570795e-09
-2.581359e-09
-2.591737e-09
-2.601937e-09
-2.611967e-09
-2.621833e-09
-2.631542e-09
-2.641100e-09
-2.650514e-09
-2.659789e-09
-2.668930e-09
-2.677943e-09
-2.686833e-09
-2.695603e-09
-2.704259e-09
-2.712803e-09
-2.721241e-09
-2.729574e-09
-2.737806e-09
-2.745940e-09
-2.753977e-09
-2.761920e-09
-2.769771e-09
-2.777530e-09
-2.785199e-09
-2.792779e-09
-2.800270e-09
-2.807673e-09
-2.814986e-09
-2.822210e-09
-2.829344e-09
-2.836387e-09
-2.843338e-09
-2.850195e-09
-2.856956e-09
-2.863619e-09
-2.870182e-09
-2.876642e-09
-2.882997e-09
-2.889243e-09
-2.895376e-09
-2.901395e-09
-2.907294e-09
-2.913070e-09
-2.918718e-09
-2.924235e-09
-2.929616e-09
-2.934856e-09
-2.939950e-09
-2.944894e-09
-2.949681e-09
-2.954308e-09
-2.958768e-09
-2.963057e-09
-2.967167e-09
-2.971095e-09
-2.974833e-09
-2.978377e-09
-2.981719e-09
-2.984855e-09
-2.987778e-09
-2.990483e-09
-2.992962e-09
-2.995210e-09
-2.997221e-09
-2.998988e-09
-3.000506e-09
-3.001769e-09
-3.002770e-09
-3.003504e-09
-3.003964e-09
-3.004145e-09
-3.004041e-09
-3.003646e-09
-3.002955e-09
-3.001961e-09
-3.000660e-09
-2.999046e-09
-2.997114e-09
-2.994859e-09
-2.992276e-09
-2.989360e-09
-2.986107e-09
-2.982511e-09
-2.978569e-09
-2.974277e-09
-2.969630e-09
-2.964625e-09
-2.959258e-09
-2.953526e-09
-2.947425e-09
-2.940953e-09
-2.934106e-09
-2.926883e-09
-2.919280e-09
-2.911295e-09
-2.902928e-09
-2.894175e-09
-2.885036e-09
-2.875509e-09
-2.865593e-09
-2.855288e-09
-2.844593e-09
-2.833507e-09
-2.822031e-09
-2.810166e-09
-2.797910e-09
-2.785266e-09
-2.772233e-09
-2.758814e-09
-2.745010e-09
-2.730822e-09
-2.716252e-09
-2.701303e-09
-2.685976e-09
-2.670276e-09
-2.654204e-09
-2.637763e-09
-2.620957e-09
-2.603790e-09
-2.586266e-09
-2.568387e-09
-2.550160e-09
-2.531588e-09
-2.512676e-09
-2.493428e-09
-2.473851e-09
-2.453949e-09
-2.433728e-09
-2.413194e-09
-2.392352e-09
-2.371209e-09
-2.349772e-09
-2.328045e-09
-2.306037e-09
-2.283753e-09
-2.261202e-09
-2.238390e-09
-2.215324e-09
-2.192011e-09
-2.168461e-09
-2.144679e-09
-2.120674e-09
-2.096454e-09
-2.072027e-09
-2.047401e-09
-2.022585e-09
-1.997586e-09
-1.972414e-09
-1.947077e-09
-1.921583e-09
-1.895941e-09
-1.870161e-09
-1.844251e-09
-1.818220e-09
-1.792076e-09
-1.765830e-09
-1.739490e-09
-1.713065e-09
-1.686564e-09
-1.659997e-09
-1.633372e-09
-1.606700e-09
-1.579989e-09
-1.553248e-09
-1.526486e-09
-1.499714e-09
-1.472940e-09
-1.446173e-09
-1.419422e-09
-1.392697e-09
-1.366007e-09
-1.339360e-09
-1.312766e-09
-1.286235e-09
-1.259774e-09
-1.233393e-09
-1.207100e-09
-1.180905e-09
-1.154816e-09
-1.128842e-09
-1.102991e-09
-1.077272e-09
-1.051694e-09
-1.026264e-09
-1.000992e-09
-9.758843e-10
-9.509504e-10
-9.261980e-10
-9.016349e-10
-8.772691e-10
-8.531082e-10
-8.291599e-10
-8.054318e-10
-7.819313e-10
-7.586657e-10
-7.356422e-10
-7.128681e-10
-6.903502e-10
-6.680955e-10
-6.461107e-10
-6.244026e-10
-6.029777e-10
-5.818424e-10
-5.610030e-10
-5.404658e-10
-5.202368e-10
-5.003219e-10
-4.807271e-10
-4.614579e-10
-4.425202e-10
-4.239192e-10
-4.056603e-10
-3.877488e-10
-3.701898e-10
-3.529882e-10
-3.361490e-10
-3.196767e-10
-3.035761e-10
-2.878517e-10
-2.725077e-10
-2.575484e-10
-2.429779e-10
-2.288003e-10
-2.150193e-10
-2.016388e-10
-1.886623e-10
-1.760933e-10
-1.639352e-10
-1.521913e-10
-1.408646e-10
-1.299583e-10
-1.194751e-10
-1.094178e-10
-9.978911e-11
-9.059152e-11
-8.182743e-11
-7.349913e-11
-6.560877e-11
-5.815842e-11
-5.114998e-11
-4.458527e-11
-3.846598e-11
-3.279368e-11
-2.756982e-11
-2.279575e-11
-1.847268e-11
-1.460171e-11
-1.118383e-11
-8.219910e-12
-5.710706e-12
-3.656853e-12
-2.058873e-12
-9.171703e-13
-2.320356e-13
-3.642032e-15
