-4.305249e-14
2.776856e-12
1.123493e-11
2.532797e-11
4.505060e-11
7.039533e-11
1.013525e-10
1.379103e-10
1.800548e-10
2.277698e-10
2.810370e-10
3.398359e-10
4.041439e-10
4.739360e-10
5.491851e-10
6.298619e-10
7.159347e-10
8.073699e-10
9.041312e-10
1.006180e-09
1.113476e-09
1.225977e-09
1.343636e-09
1.466406e-09
1.594237e-09
1.727077e-09
1.864870e-09
2.007561e-09
2.155088e-09
2.307390e-09
2.464403e-09
2.626059e-09
2.792290e-09
2.963022e-09
3.138182e-09
3.317692e-09
3.501474e-09
3.689445e-09
3.881520e-09
4.077613e-09
4.277633e-09
4.481489e-09
4.689086e-09
4.900326e-09
5.115110e-09
5.333335e-09
5.554896e-09
5.779686e-09
6.007595e-09
6.238510e-09
6.472317e-09
6.708897e-09
6.948131e-09
7.189897e-09
7.434070e-09
7.680522e-09
7.929125e-09
8.179746e-09
8.432252e-09
8.686507e-09
8.942371e-09
9.199705e-09
9.458366e-09
9.718209e-09
9.979088e-09
1.024085e-08
1.050336e-08
1.076644e-08
1.102996e-08
1.129376e-08
1.155767e-08
1.182154e-08
1.208521e-08
1.234853e-08
1.261131e-08
1.287341e-08
1.313466e-08
1.339489e-08
1.365394e-08
1.391164e-08
1.416782e-08
1.442231e-08
1.467495e-08
1.492556e-08
1.517398e-08
1.542004e-08
1.566357e-08
1.590439e-08
1.614235e-08
1.637727e-08
1.660899e-08
1.683733e-08
1.706214e-08
1.728325e-08
1.750049e-08
1.771370e-08
1.792272e-08
1.812739e-08
1.832756e-08
1.852306e-08
1.871375e-08
1.889946e-08
1.908006e-08
1.925538e-08
1.942530e-08
1.958966e-08
1.974832e-08
1.990115e-08
2.004802e-08
2.018879e-08
2.032334e-08
2.045155e-08
2.057328e-08
2.068844e-08
2.079689e-08
2.089855e-08
2.099329e-08
2.108103e-08
2.116166e-08
2.123510e-08
2.130125e-08
2.136004e-08
2.141138e-08
2.145521e-08
2.149146e-08
2.152006e-08
2.154095e-08
2.155409e-08
2.155943e-08
2.155692e-08
2.154653e-08
2.152823e-08
2.150199e-08
2.146780e-08
2.142564e-08
2.137550e-08
2.131738e-08
2.125128e-08
2.117722e-08
2.109521e-08
2.100526e-08
2.090741e-08
2.080169e-08
2.068814e-08
2.056681e-08
2.043773e-08
2.030098e-08
2.015661e-08
2.000469e-08
1.984530e-08
1.967851e-08
1.950441e-08
1.932310e-08
1.913466e-08
1.893921e-08
1.873684e-08
1.852768e-08
1.831184e-08
1.808945e-08
1.786063e-08
1.762552e-08
1.738426e-08
1.713699e-08
1.688387e-08
1.662504e-08
1.636066e-08
1.609090e-08
1.581592e-08
1.553590e-08
1.525101e-08
1.496142e-08
1.466733e-08
1.436891e-08
1.406636e-08
1.375988e-08
1.344964e-08
1.313587e-08
1.281875e-08
1.249850e-08
1.217531e-08
1.184941e-08
1.152099e-08
1.119028e-08
1.085749e-08
1.052283e-08
1.018653e-08
9.848803e-09
9.509870e-09
9.169951e-09
8.829270e-09
8.488049e-09
8.146510e-09
7.804877e-09
7.463371e-09
7.122215e-09
6.781632e-09
6.441842e-09
6.103066e-09
5.765523e-09
5.429432e-09
5.095009e-09
4.762470e-09
4.432027e-09
4.103894e-09
3.778279e-09
3.455389e-09
3.135430e-09
2.818603e-09
2.505108e-09
2.195142e-09
1.888898e-09
1.586566e-09
1.288334e-09
9.943838e-10
7.048962e-10
4.200469e-10
1.400080e-10
-1.350527e-10
-4.049713e-10
-6.695883e-10
-9.287487e-10
-1.182302e-09
-1.430102e-09
-1.672008e-09
-1.907882e-09
-2.137595e-09
-2.361019e-09
-2.578033e-09
-2.788520e-09
-2.992369e-09
-3.189476e-09
-3.379738e-09
-3.563062e-09
-3.739357e-09
-3.908539e-09
-4.070530e-09
-4.225257e-09
-4.372652e-09
-4.512652e-09
-4.645203e-09
-4.770253e-09
-4.887756e-09
-4.997674e-09
-5.099972e-09
-5.194623e-09
-5.281602e-09
-5.360895e-09
-5.432487e-09
-5.496374e-09
-5.552554e-09
-5.601033e-09
-5.641820e-09
-5.674930e-09
-5.700385e-09
-5.718210e-09
-5.728435e-09
-5.731097e-09
-5.726237e-09
-5.713900e-09
-5.694137e-09
-5.667004e-09
-5.632560e-09
-5.590870e-09
-5.542004e-09
-5.486033e-09
-5.423037e-09
-5.353096e-09
-5.276296e-09
-5.192728e-09
-5.102485e-09
-5.005663e-09
-4.902364e-09
-4.792692e-09
-4.676754e-09
-4.554662e-09
-4.426529e-09
-4.292471e-09
-4.152609e-09
-4.007066e-09
-3.855965e-09
-3.699434e-09
-3.537604e-09
-3.370605e-09
-3.198572e-09
-3.021641e-09
-2.839949e-09
-2.653635e-09
-2.462841e-09
-2.267708e-09
-2.068380e-09
-1.865001e-09
-1.657717e-09
-1.446675e-09
-1.232021e-09
-1.013903e-09
-7.924703e-10
-5.678704e-10
-3.402525e-10
-1.097657e-10
1.234411e-10
3.592190e-10
5.974193e-10
8.378938e-10
1.080495e-09
1.325074e-09
1.571486e-09
1.819585e-09
2.069224e-09
2.320262e-09
2.572553e-09
2.825957e-09
3.080334e-09
3.335543e-09
3.591447e-09
3.847909e-09
4.104796e-09
4.361973e-09
4.619310e-09
4.876677e-09
5.133946e-09
5.390991e-09
5.647690e-09
5.903919e-09
6.159560e-09
6.414495e-09
6.668609e-09
6.921789e-09
7.173924e-09
7.424905e-09
7.674628e-09
7.922988e-09
8.169884e-09
8.415218e-09
8.658892e-09
8.900815e-09
9.140894e-09
9.379042e-09
9.615171e-09
9.849198e-09
1.008104e-08
1.031063e-08
1.053788e-08
1.076272e-08
1.098507e-08
1.120489e-08
1.142208e-08
1.163661e-08
1.184839e-08
1.205738e-08
1.226352e-08
1.246677e-08
1.266705e-08
1.286434e-08
1.305859e-08
1.324975e-08
1.343778e-08
1.362264e-08
1.380430e-08
1.398273e-08
1.415789e-08
1.432976e-08
1.449830e-08
1.466350e-08
1.482533e-08
1.498377e-08
1.513881e-08
1.529043e-08
1.543860e-08
1.558334e-08
1.572461e-08
1.586241e-08
1.599675e-08
1.612760e-08
1.625497e-08
1.637887e-08
1.649928e-08
1.661621e-08
1.672967e-08
1.683965e-08
1.694618e-08
1.704925e-08
1.714887e-08
1.724506e-08
1.733782e-08
1.742718e-08
1.751315e-08
1.759573e-08
1.767496e-08
1.775085e-08
1.782341e-08
1.789267e-08
1.795866e-08
1.802138e-08
1.808087e-08
1.813716e-08
1.819026e-08
1.824020e-08
1.828701e-08
1.833071e-08
1.837134e-08
1.840893e-08
1.844350e-08
1.847509e-08
1.850372e-08
1.852943e-08
1.855225e-08
1.857221e-08
1.858935e-08
1.860369e-08
1.861529e-08
1.862416e-08
1.863034e-08
1.863388e-08
1.863479e-08
1.863314e-08
1.862893e-08
1.862223e-08
1.861305e-08
1.860145e-08
1.858745e-08
1.857109e-08
1.855242e-08
1.853147e-08
1.850828e-08
1.848289e-08
1.845534e-08
1.842566e-08
1.839390e-08
1.836009e-08
1.832428e-08
1.828650e-08
1.824679e-08
1.820520e-08
1.816176e-08
1.811651e-08
1.806949e-08
1.802075e-08
1.797032e-08
1.791824e-08
1.786455e-08
1.780929e-08
1.775251e-08
1.769424e-08
1.763452e-08
1.757339e-08
1.751089e-08
1.744706e-08
1.738195e-08
1.731559e-08
1.724801e-08
1.717927e-08
1.710940e-08
1.703844e-08
1.696643e-08
1.689340e-08
1.681940e-08
1.674447e-08
1.666865e-08
1.659197e-08
1.651447e-08
1.643619e-08
1.635718e-08
1.627746e-08
1.619708e-08
1.611607e-08
1.603448e-08
1.595233e-08
1.586967e-08
1.578653e-08
1.570296e-08
1.561898e-08
1.553463e-08
1.544996e-08
1.536499e-08
1.527976e-08
1.519430e-08
1.510866e-08
1.502286e-08
1.493694e-08
1.485094e-08
1.476488e-08
1.467880e-08
1.459274e-08
1.450672e-08
1.442078e-08
1.433495e-08
1.424925e-08
1.416373e-08
1.407841e-08
1.399333e-08
1.390850e-08
1.382396e-08
1.373974e-08
1.365587e-08
1.357237e-08
1.348927e-08
1.340660e-08
1.332438e-08
1.324263e-08
1.316139e-08
1.308068e-08
1.300051e-08
1.292092e-08
1.284192e-08
1.276354e-08
1.268579e-08
1.260870e-08
1.253229e-08
1.245658e-08
1.238158e-08
1.230731e-08
1.223379e-08
1.216104e-08
1.208907e-08
1.201789e-08
1.194752e-08
1.187798e-08
1.180928e-08
1.174142e-08
1.167442e-08
1.160830e-08
1.154305e-08
1.147870e-08
1.141524e-08
1.135269e-08
1.129105e-08
1.123033e-08
1.117054e-08
1.111168e-08
1.105375e-08
1.099676e-08
1.094071e-08
1.088560e-08
1.083143e-08
1.077822e-08
1.072594e-08
1.067461e-08
1.062423e-08
1.057478e-08
1.052627e-08
1.047870e-08
1.043206e-08
1.038635e-08
1.034155e-08
1.029768e-08
1.025471e-08
1.021265e-08
1.017149e-08
1.013121e-08
1.009181e-08
1.005328e-08
1.001562e-08
9.978801e-09
9.942828e-09
9.907686e-09
9.873363e-09
9.839847e-09
9.807128e-09
9.775193e-09
9.744028e-09
9.713622e-09
9.683960e-09
9.655029e-09
9.626816e-09
9.599306e-09
9.572484e-09
9.546337e-09
9.520850e-09
9.496007e-09
9.471794e-09
9.448196e-09
9.425196e-09
9.402781e-09
9.380933e-09
9.359639e-09
9.338881e-09
9.318646e-09
9.298916e-09
9.279678e-09
9.260914e-09
9.242611e-09
9.224752e-09
9.207323e-09
9.190307e-09
9.173692e-09
9.157461e-09
9.141600e-09
9.126094e-09
9.110931e-09
9.096095e-09
9.081572e-09
9.067351e-09
9.053416e-09
9.039756e-09
9.026358e-09
9.013209e-09
9.000298e-09
8.987612e-09
8.975142e-09
8.962875e-09
8.950802e-09
8.938912e-09
8.927195e-09
8.915642e-09
8.904245e-09
8.892994e-09
8.881882e-09
8.870900e-09
8.860042e-09
8.849300e-09
8.838669e-09
8.828143e-09
8.817715e-09
8.807381e-09
8.797136e-09
8.786976e-09
8.776898e-09
8.766898e-09
8.756973e-09
8.747121e-09
8.737341e-09
8.727629e-09
8.717987e-09
8.708412e-09
8.698904e-09
8.689465e-09
8.680094e-09
8.670793e-09
8.661562e-09
8.652405e-09
8.643322e-09
8.634317e-09
8.625392e-09
8.616551e-09
8.607798e-09
8.599136e-09
8.590569e-09
8.582103e-09
8.573742e-09
8.565491e-09
8.557355e-09
8.549341e-09
8.541454e-09
8.533701e-09
8.526087e-09
8.518620e-09
8.511306e-09
8.504152e-09
8.497165e-09
8.490352e-09
8.483721e-09
8.477279e-09
8.471034e-09
8.464993e-09
8.459164e-09
8.453555e-09
8.448173e-09
8.443027e-09
8.438124e-09
8.433472e-09
8.429078e-09
8.424951e-09
8.421097e-09
8.417526e-09
8.414243e-09
8.411257e-09
8.408575e-09
8.406203e-09
8.404150e-09
8.402421e-09
8.401023e-09
8.399963e-09
8.399248e-09
8.398883e-09
8.398873e-09
8.399226e-09
8.399945e-09
8.401037e-09
8.402506e-09
8.404356e-09
8.406592e-09
8.409218e-09
8.412238e-09
8.415654e-09
8.419471e-09
8.423690e-09
8.428314e-09
8.433346e-09
8.438787e-09
8.444638e-09
8.450900e-09
8.457574e-09
8.464660e-09
8.472159e-09
8.480069e-09
8.488391e-09
8.497122e-09
8.506261e-09
8.515806e-09
8.525755e-09
8.536106e-09
8.546854e-09
8.557997e-09
8.569531e-09
8.581452e-09
8.593755e-09
8.606435e-09
8.619487e-09
8.632905e-09
8.646684e-09
8.660817e-09
8.675297e-09
8.690117e-09
8.705271e-09
8.720750e-09
8.736546e-09
8.752652e-09
8.769058e-09
8.785756e-09
8.802737e-09
8.819992e-09
8.837510e-09
8.855282e-09
8.873297e-09
8.891546e-09
8.910017e-09
8.928701e-09
8.947585e-09
8.966660e-09
8.985912e-09
9.005332e-09
9.024907e-09
9.044625e-09
9.064475e-09
9.084445e-09
9.104522e-09
9.124694e-09
9.144949e-09
9.165275e-09
9.185659e-09
9.206089e-09
9.226552e-09
9.247036e-09
9.267529e-09
9.288018e-09
9.308491e-09
9.328935e-09
9.349338e-09
9.369688e-09
9.389973e-09
9.410181e-09
9.430300e-09
9.450319e-09
9.470225e-09
9.490007e-09
9.509654e-09
9.529155e-09
9.548498e-09
9.567674e-09
9.586672e-09
9.605480e-09
9.624091e-09
9.642492e-09
9.660676e-09
9.678632e-09
9.696352e-09
9.713826e-09
9.731048e-09
9.748008e-09
9.764699e-09
9.781113e-09
9.797243e-09
9.813083e-09
9.828626e-09
9.843866e-09
9.858797e-09
9.873414e-09
9.887712e-09
9.901687e-09
9.915335e-09
9.928651e-09
9.941632e-09
9.954276e-09
9.966580e-09
9.978541e-09
9.990159e-09
1.000143e-08
1.001236e-08
1.002294e-08
1.003317e-08
1.004306e-08
1.005260e-08
1.006180e-08
1.007066e-08
1.007918e-08
1.008736e-08
1.009521e-08
1.010272e-08
1.010991e-08
1.011678e-08
1.012333e-08
1.012956e-08
1.013549e-08
1.014112e-08
1.014646e-08
1.015150e-08
1.015627e-08
1.016076e-08
1.016499e-08
1.016896e-08
1.017268e-08
1.017617e-08
1.017942e-08
1.018245e-08
1.018528e-08
1.018790e-08
1.019034e-08
1.019260e-08
1.019469e-08
1.019662e-08
1.019842e-08
1.020008e-08
1.020163e-08
1.020307e-08
1.020441e-08
1.020568e-08
1.020688e-08
1.020803e-08
1.020913e-08
1.021022e-08
1.021129e-08
1.021236e-08
1.021345e-08
1.021458e-08
1.021574e-08
1.021697e-08
1.021828e-08
1.021967e-08
1.022117e-08
1.022279e-08
1.022454e-08
1.022644e-08
1.022850e-08
1.023075e-08
1.023318e-08
1.023582e-08
1.023869e-08
1.024179e-08
1.024514e-08
1.024876e-08
1.025265e-08
1.025684e-08
1.026133e-08
1.026614e-08
1.027129e-08
1.027678e-08
1.028262e-08
1.028884e-08
1.029545e-08
1.030245e-08
1.030985e-08
1.031767e-08
1.032593e-08
1.033462e-08
1.034376e-08
1.035336e-08
1.036344e-08
1.037399e-08
1.038503e-08
1.039656e-08
1.040860e-08
1.042115e-08
1.043422e-08
1.044781e-08
1.046193e-08
1.047660e-08
1.049180e-08
1.050755e-08
1.052384e-08
1.054070e-08
1.055810e-08
1.057607e-08
1.059460e-08
1.061369e-08
1.063335e-08
1.065356e-08
1.067434e-08
1.069569e-08
1.071759e-08
1.074005e-08
1.076307e-08
1.078664e-08
1.081076e-08
1.083542e-08
1.086062e-08
1.088636e-08
1.091262e-08
1.093941e-08
1.096670e-08
1.099450e-08
1.102280e-08
1.105159e-08
1.108085e-08
1.111058e-08
1.114076e-08
1.117139e-08
1.120245e-08
1.123394e-08
1.126582e-08
1.129811e-08
1.133077e-08
1.136379e-08
1.139716e-08
1.143087e-08
1.146489e-08
1.149922e-08
1.153382e-08
1.156869e-08
1.160381e-08
1.163916e-08
1.167471e-08
1.171046e-08
1.174638e-08
1.178244e-08
1.181864e-08
1.185494e-08
1.189134e-08
1.192779e-08
1.196430e-08
1.200082e-08
1.203735e-08
1.207385e-08
1.211031e-08
1.214669e-08
1.218299e-08
1.221917e-08
1.225521e-08
1.229110e-08
1.232679e-08
1.236228e-08
1.239753e-08
1.243252e-08
1.246723e-08
1.250164e-08
1.253572e-08
1.256944e-08
1.260278e-08
1.263573e-08
1.266825e-08
1.270032e-08
1.273192e-08
1.276302e-08
1.279361e-08
1.282365e-08
1.285313e-08
1.288202e-08
1.291030e-08
1.293796e-08
1.296496e-08
1.299128e-08
1.301691e-08
1.304183e-08
1.306601e-08
1.308943e-08
1.311208e-08
1.313394e-08
1.315498e-08
1.317519e-08
1.319455e-08
1.321305e-08
1.323067e-08
1.324738e-08
1.326319e-08
1.327806e-08
1.329199e-08
1.330496e-08
1.331697e-08
1.332799e-08
1.333801e-08
1.334703e-08
1.335502e-08
1.336200e-08
1.336793e-08
1.337282e-08
1.337665e-08
1.337943e-08
1.338113e-08
1.338176e-08
1.338131e-08
1.337978e-08
1.337716e-08
1.337344e-08
1.336863e-08
1.336273e-08
1.335573e-08
1.334763e-08
1.333844e-08
1.332815e-08
1.331676e-08
1.330429e-08
1.329073e-08
1.327608e-08
1.326035e-08
1.324355e-08
1.322569e-08
1.320676e-08
1.318678e-08
1.316575e-08
1.314369e-08
1.312060e-08
1.309649e-08
1.307138e-08
1.304528e-08
1.301819e-08
1.299014e-08
1.296113e-08
1.293118e-08
1.290030e-08
1.286851e-08
1.283582e-08
1.280226e-08
1.276783e-08
1.273255e-08
1.269645e-08
1.265954e-08
1.262184e-08
1.258337e-08
1.254415e-08
1.250419e-08
1.246353e-08
1.242217e-08
1.238015e-08
1.233748e-08
1.229418e-08
1.225029e-08
1.220581e-08
1.216077e-08
1.211521e-08
1.206913e-08
1.202256e-08
1.197553e-08
1.192807e-08
1.188019e-08
1.183191e-08
1.178327e-08
1.173429e-08
1.168500e-08
1.163540e-08
1.158555e-08
1.153545e-08
1.148513e-08
1.143461e-08
1.138393e-08
1.133310e-08
1.128216e-08
1.123112e-08
1.118000e-08
1.112884e-08
1.107766e-08
1.102647e-08
1.097532e-08
1.092421e-08
1.087317e-08
1.082222e-08
1.077139e-08
1.072070e-08
1.067018e-08
1.061983e-08
1.056969e-08
1.051978e-08
1.047011e-08
1.042071e-08
1.037160e-08
1.032280e-08
1.027432e-08
1.022619e-08
1.017842e-08
1.013103e-08
1.008404e-08
1.003747e-08
9.991338e-09
9.945651e-09
9.900429e-09
9.855687e-09
9.811441e-09
9.767704e-09
9.724491e-09
9.681813e-09
9.639685e-09
9.598117e-09
9.557122e-09
9.516711e-09
9.476893e-09
9.437680e-09
9.399079e-09
9.361102e-09
9.323754e-09
9.287045e-09
9.250981e-09
9.215569e-09
9.180815e-09
9.146725e-09
9.113304e-09
9.080556e-09
9.048484e-09
9.017093e-09
8.986385e-09
8.956363e-09
8.927028e-09
8.898381e-09
8.870424e-09
8.843157e-09
8.816578e-09
8.790689e-09
8.765487e-09
8.740970e-09
8.717137e-09
8.693985e-09
8.671511e-09
8.649712e-09
8.628583e-09
8.608120e-09
8.588319e-09
8.569175e-09
8.550681e-09
8.532832e-09
8.515622e-09
8.499044e-09
8.483091e-09
8.467757e-09
8.453032e-09
8.438911e-09
8.425384e-09
8.412443e-09
8.400080e-09
8.388285e-09
8.377050e-09
8.366365e-09
8.356221e-09
8.346607e-09
8.337514e-09
8.328932e-09
8.320851e-09
8.313260e-09
8.306149e-09
8.299507e-09
8.293324e-09
8.287589e-09
8.282290e-09
8.277418e-09
8.272961e-09
8.268908e-09
8.265249e-09
8.261972e-09
8.259066e-09
8.256521e-09
8.254326e-09
8.252469e-09
8.250941e-09
8.249729e-09
8.248825e-09
8.248216e-09
8.247893e-09
8.247846e-09
8.248063e-09
8.248536e-09
8.249253e-09
8.250206e-09
8.251385e-09
8.252780e-09
8.254381e-09
8.256181e-09
8.258169e-09
8.260337e-09
8.262677e-09
8.265179e-09
8.267837e-09
8.270642e-09
8.273586e-09
8.276662e-09
8.279862e-09
8.283180e-09
8.286608e-09
8.290141e-09
8.293771e-09
8.297493e-09
8.301300e-09
8.305188e-09
8.309150e-09
8.313182e-09
8.317278e-09
8.321434e-09
8.325646e-09
8.329908e-09
8.334218e-09
8.338571e-09
8.342963e-09
8.347392e-09
8.351854e-09
8.356346e-09
8.360866e-09
8.365411e-09
8.369978e-09
8.374565e-09
8.379171e-09
8.383794e-09
8.388432e-09
8.393083e-09
8.397746e-09
8.402421e-09
8.407105e-09
8.411798e-09
8.416500e-09
8.421209e-09
8.425925e-09
8.430648e-09
8.435376e-09
8.440111e-09
8.444850e-09
8.449596e-09
8.454346e-09
8.459101e-09
8.463861e-09
8.468626e-09
8.473396e-09
8.478171e-09
8.482950e-09
8.487734e-09
8.492523e-09
8.497316e-09
8.502112e-09
8.506913e-09
8.511717e-09
8.516524e-09
8.521334e-09
8.526146e-09
8.530959e-09
8.535772e-09
8.540585e-09
8.545396e-09
8.550205e-09
8.555009e-09
8.559807e-09
8.564598e-09
8.569380e-09
8.574150e-09
8.578906e-09
8.583647e-09
8.588369e-09
8.593069e-09
8.597745e-09
8.602393e-09
8.607009e-09
8.611591e-09
8.616134e-09
8.620633e-09
8.625085e-09
8.629485e-09
8.633828e-09
8.638109e-09
8.642322e-09
8.646462e-09
8.650523e-09
8.654498e-09
8.658383e-09
8.662169e-09
8.665850e-09
8.669418e-09
8.672868e-09
8.676190e-09
8.679377e-09
8.682421e-09
8.685314e-09
8.688047e-09
8.690612e-09
8.692999e-09
8.695198e-09
8.697202e-09
8.699000e-09
8.700582e-09
8.701938e-09
8.703058e-09
8.703932e-09
8.704548e-09
8.704898e-09
8.704968e-09
8.704750e-09
8.704230e-09
8.703398e-09
8.702243e-09
8.700754e-09
8.698917e-09
8.696722e-09
8.694158e-09
8.691211e-09
8.687871e-09
8.684125e-09
8.679961e-09
8.675368e-09
8.670332e-09
8.664844e-09
8.658889e-09
8.652457e-09
8.645535e-09
8.638112e-09
8.630175e-09
8.621714e-09
8.612716e-09
8.603169e-09
8.593063e-09
8.582387e-09
8.571128e-09
8.559276e-09
8.546820e-09
8.533749e-09
8.520054e-09
8.505723e-09
8.490747e-09
8.475115e-09
8.458819e-09
8.441849e-09
8.424195e-09
8.405849e-09
8.386802e-09
8.367046e-09
8.346574e-09
8.325376e-09
8.303447e-09
8.280779e-09
8.257365e-09
8.233200e-09
8.208276e-09
8.182590e-09
8.156134e-09
8.128905e-09
8.100897e-09
8.072108e-09
8.042533e-09
8.012169e-09
7.981013e-09
7.949062e-09
7.916315e-09
7.882770e-09
7.848426e-09
7.813282e-09
7.777337e-09
7.740592e-09
7.703048e-09
7.664705e-09
7.625564e-09
7.585628e-09
7.544899e-09
7.503380e-09
7.461073e-09
7.417983e-09
7.374113e-09
7.329468e-09
7.284053e-09
7.237873e-09
7.190934e-09
7.143241e-09
7.094802e-09
7.045624e-09
6.995714e-09
6.945079e-09
6.893729e-09
6.841671e-09
6.788914e-09
6.735468e-09
6.681342e-09
6.626547e-09
6.571093e-09
6.514991e-09
6.458251e-09
6.400885e-09
6.342905e-09
6.284323e-09
6.225151e-09
6.165402e-09
6.105088e-09
6.044222e-09
5.982819e-09
5.920892e-09
5.858454e-09
5.795519e-09
5.732102e-09
5.668218e-09
5.603881e-09
5.539105e-09
5.473907e-09
5.408300e-09
5.342301e-09
5.275924e-09
5.209185e-09
5.142101e-09
5.074686e-09
5.006956e-09
4.938927e-09
4.870616e-09
4.802038e-09
4.733209e-09
4.664145e-09
4.594862e-09
4.525377e-09
4.455704e-09
4.385861e-09
4.315864e-09
4.245727e-09
4.175467e-09
4.105100e-09
4.034641e-09
3.964107e-09
3.893511e-09
3.822871e-09
3.752202e-09
3.681517e-09
3.610834e-09
3.540165e-09
3.469527e-09
3.398934e-09
3.328400e-09
3.257939e-09
3.187566e-09
3.117294e-09
3.047137e-09
2.977109e-09
2.907223e-09
2.837492e-09
2.767929e-09
2.698546e-09
2.629356e-09
2.560372e-09
2.491604e-09
2.423065e-09
2.354767e-09
2.286720e-09
2.218936e-09
2.151424e-09
2.084197e-09
2.017264e-09
1.950634e-09
1.884318e-09
1.818326e-09
1.752666e-09
1.687347e-09
1.622378e-09
1.557768e-09
1.493524e-09
1.429655e-09
1.366169e-09
1.303072e-09
1.240372e-09
1.178076e-09
1.116190e-09
1.054721e-09
9.936757e-10
9.330591e-10
8.728774e-10
8.131359e-10
7.538398e-10
6.949942e-10
6.366039e-10
5.786734e-10
5.212069e-10
4.642088e-10
4.076827e-10
3.516325e-10
2.960617e-10
2.409734e-10
1.863708e-10
1.322569e-10
7.863421e-11
2.550538e-11
-2.712728e-11
-7.926160e-11
-1.308956e-10
-1.820274e-10
-2.326554e-10
-2.827780e-10
-3.323940e-10
-3.815021e-10
-4.301012e-10
-4.781905e-10
-5.257691e-10
-5.728365e-10
-6.193920e-10
-6.654354e-10
-7.109664e-10
-7.559847e-10
-8.004904e-10
-8.444835e-10
-8.879643e-10
-9.309330e-10
-9.733900e-10
-1.015336e-09
-1.056771e-09
-1.097696e-09
-1.138112e-09
-1.178019e-09
-1.217419e-09
-1.256313e-09
-1.294701e-09
-1.332585e-09
-1.369966e-09
-1.406845e-09
-1.443224e-09
-1.479103e-09
-1.514485e-09
-1.549372e-09
-1.583763e-09
-1.617662e-09
-1.651070e-09
-1.683989e-09
-1.716421e-09
-1.748366e-09
-1.779829e-09
-1.810809e-09
-1.841310e-09
-1.871333e-09
-1.900881e-09
-1.929955e-09
-1.958559e-09
-1.986693e-09
-2.014361e-09
-2.041565e-09
-2.068306e-09
-2.094588e-09
-2.120413e-09
-2.145784e-09
-2.170703e-09
-2.195172e-09
-2.219194e-09
-2.242772e-09
-2.265908e-09
-2.288606e-09
-2.310868e-09
-2.332696e-09
-2.354094e-09
-2.375065e-09
-2.395611e-09
-2.415735e-09
-2.435440e-09
-2.454730e-09
-2.473607e-09
-2.492074e-09
-2.510135e-09
-2.527792e-09
-2.545049e-09
-2.561909e-09
-2.578375e-09
-2.594451e-09
-2.610139e-09
-2.625443e-09
-2.640366e-09
-2.654911e-09
-2.669083e-09
-2.682884e-09
-2.696317e-09
-2.709387e-09
-2.722095e-09
-2.734447e-09
-2.746445e-09
-2.758093e-09
-2.769394e-09
-2.780351e-09
-2.790969e-09
-2.801250e-09
-2.811198e-09
-2.820816e-09
-2.830108e-09
-2.839078e-09
-2.847728e-09
-2.856062e-09
-2.864084e-09
-2.871796e-09
-2.879203e-09
-2.886307e-09
-2.893112e-09
-2.899621e-09
-2.905837e-09
-2.911763e-09
-2.917403e-09
-2.922760e-09
-2.927836e-09
-2.932635e-09
-2.937160e-09
-2.941413e-09
-2.945398e-09
-2.949117e-09
-2.952573e-09
-2.955769e-09
-2.958707e-09
-2.961390e-09
-2.963820e-09
-2.966000e-09
-2.967932e-09
-2.969618e-09
-2.971061e-09
-2.972262e-09
-2.973224e-09
-2.973948e-09
-2.974436e-09
-2.974691e-09
-2.974713e-09
-2.974504e-09
-2.974066e-09
-2.973401e-09
-2.972509e-09
-2.971391e-09
-2.970049e-09
-2.968484e-09
-2.966696e-09
-2.964687e-09
-2.962457e-09
-2.960006e-09
-2.957336e-09
-2.954446e-09
-2.951338e-09
-2.948011e-09
-2.944465e-09
-2.940700e-09
-2.936717e-09
-2.932516e-09
-2.928095e-09
-2.923455e-09
-2.918595e-09
-2.913515e-09
-2.908214e-09
-2.902692e-09
-2.896948e-09
-2.890981e-09
-2.884790e-09
-2.878375e-09
-2.871734e-09
-2.864867e-09
-2.857771e-09
-2.850447e-09
-2.842893e-09
-2.835107e-09
-2.827089e-09
-2.818837e-09
-2.810350e-09
-2.801626e-09
-2.792664e-09
-2.783462e-09
-2.774020e-09
-2.764335e-09
-2.754407e-09
-2.744233e-09
-2.733813e-09
-2.723144e-09
-2.712227e-09
-2.701058e-09
-2.689637e-09
-2.677963e-09
-2.666034e-09
-2.653849e-09
-2.641407e-09
-2.628706e-09
-2.615746e-09
-2.602526e-09
-2.589044e-09
-2.575300e-09
-2.561294e-09
-2.547024e-09
-2.532489e-09
-2.517690e-09
-2.502626e-09
-2.487297e-09
-2.471702e-09
-2.455841e-09
-2.439715e-09
-2.423324e-09
-2.406668e-09
-2.389748e-09
-2.372564e-09
-2.355117e-09
-2.337408e-09
-2.319438e-09
-2.301208e-09
-2.282720e-09
-2.263975e-09
-2.244975e-09
-2.225722e-09
-2.206217e-09
-2.186464e-09
-2.166465e-09
-2.146222e-09
-2.125738e-09
-2.105015e-09
-2.084059e-09
-2.062870e-09
-2.041454e-09
-2.019814e-09
-1.997954e-09
-1.975877e-09
-1.953589e-09
-1.931094e-09
-1.908397e-09
-1.885502e-09
-1.862415e-09
-1.839140e-09
-1.815685e-09
-1.792053e-09
-1.768252e-09
-1.744287e-09
-1.720164e-09
-1.695891e-09
-1.671473e-09
-1.646917e-09
-1.622231e-09
-1.597422e-09
-1.572497e-09
-1.547463e-09
-1.522328e-09
-1.497101e-09
-1.471789e-09
-1.446400e-09
-1.420943e-09
-1.395426e-09
-1.369858e-09
-1.344248e-09
-1.318604e-09
-1.292936e-09
-1.267252e-09
-1.241563e-09
-1.215876e-09
-1.190203e-09
-1.164552e-09
-1.138933e-09
-1.113357e-09
-1.087832e-09
-1.062368e-09
-1.036977e-09
-1.011667e-09
-9.864500e-10
-9.613347e-10
-9.363318e-10
-9.114516e-10
-8.867045e-10
-8.621007e-10
-8.376506e-10
-8.133645e-10
-7.892528e-10
-7.653259e-10
-7.415940e-10
-7.180676e-10
-6.947569e-10
-6.716722e-10
-6.488237e-10
-6.262216e-10
-6.038759e-10
-5.817968e-10
-5.599943e-10
-5.384782e-10
-5.172584e-10
-4.963447e-10
-4.757466e-10
-4.554737e-10
-4.355355e-10
-4.159412e-10
-3.967001e-10
-3.778211e-10
-3.593133e-10
-3.411853e-10
-3.234458e-10
-3.061033e-10
-2.891660e-10
-2.726422e-10
-2.565397e-10
-2.408663e-10
-2.256296e-10
-2.108371e-10
-1.964958e-10
-1.826129e-10
-1.691950e-10
-1.562489e-10
-1.437807e-10
-1.317967e-10
-1.203028e-10
-1.093047e-10
-9.880774e-11
-8.881718e-11
-7.933798e-11
-7.037485e-11
-6.193225e-11
-5.401438e-11
-4.662521e-11
-3.976842e-11
-3.344745e-11
-2.766544e-11
-2.242532e-11
-1.772969e-11
-1.358092e-11
-9.981095e-12
-6.932018e-12
-4.435222e-12
-2.491965e-12
-1.103222e-12
-2.696940e-13
8.200951e-15
