1.288628e-05
1.288527e-05
1.288222e-05
1.287714e-05
1.287003e-05
1.286090e-05
1.284975e-05
1.283658e-05
1.282140e-05
1.280421e-05
1.278503e-05
1.276387e-05
1.274072e-05
1.271560e-05
1.268853e-05
1.265951e-05
1.262855e-05
1.259568e-05
1.256090e-05
1.252423e-05
1.248568e-05
1.244528e-05
1.240304e-05
1.235897e-05
1.231310e-05
1.226544e-05
1.221602e-05
1.216486e-05
1.211198e-05
1.205740e-05
1.200114e-05
1.194323e-05
1.188369e-05
1.182256e-05
1.175984e-05
1.169558e-05
1.162979e-05
1.156251e-05
1.149376e-05
1.142357e-05
1.135197e-05
1.127899e-05
1.120466e-05
1.112901e-05
1.105207e-05
1.097387e-05
1.089444e-05
1.081382e-05
1.073204e-05
1.064912e-05
1.056511e-05
1.048004e-05
1.039394e-05
1.030684e-05
1.021878e-05
1.012979e-05
1.003991e-05
9.949175e-06
9.857614e-06
9.765264e-06
9.672161e-06
9.578340e-06
9.483836e-06
9.388685e-06
9.292921e-06
9.196580e-06
9.099697e-06
9.002309e-06
8.904449e-06
8.806153e-06
8.707456e-06
8.608394e-06
8.509000e-06
8.409311e-06
8.309360e-06
8.209181e-06
8.108809e-06
8.008279e-06
7.907622e-06
7.806874e-06
7.706067e-06
7.605234e-06
7.504408e-06
7.403621e-06
7.302906e-06
7.202292e-06
7.101813e-06
7.001499e-06
6.901380e-06
6.801487e-06
6.701848e-06
6.602494e-06
6.503453e-06
6.404754e-06
6.306424e-06
6.208491e-06
6.110981e-06
6.013921e-06
5.917338e-06
5.821255e-06
5.725699e-06
5.630693e-06
5.536261e-06
5.442427e-06
5.349212e-06
5.256640e-06
5.164731e-06
5.073506e-06
4.982986e-06
4.893191e-06
4.804139e-06
4.715850e-06
4.628340e-06
4.541628e-06
4.455730e-06
4.370662e-06
4.286439e-06
4.203077e-06
4.120590e-06
4.038991e-06
3.958293e-06
3.878510e-06
3.799651e-06
3.721729e-06
3.644754e-06
3.568736e-06
3.493685e-06
3.419609e-06
3.346516e-06
3.274413e-06
3.203308e-06
3.133207e-06
3.064115e-06
2.996038e-06
2.928981e-06
2.862946e-06
2.797938e-06
2.733960e-06
2.671014e-06
2.609101e-06
2.548222e-06
2.488379e-06
2.429572e-06
2.371800e-06
2.315063e-06
2.259358e-06
2.204684e-06
2.151040e-06
2.098421e-06
2.046825e-06
1.996248e-06
1.946685e-06
1.898133e-06
1.850586e-06
1.804039e-06
1.758486e-06
1.713920e-06
1.670335e-06
1.627724e-06
1.586080e-06
1.545395e-06
1.505661e-06
1.466869e-06
1.429011e-06
1.392078e-06
1.356060e-06
1.320949e-06
1.286733e-06
1.253404e-06
1.220950e-06
1.189362e-06
1.158628e-06
1.128737e-06
1.099678e-06
1.071440e-06
1.044011e-06
1.017379e-06
9.915321e-07
9.664589e-07
9.421466e-07
9.185831e-07
8.957558e-07
8.736522e-07
8.522596e-07
8.315653e-07
8.115565e-07
7.922202e-07
7.735436e-07
7.555136e-07
7.381173e-07
7.213416e-07
7.051735e-07
6.895998e-07
6.746075e-07
6.601837e-07
6.463151e-07
6.329889e-07
6.201920e-07
6.079115e-07
5.961346e-07
5.848484e-07
5.740402e-07
5.636973e-07
5.538072e-07
5.443572e-07
5.353350e-07
5.267283e-07
5.185248e-07
5.107126e-07
5.032795e-07
4.962138e-07
4.895037e-07
4.831377e-07
4.771042e-07
4.713920e-07
4.659900e-07
4.608871e-07
4.560724e-07
4.515354e-07
4.472654e-07
4.432521e-07
4.394854e-07
4.359551e-07
4.326516e-07
4.295650e-07
4.266860e-07
4.240053e-07
4.215137e-07
4.192023e-07
4.170624e-07
4.150854e-07
4.132630e-07
4.115870e-07
4.100494e-07
4.086425e-07
4.073587e-07
4.061906e-07
4.051310e-07
4.041728e-07
4.033093e-07
4.025339e-07
4.018401e-07
4.012217e-07
4.006726e-07
4.001870e-07
3.997592e-07
3.993838e-07
3.990554e-07
3.987689e-07
3.985195e-07
3.983023e-07
3.981128e-07
3.979466e-07
3.977995e-07
3.976674e-07
3.975466e-07
3.974331e-07
3.973236e-07
3.972147e-07
3.971031e-07
3.969857e-07
3.968598e-07
3.967225e-07
3.965712e-07
3.964034e-07
3.962170e-07
3.960096e-07
3.957793e-07
3.955242e-07
3.952424e-07
3.949324e-07
3.945927e-07
3.942218e-07
3.938185e-07
3.933817e-07
3.929102e-07
3.924032e-07
3.918598e-07
3.912792e-07
3.906610e-07
3.900045e-07
3.893092e-07
3.885749e-07
3.878013e-07
3.869882e-07
3.861355e-07
3.852431e-07
3.843112e-07
3.833398e-07
3.823292e-07
3.812795e-07
3.801912e-07
3.790645e-07
3.778999e-07
3.766979e-07
3.754590e-07
3.741838e-07
3.728729e-07
3.715270e-07
3.701468e-07
3.687330e-07
3.672865e-07
3.658079e-07
3.642982e-07
3.627582e-07
3.611888e-07
3.595909e-07
3.579654e-07
3.563133e-07
3.546356e-07
3.529332e-07
3.512071e-07
3.494583e-07
3.476878e-07
3.458967e-07
3.440859e-07
3.422565e-07
3.404094e-07
3.385458e-07
3.366666e-07
3.347728e-07
3.328655e-07
3.309457e-07
3.290143e-07
3.270723e-07
3.251208e-07
3.231607e-07
3.211930e-07
3.192185e-07
3.172383e-07
3.152532e-07
3.132642e-07
3.112722e-07
3.092779e-07
3.072823e-07
3.052862e-07
3.032905e-07
3.012958e-07
2.993031e-07
2.973130e-07
2.953263e-07
2.933436e-07
2.913658e-07
2.893935e-07
2.874273e-07
2.854679e-07
2.835159e-07
2.815719e-07
2.796364e-07
2.777099e-07
2.757931e-07
2.738864e-07
2.719904e-07
2.701053e-07
2.682318e-07
2.663702e-07
2.645209e-07
2.626843e-07
2.608608e-07
2.590506e-07
2.572541e-07
2.554717e-07
2.537035e-07
2.519498e-07
2.502109e-07
2.484870e-07
2.467782e-07
2.450849e-07
2.434070e-07
2.417449e-07
2.400985e-07
2.384681e-07
2.368538e-07
2.352555e-07
2.336735e-07
2.321077e-07
2.305581e-07
2.290249e-07
2.275081e-07
2.260075e-07
2.245233e-07
2.230555e-07
2.216038e-07
2.201684e-07
2.187492e-07
2.173462e-07
2.159591e-07
2.145880e-07
2.132328e-07
2.118934e-07
2.105697e-07
2.092615e-07
2.079687e-07
2.066913e-07
2.054291e-07
2.041819e-07
2.029496e-07
2.017321e-07
2.005291e-07
1.993407e-07
1.981665e-07
1.970064e-07
1.958603e-07
1.947280e-07
1.936094e-07
1.925042e-07
1.914122e-07
1.903334e-07
1.892675e-07
1.882144e-07
1.871738e-07
1.861456e-07
1.851296e-07
1.841257e-07
1.831336e-07
1.821532e-07
1.811843e-07
1.802268e-07
1.792804e-07
1.783449e-07
1.774203e-07
1.765063e-07
1.756028e-07
1.747096e-07
1.738265e-07
1.729534e-07
1.720901e-07
1.712364e-07
1.703923e-07
1.695575e-07
1.687319e-07
1.679154e-07
1.671078e-07
1.663089e-07
1.655187e-07
1.647369e-07
1.639635e-07
1.631984e-07
1.624413e-07
1.616922e-07
1.609510e-07
1.602175e-07
1.594916e-07
1.587733e-07
1.580623e-07
1.573586e-07
1.566621e-07
1.559727e-07
1.552903e-07
1.546148e-07
1.539461e-07
1.532842e-07
1.526288e-07
1.519800e-07
1.513377e-07
1.507017e-07
1.500720e-07
1.494486e-07
1.488314e-07
1.482202e-07
1.476151e-07
1.470159e-07
1.464226e-07
1.458352e-07
1.452536e-07
1.446776e-07
1.441074e-07
1.435428e-07
1.429837e-07
1.424301e-07
1.418820e-07
1.413394e-07
1.408021e-07
1.402701e-07
1.397434e-07
1.392220e-07
1.387058e-07
1.381947e-07
1.376888e-07
1.371879e-07
1.366922e-07
1.362014e-07
1.357156e-07
1.352348e-07
1.347589e-07
1.342879e-07
1.338217e-07
1.333604e-07
1.329038e-07
1.324520e-07
1.320049e-07
1.315626e-07
1.311249e-07
1.306918e-07
1.302633e-07
1.298394e-07
1.294201e-07
1.290053e-07
1.285949e-07
1.281891e-07
1.277876e-07
1.273906e-07
1.269979e-07
1.266095e-07
1.262255e-07
1.258457e-07
1.254702e-07
1.250989e-07
1.247317e-07
1.243688e-07
1.240099e-07
1.236551e-07
1.233044e-07
1.229577e-07
1.226149e-07
1.222762e-07
1.219413e-07
1.216103e-07
1.212832e-07
1.209598e-07
1.206403e-07
1.203244e-07
1.200123e-07
1.197038e-07
1.193990e-07
1.190977e-07
1.188000e-07
1.185057e-07
1.182150e-07
1.179277e-07
1.176437e-07
1.173631e-07
1.170858e-07
1.168117e-07
1.165409e-07
1.162732e-07
1.160087e-07
1.157472e-07
1.154888e-07
1.152334e-07
1.149809e-07
1.147314e-07
1.144847e-07
1.142408e-07
1.139997e-07
1.137613e-07
1.135256e-07
1.132925e-07
1.130620e-07
1.128341e-07
1.126086e-07
1.123856e-07
1.121649e-07
1.119466e-07
1.117306e-07
1.115168e-07
1.113053e-07
1.110959e-07
1.108886e-07
1.106833e-07
1.104800e-07
1.102787e-07
1.100793e-07
1.098817e-07
1.096859e-07
1.094919e-07
1.092996e-07
1.091089e-07
1.089199e-07
1.087324e-07
1.085463e-07
1.083618e-07
1.081786e-07
1.079968e-07
1.078163e-07
1.076370e-07
1.074590e-07
1.072820e-07
1.071062e-07
1.069315e-07
1.067577e-07
1.065849e-07
1.064130e-07
1.062420e-07
1.060717e-07
1.059022e-07
1.057335e-07
1.055653e-07
1.053978e-07
1.052309e-07
1.050645e-07
1.048985e-07
1.047330e-07
1.045678e-07
1.044030e-07
1.042384e-07
1.040741e-07
1.039099e-07
1.037459e-07
1.035820e-07
1.034182e-07
1.032543e-07
1.030905e-07
1.029265e-07
1.027624e-07
1.025982e-07
1.024337e-07
1.022690e-07
1.021039e-07
1.019386e-07
1.017729e-07
1.016067e-07
1.014401e-07
1.012730e-07
1.011053e-07
1.009371e-07
1.007682e-07
1.005987e-07
1.004285e-07
1.002576e-07
1.000859e-07
9.991338e-08
9.974005e-08
9.956585e-08
9.939074e-08
9.921469e-08
9.903768e-08
9.885966e-08
9.868061e-08
9.850049e-08
9.831928e-08
9.813694e-08
9.795345e-08
9.776878e-08
9.758290e-08
9.739579e-08
9.720742e-08
9.701776e-08
9.682679e-08
9.663449e-08
9.644083e-08
9.624579e-08
9.604936e-08
9.585151e-08
9.565221e-08
9.545146e-08
9.524924e-08
9.504552e-08
9.484030e-08
9.463355e-08
9.442526e-08
9.421542e-08
9.400402e-08
9.379105e-08
9.357648e-08
9.336032e-08
9.314256e-08
9.292318e-08
9.270218e-08
9.247956e-08
9.225530e-08
9.202941e-08
9.180188e-08
9.157270e-08
9.134188e-08
9.110942e-08
9.087532e-08
9.063957e-08
9.040218e-08
9.016316e-08
8.992250e-08
8.968022e-08
8.943632e-08
8.919080e-08
8.894367e-08
8.869495e-08
8.844464e-08
8.819276e-08
8.793931e-08
8.768431e-08
8.742777e-08
8.716970e-08
8.691013e-08
8.664906e-08
8.638652e-08
8.612252e-08
8.585708e-08
8.559022e-08
8.532197e-08
8.505234e-08
8.478135e-08
8.450903e-08
8.423541e-08
8.396050e-08
8.368433e-08
8.340693e-08
8.312833e-08
8.284855e-08
8.256762e-08
8.228557e-08
8.200243e-08
8.171823e-08
8.143300e-08
8.114678e-08
8.085959e-08
8.057147e-08
8.028245e-08
7.999257e-08
7.970186e-08
7.941035e-08
7.911809e-08
7.882510e-08
7.853143e-08
7.823711e-08
7.794217e-08
7.764666e-08
7.735062e-08
7.705408e-08
7.675708e-08
7.645966e-08
7.616186e-08
7.586372e-08
7.556528e-08
7.526658e-08
7.496767e-08
7.466857e-08
7.436934e-08
7.407001e-08
7.377063e-08
7.347123e-08
7.317186e-08
7.287255e-08
7.257336e-08
7.227432e-08
7.197547e-08
7.167685e-08
7.137851e-08
7.108048e-08
7.078281e-08
7.048554e-08
7.018870e-08
6.989235e-08
6.959651e-08
6.930124e-08
6.900656e-08
6.871252e-08
6.841917e-08
6.812653e-08
6.783465e-08
6.754356e-08
6.725331e-08
6.696393e-08
6.667546e-08
6.638793e-08
6.610139e-08
6.581586e-08
6.553140e-08
6.524802e-08
6.496576e-08
6.468467e-08
6.440477e-08
6.412610e-08
6.384868e-08
6.357256e-08
6.329776e-08
6.302432e-08
6.275226e-08
6.248161e-08
6.221241e-08
6.194468e-08
6.167845e-08
6.141375e-08
6.115061e-08
6.088904e-08
6.062908e-08
6.037075e-08
6.011408e-08
5.985908e-08
5.960579e-08
5.935421e-08
5.910438e-08
5.885632e-08
5.861003e-08
5.836555e-08
5.812289e-08
5.788207e-08
5.764310e-08
5.740600e-08
5.717078e-08
5.693747e-08
5.670607e-08
5.647659e-08
5.624906e-08
5.602347e-08
5.579984e-08
5.557819e-08
5.535851e-08
5.514082e-08
5.492512e-08
5.471143e-08
5.449974e-08
5.429006e-08
5.408240e-08
5.387676e-08
5.367315e-08
5.347156e-08
5.327200e-08
5.307446e-08
5.287896e-08
5.268548e-08
5.249402e-08
5.230459e-08
5.211718e-08
5.193179e-08
5.174841e-08
5.156704e-08
5.138767e-08
5.121029e-08
5.103491e-08
5.086151e-08
5.069007e-08
5.052061e-08
5.035310e-08
5.018753e-08
5.002390e-08
4.986219e-08
4.970239e-08
4.954449e-08
4.938848e-08
4.923433e-08
4.908205e-08
4.893161e-08
4.878299e-08
4.863619e-08
4.849118e-08
4.834796e-08
4.820649e-08
4.806678e-08
4.792878e-08
4.779250e-08
4.765791e-08
4.752499e-08
4.739371e-08
4.726407e-08
4.713604e-08
4.700960e-08
4.688473e-08
4.676141e-08
4.663962e-08
4.651932e-08
4.640051e-08
4.628316e-08
4.616725e-08
4.605275e-08
4.593964e-08
4.582790e-08
4.571750e-08
4.560842e-08
4.550064e-08
4.539414e-08
4.528888e-08
4.518484e-08
4.508200e-08
4.498034e-08
4.487983e-08
4.478045e-08
4.468217e-08
4.458496e-08
4.448881e-08
4.439368e-08
4.429956e-08
4.420642e-08
4.411423e-08
4.402296e-08
4.393261e-08
4.384313e-08
4.375451e-08
4.366673e-08
4.357975e-08
4.349355e-08
4.340812e-08
4.332342e-08
4.323943e-08
4.315614e-08
4.307351e-08
4.299152e-08
4.291016e-08
4.282940e-08
4.274921e-08
4.266958e-08
4.259048e-08
4.251189e-08
4.243379e-08
4.235617e-08
4.227899e-08
4.220224e-08
4.212590e-08
4.204995e-08
4.197437e-08
4.189914e-08
4.182424e-08
4.174966e-08
4.167537e-08
4.160137e-08
4.152762e-08
4.145412e-08
4.138085e-08
4.130779e-08
4.123493e-08
4.116225e-08
4.108973e-08
4.101737e-08
4.094515e-08
4.087305e-08
4.080106e-08
4.072917e-08
4.065737e-08
4.058564e-08
4.051397e-08
4.044236e-08
4.037078e-08
4.029924e-08
4.022771e-08
4.015620e-08
4.008469e-08
4.001317e-08
3.994163e-08
3.987007e-08
3.979848e-08
3.972686e-08
3.965518e-08
3.958346e-08
3.951168e-08
3.943983e-08
3.936792e-08
3.929593e-08
3.922387e-08
3.915172e-08
3.907949e-08
3.900717e-08
3.893475e-08
3.886224e-08
3.878963e-08
3.871693e-08
3.864412e-08
3.857120e-08
3.849818e-08
3.842506e-08
3.835183e-08
3.827849e-08
3.820504e-08
3.813148e-08
3.805782e-08
3.798405e-08
3.791017e-08
3.783619e-08
3.776210e-08
3.768791e-08
3.761361e-08
3.753922e-08
3.746472e-08
3.739013e-08
3.731544e-08
3.724066e-08
3.716579e-08
3.709082e-08
3.701577e-08
3.694064e-08
3.686543e-08
3.679013e-08
3.671476e-08
3.663931e-08
3.656380e-08
3.648821e-08
3.641256e-08
3.633685e-08
3.626107e-08
3.618524e-08
3.610936e-08
3.603342e-08
3.595743e-08
3.588139e-08
3.580531e-08
3.572919e-08
3.565303e-08
3.557683e-08
3.550059e-08
3.542433e-08
3.534803e-08
3.527170e-08
3.519535e-08
3.511897e-08
3.504257e-08
3.496614e-08
3.488970e-08
3.481324e-08
3.473676e-08
3.466026e-08
3.458375e-08
3.450722e-08
3.443068e-08
3.435412e-08
3.427755e-08
3.420097e-08
3.412437e-08
3.404776e-08
3.397114e-08
3.389451e-08
3.381786e-08
3.374119e-08
3.366452e-08
3.358782e-08
3.351111e-08
3.343438e-08
3.335763e-08
3.328086e-08
3.320407e-08
3.312725e-08
3.305041e-08
3.297355e-08
3.289665e-08
3.281972e-08
3.274276e-08
3.266577e-08
3.258873e-08
3.251166e-08
3.243455e-08
3.235739e-08
3.228019e-08
3.220293e-08
3.212563e-08
3.204827e-08
3.197085e-08
3.189338e-08
3.181584e-08
3.173824e-08
3.166057e-08
3.158283e-08
3.150501e-08
3.142713e-08
3.134916e-08
3.127112e-08
3.119299e-08
3.111478e-08
3.103648e-08
3.095809e-08
3.087962e-08
3.080104e-08
3.072238e-08
3.064362e-08
3.056475e-08
3.048579e-08
3.040673e-08
3.032757e-08
3.024830e-08
3.016892e-08
3.008944e-08
3.000986e-08
2.993017e-08
2.985037e-08
2.977046e-08
2.969045e-08
2.961033e-08
2.953010e-08
2.944977e-08
2.936934e-08
2.928880e-08
2.920816e-08
2.912742e-08
2.904658e-08
2.896564e-08
2.888461e-08
2.880348e-08
2.872227e-08
2.864097e-08
2.855959e-08
2.847812e-08
2.839658e-08
2.831497e-08
2.823329e-08
2.815155e-08
2.806974e-08
2.798788e-08
2.790597e-08
2.782402e-08
2.774203e-08
2.766001e-08
2.757795e-08
2.749588e-08
2.741379e-08
2.733170e-08
2.724960e-08
2.716751e-08
2.708543e-08
2.700338e-08
2.692135e-08
2.683936e-08
2.675741e-08
2.667551e-08
2.659368e-08
2.651191e-08
2.643022e-08
2.634862e-08
2.626711e-08
2.618571e-08
2.610442e-08
2.602325e-08
2.594222e-08
2.586133e-08
2.578059e-08
2.570001e-08
2.561960e-08
2.553937e-08
2.545934e-08
2.537950e-08
2.529987e-08
2.522047e-08
2.514130e-08
2.506237e-08
2.498368e-08
2.490526e-08
2.482712e-08
2.474925e-08
2.467167e-08
2.459440e-08
2.451744e-08
2.444080e-08
2.436449e-08
2.428852e-08
2.421291e-08
2.413765e-08
2.406277e-08
2.398826e-08
2.391415e-08
2.384043e-08
2.376713e-08
2.369424e-08
2.362177e-08
2.354974e-08
2.347816e-08
2.340703e-08
2.333636e-08
2.326616e-08
2.319644e-08
2.312720e-08
2.305846e-08
2.299022e-08
2.292249e-08
2.285528e-08
2.278859e-08
2.272243e-08
2.265681e-08
2.259173e-08
2.252721e-08
2.246324e-08
2.239984e-08
2.233701e-08
2.227476e-08
2.221309e-08
2.215200e-08
2.209151e-08
2.203162e-08
2.197234e-08
2.191366e-08
2.185559e-08
2.179815e-08
2.174133e-08
2.168513e-08
2.162957e-08
2.157464e-08
2.152036e-08
2.146671e-08
2.141372e-08
2.136138e-08
2.130969e-08
2.125866e-08
2.120829e-08
2.115859e-08
2.110955e-08
2.106119e-08
2.101350e-08
2.096649e-08
2.092016e-08
2.087452e-08
2.082956e-08
2.078528e-08
2.074170e-08
2.069882e-08
2.065663e-08
2.061514e-08
2.057435e-08
2.053427e-08
2.049489e-08
2.045623e-08
2.041828e-08
2.038104e-08
2.034452e-08
2.030873e-08
2.027365e-08
2.023931e-08
2.020569e-08
2.017281e-08
2.014066e-08
2.010925e-08
2.007858e-08
2.004866e-08
2.001948e-08
1.999106e-08
1.996339e-08
1.993648e-08
1.991033e-08
1.988495e-08
1.986034e-08
1.983650e-08
1.981344e-08
1.979116e-08
1.976967e-08
1.974897e-08
1.972906e-08
1.970995e-08
1.969164e-08
1.967414e-08
1.965746e-08
1.964159e-08
1.962655e-08
1.961233e-08
1.959894e-08
1.958639e-08
1.957469e-08
1.956383e-08
1.955383e-08
1.954468e-08
1.953640e-08
1.952899e-08
1.952245e-08
1.951679e-08
1.951202e-08
1.950814e-08
1.950516e-08
1.950307e-08
1.950190e-08
1.950164e-08
1.950230e-08
1.950388e-08
1.950639e-08
1.950983e-08
1.951421e-08
1.951954e-08
1.952581e-08
1.953304e-08
1.954123e-08
1.955038e-08
1.956050e-08
1.957159e-08
1.958366e-08
1.959671e-08
1.961074e-08
1.962575e-08
1.964176e-08
1.965876e-08
1.967675e-08
1.969575e-08
1.971574e-08
1.973674e-08
1.975874e-08
1.978174e-08
1.980575e-08
1.983077e-08
1.985679e-08
1.988382e-08
1.991186e-08
1.994091e-08
1.997096e-08
2.000201e-08
2.003406e-08
2.006711e-08
2.010116e-08
2.013620e-08
2.017222e-08
2.020924e-08
2.024723e-08
2.028619e-08
2.032613e-08
2.036703e-08
2.040888e-08
2.045169e-08
2.049544e-08
2.054012e-08
2.058572e-08
2.063224e-08
2.067967e-08
2.072799e-08
2.077720e-08
2.082729e-08
2.087824e-08
2.093003e-08
2.098267e-08
2.103613e-08
2.109041e-08
2.114548e-08
2.120133e-08
2.125795e-08
2.131532e-08
2.137342e-08
2.143225e-08
2.149177e-08
2.155198e-08
2.161286e-08
2.167438e-08
2.173653e-08
2.179929e-08
2.186264e-08
2.192656e-08
2.199103e-08
2.205603e-08
2.212153e-08
2.218751e-08
2.225396e-08
2.232085e-08
2.238815e-08
2.245585e-08
2.252392e-08
2.259234e-08
2.266109e-08
2.273013e-08
2.279945e-08
2.286902e-08
2.293882e-08
2.300882e-08
2.307900e-08
2.314933e-08
2.321980e-08
2.329036e-08
2.336100e-08
2.343170e-08
2.350242e-08
2.357315e-08
2.364386e-08
2.371451e-08
2.378510e-08
2.385559e-08
2.392597e-08
2.399619e-08
2.406625e-08
2.413611e-08
2.420576e-08
2.427517e-08
2.434431e-08
2.441316e-08
2.448171e-08
2.454993e-08
2.461779e-08
2.468528e-08
2.475237e-08
2.481904e-08
2.488528e-08
2.495106e-08
2.501636e-08
2.508117e-08
2.514547e-08
2.520924e-08
2.527245e-08
2.533510e-08
2.539717e-08
2.545865e-08
2.551951e-08
2.557975e-08
2.563935e-08
2.569830e-08
2.575658e-08
2.581419e-08
2.587111e-08
2.592733e-08
2.598285e-08
2.603766e-08
2.609174e-08
2.614509e-08
2.619771e-08
2.624959e-08
2.630072e-08
2.635109e-08
2.640072e-08
2.644959e-08
2.649770e-08
2.654505e-08
2.659165e-08
2.663748e-08
2.668256e-08
2.672688e-08
2.677046e-08
2.681328e-08
2.685536e-08
2.689670e-08
2.693731e-08
2.697719e-08
2.701635e-08
2.705481e-08
2.709256e-08
2.712962e-08
2.716600e-08
2.720172e-08
2.723677e-08
2.727118e-08
2.730495e-08
2.733811e-08
2.737066e-08
2.740262e-08
2.743401e-08
2.746484e-08
2.749513e-08
2.752489e-08
2.755415e-08
2.758292e-08
2.761122e-08
2.763908e-08
2.766650e-08
2.769351e-08
2.772013e-08
2.774638e-08
2.777228e-08
2.779786e-08
2.782313e-08
2.784812e-08
2.787285e-08
2.789733e-08
2.792161e-08
2.794569e-08
2.796960e-08
2.799337e-08
2.801701e-08
2.804055e-08
2.806402e-08
2.808743e-08
2.811082e-08
2.813420e-08
2.815759e-08
2.818103e-08
2.820453e-08
2.822811e-08
2.825181e-08
2.827564e-08
2.829962e-08
2.832378e-08
2.834813e-08
2.837271e-08
2.839753e-08
2.842262e-08
2.844798e-08
2.847366e-08
2.849965e-08
2.852599e-08
2.855269e-08
2.857978e-08
2.860726e-08
2.863516e-08
2.866350e-08
2.869228e-08
2.872153e-08
2.875127e-08
2.878150e-08
2.881225e-08
2.884352e-08
2.887533e-08
2.890768e-08
2.894060e-08
2.897410e-08
2.900818e-08
2.904285e-08
2.907812e-08
2.911400e-08
2.915050e-08
2.918763e-08
2.922538e-08
2.926377e-08
2.930280e-08
2.934248e-08
2.938280e-08
2.942376e-08
2.946538e-08
2.950764e-08
2.955056e-08
2.959412e-08
2.963833e-08
2.968318e-08
2.972867e-08
2.977479e-08
2.982155e-08
2.986893e-08
2.991693e-08
2.996553e-08
3.001474e-08
3.006455e-08
3.011493e-08
3.016589e-08
3.021740e-08
3.026947e-08
3.032207e-08
3.037520e-08
3.042883e-08
3.048296e-08
3.053756e-08
3.059263e-08
3.064814e-08
3.070408e-08
3.076043e-08
3.081717e-08
3.087428e-08
3.093175e-08
3.098954e-08
3.104765e-08
3.110604e-08
3.116470e-08
3.122361e-08
3.128274e-08
3.134207e-08
3.140157e-08
3.146123e-08
3.152101e-08
3.158089e-08
3.164085e-08
3.170087e-08
3.176091e-08
3.182095e-08
3.188096e-08
3.194093e-08
3.200081e-08
3.206060e-08
3.212025e-08
3.217974e-08
3.223905e-08
3.229815e-08
3.235700e-08
3.241560e-08
3.247390e-08
3.253189e-08
3.258953e-08
3.264680e-08
3.270367e-08
3.276012e-08
3.281612e-08
3.287165e-08
3.292667e-08
3.298118e-08
3.303513e-08
3.308850e-08
3.314128e-08
3.319344e-08
3.324495e-08
3.329580e-08
3.334596e-08
3.339540e-08
3.344411e-08
3.349207e-08
3.353926e-08
3.358565e-08
3.363124e-08
3.367599e-08
3.371990e-08
3.376295e-08
3.380511e-08
3.384638e-08
3.388674e-08
3.392619e-08
3.396469e-08
3.400225e-08
3.403885e-08
3.407448e-08
3.410914e-08
3.414280e-08
3.417548e-08
3.420715e-08
3.423782e-08
3.426748e-08
3.429613e-08
3.432376e-08
3.435038e-08
3.437597e-08
3.440055e-08
3.442412e-08
3.444667e-08
3.446821e-08
3.448875e-08
3.450829e-08
3.452685e-08
3.454442e-08
3.456102e-08
3.457666e-08
3.459135e-08
3.460510e-08
3.461793e-08
3.462985e-08
3.464088e-08
3.465104e-08
3.466034e-08
3.466881e-08
3.467647e-08
3.468333e-08
3.468943e-08
3.469478e-08
3.469941e-08
3.470336e-08
3.470664e-08
3.470928e-08
3.471132e-08
3.471278e-08
3.471371e-08
3.471412e-08
3.471406e-08
3.471356e-08
3.471265e-08
3.471138e-08
3.470978e-08
3.470789e-08
3.470576e-08
3.470341e-08
3.470089e-08
3.469825e-08
3.469553e-08
3.469277e-08
3.469002e-08
3.468732e-08
3.468472e-08
3.468227e-08
3.468001e-08
3.467799e-08
3.467626e-08
3.467487e-08
3.467386e-08
3.467330e-08
3.467322e-08
3.467369e-08
3.467474e-08
3.467644e-08
3.467883e-08
3.468197e-08
3.468591e-08
3.469070e-08
3.469639e-08
3.470304e-08
3.471069e-08
3.471940e-08
3.472923e-08
3.474022e-08
3.475242e-08
3.476589e-08
3.478069e-08
3.479685e-08
3.481443e-08
3.483348e-08
3.485405e-08
3.487619e-08
3.489995e-08
3.492538e-08
3.495251e-08
3.498141e-08
3.501211e-08
3.504466e-08
3.507910e-08
3.511548e-08
3.515384e-08
3.519422e-08
3.523665e-08
3.528119e-08
3.532786e-08
3.537670e-08
3.542775e-08
3.548104e-08
3.553661e-08
3.559448e-08
3.565468e-08
3.571724e-08
3.578220e-08
3.584957e-08
3.591937e-08
3.599163e-08
3.606638e-08
3.614361e-08
3.622337e-08
3.630565e-08
3.639047e-08
3.647784e-08
3.656777e-08
3.666028e-08
3.675535e-08
3.685300e-08
3.695323e-08
3.705604e-08
3.716142e-08
3.726936e-08
3.737987e-08
3.749293e-08
3.760854e-08
3.772667e-08
3.784731e-08
3.797044e-08
3.809605e-08
3.822411e-08
3.835459e-08
3.848748e-08
3.862274e-08
3.876034e-08
3.890024e-08
3.904242e-08
3.918683e-08
3.933343e-08
3.948219e-08
3.963305e-08
3.978598e-08
3.994092e-08
4.009782e-08
4.025663e-08
4.041730e-08
4.057976e-08
4.074397e-08
4.090986e-08
4.107736e-08
4.124641e-08
4.141695e-08
4.158891e-08
4.176221e-08
4.193679e-08
4.211257e-08
4.228948e-08
4.246744e-08
4.264637e-08
4.282619e-08
4.300682e-08
4.318818e-08
4.337018e-08
4.355274e-08
4.373577e-08
4.391918e-08
4.410288e-08
4.428679e-08
4.447081e-08
4.465485e-08
4.483882e-08
4.502261e-08
4.520615e-08
4.538933e-08
4.557206e-08
4.575423e-08
4.593576e-08
4.611655e-08
4.629650e-08
4.647551e-08
4.665348e-08
4.683031e-08
4.700592e-08
4.718020e-08
4.735304e-08
4.752437e-08
4.769407e-08
4.786205e-08
4.802821e-08
4.819247e-08
4.835472e-08
4.851487e-08
4.867282e-08
4.882849e-08
4.898178e-08
4.913260e-08
4.928086e-08
4.942648e-08
4.956936e-08
4.970942e-08
4.984658e-08
4.998074e-08
5.011184e-08
5.023979e-08
5.036452e-08
5.048594e-08
5.060398e-08
5.071857e-08
5.082964e-08
5.093712e-08
5.104094e-08
5.114104e-08
5.123736e-08
5.132983e-08
5.141840e-08
5.150301e-08
5.158361e-08
5.166015e-08
5.173258e-08
5.180085e-08
5.186492e-08
5.192476e-08
5.198031e-08
5.203156e-08
5.207845e-08
5.212097e-08
5.215909e-08
5.219278e-08
5.222203e-08
5.224680e-08
5.226709e-08
5.228289e-08
5.229418e-08
5.230096e-08
5.230322e-08
