1.288628e-05
1.288527e-05
1.288222e-05
1.287714e-05
1.287003e-05
1.286090e-05
1.284975e-05
1.283658e-05
1.282140e-05
1.280421e-05
1.278503e-05
1.276386e-05
1.274072e-05
1.271560e-05
1.268853e-05
1.265951e-05
1.262855e-05
1.259568e-05
1.256090e-05
1.252423e-05
1.248568e-05
1.244527e-05
1.240303e-05
1.235896e-05
1.231309e-05
1.226543e-05
1.221601e-05
1.216484e-05
1.211196e-05
1.205737e-05
1.200111e-05
1.194320e-05
1.188366e-05
1.182252e-05
1.175980e-05
1.169553e-05
1.162974e-05
1.156245e-05
1.149369e-05
1.142350e-05
1.135189e-05
1.127890e-05
1.120456e-05
1.112890e-05
1.105195e-05
1.097374e-05
1.089430e-05
1.081367e-05
1.073187e-05
1.064895e-05
1.056493e-05
1.047984e-05
1.039372e-05
1.030661e-05
1.021853e-05
1.012953e-05
1.003963e-05
9.948874e-06
9.857294e-06
9.764924e-06
9.671800e-06
9.577957e-06
9.483431e-06
9.388256e-06
9.292468e-06
9.196102e-06
9.099194e-06
9.001779e-06
8.903891e-06
8.805567e-06
8.706842e-06
8.607749e-06
8.508325e-06
8.408604e-06
8.308621e-06
8.208409e-06
8.108004e-06
8.007438e-06
7.906747e-06
7.805962e-06
7.705118e-06
7.604248e-06
7.503384e-06
7.402558e-06
7.301802e-06
7.201148e-06
7.100628e-06
7.000272e-06
6.900111e-06
6.800175e-06
6.700493e-06
6.601095e-06
6.502009e-06
6.403265e-06
6.304890e-06
6.206910e-06
6.109354e-06
6.012248e-06
5.915617e-06
5.819487e-06
5.723883e-06
5.628830e-06
5.534350e-06
5.440467e-06
5.347204e-06
5.254583e-06
5.162626e-06
5.071352e-06
4.980784e-06
4.890940e-06
4.801840e-06
4.713502e-06
4.625944e-06
4.539184e-06
4.453238e-06
4.368122e-06
4.283852e-06
4.200443e-06
4.117910e-06
4.036264e-06
3.955521e-06
3.875692e-06
3.796789e-06
3.718823e-06
3.641804e-06
3.565744e-06
3.490650e-06
3.416532e-06
3.343398e-06
3.271256e-06
3.200112e-06
3.129972e-06
3.060843e-06
2.992730e-06
2.925637e-06
2.859568e-06
2.794526e-06
2.730515e-06
2.667537e-06
2.605594e-06
2.544687e-06
2.484816e-06
2.425982e-06
2.368184e-06
2.311422e-06
2.255694e-06
2.200999e-06
2.147333e-06
2.094695e-06
2.043081e-06
1.992487e-06
1.942910e-06
1.894344e-06
1.846784e-06
1.800226e-06
1.754663e-06
1.710088e-06
1.666497e-06
1.623880e-06
1.582232e-06
1.541544e-06
1.501808e-06
1.463017e-06
1.425160e-06
1.388230e-06
1.352217e-06
1.317111e-06
1.282903e-06
1.249582e-06
1.217138e-06
1.185561e-06
1.154839e-06
1.124962e-06
1.095919e-06
1.067697e-06
1.040286e-06
1.013673e-06
9.878468e-07
9.627951e-07
9.385057e-07
9.149661e-07
8.921639e-07
8.700866e-07
8.487213e-07
8.280555e-07
8.080761e-07
7.887703e-07
7.701251e-07
7.521276e-07
7.347646e-07
7.180231e-07
7.018900e-07
6.863522e-07
6.713966e-07
6.570101e-07
6.431796e-07
6.298921e-07
6.171346e-07
6.048941e-07
5.931577e-07
5.819126e-07
5.711459e-07
5.608449e-07
5.509970e-07
5.415897e-07
5.326105e-07
5.240470e-07
5.158870e-07
5.081184e-07
5.007291e-07
4.937073e-07
4.870411e-07
4.807190e-07
4.747295e-07
4.690611e-07
4.637028e-07
4.586435e-07
4.538723e-07
4.493784e-07
4.451513e-07
4.411806e-07
4.374561e-07
4.339677e-07
4.307056e-07
4.276601e-07
4.248215e-07
4.221807e-07
4.197285e-07
4.174558e-07
4.153541e-07
4.134145e-07
4.116289e-07
4.099889e-07
4.084866e-07
4.071141e-07
4.058639e-07
4.047286e-07
4.037008e-07
4.027736e-07
4.019401e-07
4.011938e-07
4.005280e-07
3.999367e-07
3.994136e-07
3.989530e-07
3.985492e-07
3.981966e-07
3.978899e-07
3.976240e-07
3.973940e-07
3.971952e-07
3.970228e-07
3.968725e-07
3.967402e-07
3.966217e-07
3.965131e-07
3.964108e-07
3.963112e-07
3.962109e-07
3.961067e-07
3.959955e-07
3.958745e-07
3.957408e-07
3.955920e-07
3.954254e-07
3.952388e-07
3.950301e-07
3.947972e-07
3.945383e-07
3.942514e-07
3.939352e-07
3.935879e-07
3.932082e-07
3.927950e-07
3.923469e-07
3.918631e-07
3.913425e-07
3.907843e-07
3.901879e-07
3.895526e-07
3.888779e-07
3.881633e-07
3.874086e-07
3.866135e-07
3.857777e-07
3.849013e-07
3.839843e-07
3.830266e-07
3.820285e-07
3.809901e-07
3.799117e-07
3.787936e-07
3.776363e-07
3.764402e-07
3.752057e-07
3.739335e-07
3.726241e-07
3.712783e-07
3.698965e-07
3.684797e-07
3.670285e-07
3.655438e-07
3.640264e-07
3.624771e-07
3.608969e-07
3.592865e-07
3.576471e-07
3.559795e-07
3.542846e-07
3.525636e-07
3.508173e-07
3.490468e-07
3.472531e-07
3.454372e-07
3.436002e-07
3.417431e-07
3.398670e-07
3.379728e-07
3.360617e-07
3.341347e-07
3.321928e-07
3.302370e-07
3.282684e-07
3.262881e-07
3.242969e-07
3.222959e-07
3.202861e-07
3.182684e-07
3.162439e-07
3.142135e-07
3.121781e-07
3.101387e-07
3.080961e-07
3.060513e-07
3.040050e-07
3.019582e-07
2.999117e-07
2.978663e-07
2.958229e-07
2.937820e-07
2.917447e-07
2.897114e-07
2.876831e-07
2.856603e-07
2.836438e-07
2.816341e-07
2.796319e-07
2.776379e-07
2.756525e-07
2.736764e-07
2.717101e-07
2.697540e-07
2.678088e-07
2.658748e-07
2.639526e-07
2.620425e-07
2.601449e-07
2.582603e-07
2.563889e-07
2.545312e-07
2.526875e-07
2.508580e-07
2.490431e-07
2.472431e-07
2.454580e-07
2.436883e-07
2.419340e-07
2.401955e-07
2.384728e-07
2.367661e-07
2.350755e-07
2.334013e-07
2.317434e-07
2.301019e-07
2.284770e-07
2.268687e-07
2.252771e-07
2.237021e-07
2.221438e-07
2.206022e-07
2.190773e-07
2.175691e-07
2.160775e-07
2.146026e-07
2.131442e-07
2.117023e-07
2.102768e-07
2.088677e-07
2.074748e-07
2.060981e-07
2.047374e-07
2.033927e-07
2.020638e-07
2.007506e-07
1.994530e-07
1.981708e-07
1.969038e-07
1.956521e-07
1.944153e-07
1.931933e-07
1.919861e-07
1.907933e-07
1.896149e-07
1.884506e-07
1.873004e-07
1.861640e-07
1.850412e-07
1.839319e-07
1.828359e-07
1.817531e-07
1.806831e-07
1.796259e-07
1.785813e-07
1.775491e-07
1.765291e-07
1.755212e-07
1.745251e-07
1.735407e-07
1.725678e-07
1.716062e-07
1.706557e-07
1.697162e-07
1.687876e-07
1.678696e-07
1.669620e-07
1.660647e-07
1.651776e-07
1.643005e-07
1.634331e-07
1.625755e-07
1.617273e-07
1.608885e-07
1.600590e-07
1.592384e-07
1.584268e-07
1.576240e-07
1.568298e-07
1.560442e-07
1.552669e-07
1.544979e-07
1.537369e-07
1.529840e-07
1.522390e-07
1.515017e-07
1.507721e-07
1.500500e-07
1.493354e-07
1.486281e-07
1.479280e-07
1.472350e-07
1.465491e-07
1.458701e-07
1.451979e-07
1.445325e-07
1.438737e-07
1.432216e-07
1.425759e-07
1.419367e-07
1.413038e-07
1.406771e-07
1.400567e-07
1.394424e-07
1.388341e-07
1.382319e-07
1.376355e-07
1.370451e-07
1.364604e-07
1.358815e-07
1.353083e-07
1.347407e-07
1.341787e-07
1.336222e-07
1.330712e-07
1.325256e-07
1.319855e-07
1.314506e-07
1.309210e-07
1.303967e-07
1.298776e-07
1.293636e-07
1.288548e-07
1.283510e-07
1.278522e-07
1.273585e-07
1.268697e-07
1.263858e-07
1.259068e-07
1.254327e-07
1.249633e-07
1.244988e-07
1.240389e-07
1.235838e-07
1.231333e-07
1.226875e-07
1.222463e-07
1.218096e-07
1.213775e-07
1.209498e-07
1.205266e-07
1.201079e-07
1.196935e-07
1.192835e-07
1.188778e-07
1.184764e-07
1.180793e-07
1.176864e-07
1.172977e-07
1.169131e-07
1.165327e-07
1.161564e-07
1.157841e-07
1.154158e-07
1.150515e-07
1.146911e-07
1.143347e-07
1.139821e-07
1.136334e-07
1.132885e-07
1.129473e-07
1.126098e-07
1.122761e-07
1.119460e-07
1.116195e-07
1.112966e-07
1.109772e-07
1.106613e-07
1.103489e-07
1.100399e-07
1.097342e-07
1.094319e-07
1.091329e-07
1.088372e-07
1.085446e-07
1.082553e-07
1.079690e-07
1.076859e-07
1.074058e-07
1.071287e-07
1.068545e-07
1.065833e-07
1.063149e-07
1.060494e-07
1.057867e-07
1.055267e-07
1.052694e-07
1.050147e-07
1.047627e-07
1.045132e-07
1.042662e-07
1.040217e-07
1.037796e-07
1.035399e-07
1.033026e-07
1.030675e-07
1.028347e-07
1.026040e-07
1.023755e-07
1.021491e-07
1.019248e-07
1.017024e-07
1.014820e-07
1.012636e-07
1.010470e-07
1.008322e-07
1.006191e-07
1.004078e-07
1.001982e-07
9.999019e-08
9.978376e-08
9.957886e-08
9.937544e-08
9.917345e-08
9.897284e-08
9.877358e-08
9.857560e-08
9.837887e-08
9.818332e-08
9.798892e-08
9.779562e-08
9.760337e-08
9.741211e-08
9.722181e-08
9.703242e-08
9.684388e-08
9.665615e-08
9.646918e-08
9.628292e-08
9.609734e-08
9.591237e-08
9.572797e-08
9.554409e-08
9.536070e-08
9.517773e-08
9.499515e-08
9.481290e-08
9.463095e-08
9.444924e-08
9.426772e-08
9.408636e-08
9.390511e-08
9.372392e-08
9.354274e-08
9.336154e-08
9.318026e-08
9.299886e-08
9.281731e-08
9.263554e-08
9.245353e-08
9.227122e-08
9.208858e-08
9.190556e-08
9.172212e-08
9.153822e-08
9.135382e-08
9.116887e-08
9.098333e-08
9.079718e-08
9.061035e-08
9.042283e-08
9.023456e-08
9.004551e-08
8.985565e-08
8.966493e-08
8.947331e-08
8.928077e-08
8.908727e-08
8.889277e-08
8.869724e-08
8.850064e-08
8.830294e-08
8.810411e-08
8.790412e-08
8.770294e-08
8.750053e-08
8.729687e-08
8.709193e-08
8.688568e-08
8.667809e-08
8.646914e-08
8.625880e-08
8.604705e-08
8.583386e-08
8.561921e-08
8.540308e-08
8.518544e-08
8.496628e-08
8.474557e-08
8.452330e-08
8.429945e-08
8.407401e-08
8.384695e-08
8.361826e-08
8.338794e-08
8.315595e-08
8.292231e-08
8.268698e-08
8.244997e-08
8.221126e-08
8.197085e-08
8.172872e-08
8.148489e-08
8.123933e-08
8.099204e-08
8.074303e-08
8.049229e-08
8.023983e-08
7.998563e-08
7.972971e-08
7.947207e-08
7.921270e-08
7.895163e-08
7.868884e-08
7.842435e-08
7.815817e-08
7.789031e-08
7.762078e-08
7.734958e-08
7.707673e-08
7.680225e-08
7.652615e-08
7.624844e-08
7.596915e-08
7.568828e-08
7.540586e-08
7.512192e-08
7.483646e-08
7.454951e-08
7.426109e-08
7.397124e-08
7.367996e-08
7.338730e-08
7.309326e-08
7.279789e-08
7.250122e-08
7.220326e-08
7.190405e-08
7.160362e-08
7.130200e-08
7.099923e-08
7.069534e-08
7.039036e-08
7.008433e-08
6.977729e-08
6.946926e-08
6.916029e-08
6.885041e-08
6.853967e-08
6.822810e-08
6.791574e-08
6.760264e-08
6.728882e-08
6.697434e-08
6.665923e-08
6.634354e-08
6.602731e-08
6.571058e-08
6.539340e-08
6.507581e-08
6.475785e-08
6.443957e-08
6.412101e-08
6.380222e-08
6.348324e-08
6.316412e-08
6.284490e-08
6.252563e-08
6.220635e-08
6.188711e-08
6.156796e-08
6.124894e-08
6.093009e-08
6.061147e-08
6.029312e-08
5.997508e-08
5.965739e-08
5.934012e-08
5.902329e-08
5.870696e-08
5.839116e-08
5.807595e-08
5.776137e-08
5.744746e-08
5.713426e-08
5.682183e-08
5.651019e-08
5.619940e-08
5.588949e-08
5.558051e-08
5.527249e-08
5.496549e-08
5.465953e-08
5.435466e-08
5.405092e-08
5.374834e-08
5.344697e-08
5.314683e-08
5.284797e-08
5.255042e-08
5.225422e-08
5.195941e-08
5.166600e-08
5.137404e-08
5.108357e-08
5.079460e-08
5.050718e-08
5.022133e-08
4.993707e-08
4.965445e-08
4.937348e-08
4.909420e-08
4.881663e-08
4.854078e-08
4.826670e-08
4.799439e-08
4.772389e-08
4.745521e-08
4.718837e-08
4.692340e-08
4.666031e-08
4.639912e-08
4.613984e-08
4.588249e-08
4.562709e-08
4.537365e-08
4.512219e-08
4.487270e-08
4.462522e-08
4.437974e-08
4.413627e-08
4.389482e-08
4.365541e-08
4.341803e-08
4.318270e-08
4.294941e-08
4.271817e-08
4.248898e-08
4.226185e-08
4.203677e-08
4.181374e-08
4.159277e-08
4.137385e-08
4.115697e-08
4.094215e-08
4.072936e-08
4.051861e-08
4.030988e-08
4.010318e-08
3.989849e-08
3.969580e-08
3.949511e-08
3.929641e-08
3.909968e-08
3.890491e-08
3.871209e-08
3.852121e-08
3.833225e-08
3.814519e-08
3.796003e-08
3.777674e-08
3.759532e-08
3.741573e-08
3.723797e-08
3.706201e-08
3.688784e-08
3.671544e-08
3.654478e-08
3.637584e-08
3.620861e-08
3.604306e-08
3.587917e-08
3.571692e-08
3.555628e-08
3.539722e-08
3.523973e-08
3.508379e-08
3.492935e-08
3.477641e-08
3.462493e-08
3.447489e-08
3.432626e-08
3.417902e-08
3.403314e-08
3.388858e-08
3.374534e-08
3.360336e-08
3.346264e-08
3.332314e-08
3.318483e-08
3.304769e-08
3.291169e-08
3.277679e-08
3.264298e-08
3.251021e-08
3.237847e-08
3.224772e-08
3.211795e-08
3.198910e-08
3.186117e-08
3.173412e-08
3.160792e-08
3.148255e-08
3.135797e-08
3.123416e-08
3.111110e-08
3.098874e-08
3.086707e-08
3.074606e-08
3.062568e-08
3.050591e-08
3.038671e-08
3.026806e-08
3.014994e-08
3.003232e-08
2.991517e-08
2.979847e-08
2.968219e-08
2.956631e-08
2.945081e-08
2.933565e-08
2.922083e-08
2.910631e-08
2.899206e-08
2.887808e-08
2.876434e-08
2.865081e-08
2.853748e-08
2.842432e-08
2.831131e-08
2.819844e-08
2.808568e-08
2.797302e-08
2.786044e-08
2.774791e-08
2.763544e-08
2.752298e-08
2.741054e-08
2.729809e-08
2.718562e-08
2.707312e-08
2.696057e-08
2.684795e-08
2.673526e-08
2.662248e-08
2.650959e-08
2.639660e-08
2.628348e-08
2.617023e-08
2.605684e-08
2.594329e-08
2.582958e-08
2.571571e-08
2.560165e-08
2.548742e-08
2.537299e-08
2.525836e-08
2.514353e-08
2.502850e-08
2.491325e-08
2.479779e-08
2.468211e-08
2.456621e-08
2.445008e-08
2.433372e-08
2.421714e-08
2.410033e-08
2.398329e-08
2.386602e-08
2.374852e-08
2.363080e-08
2.351284e-08
2.339466e-08
2.327626e-08
2.315764e-08
2.303880e-08
2.291974e-08
2.280048e-08
2.268101e-08
2.256134e-08
2.244147e-08
2.232140e-08
2.220116e-08
2.208073e-08
2.196012e-08
2.183935e-08
2.171842e-08
2.159733e-08
2.147609e-08
2.135471e-08
2.123320e-08
2.111157e-08
2.098981e-08
2.086795e-08
2.074599e-08
2.062394e-08
2.050180e-08
2.037959e-08
2.025731e-08
2.013498e-08
2.001259e-08
1.989017e-08
1.976772e-08
1.964525e-08
1.952277e-08
1.940029e-08
1.927781e-08
1.915535e-08
1.903292e-08
1.891053e-08
1.878817e-08
1.866588e-08
1.854364e-08
1.842148e-08
1.829940e-08
1.817740e-08
1.805551e-08
1.793372e-08
1.781205e-08
1.769051e-08
1.756909e-08
1.744782e-08
1.732669e-08
1.720572e-08
1.708491e-08
1.696427e-08
1.684381e-08
1.672353e-08
1.660344e-08
1.648355e-08
1.636387e-08
1.624439e-08
1.612513e-08
1.600608e-08
1.588727e-08
1.576868e-08
1.565033e-08
1.553222e-08
1.541435e-08
1.529673e-08
1.517936e-08
1.506224e-08
1.494538e-08
1.482878e-08
1.471245e-08
1.459637e-08
1.448057e-08
1.436503e-08
1.424976e-08
1.413476e-08
1.402003e-08
1.390557e-08
1.379139e-08
1.367748e-08
1.356383e-08
1.345046e-08
1.333736e-08
1.322453e-08
1.311196e-08
1.299966e-08
1.288763e-08
1.277585e-08
1.266434e-08
1.255308e-08
1.244208e-08
1.233133e-08
1.222083e-08
1.211057e-08
1.200056e-08
1.189078e-08
1.178124e-08
1.167193e-08
1.156284e-08
1.145398e-08
1.134534e-08
1.123690e-08
1.112868e-08
1.102066e-08
1.091284e-08
1.080521e-08
1.069777e-08
1.059052e-08
1.048344e-08
1.037654e-08
1.026981e-08
1.016324e-08
1.005683e-08
9.950570e-09
9.844461e-09
9.738494e-09
9.632665e-09
9.526968e-09
9.421399e-09
9.315953e-09
9.210623e-09
9.105407e-09
9.000298e-09
8.895292e-09
8.790385e-09
8.685572e-09
8.580848e-09
8.476210e-09
8.371652e-09
8.267172e-09
8.162766e-09
8.058429e-09
7.954157e-09
7.849949e-09
7.745800e-09
7.641708e-09
7.537669e-09
7.433680e-09
7.329741e-09
7.225847e-09
7.121998e-09
7.018190e-09
6.914423e-09
6.810695e-09
6.707005e-09
6.603352e-09
6.499734e-09
6.396152e-09
6.292604e-09
6.189092e-09
6.085614e-09
5.982171e-09
5.878764e-09
5.775392e-09
5.672059e-09
5.568763e-09
5.465507e-09
5.362292e-09
5.259121e-09
5.155994e-09
5.052915e-09
4.949886e-09
4.846908e-09
4.743986e-09
4.641122e-09
4.538319e-09
4.435580e-09
4.332910e-09
4.230311e-09
4.127788e-09
4.025345e-09
3.922986e-09
3.820714e-09
3.718536e-09
3.616455e-09
3.514475e-09
3.412603e-09
3.310842e-09
3.209199e-09
3.107677e-09
3.006283e-09
2.905021e-09
2.803897e-09
2.702917e-09
2.602086e-09
2.501410e-09
2.400895e-09
2.300545e-09
2.200367e-09
2.100367e-09
2.000550e-09
1.900922e-09
1.801489e-09
1.702257e-09
1.603231e-09
1.504418e-09
1.405822e-09
1.307450e-09
1.209308e-09
1.111400e-09
1.013732e-09
9.163105e-10
8.191401e-10
7.222263e-10
6.255745e-10
5.291898e-10
4.330773e-10
3.372421e-10
2.416891e-10
1.464231e-10
5.144889e-11
-4.322897e-11
-1.376059e-10
-2.316776e-10
-3.254396e-10
-4.188879e-10
-5.120183e-10
-6.048270e-10
-6.973100e-10
-7.894638e-10
-8.812847e-10
-9.727692e-10
-1.063914e-09
-1.154716e-09
-1.245172e-09
-1.335279e-09
-1.425034e-09
-1.514435e-09
-1.603478e-09
-1.692162e-09
-1.780484e-09
-1.868441e-09
-1.956032e-09
-2.043254e-09
-2.130105e-09
-2.216584e-09
-2.302688e-09
-2.388416e-09
-2.473766e-09
-2.558736e-09
-2.643326e-09
-2.727533e-09
-2.811357e-09
-2.894795e-09
-2.977846e-09
-3.060510e-09
-3.142785e-09
-3.224669e-09
-3.306161e-09
-3.387261e-09
-3.467967e-09
-3.548278e-09
-3.628192e-09
-3.707709e-09
-3.786826e-09
-3.865544e-09
-3.943860e-09
-4.021773e-09
-4.099281e-09
-4.176384e-09
-4.253079e-09
-4.329365e-09
-4.405240e-09
-4.480703e-09
-4.555751e-09
-4.630383e-09
-4.704596e-09
-4.778388e-09
-4.851757e-09
-4.924700e-09
-4.997215e-09
-5.069299e-09
-5.140950e-09
-5.212163e-09
-5.282937e-09
-5.353267e-09
-5.423150e-09
-5.492583e-09
-5.561562e-09
-5.630083e-09
-5.698142e-09
-5.765735e-09
-5.832856e-09
-5.899503e-09
-5.965669e-09
-6.031350e-09
-6.096541e-09
-6.161237e-09
-6.225432e-09
-6.289120e-09
-6.352297e-09
-6.414955e-09
-6.477089e-09
-6.538693e-09
-6.599761e-09
-6.660285e-09
-6.720260e-09
-6.779679e-09
-6.838534e-09
-6.896818e-09
-6.954525e-09
-7.011648e-09
-7.068178e-09
-7.124110e-09
-7.179434e-09
-7.234144e-09
-7.288231e-09
-7.341690e-09
-7.394510e-09
-7.446686e-09
-7.498208e-09
-7.549070e-09
-7.599263e-09
-7.648779e-09
-7.697612e-09
-7.745753e-09
-7.793194e-09
-7.839928e-09
-7.885948e-09
-7.931246e-09
-7.975814e-09
-8.019645e-09
-8.062733e-09
-8.105071e-09
-8.146650e-09
-8.187466e-09
-8.227511e-09
-8.266779e-09
-8.305264e-09
-8.342961e-09
-8.379864e-09
-8.415967e-09
-8.451265e-09
-8.485754e-09
-8.519430e-09
-8.552287e-09
-8.584323e-09
-8.615534e-09
-8.645916e-09
-8.675467e-09
-8.704185e-09
-8.732067e-09
-8.759113e-09
-8.785320e-09
-8.810688e-09
-8.835217e-09
-8.858907e-09
-8.881758e-09
-8.903772e-09
-8.924950e-09
-8.945295e-09
-8.964808e-09
-8.983493e-09
-9.001353e-09
-9.018393e-09
-9.034616e-09
-9.050029e-09
-9.064637e-09
-9.078446e-09
-9.091463e-09
-9.103695e-09
-9.115150e-09
-9.125837e-09
-9.135765e-09
-9.144942e-09
-9.153380e-09
-9.161089e-09
-9.168080e-09
-9.174365e-09
-9.179957e-09
-9.184868e-09
-9.189111e-09
-9.192702e-09
-9.195654e-09
-9.197982e-09
-9.199703e-09
-9.200832e-09
-9.201385e-09
-9.201381e-09
-9.200837e-09
-9.199771e-09
-9.198201e-09
-9.196147e-09
-9.193628e-09
-9.190664e-09
-9.187276e-09
-9.183485e-09
-9.179311e-09
-9.174776e-09
-9.169903e-09
-9.164714e-09
-9.159231e-09
-9.153477e-09
-9.147476e-09
-9.141251e-09
-9.134827e-09
-9.128227e-09
-9.121475e-09
-9.114596e-09
-9.107616e-09
-9.100558e-09
-9.093448e-09
-9.086310e-09
-9.079172e-09
-9.072057e-09
-9.064991e-09
-9.057999e-09
-9.051107e-09
-9.044341e-09
-9.037726e-09
-9.031288e-09
-9.025051e-09
-9.019040e-09
-9.013282e-09
-9.007801e-09
-9.002622e-09
-8.997768e-09
-8.993266e-09
-8.989138e-09
-8.985410e-09
-8.982104e-09
-8.979243e-09
-8.976852e-09
-8.974952e-09
-8.973565e-09
-8.972715e-09
-8.972421e-09
-8.972706e-09
-8.973590e-09
-8.975094e-09
-8.977236e-09
-8.980036e-09
-8.983513e-09
-8.987685e-09
-8.992569e-09
-8.998183e-09
-9.004544e-09
-9.011666e-09
-9.019565e-09
-9.028256e-09
-9.037753e-09
-9.048068e-09
-9.059216e-09
-9.071207e-09
-9.084053e-09
-9.097765e-09
-9.112353e-09
-9.127825e-09
-9.144191e-09
-9.161457e-09
-9.179631e-09
-9.198720e-09
-9.218729e-09
-9.239662e-09
-9.261524e-09
-9.284318e-09
-9.308047e-09
-9.332712e-09
-9.358315e-09
-9.384855e-09
-9.412333e-09
-9.440747e-09
-9.470096e-09
-9.500377e-09
-9.531586e-09
-9.563720e-09
-9.596773e-09
-9.630741e-09
-9.665617e-09
-9.701394e-09
-9.738065e-09
-9.775622e-09
-9.814055e-09
-9.853356e-09
-9.893514e-09
-9.934518e-09
-9.976358e-09
-1.001902e-08
-1.006250e-08
-1.010677e-08
-1.015182e-08
-1.019765e-08
-1.024423e-08
-1.029156e-08
-1.033961e-08
-1.038836e-08
-1.043782e-08
-1.048794e-08
-1.053873e-08
-1.059016e-08
-1.064221e-08
-1.069487e-08
-1.074811e-08
-1.080193e-08
-1.085629e-08
-1.091118e-08
-1.096658e-08
-1.102248e-08
-1.107884e-08
-1.113566e-08
-1.119291e-08
-1.125057e-08
-1.130862e-08
-1.136704e-08
-1.142581e-08
-1.148491e-08
-1.154432e-08
-1.160402e-08
-1.166398e-08
-1.172420e-08
-1.178464e-08
-1.184530e-08
-1.190614e-08
-1.196715e-08
-1.202831e-08
-1.208961e-08
-1.215101e-08
-1.221251e-08
-1.227408e-08
-1.233570e-08
-1.239737e-08
-1.245905e-08
-1.252074e-08
-1.258241e-08
-1.264406e-08
-1.270566e-08
-1.276719e-08
-1.282865e-08
-1.289001e-08
-1.295127e-08
-1.301241e-08
-1.307341e-08
-1.313426e-08
-1.319495e-08
-1.325547e-08
-1.331580e-08
-1.337594e-08
-1.343587e-08
-1.349559e-08
-1.355507e-08
-1.361433e-08
-1.367334e-08
-1.373209e-08
-1.379059e-08
-1.384883e-08
-1.390679e-08
-1.396447e-08
-1.402187e-08
-1.407898e-08
-1.413580e-08
-1.419233e-08
-1.424856e-08
-1.430448e-08
-1.436011e-08
-1.441543e-08
-1.447045e-08
-1.452517e-08
-1.457958e-08
-1.463369e-08
-1.468749e-08
-1.474100e-08
-1.479421e-08
-1.484713e-08
-1.489976e-08
-1.495211e-08
-1.500417e-08
-1.505596e-08
-1.510748e-08
-1.515873e-08
-1.520973e-08
-1.526047e-08
-1.531097e-08
-1.536124e-08
-1.541127e-08
-1.546109e-08
-1.551070e-08
-1.556011e-08
-1.560932e-08
-1.565836e-08
-1.570722e-08
-1.575592e-08
-1.580448e-08
-1.585289e-08
-1.590118e-08
-1.594936e-08
-1.599743e-08
-1.604542e-08
-1.609332e-08
-1.614116e-08
-1.618895e-08
-1.623671e-08
-1.628443e-08
-1.633215e-08
-1.637986e-08
-1.642760e-08
-1.647536e-08
-1.652316e-08
-1.657103e-08
-1.661896e-08
-1.666699e-08
-1.671511e-08
-1.676335e-08
-1.681172e-08
-1.686024e-08
-1.690891e-08
-1.695776e-08
-1.700680e-08
-1.705604e-08
-1.710550e-08
-1.715519e-08
-1.720512e-08
-1.725532e-08
-1.730580e-08
-1.735656e-08
-1.740764e-08
-1.745903e-08
-1.751075e-08
-1.756282e-08
-1.761525e-08
-1.766806e-08
-1.772126e-08
-1.777487e-08
-1.782889e-08
-1.788334e-08
-1.793824e-08
-1.799360e-08
-1.804943e-08
-1.810574e-08
-1.816255e-08
-1.821988e-08
-1.827773e-08
-1.833612e-08
-1.839505e-08
-1.845456e-08
-1.851464e-08
-1.857530e-08
-1.863657e-08
-1.869845e-08
-1.876096e-08
-1.882411e-08
-1.888790e-08
-1.895236e-08
-1.901749e-08
-1.908331e-08
-1.914983e-08
-1.921706e-08
-1.928501e-08
-1.935369e-08
-1.942311e-08
-1.949330e-08
-1.956425e-08
-1.963598e-08
-1.970850e-08
-1.978183e-08
-1.985596e-08
-1.993093e-08
-2.000673e-08
-2.008338e-08
-2.016089e-08
-2.023927e-08
-2.031853e-08
-2.039868e-08
-2.047975e-08
-2.056172e-08
-2.064463e-08
-2.072848e-08
-2.081327e-08
-2.089903e-08
-2.098577e-08
-2.107349e-08
-2.116221e-08
-2.125194e-08
-2.134269e-08
-2.143447e-08
-2.152730e-08
-2.162119e-08
-2.171615e-08
-2.181218e-08
-2.190931e-08
-2.200755e-08
-2.210690e-08
-2.220738e-08
-2.230901e-08
-2.241178e-08
-2.251573e-08
-2.262085e-08
-2.272717e-08
-2.283468e-08
-2.294342e-08
-2.305338e-08
-2.316458e-08
-2.327703e-08
-2.339075e-08
-2.350574e-08
-2.362203e-08
-2.373962e-08
-2.385851e-08
-2.397874e-08
-2.410030e-08
-2.422321e-08
-2.434748e-08
-2.447313e-08
-2.460016e-08
-2.472858e-08
-2.485841e-08
-2.498965e-08
-2.512233e-08
-2.525644e-08
-2.539200e-08
-2.552902e-08
-2.566750e-08
-2.580747e-08
-2.594892e-08
-2.609186e-08
-2.623631e-08
-2.638227e-08
-2.652975e-08
-2.667876e-08
-2.682930e-08
-2.698137e-08
-2.713500e-08
-2.729017e-08
-2.744691e-08
-2.760520e-08
-2.776505e-08
-2.792647e-08
-2.808946e-08
-2.825402e-08
-2.842016e-08
-2.858786e-08
-2.875714e-08
-2.892799e-08
-2.910042e-08
-2.927440e-08
-2.944996e-08
-2.962707e-08
-2.980574e-08
-2.998596e-08
-3.016772e-08
-3.035102e-08
-3.053585e-08
-3.072219e-08
-3.091004e-08
-3.109939e-08
-3.129022e-08
-3.148253e-08
-3.167628e-08
-3.187148e-08
-3.206811e-08
-3.226614e-08
-3.246556e-08
-3.266635e-08
-3.286849e-08
-3.307195e-08
-3.327671e-08
-3.348275e-08
-3.369005e-08
-3.389857e-08
-3.410829e-08
-3.431918e-08
-3.453120e-08
-3.474434e-08
-3.495854e-08
-3.517379e-08
-3.539005e-08
-3.560727e-08
-3.582542e-08
-3.604447e-08
-3.626437e-08
-3.648507e-08
-3.670655e-08
-3.692876e-08
-3.715164e-08
-3.737516e-08
-3.759926e-08
-3.782390e-08
-3.804903e-08
-3.827460e-08
-3.850056e-08
-3.872685e-08
-3.895342e-08
-3.918021e-08
-3.940717e-08
-3.963424e-08
-3.986137e-08
-4.008849e-08
-4.031554e-08
-4.054246e-08
-4.076919e-08
-4.099567e-08
-4.122184e-08
-4.144762e-08
-4.167295e-08
-4.189777e-08
-4.212201e-08
-4.234561e-08
-4.256848e-08
-4.279057e-08
-4.301181e-08
-4.323212e-08
-4.345144e-08
-4.366969e-08
-4.388680e-08
-4.410270e-08
-4.431732e-08
-4.453059e-08
-4.474243e-08
-4.495276e-08
-4.516152e-08
-4.536864e-08
-4.557404e-08
-4.577764e-08
-4.597937e-08
-4.617916e-08
-4.637694e-08
-4.657263e-08
-4.676616e-08
-4.695746e-08
-4.714646e-08
-4.733307e-08
-4.751724e-08
-4.769889e-08
-4.787795e-08
-4.805435e-08
-4.822803e-08
-4.839890e-08
-4.856691e-08
-4.873198e-08
-4.889406e-08
-4.905307e-08
-4.920895e-08
-4.936163e-08
-4.951107e-08
-4.965718e-08
-4.979991e-08
-4.993921e-08
-5.007501e-08
-5.020726e-08
-5.033590e-08
-5.046088e-08
-5.058214e-08
-5.069964e-08
-5.081331e-08
-5.092312e-08
-5.102902e-08
-5.113095e-08
-5.122888e-08
-5.132277e-08
-5.141257e-08
-5.149824e-08
-5.157975e-08
-5.165706e-08
-5.173013e-08
-5.179895e-08
-5.186346e-08
-5.192365e-08
-5.197949e-08
-5.203096e-08
-5.207802e-08
-5.212067e-08
-5.215888e-08
-5.219263e-08
-5.222192e-08
-5.224672e-08
-5.226702e-08
-5.228283e-08
-5.229412e-08
-5.230090e-08
-5.230316e-08
