-3.126943e-14
2.784692e-11
1.114592e-10
2.507323e-10
4.455441e-10
6.957236e-10
1.001052e-09
1.361261e-09
1.776035e-09
2.245011e-09
2.767779e-09
3.343879e-09
3.972810e-09
4.654019e-09
5.386912e-09
6.170849e-09
7.005143e-09
7.889068e-09
8.821853e-09
9.802683e-09
1.083071e-08
1.190502e-08
1.302471e-08
1.418878e-08
1.539623e-08
1.664601e-08
1.793704e-08
1.926821e-08
2.063835e-08
2.204629e-08
2.349082e-08
2.497068e-08
2.648460e-08
2.803130e-08
2.960942e-08
3.121764e-08
3.285456e-08
3.451879e-08
3.620891e-08
3.792349e-08
3.966106e-08
4.142015e-08
4.319927e-08
4.499693e-08
4.681159e-08
4.864174e-08
5.048583e-08
5.234233e-08
5.420967e-08
5.608631e-08
5.797068e-08
5.986122e-08
6.175636e-08
6.365454e-08
6.555419e-08
6.745376e-08
6.935170e-08
7.124644e-08
7.313647e-08
7.502023e-08
7.689622e-08
7.876292e-08
8.061884e-08
8.246250e-08
8.429243e-08
8.610718e-08
8.790532e-08
8.968544e-08
9.144616e-08
9.318610e-08
9.490392e-08
9.659830e-08
9.826795e-08
9.991159e-08
1.015280e-07
1.031159e-07
1.046742e-07
1.062018e-07
1.076974e-07
1.091600e-07
1.105885e-07
1.119820e-07
1.133394e-07
1.146599e-07
1.159423e-07
1.171860e-07
1.183901e-07
1.195537e-07
1.206761e-07
1.217565e-07
1.227943e-07
1.237889e-07
1.247396e-07
1.256458e-07
1.265071e-07
1.273230e-07
1.280929e-07
1.288166e-07
1.294936e-07
1.301237e-07
1.307065e-07
1.312418e-07
1.317295e-07
1.321693e-07
1.325612e-07
1.329051e-07
1.332009e-07
1.334488e-07
1.336486e-07
1.338006e-07
1.339049e-07
1.339615e-07
1.339708e-07
1.339329e-07
1.338482e-07
1.337170e-07
1.335396e-07
1.333165e-07
1.330480e-07
1.327346e-07
1.323768e-07
1.319752e-07
1.315303e-07
1.310427e-07
1.305130e-07
1.299419e-07
1.293300e-07
1.286781e-07
1.279870e-07
1.272573e-07
1.264898e-07
1.256855e-07
1.248450e-07
1.239694e-07
1.230593e-07
1.221159e-07
1.211399e-07
1.201323e-07
1.190941e-07
1.180263e-07
1.169297e-07
1.158055e-07
1.146547e-07
1.134782e-07
1.122771e-07
1.110525e-07
1.098054e-07
1.085368e-07
1.072479e-07
1.059397e-07
1.046132e-07
1.032697e-07
1.019101e-07
1.005355e-07
9.914711e-08
9.774589e-08
9.633296e-08
9.490941e-08
9.347630e-08
9.203471e-08
9.058570e-08
8.913033e-08
8.766966e-08
8.620472e-08
8.473655e-08
8.326617e-08
8.179460e-08
8.032282e-08
7.885183e-08
7.738261e-08
7.591611e-08
7.445327e-08
7.299503e-08
7.154229e-08
7.009595e-08
6.865689e-08
6.722597e-08
6.580403e-08
6.439188e-08
6.299034e-08
6.160018e-08
6.022216e-08
5.885702e-08
5.750547e-08
5.616821e-08
5.484592e-08
5.353924e-08
5.224880e-08
5.097520e-08
4.971902e-08
4.848082e-08
4.726113e-08
4.606045e-08
4.487927e-08
4.371805e-08
4.257722e-08
4.145719e-08
4.035835e-08
3.928105e-08
3.822563e-08
3.719240e-08
3.618165e-08
3.519365e-08
3.422862e-08
3.328679e-08
3.236834e-08
3.147344e-08
3.060224e-08
2.975484e-08
2.893136e-08
2.813186e-08
2.735639e-08
2.660499e-08
2.587766e-08
2.517439e-08
2.449514e-08
2.383986e-08
2.320847e-08
2.260087e-08
2.201696e-08
2.145659e-08
2.091962e-08
2.040587e-08
1.991515e-08
1.944727e-08
1.900199e-08
1.857908e-08
1.817829e-08
1.779935e-08
1.744197e-08
1.710587e-08
1.679072e-08
1.649620e-08
1.622199e-08
1.596773e-08
1.573307e-08
1.551764e-08
1.532105e-08
1.514293e-08
1.498287e-08
1.484047e-08
1.471532e-08
1.460699e-08
1.451507e-08
1.443911e-08
1.437868e-08
1.433334e-08
1.430265e-08
1.428614e-08
1.428336e-08
1.429387e-08
1.431719e-08
1.435287e-08
1.440045e-08
1.445945e-08
1.452943e-08
1.460992e-08
1.470045e-08
1.480056e-08
1.490980e-08
1.502771e-08
1.515383e-08
1.528771e-08
1.542890e-08
1.557697e-08
1.573145e-08
1.589193e-08
1.605797e-08
1.622914e-08
1.640503e-08
1.658521e-08
1.676929e-08
1.695685e-08
1.714750e-08
1.734085e-08
1.753652e-08
1.773415e-08
1.793335e-08
1.813377e-08
1.833507e-08
1.853689e-08
1.873891e-08
1.894080e-08
1.914224e-08
1.934293e-08
1.954256e-08
1.974086e-08
1.993752e-08
2.013229e-08
2.032491e-08
2.051511e-08
2.070266e-08
2.088732e-08
2.106887e-08
2.124709e-08
2.142177e-08
2.159273e-08
2.175976e-08
2.192270e-08
2.208137e-08
2.223562e-08
2.238530e-08
2.253026e-08
2.267037e-08
2.280551e-08
2.293556e-08
2.306042e-08
2.317999e-08
2.329418e-08
2.340292e-08
2.350612e-08
2.360372e-08
2.369567e-08
2.378192e-08
2.386242e-08
2.393715e-08
2.400607e-08
2.406916e-08
2.412641e-08
2.417782e-08
2.422339e-08
2.426311e-08
2.429701e-08
2.432510e-08
2.434741e-08
2.436395e-08
2.437478e-08
2.437993e-08
2.437944e-08
2.437336e-08
2.436174e-08
2.434465e-08
2.432215e-08
2.429429e-08
2.426116e-08
2.422282e-08
2.417935e-08
2.413083e-08
2.407735e-08
2.401898e-08
2.395581e-08
2.388794e-08
2.381545e-08
2.373844e-08
2.365701e-08
2.357125e-08
2.348126e-08
2.338715e-08
2.328900e-08
2.318693e-08
2.308104e-08
2.297142e-08
2.285819e-08
2.274145e-08
2.262130e-08
2.249785e-08
2.237119e-08
2.224145e-08
2.210871e-08
2.197308e-08
2.183467e-08
2.169358e-08
2.154991e-08
2.140376e-08
2.125522e-08
2.110441e-08
2.095141e-08
2.079632e-08
2.063924e-08
2.048025e-08
2.031947e-08
2.015696e-08
1.999283e-08
1.982716e-08
1.966003e-08
1.949154e-08
1.932176e-08
1.915078e-08
1.897867e-08
1.880551e-08
1.863137e-08
1.845634e-08
1.828048e-08
1.810386e-08
1.792656e-08
1.774863e-08
1.757014e-08
1.739115e-08
1.721173e-08
1.703193e-08
1.685181e-08
1.667142e-08
1.649082e-08
1.631006e-08
1.612919e-08
1.594825e-08
1.576730e-08
1.558637e-08
1.540551e-08
1.522476e-08
1.504416e-08
1.486374e-08
1.468355e-08
1.450361e-08
1.432396e-08
1.414464e-08
1.396566e-08
1.378707e-08
1.360888e-08
1.343112e-08
1.325383e-08
1.307701e-08
1.290070e-08
1.272492e-08
1.254968e-08
1.237500e-08
1.220091e-08
1.202742e-08
1.185454e-08
1.168229e-08
1.151069e-08
1.133975e-08
1.116948e-08
1.099989e-08
1.083100e-08
1.066281e-08
1.049534e-08
1.032860e-08
1.016259e-08
9.997317e-09
9.832798e-09
9.669038e-09
9.506042e-09
9.343817e-09
9.182371e-09
9.021707e-09
8.861833e-09
8.702753e-09
8.544472e-09
8.386995e-09
8.230326e-09
8.074471e-09
7.919432e-09
7.765214e-09
7.611821e-09
7.459255e-09
7.307522e-09
7.156624e-09
7.006564e-09
6.857346e-09
6.708972e-09
6.561447e-09
6.414772e-09
6.268951e-09
6.123987e-09
5.979882e-09
5.836640e-09
5.694262e-09
5.552752e-09
5.412113e-09
5.272346e-09
5.133455e-09
4.995442e-09
4.858309e-09
4.722059e-09
4.586695e-09
4.452218e-09
4.318632e-09
4.185937e-09
4.054137e-09
3.923233e-09
3.793227e-09
3.664122e-09
3.535918e-09
3.408618e-09
3.282224e-09
3.156736e-09
3.032156e-09
2.908486e-09
2.785725e-09
2.663876e-09
2.542939e-09
2.422915e-09
2.303804e-09
2.185606e-09
2.068321e-09
1.951950e-09
1.836492e-09
1.721947e-09
1.608313e-09
1.495591e-09
1.383778e-09
1.272874e-09
1.162876e-09
1.053784e-09
9.455955e-10
8.383075e-10
7.319179e-10
6.264241e-10
5.218230e-10
4.181115e-10
3.152862e-10
2.133433e-10
1.122790e-10
1.208918e-11
-8.723058e-11
-1.856849e-10
-2.832785e-10
-3.800165e-10
-4.759041e-10
-5.709469e-10
-6.651504e-10
-7.585206e-10
-8.510635e-10
-9.427854e-10
-1.033693e-09
-1.123792e-09
-1.213090e-09
-1.301594e-09
-1.389311e-09
-1.476247e-09
-1.562411e-09
-1.647810e-09
-1.732450e-09
-1.816341e-09
-1.899489e-09
-1.981903e-09
-2.063589e-09
-2.144556e-09
-2.224812e-09
-2.304365e-09
-2.383222e-09
-2.461392e-09
-2.538882e-09
-2.615700e-09
-2.691853e-09
-2.767350e-09
-2.842198e-09
-2.916405e-09
-2.989977e-09
-3.062922e-09
-3.135248e-09
-3.206960e-09
-3.278067e-09
-3.348573e-09
-3.418487e-09
-3.487814e-09
-3.556560e-09
-3.624731e-09
-3.692333e-09
-3.759370e-09
-3.825847e-09
-3.891770e-09
-3.957143e-09
-4.021970e-09
-4.086255e-09
-4.150002e-09
-4.213213e-09
-4.275891e-09
-4.338040e-09
-4.399661e-09
-4.460757e-09
-4.521328e-09
-4.581376e-09
-4.640902e-09
-4.699907e-09
-4.758389e-09
-4.816350e-09
-4.873788e-09
-4.930702e-09
-4.987092e-09
-5.042955e-09
-5.098288e-09
-5.153091e-09
-5.207359e-09
-5.261090e-09
-5.314280e-09
-5.366925e-09
-5.419020e-09
-5.470562e-09
-5.521545e-09
-5.571964e-09
-5.621813e-09
-5.671087e-09
-5.719779e-09
-5.767883e-09
-5.815392e-09
-5.862299e-09
-5.908597e-09
-5.954278e-09
-5.999335e-09
-6.043759e-09
-6.087542e-09
-6.130676e-09
-6.173153e-09
-6.214963e-09
-6.256098e-09
-6.296550e-09
-6.336308e-09
-6.375363e-09
-6.413707e-09
-6.451331e-09
-6.488224e-09
-6.524377e-09
-6.559782e-09
-6.594428e-09
-6.628307e-09
-6.661409e-09
-6.693725e-09
-6.725246e-09
-6.755963e-09
-6.785867e-09
-6.814949e-09
-6.843201e-09
-6.870614e-09
-6.897181e-09
-6.922893e-09
-6.947742e-09
-6.971722e-09
-6.994825e-09
-7.017044e-09
-7.038372e-09
-7.058804e-09
-7.078334e-09
-7.096955e-09
-7.114664e-09
-7.131455e-09
-7.147323e-09
-7.162265e-09
-7.176278e-09
-7.189359e-09
-7.201504e-09
-7.212713e-09
-7.222983e-09
-7.232313e-09
-7.240703e-09
-7.248153e-09
-7.254663e-09
-7.260234e-09
-7.264869e-09
-7.268569e-09
-7.271337e-09
-7.273176e-09
-7.274091e-09
-7.274086e-09
-7.273165e-09
-7.271335e-09
-7.268603e-09
-7.264974e-09
-7.260456e-09
-7.255058e-09
-7.248789e-09
-7.241656e-09
-7.233672e-09
-7.224845e-09
-7.215187e-09
-7.204710e-09
-7.193426e-09
-7.181348e-09
-7.168489e-09
-7.154864e-09
-7.140486e-09
-7.125372e-09
-7.109536e-09
-7.092995e-09
-7.075765e-09
-7.057864e-09
-7.039309e-09
-7.020118e-09
-7.000311e-09
-6.979906e-09
-6.958922e-09
-6.937380e-09
-6.915300e-09
-6.892703e-09
-6.869610e-09
-6.846042e-09
-6.822021e-09
-6.797569e-09
-6.772709e-09
-6.747463e-09
-6.721854e-09
-6.695906e-09
-6.669641e-09
-6.643085e-09
-6.616259e-09
-6.589189e-09
-6.561898e-09
-6.534410e-09
-6.506751e-09
-6.478943e-09
-6.451012e-09
-6.422982e-09
-6.394877e-09
-6.366722e-09
-6.338541e-09
-6.310358e-09
-6.282197e-09
-6.254083e-09
-6.226040e-09
-6.198090e-09
-6.170259e-09
-6.142568e-09
-6.115042e-09
-6.087703e-09
-6.060573e-09
-6.033676e-09
-6.007033e-09
-5.980665e-09
-5.954594e-09
-5.928842e-09
-5.903428e-09
-5.878372e-09
-5.853695e-09
-5.829415e-09
-5.805552e-09
-5.782123e-09
-5.759146e-09
-5.736639e-09
-5.714619e-09
-5.693101e-09
-5.672101e-09
-5.651634e-09
-5.631715e-09
-5.612357e-09
-5.593573e-09
-5.575377e-09
-5.557780e-09
-5.540793e-09
-5.524427e-09
-5.508692e-09
-5.493597e-09
-5.479152e-09
-5.465362e-09
-5.452237e-09
-5.439782e-09
-5.428004e-09
-5.416906e-09
-5.406495e-09
-5.396773e-09
-5.387743e-09
-5.379408e-09
-5.371769e-09
-5.364828e-09
-5.358583e-09
-5.353036e-09
-5.348183e-09
-5.344024e-09
-5.340556e-09
-5.337775e-09
-5.335678e-09
-5.334259e-09
-5.333513e-09
-5.333435e-09
-5.334018e-09
-5.335254e-09
-5.337135e-09
-5.339654e-09
-5.342800e-09
-5.346564e-09
-5.350936e-09
-5.355905e-09
-5.361460e-09
-5.367588e-09
-5.374278e-09
-5.381516e-09
-5.389289e-09
-5.397583e-09
-5.406383e-09
-5.415675e-09
-5.425445e-09
-5.435675e-09
-5.446351e-09
-5.457455e-09
-5.468972e-09
-5.480885e-09
-5.493175e-09
-5.505827e-09
-5.518821e-09
-5.532140e-09
-5.545767e-09
-5.559681e-09
-5.573866e-09
-5.588301e-09
-5.602970e-09
-5.617852e-09
-5.632928e-09
-5.648180e-09
-5.663588e-09
-5.679134e-09
-5.694798e-09
-5.710562e-09
-5.726406e-09
-5.742311e-09
-5.758259e-09
-5.774231e-09
-5.790209e-09
-5.806173e-09
-5.822106e-09
-5.837990e-09
-5.853808e-09
-5.869540e-09
-5.885171e-09
-5.900683e-09
-5.916059e-09
-5.931284e-09
-5.946341e-09
-5.961213e-09
-5.975887e-09
-5.990347e-09
-6.004578e-09
-6.018567e-09
-6.032298e-09
-6.045761e-09
-6.058940e-09
-6.071825e-09
-6.084403e-09
-6.096662e-09
-6.108593e-09
-6.120184e-09
-6.131426e-09
-6.142309e-09
-6.152825e-09
-6.162965e-09
-6.172722e-09
-6.182089e-09
-6.191059e-09
-6.199626e-09
-6.207785e-09
-6.215532e-09
-6.222861e-09
-6.229770e-09
-6.236256e-09
-6.242315e-09
-6.247947e-09
-6.253150e-09
-6.257924e-09
-6.262268e-09
-6.266183e-09
-6.269671e-09
-6.272732e-09
-6.275371e-09
-6.277588e-09
-6.279389e-09
-6.280776e-09
-6.281756e-09
-6.282332e-09
-6.282510e-09
-6.282298e-09
-6.281701e-09
-6.280727e-09
-6.279384e-09
-6.277679e-09
-6.275623e-09
-6.273224e-09
-6.270492e-09
-6.267437e-09
-6.264070e-09
-6.260401e-09
-6.256443e-09
-6.252207e-09
-6.247704e-09
-6.242949e-09
-6.237954e-09
-6.232731e-09
-6.227295e-09
-6.221659e-09
-6.215838e-09
-6.209846e-09
-6.203698e-09
-6.197407e-09
-6.190991e-09
-6.184463e-09
-6.177839e-09
-6.171135e-09
-6.164366e-09
-6.157548e-09
-6.150698e-09
-6.143831e-09
-6.136963e-09
-6.130111e-09
-6.123289e-09
-6.116516e-09
-6.109806e-09
-6.103175e-09
-6.096640e-09
-6.090217e-09
-6.083921e-09
-6.077767e-09
-6.071773e-09
-6.065952e-09
-6.060321e-09
-6.054894e-09
-6.049686e-09
-6.044711e-09
-6.039985e-09
-6.035522e-09
-6.031334e-09
-6.027436e-09
-6.023841e-09
-6.020562e-09
-6.017612e-09
-6.015002e-09
-6.012745e-09
-6.010853e-09
-6.009336e-09
-6.008205e-09
-6.007471e-09
-6.007144e-09
-6.007232e-09
-6.007745e-09
-6.008692e-09
-6.010081e-09
-6.011919e-09
-6.014213e-09
-6.016971e-09
-6.020198e-09
-6.023900e-09
-6.028082e-09
-6.032748e-09
-6.037904e-09
-6.043551e-09
-6.049694e-09
-6.056335e-09
-6.063476e-09
-6.071118e-09
-6.079262e-09
-6.087908e-09
-6.097056e-09
-6.106706e-09
-6.116856e-09
-6.127504e-09
-6.138648e-09
-6.150284e-09
-6.162410e-09
-6.175021e-09
-6.188113e-09
-6.201681e-09
-6.215718e-09
-6.230220e-09
-6.245179e-09
-6.260588e-09
-6.276439e-09
-6.292726e-09
-6.309437e-09
-6.326566e-09
-6.344102e-09
-6.362036e-09
-6.380356e-09
-6.399052e-09
-6.418113e-09
-6.437528e-09
-6.457283e-09
-6.477367e-09
-6.497767e-09
-6.518470e-09
-6.539461e-09
-6.560728e-09
-6.582256e-09
-6.604030e-09
-6.626036e-09
-6.648259e-09
-6.670684e-09
-6.693294e-09
-6.716075e-09
-6.739009e-09
-6.762081e-09
-6.785275e-09
-6.808574e-09
-6.831962e-09
-6.855420e-09
-6.878933e-09
-6.902484e-09
-6.926055e-09
-6.949629e-09
-6.973189e-09
-6.996717e-09
-7.020197e-09
-7.043611e-09
-7.066941e-09
-7.090171e-09
-7.113283e-09
-7.136259e-09
-7.159084e-09
-7.181740e-09
-7.204210e-09
-7.226477e-09
-7.248524e-09
-7.270337e-09
-7.291897e-09
-7.313189e-09
-7.334197e-09
-7.354906e-09
-7.375299e-09
-7.395363e-09
-7.415081e-09
-7.434440e-09
-7.453424e-09
-7.472021e-09
-7.490215e-09
-7.507995e-09
-7.525346e-09
-7.542255e-09
-7.558712e-09
-7.574702e-09
-7.590216e-09
-7.605242e-09
-7.619768e-09
-7.633784e-09
-7.647281e-09
-7.660249e-09
-7.672679e-09
-7.684561e-09
-7.695888e-09
-7.706652e-09
-7.716846e-09
-7.726462e-09
-7.735494e-09
-7.743937e-09
-7.751785e-09
-7.759032e-09
-7.765676e-09
-7.771710e-09
-7.777132e-09
-7.781940e-09
-7.786130e-09
-7.789700e-09
-7.792649e-09
-7.794976e-09
-7.796681e-09
-7.797763e-09
-7.798223e-09
-7.798061e-09
-7.797281e-09
-7.795882e-09
-7.793868e-09
-7.791241e-09
-7.788006e-09
-7.784166e-09
-7.779724e-09
-7.774687e-09
-7.769059e-09
-7.762846e-09
-7.756054e-09
-7.748690e-09
-7.740761e-09
-7.732273e-09
-7.723236e-09
-7.713657e-09
-7.703545e-09
-7.692909e-09
-7.681758e-09
-7.670103e-09
-7.657953e-09
-7.645318e-09
-7.632211e-09
-7.618641e-09
-7.604620e-09
-7.590161e-09
-7.575274e-09
-7.559974e-09
-7.544271e-09
-7.528179e-09
-7.511711e-09
-7.494881e-09
-7.477701e-09
-7.460187e-09
-7.442351e-09
-7.424208e-09
-7.405772e-09
-7.387057e-09
-7.368079e-09
-7.348851e-09
-7.329389e-09
-7.309707e-09
-7.289821e-09
-7.269746e-09
-7.249496e-09
-7.229087e-09
-7.208533e-09
-7.187851e-09
-7.167055e-09
-7.146161e-09
-7.125183e-09
-7.104136e-09
-7.083036e-09
-7.061898e-09
-7.040736e-09
-7.019565e-09
-6.998400e-09
-6.977255e-09
-6.956145e-09
-6.935083e-09
-6.914085e-09
-6.893163e-09
-6.872331e-09
-6.851604e-09
-6.830994e-09
-6.810514e-09
-6.790178e-09
-6.769997e-09
-6.749984e-09
-6.730152e-09
-6.710511e-09
-6.691074e-09
-6.671851e-09
-6.652854e-09
-6.634093e-09
-6.615578e-09
-6.597320e-09
-6.579328e-09
-6.561611e-09
-6.544179e-09
-6.527039e-09
-6.510200e-09
-6.493670e-09
-6.477457e-09
-6.461567e-09
-6.446007e-09
-6.430783e-09
-6.415902e-09
-6.401369e-09
-6.387190e-09
-6.373368e-09
-6.359909e-09
-6.346816e-09
-6.334093e-09
-6.321743e-09
-6.309769e-09
-6.298173e-09
-6.286958e-09
-6.276124e-09
-6.265674e-09
-6.255607e-09
-6.245925e-09
-6.236627e-09
-6.227713e-09
-6.219183e-09
-6.211034e-09
-6.203267e-09
-6.195878e-09
-6.188866e-09
-6.182228e-09
-6.175961e-09
-6.170062e-09
-6.164527e-09
-6.159353e-09
-6.154535e-09
-6.150069e-09
-6.145950e-09
-6.142173e-09
-6.138732e-09
-6.135621e-09
-6.132835e-09
-6.130368e-09
-6.128213e-09
-6.126363e-09
-6.124812e-09
-6.123552e-09
-6.122576e-09
-6.121876e-09
-6.121446e-09
-6.121276e-09
-6.121358e-09
-6.121686e-09
-6.122250e-09
-6.123042e-09
-6.124053e-09
-6.125275e-09
-6.126699e-09
-6.128317e-09
-6.130118e-09
-6.132096e-09
-6.134240e-09
-6.136541e-09
-6.138991e-09
-6.141581e-09
-6.144302e-09
-6.147145e-09
-6.150100e-09
-6.153160e-09
-6.156315e-09
-6.159557e-09
-6.162878e-09
-6.166267e-09
-6.169719e-09
-6.173223e-09
-6.176772e-09
-6.180358e-09
-6.183973e-09
-6.187610e-09
-6.191261e-09
-6.194918e-09
-6.198575e-09
-6.202224e-09
-6.205860e-09
-6.209475e-09
-6.213063e-09
-6.216618e-09
-6.220135e-09
-6.223608e-09
-6.227031e-09
-6.230400e-09
-6.233710e-09
-6.236956e-09
-6.240134e-09
-6.243241e-09
-6.246273e-09
-6.249226e-09
-6.252097e-09
-6.254884e-09
-6.257584e-09
-6.260195e-09
-6.262715e-09
-6.265143e-09
-6.267478e-09
-6.269718e-09
-6.271863e-09
-6.273913e-09
-6.275867e-09
-6.277726e-09
-6.279491e-09
-6.281162e-09
-6.282740e-09
-6.284228e-09
-6.285626e-09
-6.286937e-09
-6.288164e-09
-6.289307e-09
-6.290372e-09
-6.291360e-09
-6.292275e-09
-6.293120e-09
-6.293900e-09
-6.294618e-09
-6.295278e-09
-6.295886e-09
-6.296446e-09
-6.296962e-09
-6.297441e-09
-6.297886e-09
-6.298304e-09
-6.298700e-09
-6.299079e-09
-6.299448e-09
-6.299813e-09
-6.300179e-09
-6.300553e-09
-6.300942e-09
-6.301350e-09
-6.301786e-09
-6.302255e-09
-6.302763e-09
-6.303318e-09
-6.303926e-09
-6.304594e-09
-6.305327e-09
-6.306133e-09
-6.307018e-09
-6.307989e-09
-6.309051e-09
-6.310211e-09
-6.311476e-09
-6.312851e-09
-6.314343e-09
-6.315957e-09
-6.317700e-09
-6.319576e-09
-6.321591e-09
-6.323750e-09
-6.326060e-09
-6.328523e-09
-6.331146e-09
-6.333933e-09
-6.336887e-09
-6.340014e-09
-6.343316e-09
-6.346797e-09
-6.350461e-09
-6.354311e-09
-6.358348e-09
-6.362576e-09
-6.366997e-09
-6.371612e-09
-6.376424e-09
-6.381432e-09
-6.386639e-09
-6.392043e-09
-6.397647e-09
-6.403449e-09
-6.409449e-09
-6.415646e-09
-6.422038e-09
-6.428625e-09
-6.435404e-09
-6.442373e-09
-6.449528e-09
-6.456868e-09
-6.464388e-09
-6.472085e-09
-6.479955e-09
-6.487992e-09
-6.496193e-09
-6.504551e-09
-6.513061e-09
-6.521716e-09
-6.530512e-09
-6.539439e-09
-6.548493e-09
-6.557664e-09
-6.566945e-09
-6.576329e-09
-6.585805e-09
-6.595367e-09
-6.605003e-09
-6.614705e-09
-6.624464e-09
-6.634268e-09
-6.644107e-09
-6.653972e-09
-6.663850e-09
-6.673730e-09
-6.683601e-09
-6.693451e-09
-6.703269e-09
-6.713041e-09
-6.722755e-09
-6.732399e-09
-6.741960e-09
-6.751425e-09
-6.760779e-09
-6.770011e-09
-6.779107e-09
-6.788052e-09
-6.796833e-09
-6.805436e-09
-6.813847e-09
-6.822051e-09
-6.830036e-09
-6.837785e-09
-6.845286e-09
-6.852524e-09
-6.859483e-09
-6.866151e-09
-6.872513e-09
-6.878553e-09
-6.884259e-09
-6.889616e-09
-6.894609e-09
-6.899224e-09
-6.903448e-09
-6.907267e-09
-6.910666e-09
-6.913632e-09
-6.916152e-09
-6.918211e-09
-6.919798e-09
-6.920898e-09
-6.921500e-09
-6.921589e-09
-6.921155e-09
-6.920184e-09
-6.918665e-09
-6.916586e-09
-6.913935e-09
-6.910702e-09
-6.906875e-09
-6.902444e-09
-6.897398e-09
-6.891728e-09
-6.885423e-09
-6.878475e-09
-6.870874e-09
-6.862612e-09
-6.853680e-09
-6.844070e-09
-6.833774e-09
-6.822786e-09
-6.811099e-09
-6.798705e-09
-6.785599e-09
-6.771774e-09
-6.757227e-09
-6.741951e-09
-6.725942e-09
-6.709196e-09
-6.691709e-09
-6.673478e-09
-6.654500e-09
-6.634772e-09
-6.614293e-09
-6.593060e-09
-6.571072e-09
-6.548328e-09
-6.524828e-09
-6.500572e-09
-6.475560e-09
-6.449793e-09
-6.423272e-09
-6.395998e-09
-6.367974e-09
-6.339201e-09
-6.309683e-09
-6.279423e-09
-6.248424e-09
-6.216689e-09
-6.184224e-09
-6.151033e-09
-6.117120e-09
-6.082492e-09
-6.047153e-09
-6.011109e-09
-5.974368e-09
-5.936936e-09
-5.898819e-09
-5.860024e-09
-5.820561e-09
-5.780435e-09
-5.739656e-09
-5.698232e-09
-5.656172e-09
-5.613484e-09
-5.570178e-09
-5.526263e-09
-5.481748e-09
-5.436645e-09
-5.390962e-09
-5.344711e-09
-5.297901e-09
-5.250543e-09
-5.202648e-09
-5.154227e-09
-5.105292e-09
-5.055853e-09
-5.005922e-09
-4.955511e-09
-4.904630e-09
-4.853292e-09
-4.801509e-09
-4.749293e-09
-4.696655e-09
-4.643607e-09
-4.590162e-09
-4.536332e-09
-4.482128e-09
-4.427563e-09
-4.372650e-09
-4.317400e-09
-4.261825e-09
-4.205937e-09
-4.149750e-09
-4.093273e-09
-4.036521e-09
-3.979504e-09
-3.922234e-09
-3.864724e-09
-3.806984e-09
-3.749028e-09
-3.690865e-09
-3.632507e-09
-3.573966e-09
-3.515254e-09
-3.456380e-09
-3.397356e-09
-3.338192e-09
-3.278900e-09
-3.219489e-09
-3.159970e-09
-3.100354e-09
-3.040649e-09
-2.980866e-09
-2.921014e-09
-2.861103e-09
-2.801142e-09
-2.741140e-09
-2.681105e-09
-2.621047e-09
-2.560973e-09
-2.500892e-09
-2.440812e-09
-2.380740e-09
-2.320684e-09
-2.260651e-09
-2.200649e-09
-2.140684e-09
-2.080762e-09
-2.020891e-09
-1.961075e-09
-1.901322e-09
-1.841637e-09
-1.782024e-09
-1.722490e-09
-1.663040e-09
-1.603677e-09
-1.544407e-09
-1.485234e-09
-1.426161e-09
-1.367194e-09
-1.308334e-09
-1.249586e-09
-1.190953e-09
-1.132437e-09
-1.074042e-09
-1.015770e-09
-9.576221e-10
-8.996016e-10
-8.417101e-10
-7.839492e-10
-7.263203e-10
-6.688246e-10
-6.114632e-10
-5.542370e-10
-4.971467e-10
-4.401927e-10
-3.833754e-10
-3.266950e-10
-2.701515e-10
-2.137447e-10
-1.574744e-10
-1.013400e-10
-4.534106e-11
1.052323e-11
6.625368e-11
1.218513e-10
1.773171e-10
2.326523e-10
2.878582e-10
3.429361e-10
3.978877e-10
4.527143e-10
5.074177e-10
5.619995e-10
6.164615e-10
6.708055e-10
7.250333e-10
7.791468e-10
8.331479e-10
8.870386e-10
9.408208e-10
9.944964e-10
1.048067e-09
1.101536e-09
1.154903e-09
1.208172e-09
1.261344e-09
1.314420e-09
1.367403e-09
1.420295e-09
1.473096e-09
1.525809e-09
1.578434e-09
1.630974e-09
1.683430e-09
1.735802e-09
1.788092e-09
1.840301e-09
1.892429e-09
1.944478e-09
1.996447e-09
2.048338e-09
2.100150e-09
2.151883e-09
2.203537e-09
2.255112e-09
2.306608e-09
2.358023e-09
2.409356e-09
2.460608e-09
2.511775e-09
2.562857e-09
2.613852e-09
2.664757e-09
2.715571e-09
2.766291e-09
2.816914e-09
2.867437e-09
2.917856e-09
2.968169e-09
3.018370e-09
3.068457e-09
3.118424e-09
3.168267e-09
3.217981e-09
3.267560e-09
3.316999e-09
3.366292e-09
3.415433e-09
3.464415e-09
3.513231e-09
3.561874e-09
3.610337e-09
3.658612e-09
3.706691e-09
3.754565e-09
3.802226e-09
3.849665e-09
3.896871e-09
3.943837e-09
3.990551e-09
4.037004e-09
4.083185e-09
4.129083e-09
4.174686e-09
4.219984e-09
4.264964e-09
4.309615e-09
4.353924e-09
4.397878e-09
4.441465e-09
4.484672e-09
4.527484e-09
4.569889e-09
4.611872e-09
4.653419e-09
4.694516e-09
4.735148e-09
4.775300e-09
4.814957e-09
4.854104e-09
4.892726e-09
4.930806e-09
4.968329e-09
5.005280e-09
5.041641e-09
5.077397e-09
5.112531e-09
5.147026e-09
5.180867e-09
5.214036e-09
5.246517e-09
5.278293e-09
5.309347e-09
5.339662e-09
5.369222e-09
5.398009e-09
5.426006e-09
5.453197e-09
5.479564e-09
5.505092e-09
5.529763e-09
5.553561e-09
5.576469e-09
5.598471e-09
5.619551e-09
5.639692e-09
5.658879e-09
5.677097e-09
5.694329e-09
5.710560e-09
5.725776e-09
5.739961e-09
5.753102e-09
5.765184e-09
5.776193e-09
5.786116e-09
5.794939e-09
5.802650e-09
5.809237e-09
5.814686e-09
5.818988e-09
5.822130e-09
5.824103e-09
5.824895e-09
5.824497e-09
5.822900e-09
5.820095e-09
5.816074e-09
5.810829e-09
5.804353e-09
5.796641e-09
5.787685e-09
5.777481e-09
5.766023e-09
5.753309e-09
5.739335e-09
5.724097e-09
5.707594e-09
5.689825e-09
5.670789e-09
5.650486e-09
5.628917e-09
5.606083e-09
5.581987e-09
5.556632e-09
5.530021e-09
5.502159e-09
5.473051e-09
5.442704e-09
5.411124e-09
5.378319e-09
5.344297e-09
5.309069e-09
5.272642e-09
5.235030e-09
5.196242e-09
5.156293e-09
5.115194e-09
5.072960e-09
5.029606e-09
4.985148e-09
4.939602e-09
4.892985e-09
4.845316e-09
4.796613e-09
4.746897e-09
4.696186e-09
4.644503e-09
4.591870e-09
4.538310e-09
4.483845e-09
4.428500e-09
4.372300e-09
4.315270e-09
4.257438e-09
4.198830e-09
4.139473e-09
4.079397e-09
4.018629e-09
3.957201e-09
3.895142e-09
3.832482e-09
3.769254e-09
3.705490e-09
3.641222e-09
3.576483e-09
3.511306e-09
3.445727e-09
3.379779e-09
3.313498e-09
3.246918e-09
3.180076e-09
3.113008e-09
3.045751e-09
2.978341e-09
2.910816e-09
2.843213e-09
2.775569e-09
2.707923e-09
2.640314e-09
2.572778e-09
2.505355e-09
2.438083e-09
2.371002e-09
2.304149e-09
2.237564e-09
2.171285e-09
2.105351e-09
2.039801e-09
1.974674e-09
1.910008e-09
1.845841e-09
1.782212e-09
1.719160e-09
1.656721e-09
1.594933e-09
1.533835e-09
1.473462e-09
1.413852e-09
1.355041e-09
1.297065e-09
1.239959e-09
1.183760e-09
1.128500e-09
1.074215e-09
1.020939e-09
9.687033e-10
9.175418e-10
8.674860e-10
8.185672e-10
7.708162e-10
7.242629e-10
6.789366e-10
6.348659e-10
5.920785e-10
5.506016e-10
5.104615e-10
4.716835e-10
4.342924e-10
3.983120e-10
3.637651e-10
3.306738e-10
2.990593e-10
2.689418e-10
2.403405e-10
2.132738e-10
1.877591e-10
1.638127e-10
1.414501e-10
1.206855e-10
1.015325e-10
8.400335e-11
6.810931e-11
5.386065e-11
4.126657e-11
3.033521e-11
2.107362e-11
1.348778e-11
7.582611e-12
3.361918e-12
8.284324e-13
-1.620755e-14
