2.686150e-14
-2.792807e-11
-1.117707e-10
-2.514273e-10
-4.467757e-10
-6.976443e-10
-1.003813e-09
-1.365014e-09
-1.780930e-09
-2.251198e-09
-2.775404e-09
-3.353090e-09
-3.983751e-09
-4.666834e-09
-5.401743e-09
-6.187834e-09
-7.024422e-09
-7.910776e-09
-8.846122e-09
-9.829646e-09
-1.086049e-08
-1.193776e-08
-1.306051e-08
-1.422777e-08
-1.543853e-08
-1.669174e-08
-1.798630e-08
-1.932111e-08
-2.069500e-08
-2.210679e-08
-2.355526e-08
-2.503916e-08
-2.655722e-08
-2.810813e-08
-2.969056e-08
-3.130315e-08
-3.294453e-08
-3.461328e-08
-3.630800e-08
-3.802723e-08
-3.976952e-08
-4.153338e-08
-4.331732e-08
-4.511984e-08
-4.693941e-08
-4.877450e-08
-5.062358e-08
-5.248508e-08
-5.435746e-08
-5.623915e-08
-5.812859e-08
-6.002421e-08
-6.192444e-08
-6.382770e-08
-6.573244e-08
-6.763710e-08
-6.954010e-08
-7.143991e-08
-7.333497e-08
-7.522375e-08
-7.710473e-08
-7.897639e-08
-8.083723e-08
-8.268577e-08
-8.452054e-08
-8.634008e-08
-8.814296e-08
-8.992777e-08
-9.169311e-08
-9.343762e-08
-9.515993e-08
-9.685874e-08
-9.853274e-08
-1.001807e-07
-1.018013e-07
-1.033933e-07
-1.049557e-07
-1.064871e-07
-1.079866e-07
-1.094529e-07
-1.108852e-07
-1.122822e-07
-1.136431e-07
-1.149668e-07
-1.162525e-07
-1.174994e-07
-1.187064e-07
-1.198729e-07
-1.209981e-07
-1.220812e-07
-1.231215e-07
-1.241185e-07
-1.250715e-07
-1.259799e-07
-1.268432e-07
-1.276610e-07
-1.284327e-07
-1.291581e-07
-1.298366e-07
-1.304680e-07
-1.310521e-07
-1.315885e-07
-1.320772e-07
-1.325178e-07
-1.329104e-07
-1.332549e-07
-1.335512e-07
-1.337993e-07
-1.339994e-07
-1.341514e-07
-1.342555e-07
-1.343119e-07
-1.343207e-07
-1.342824e-07
-1.341970e-07
-1.340650e-07
-1.338867e-07
-1.336624e-07
-1.333927e-07
-1.330780e-07
-1.327188e-07
-1.323156e-07
-1.318689e-07
-1.313795e-07
-1.308478e-07
-1.302746e-07
-1.296605e-07
-1.290063e-07
-1.283126e-07
-1.275803e-07
-1.268102e-07
-1.260030e-07
-1.251596e-07
-1.242809e-07
-1.233677e-07
-1.224209e-07
-1.214416e-07
-1.204305e-07
-1.193887e-07
-1.183172e-07
-1.172168e-07
-1.160887e-07
-1.149339e-07
-1.137533e-07
-1.125481e-07
-1.113192e-07
-1.100677e-07
-1.087948e-07
-1.075013e-07
-1.061886e-07
-1.048575e-07
-1.035092e-07
-1.021448e-07
-1.007654e-07
-9.937207e-08
-9.796587e-08
-9.654790e-08
-9.511925e-08
-9.368100e-08
-9.223422e-08
-9.077997e-08
-8.931932e-08
-8.785333e-08
-8.638304e-08
-8.490948e-08
-8.343368e-08
-8.195665e-08
-8.047941e-08
-7.900293e-08
-7.752820e-08
-7.605617e-08
-7.458780e-08
-7.312402e-08
-7.166574e-08
-7.021386e-08
-6.876926e-08
-6.733280e-08
-6.590534e-08
-6.448768e-08
-6.308065e-08
-6.168501e-08
-6.030154e-08
-5.893098e-08
-5.757405e-08
-5.623144e-08
-5.490383e-08
-5.359188e-08
-5.229621e-08
-5.101743e-08
-4.975613e-08
-4.851286e-08
-4.728816e-08
-4.608254e-08
-4.489648e-08
-4.373045e-08
-4.258489e-08
-4.146021e-08
-4.035680e-08
-3.927501e-08
-3.821520e-08
-3.717768e-08
-3.616273e-08
-3.517062e-08
-3.420159e-08
-3.325587e-08
-3.233364e-08
-3.143507e-08
-3.056031e-08
-2.970949e-08
-2.888271e-08
-2.808003e-08
-2.730152e-08
-2.654721e-08
-2.581710e-08
-2.511120e-08
-2.442946e-08
-2.377183e-08
-2.313825e-08
-2.252861e-08
-2.194281e-08
-2.138072e-08
-2.084218e-08
-2.032702e-08
-1.983507e-08
-1.936612e-08
-1.891994e-08
-1.849630e-08
-1.809496e-08
-1.771565e-08
-1.735807e-08
-1.702195e-08
-1.670697e-08
-1.641280e-08
-1.613913e-08
-1.588559e-08
-1.565184e-08
-1.543751e-08
-1.524221e-08
-1.506557e-08
-1.490718e-08
-1.476664e-08
-1.464355e-08
-1.453747e-08
-1.444799e-08
-1.437467e-08
-1.431707e-08
-1.427475e-08
-1.424727e-08
-1.423416e-08
-1.423498e-08
-1.424927e-08
-1.427657e-08
-1.431641e-08
-1.436834e-08
-1.443188e-08
-1.450657e-08
-1.459195e-08
-1.468756e-08
-1.479292e-08
-1.490759e-08
-1.503109e-08
-1.516298e-08
-1.530279e-08
-1.545007e-08
-1.560439e-08
-1.576529e-08
-1.593233e-08
-1.610508e-08
-1.628310e-08
-1.646599e-08
-1.665330e-08
-1.684464e-08
-1.703959e-08
-1.723776e-08
-1.743874e-08
-1.764216e-08
-1.784764e-08
-1.805480e-08
-1.826328e-08
-1.847272e-08
-1.868278e-08
-1.889311e-08
-1.910339e-08
-1.931329e-08
-1.952249e-08
-1.973070e-08
-1.993762e-08
-2.014296e-08
-2.034644e-08
-2.054779e-08
-2.074676e-08
-2.094308e-08
-2.113654e-08
-2.132688e-08
-2.151389e-08
-2.169735e-08
-2.187707e-08
-2.205285e-08
-2.222450e-08
-2.239185e-08
-2.255472e-08
-2.271298e-08
-2.286645e-08
-2.301502e-08
-2.315853e-08
-2.329689e-08
-2.342996e-08
-2.355765e-08
-2.367987e-08
-2.379651e-08
-2.390751e-08
-2.401280e-08
-2.411230e-08
-2.420597e-08
-2.429375e-08
-2.437561e-08
-2.445152e-08
-2.452144e-08
-2.458535e-08
-2.464326e-08
-2.469514e-08
-2.474100e-08
-2.478086e-08
-2.481471e-08
-2.484258e-08
-2.486449e-08
-2.488048e-08
-2.489058e-08
-2.489482e-08
-2.489326e-08
-2.488595e-08
-2.487293e-08
-2.485427e-08
-2.483002e-08
-2.480027e-08
-2.476507e-08
-2.472450e-08
-2.467864e-08
-2.462756e-08
-2.457136e-08
-2.451011e-08
-2.444391e-08
-2.437284e-08
-2.429700e-08
-2.421648e-08
-2.413139e-08
-2.404181e-08
-2.394786e-08
-2.384962e-08
-2.374721e-08
-2.364072e-08
-2.353027e-08
-2.341595e-08
-2.329788e-08
-2.317616e-08
-2.305089e-08
-2.292218e-08
-2.279015e-08
-2.265489e-08
-2.251652e-08
-2.237513e-08
-2.223085e-08
-2.208376e-08
-2.193398e-08
-2.178161e-08
-2.162676e-08
-2.146952e-08
-2.131000e-08
-2.114829e-08
-2.098451e-08
-2.081874e-08
-2.065108e-08
-2.048163e-08
-2.031048e-08
-2.013773e-08
-1.996346e-08
-1.978777e-08
-1.961074e-08
-1.943245e-08
-1.925301e-08
-1.907247e-08
-1.889094e-08
-1.870849e-08
-1.852518e-08
-1.834111e-08
-1.815635e-08
-1.797096e-08
-1.778502e-08
-1.759860e-08
-1.741176e-08
-1.722456e-08
-1.703708e-08
-1.684938e-08
-1.666150e-08
-1.647351e-08
-1.628547e-08
-1.609743e-08
-1.590945e-08
-1.572156e-08
-1.553383e-08
-1.534630e-08
-1.515901e-08
-1.497201e-08
-1.478534e-08
-1.459905e-08
-1.441316e-08
-1.422772e-08
-1.404277e-08
-1.385834e-08
-1.367446e-08
-1.349117e-08
-1.330849e-08
-1.312645e-08
-1.294509e-08
-1.276442e-08
-1.258448e-08
-1.240528e-08
-1.222685e-08
-1.204922e-08
-1.187240e-08
-1.169640e-08
-1.152126e-08
-1.134699e-08
-1.117360e-08
-1.100111e-08
-1.082954e-08
-1.065889e-08
-1.048919e-08
-1.032043e-08
-1.015264e-08
-9.985830e-09
-9.820000e-09
-9.655165e-09
-9.491332e-09
-9.328508e-09
-9.166702e-09
-9.005920e-09
-8.846167e-09
-8.687450e-09
-8.529773e-09
-8.373141e-09
-8.217557e-09
-8.063025e-09
-7.909548e-09
-7.757130e-09
-7.605771e-09
-7.455474e-09
-7.306240e-09
-7.158070e-09
-7.010965e-09
-6.864926e-09
-6.719953e-09
-6.576045e-09
-6.433201e-09
-6.291422e-09
-6.150705e-09
-6.011050e-09
-5.872454e-09
-5.734917e-09
-5.598436e-09
-5.463008e-09
-5.328631e-09
-5.195302e-09
-5.063018e-09
-4.931775e-09
-4.801572e-09
-4.672402e-09
-4.544264e-09
-4.417152e-09
-4.291062e-09
-4.165990e-09
-4.041932e-09
-3.918881e-09
-3.796834e-09
-3.675785e-09
-3.555728e-09
-3.436658e-09
-3.318569e-09
-3.201456e-09
-3.085311e-09
-2.970130e-09
-2.855904e-09
-2.742628e-09
-2.630295e-09
-2.518897e-09
-2.408428e-09
-2.298880e-09
-2.190247e-09
-2.082519e-09
-1.975690e-09
-1.869751e-09
-1.764695e-09
-1.660513e-09
-1.557197e-09
-1.454739e-09
-1.353130e-09
-1.252361e-09
-1.152423e-09
-1.053309e-09
-9.550075e-10
-8.575109e-10
-7.608098e-10
-6.648948e-10
-5.697567e-10
-4.753860e-10
-3.817735e-10
-2.889095e-10
-1.967846e-10
-1.053892e-10
-1.471386e-11
7.525104e-11
1.645151e-10
2.530877e-10
3.409785e-10
4.281970e-10
5.147526e-10
6.006546e-10
6.859125e-10
7.705354e-10
8.545325e-10
9.379129e-10
1.020685e-09
1.102859e-09
1.184442e-09
1.265444e-09
1.345872e-09
1.425735e-09
1.505041e-09
1.583798e-09
1.662013e-09
1.739694e-09
1.816848e-09
1.893482e-09
1.969603e-09
2.045217e-09
2.120331e-09
2.194949e-09
2.269079e-09
2.342725e-09
2.415893e-09
2.488586e-09
2.560810e-09
2.632569e-09
2.703866e-09
2.774705e-09
2.845088e-09
2.915019e-09
2.984500e-09
3.053533e-09
3.122119e-09
3.190259e-09
3.257956e-09
3.325207e-09
3.392015e-09
3.458379e-09
3.524298e-09
3.589770e-09
3.654795e-09
3.719370e-09
3.783494e-09
3.847163e-09
3.910374e-09
3.973125e-09
4.035412e-09
4.097229e-09
4.158573e-09
4.219439e-09
4.279822e-09
4.339715e-09
4.399113e-09
4.458011e-09
4.516400e-09
4.574274e-09
4.631626e-09
4.688449e-09
4.744734e-09
4.800473e-09
4.855659e-09
4.910281e-09
4.964333e-09
5.017804e-09
5.070684e-09
5.122965e-09
5.174638e-09
5.225690e-09
5.276114e-09
5.325899e-09
5.375033e-09
5.423508e-09
5.471312e-09
5.518435e-09
5.564865e-09
5.610593e-09
5.655608e-09
5.699899e-09
5.743454e-09
5.786264e-09
5.828317e-09
5.869604e-09
5.910113e-09
5.949834e-09
5.988756e-09
6.026870e-09
6.064166e-09
6.100632e-09
6.136261e-09
6.171042e-09
6.204966e-09
6.238024e-09
6.270207e-09
6.301506e-09
6.331914e-09
6.361422e-09
6.390023e-09
6.417710e-09
6.444475e-09
6.470311e-09
6.495214e-09
6.519177e-09
6.542194e-09
6.564260e-09
6.585372e-09
6.605524e-09
6.624714e-09
6.642937e-09
6.660192e-09
6.676476e-09
6.691787e-09
6.706124e-09
6.719486e-09
6.731874e-09
6.743287e-09
6.753726e-09
6.763193e-09
6.771689e-09
6.779218e-09
6.785782e-09
6.791384e-09
6.796030e-09
6.799723e-09
6.802469e-09
6.804274e-09
6.805144e-09
6.805086e-09
6.804108e-09
6.802217e-09
6.799423e-09
6.795735e-09
6.791162e-09
6.785714e-09
6.779403e-09
6.772240e-09
6.764237e-09
6.755405e-09
6.745759e-09
6.735311e-09
6.724076e-09
6.712067e-09
6.699300e-09
6.685791e-09
6.671553e-09
6.656605e-09
6.640963e-09
6.624644e-09
6.607665e-09
6.590044e-09
6.571799e-09
6.552950e-09
6.533515e-09
6.513513e-09
6.492965e-09
6.471889e-09
6.450307e-09
6.428238e-09
6.405704e-09
6.382725e-09
6.359323e-09
6.335519e-09
6.311335e-09
6.286792e-09
6.261913e-09
6.236720e-09
6.211234e-09
6.185478e-09
6.159474e-09
6.133245e-09
6.106814e-09
6.080202e-09
6.053432e-09
6.026527e-09
5.999510e-09
5.972402e-09
5.945226e-09
5.918004e-09
5.890758e-09
5.863511e-09
5.836285e-09
5.809101e-09
5.781980e-09
5.754945e-09
5.728017e-09
5.701215e-09
5.674562e-09
5.648078e-09
5.621783e-09
5.595697e-09
5.569840e-09
5.544231e-09
5.518889e-09
5.493833e-09
5.469081e-09
5.444651e-09
5.420562e-09
5.396830e-09
5.373472e-09
5.350505e-09
5.327944e-09
5.305805e-09
5.284104e-09
5.262855e-09
5.242072e-09
5.221770e-09
5.201961e-09
5.182659e-09
5.163875e-09
5.145622e-09
5.127911e-09
5.110752e-09
5.094157e-09
5.078135e-09
5.062695e-09
5.047846e-09
5.033596e-09
5.019954e-09
5.006925e-09
4.994518e-09
4.982737e-09
4.971590e-09
4.961079e-09
4.951212e-09
4.941990e-09
4.933417e-09
4.925498e-09
4.918233e-09
4.911625e-09
4.905675e-09
4.900384e-09
4.895752e-09
4.891780e-09
4.888465e-09
4.885808e-09
4.883806e-09
4.882457e-09
4.881759e-09
4.881708e-09
4.882300e-09
4.883532e-09
4.885399e-09
4.887897e-09
4.891018e-09
4.894759e-09
4.899112e-09
4.904071e-09
4.909628e-09
4.915777e-09
4.922508e-09
4.929815e-09
4.937689e-09
4.946120e-09
4.955100e-09
4.964618e-09
4.974665e-09
4.985230e-09
4.996304e-09
5.007876e-09
5.019933e-09
5.032466e-09
5.045463e-09
5.058911e-09
5.072800e-09
5.087116e-09
5.101848e-09
5.116983e-09
5.132508e-09
5.148411e-09
5.164679e-09
5.181298e-09
5.198257e-09
5.215540e-09
5.233136e-09
5.251030e-09
5.269210e-09
5.287662e-09
5.306373e-09
5.325328e-09
5.344515e-09
5.363920e-09
5.383531e-09
5.403332e-09
5.423312e-09
5.443457e-09
5.463754e-09
5.484189e-09
5.504751e-09
5.525426e-09
5.546201e-09
5.567064e-09
5.588003e-09
5.609006e-09
5.630060e-09
5.651153e-09
5.672275e-09
5.693413e-09
5.714557e-09
5.735695e-09
5.756818e-09
5.777913e-09
5.798972e-09
5.819985e-09
5.840941e-09
5.861832e-09
5.882648e-09
5.903380e-09
5.924021e-09
5.944562e-09
5.964995e-09
5.985313e-09
6.005509e-09
6.025575e-09
6.045506e-09
6.065296e-09
6.084938e-09
6.104427e-09
6.123758e-09
6.142927e-09
6.161929e-09
6.180760e-09
6.199417e-09
6.217897e-09
6.236196e-09
6.254313e-09
6.272244e-09
6.289989e-09
6.307546e-09
6.324915e-09
6.342094e-09
6.359083e-09
6.375882e-09
6.392493e-09
6.408915e-09
6.425150e-09
6.441200e-09
6.457066e-09
6.472751e-09
6.488257e-09
6.503586e-09
6.518743e-09
6.533731e-09
6.548554e-09
6.563215e-09
6.577719e-09
6.592071e-09
6.606276e-09
6.620339e-09
6.634265e-09
6.648061e-09
6.661732e-09
6.675285e-09
6.688726e-09
6.702061e-09
6.715298e-09
6.728443e-09
6.741504e-09
6.754488e-09
6.767402e-09
6.780255e-09
6.793054e-09
6.805806e-09
6.818521e-09
6.831205e-09
6.843868e-09
6.856517e-09
6.869161e-09
6.881807e-09
6.894465e-09
6.907142e-09
6.919847e-09
6.932589e-09
6.945374e-09
6.958213e-09
6.971112e-09
6.984081e-09
6.997126e-09
7.010256e-09
7.023479e-09
7.036802e-09
7.050233e-09
7.063780e-09
7.077448e-09
7.091246e-09
7.105181e-09
7.119258e-09
7.133485e-09
7.147867e-09
7.162410e-09
7.177121e-09
7.192004e-09
7.207065e-09
7.222309e-09
7.237740e-09
7.253362e-09
7.269180e-09
7.285196e-09
7.301415e-09
7.317840e-09
7.334472e-09
7.351314e-09
7.368368e-09
7.385636e-09
7.403119e-09
7.420817e-09
7.438730e-09
7.456860e-09
7.475205e-09
7.493764e-09
7.512537e-09
7.531521e-09
7.550715e-09
7.570116e-09
7.589722e-09
7.609528e-09
7.629532e-09
7.649728e-09
7.670113e-09
7.690682e-09
7.711429e-09
7.732348e-09
7.753434e-09
7.774679e-09
7.796077e-09
7.817620e-09
7.839300e-09
7.861110e-09
7.883041e-09
7.905083e-09
7.927228e-09
7.949466e-09
7.971787e-09
7.994180e-09
8.016635e-09
8.039141e-09
8.061687e-09
8.084261e-09
8.106850e-09
8.129444e-09
8.152029e-09
8.174593e-09
8.197123e-09
8.219605e-09
8.242027e-09
8.264374e-09
8.286633e-09
8.308790e-09
8.330830e-09
8.352740e-09
8.374505e-09
8.396111e-09
8.417542e-09
8.438785e-09
8.459824e-09
8.480645e-09
8.501232e-09
8.521571e-09
8.541648e-09
8.561446e-09
8.580951e-09
8.600149e-09
8.619025e-09
8.637563e-09
8.655750e-09
8.673571e-09
8.691012e-09
8.708058e-09
8.724696e-09
8.740911e-09
8.756691e-09
8.772021e-09
8.786889e-09
8.801282e-09
8.815186e-09
8.828589e-09
8.841480e-09
8.853847e-09
8.865678e-09
8.876961e-09
8.887687e-09
8.897844e-09
8.907423e-09
8.916414e-09
8.924807e-09
8.932594e-09
8.939766e-09
8.946315e-09
8.952234e-09
8.957515e-09
8.962152e-09
8.966139e-09
8.969469e-09
8.972138e-09
8.974141e-09
8.975474e-09
8.976132e-09
8.976113e-09
8.975414e-09
8.974032e-09
8.971967e-09
8.969216e-09
8.965780e-09
8.961658e-09
8.956850e-09
8.951358e-09
8.945184e-09
8.938328e-09
8.930794e-09
8.922586e-09
8.913706e-09
8.904158e-09
8.893948e-09
8.883081e-09
8.871562e-09
8.859397e-09
8.846594e-09
8.833160e-09
8.819102e-09
8.804428e-09
8.789147e-09
8.773268e-09
8.756802e-09
8.739757e-09
8.722144e-09
8.703974e-09
8.685258e-09
8.666009e-09
8.646237e-09
8.625956e-09
8.605178e-09
8.583917e-09
8.562185e-09
8.539996e-09
8.517365e-09
8.494306e-09
8.470833e-09
8.446962e-09
8.422706e-09
8.398083e-09
8.373106e-09
8.347792e-09
8.322157e-09
8.296216e-09
8.269986e-09
8.243483e-09
8.216723e-09
8.189723e-09
8.162499e-09
8.135068e-09
8.107446e-09
8.079649e-09
8.051695e-09
8.023599e-09
7.995378e-09
7.967049e-09
7.938627e-09
7.910130e-09
7.881572e-09
7.852970e-09
7.824340e-09
7.795698e-09
7.767058e-09
7.738435e-09
7.709846e-09
7.681304e-09
7.652824e-09
7.624421e-09
7.596108e-09
7.567899e-09
7.539807e-09
7.511845e-09
7.484026e-09
7.456363e-09
7.428867e-09
7.401550e-09
7.374423e-09
7.347497e-09
7.320782e-09
7.294289e-09
7.268027e-09
7.242005e-09
7.216232e-09
7.190716e-09
7.165465e-09
7.140487e-09
7.115788e-09
7.091376e-09
7.067255e-09
7.043431e-09
7.019910e-09
6.996696e-09
6.973793e-09
6.951205e-09
6.928934e-09
6.906985e-09
6.885358e-09
6.864055e-09
6.843079e-09
6.822429e-09
6.802105e-09
6.782109e-09
6.762438e-09
6.743093e-09
6.724071e-09
6.705370e-09
6.686989e-09
6.668925e-09
6.651173e-09
6.633732e-09
6.616596e-09
6.599762e-09
6.583224e-09
6.566978e-09
6.551018e-09
6.535339e-09
6.519933e-09
6.504796e-09
6.489920e-09
6.475298e-09
6.460924e-09
6.446788e-09
6.432885e-09
6.419205e-09
6.405742e-09
6.392485e-09
6.379427e-09
6.366560e-09
6.353874e-09
6.341360e-09
6.329010e-09
6.316814e-09
6.304764e-09
6.292849e-09
6.281060e-09
6.269389e-09
6.257826e-09
6.246361e-09
6.234986e-09
6.223691e-09
6.212467e-09
6.201305e-09
6.190196e-09
6.179131e-09
6.168102e-09
6.157100e-09
6.146116e-09
6.135142e-09
6.124171e-09
6.113194e-09
6.102205e-09
6.091194e-09
6.080157e-09
6.069085e-09
6.057973e-09
6.046814e-09
6.035602e-09
6.024331e-09
6.012997e-09
6.001595e-09
5.990119e-09
5.978566e-09
5.966932e-09
5.955214e-09
5.943408e-09
5.931513e-09
5.919524e-09
5.907442e-09
5.895265e-09
5.882990e-09
5.870619e-09
5.858151e-09
5.845586e-09
5.832925e-09
5.820170e-09
5.807321e-09
5.794381e-09
5.781353e-09
5.768239e-09
5.755043e-09
5.741768e-09
5.728420e-09
5.715003e-09
5.701521e-09
5.687980e-09
5.674387e-09
5.660748e-09
5.647069e-09
5.633358e-09
5.619622e-09
5.605869e-09
5.592107e-09
5.578345e-09
5.564593e-09
5.550858e-09
5.537152e-09
5.523483e-09
5.509863e-09
5.496301e-09
5.482808e-09
5.469396e-09
5.456076e-09
5.442858e-09
5.429756e-09
5.416780e-09
5.403943e-09
5.391257e-09
5.378735e-09
5.366388e-09
5.354229e-09
5.342272e-09
5.330528e-09
5.319011e-09
5.307734e-09
5.296708e-09
5.285947e-09
5.275464e-09
5.265272e-09
5.255382e-09
5.245808e-09
5.236562e-09
5.227656e-09
5.219103e-09
5.210914e-09
5.203102e-09
5.195678e-09
5.188653e-09
5.182038e-09
5.175845e-09
5.170084e-09
5.164765e-09
5.159899e-09
5.155494e-09
5.151561e-09
5.148109e-09
5.145145e-09
5.142678e-09
5.140716e-09
5.139266e-09
5.138335e-09
5.137930e-09
5.138056e-09
5.138719e-09
5.139924e-09
5.141676e-09
5.143978e-09
5.146834e-09
5.150246e-09
5.154218e-09
5.158751e-09
5.163846e-09
5.169504e-09
5.175725e-09
5.182508e-09
5.189853e-09
5.197758e-09
5.206220e-09
5.215237e-09
5.224805e-09
5.234920e-09
5.245578e-09
5.256772e-09
5.268498e-09
5.280749e-09
5.293518e-09
5.306797e-09
5.320577e-09
5.334851e-09
5.349608e-09
5.364838e-09
5.380532e-09
5.396677e-09
5.413263e-09
5.430276e-09
5.447705e-09
5.465535e-09
5.483754e-09
5.502346e-09
5.521297e-09
5.540592e-09
5.560215e-09
5.580149e-09
5.600378e-09
5.620886e-09
5.641654e-09
5.662665e-09
5.683900e-09
5.705341e-09
5.726969e-09
5.748765e-09
5.770709e-09
5.792782e-09
5.814963e-09
5.837231e-09
5.859568e-09
5.881951e-09
5.904359e-09
5.926773e-09
5.949169e-09
5.971528e-09
5.993827e-09
6.016045e-09
6.038161e-09
6.060152e-09
6.081997e-09
6.103674e-09
6.125162e-09
6.146439e-09
6.167483e-09
6.188274e-09
6.208789e-09
6.229007e-09
6.248907e-09
6.268469e-09
6.287672e-09
6.306495e-09
6.324918e-09
6.342920e-09
6.360483e-09
6.377586e-09
6.394211e-09
6.410338e-09
6.425949e-09
6.441026e-09
6.455551e-09
6.469506e-09
6.482876e-09
6.495642e-09
6.507789e-09
6.519301e-09
6.530163e-09
6.540360e-09
6.549877e-09
6.558702e-09
6.566820e-09
6.574219e-09
6.580887e-09
6.586812e-09
6.591982e-09
6.596387e-09
6.600018e-09
6.602864e-09
6.604916e-09
6.606167e-09
6.606608e-09
6.606232e-09
6.605033e-09
6.603005e-09
6.600142e-09
6.596439e-09
6.591892e-09
6.586498e-09
6.580254e-09
6.573156e-09
6.565203e-09
6.556395e-09
6.546729e-09
6.536206e-09
6.524827e-09
6.512592e-09
6.499503e-09
6.485562e-09
6.470771e-09
6.455135e-09
6.438656e-09
6.421339e-09
6.403189e-09
6.384211e-09
6.364410e-09
6.343793e-09
6.322366e-09
6.300137e-09
6.277114e-09
6.253303e-09
6.228714e-09
6.203356e-09
6.177238e-09
6.150369e-09
6.122759e-09
6.094418e-09
6.065358e-09
6.035590e-09
6.005123e-09
5.973971e-09
5.942144e-09
5.909655e-09
5.876517e-09
5.842741e-09
5.808340e-09
5.773328e-09
5.737717e-09
5.701521e-09
5.664753e-09
5.627426e-09
5.589555e-09
5.551152e-09
5.512232e-09
5.472809e-09
5.432896e-09
5.392506e-09
5.351656e-09
5.310357e-09
5.268624e-09
5.226470e-09
5.183911e-09
5.140958e-09
5.097626e-09
5.053929e-09
5.009880e-09
4.965492e-09
4.920778e-09
4.875752e-09
4.830426e-09
4.784813e-09
4.738925e-09
4.692776e-09
4.646376e-09
4.599738e-09
4.552874e-09
4.505795e-09
4.458512e-09
4.411035e-09
4.363377e-09
4.315547e-09
4.267555e-09
4.219411e-09
4.171124e-09
4.122705e-09
4.074161e-09
4.025501e-09
3.976734e-09
3.927868e-09
3.878910e-09
3.829867e-09
3.780747e-09
3.731557e-09
3.682302e-09
3.632988e-09
3.583622e-09
3.534208e-09
3.484752e-09
3.435258e-09
3.385730e-09
3.336173e-09
3.286590e-09
3.236985e-09
3.187360e-09
3.137718e-09
3.088061e-09
3.038392e-09
2.988711e-09
2.939022e-09
2.889324e-09
2.839618e-09
2.789906e-09
2.740186e-09
2.690460e-09
2.640726e-09
2.590984e-09
2.541234e-09
2.491474e-09
2.441703e-09
2.391918e-09
2.342120e-09
2.292304e-09
2.242470e-09
2.192614e-09
2.142735e-09
2.092828e-09
2.042892e-09
1.992923e-09
1.942917e-09
1.892872e-09
1.842783e-09
1.792648e-09
1.742461e-09
1.692220e-09
1.641920e-09
1.591557e-09
1.541126e-09
1.490625e-09
1.440048e-09
1.389391e-09
1.338650e-09
1.287820e-09
1.236897e-09
1.185877e-09
1.134756e-09
1.083528e-09
1.032190e-09
9.807379e-10
9.291670e-10
8.774733e-10
8.256529e-10
7.737018e-10
7.216161e-10
6.693922e-10
6.170263e-10
5.645151e-10
5.118552e-10
4.590434e-10
4.060765e-10
3.529518e-10
2.996665e-10
2.462181e-10
1.926043e-10
1.388228e-10
8.487180e-11
3.074950e-11
-2.354560e-11
-7.801477e-11
-1.326591e-10
-1.874793e-10
-2.424760e-10
-2.976496e-10
-3.530000e-10
-4.085270e-10
-4.642302e-10
-5.201088e-10
-5.761617e-10
-6.323876e-10
-6.887850e-10
-7.453518e-10
-8.020858e-10
-8.589846e-10
-9.160454e-10
-9.732649e-10
-1.030640e-09
-1.088166e-09
-1.145840e-09
-1.203657e-09
-1.261613e-09
-1.319702e-09
-1.377919e-09
-1.436259e-09
-1.494714e-09
-1.553280e-09
-1.611950e-09
-1.670715e-09
-1.729570e-09
-1.788506e-09
-1.847516e-09
-1.906592e-09
-1.965723e-09
-2.024903e-09
-2.084122e-09
-2.143369e-09
-2.202636e-09
-2.261912e-09
-2.321187e-09
-2.380449e-09
-2.439689e-09
-2.498894e-09
-2.558053e-09
-2.617154e-09
-2.676184e-09
-2.735133e-09
-2.793985e-09
-2.852730e-09
-2.911353e-09
-2.969841e-09
-3.028180e-09
-3.086356e-09
-3.144356e-09
-3.202163e-09
-3.259765e-09
-3.317146e-09
-3.374290e-09
-3.431183e-09
-3.487809e-09
-3.544153e-09
-3.600199e-09
-3.655930e-09
-3.711331e-09
-3.766385e-09
-3.821076e-09
-3.875387e-09
-3.929302e-09
-3.982803e-09
-4.035875e-09
-4.088499e-09
-4.140660e-09
-4.192339e-09
-4.243520e-09
-4.294185e-09
-4.344318e-09
-4.393900e-09
-4.442915e-09
-4.491344e-09
-4.539172e-09
-4.586380e-09
-4.632951e-09
-4.678869e-09
-4.724114e-09
-4.768672e-09
-4.812524e-09
-4.855653e-09
-4.898043e-09
-4.939677e-09
-4.980538e-09
-5.020610e-09
-5.059875e-09
-5.098319e-09
-5.135924e-09
-5.172675e-09
-5.208556e-09
-5.243551e-09
-5.277646e-09
-5.310824e-09
-5.343072e-09
-5.374374e-09
-5.404716e-09
-5.434084e-09
-5.462464e-09
-5.489843e-09
-5.516206e-09
-5.541542e-09
-5.565837e-09
-5.589080e-09
-5.611258e-09
-5.632359e-09
-5.652373e-09
-5.671288e-09
-5.689094e-09
-5.705780e-09
-5.721338e-09
-5.735757e-09
-5.749030e-09
-5.761146e-09
-5.772099e-09
-5.781881e-09
-5.790484e-09
-5.797902e-09
-5.804128e-09
-5.809158e-09
-5.812985e-09
-5.815606e-09
-5.817015e-09
-5.817209e-09
-5.816185e-09
-5.813939e-09
-5.810471e-09
-5.805778e-09
-5.799859e-09
-5.792713e-09
-5.784341e-09
-5.774743e-09
-5.763920e-09
-5.751873e-09
-5.738606e-09
-5.724119e-09
-5.708418e-09
-5.691506e-09
-5.673386e-09
-5.654065e-09
-5.633548e-09
-5.611841e-09
-5.588951e-09
-5.564884e-09
-5.539649e-09
-5.513255e-09
-5.485711e-09
-5.457025e-09
-5.427208e-09
-5.396272e-09
-5.364226e-09
-5.331084e-09
-5.296858e-09
-5.261559e-09
-5.225203e-09
-5.187803e-09
-5.149374e-09
-5.109931e-09
-5.069489e-09
-5.028066e-09
-4.985677e-09
-4.942339e-09
-4.898072e-09
-4.852892e-09
-4.806819e-09
-4.759872e-09
-4.712070e-09
-4.663435e-09
-4.613986e-09
-4.563744e-09
-4.512732e-09
-4.460970e-09
-4.408483e-09
-4.355291e-09
-4.301419e-09
-4.246891e-09
-4.191729e-09
-4.135959e-09
-4.079605e-09
-4.022692e-09
-3.965247e-09
-3.907293e-09
-3.848858e-09
-3.789967e-09
-3.730648e-09
-3.670927e-09
-3.610831e-09
-3.550388e-09
-3.489625e-09
-3.428570e-09
-3.367251e-09
-3.305696e-09
-3.243934e-09
-3.181993e-09
-3.119901e-09
-3.057688e-09
-2.995383e-09
-2.933014e-09
-2.870610e-09
-2.808201e-09
-2.745815e-09
-2.683483e-09
-2.621233e-09
-2.559094e-09
-2.497097e-09
-2.435269e-09
-2.373640e-09
-2.312240e-09
-2.251098e-09
-2.190241e-09
-2.129700e-09
-2.069503e-09
-2.009679e-09
-1.950255e-09
-1.891261e-09
-1.832725e-09
-1.774675e-09
-1.717137e-09
-1.660141e-09
-1.603713e-09
-1.547880e-09
-1.492669e-09
-1.438107e-09
-1.384219e-09
-1.331032e-09
-1.278571e-09
-1.226862e-09
-1.175929e-09
-1.125798e-09
-1.076491e-09
-1.028034e-09
-9.804488e-10
-9.337592e-10
-8.879877e-10
-8.431563e-10
-7.992868e-10
-7.564004e-10
-7.145179e-10
-6.736596e-10
-6.338453e-10
-5.950944e-10
-5.574257e-10
-5.208573e-10
-4.854072e-10
-4.510925e-10
-4.179300e-10
-3.859356e-10
-3.551250e-10
-3.255132e-10
-2.971146e-10
-2.699430e-10
-2.440116e-10
-2.193331e-10
-1.959195e-10
-1.737821e-10
-1.529318e-10
-1.333787e-10
-1.151324e-10
-9.820169e-11
-8.259491e-11
-6.831963e-11
-5.538282e-11
-4.379079e-11
-3.354919e-11
-2.466301e-11
-1.713659e-11
-1.097360e-11
-6.177045e-12
-2.749265e-12
-6.919330e-13
-6.052322e-15
