1.288059e-05
1.287957e-05
1.287652e-05
1.287144e-05
1.286433e-05
1.285520e-05
1.284404e-05
1.283087e-05
1.281568e-05
1.279849e-05
1.277930e-05
1.275813e-05
1.273497e-05
1.270984e-05
1.268276e-05
1.265373e-05
1.262276e-05
1.258988e-05
1.255509e-05
1.251840e-05
1.247984e-05
1.243942e-05
1.239716e-05
1.235308e-05
1.230719e-05
1.225951e-05
1.221008e-05
1.215889e-05
1.210599e-05
1.205139e-05
1.199511e-05
1.193718e-05
1.187762e-05
1.181646e-05
1.175372e-05
1.168943e-05
1.162361e-05
1.155630e-05
1.148752e-05
1.141731e-05
1.134568e-05
1.127267e-05
1.119830e-05
1.112262e-05
1.104565e-05
1.096741e-05
1.088795e-05
1.080730e-05
1.072548e-05
1.064253e-05
1.055848e-05
1.047337e-05
1.038723e-05
1.030010e-05
1.021200e-05
1.012297e-05
1.003305e-05
9.942272e-06
9.850670e-06
9.758278e-06
9.665132e-06
9.571268e-06
9.476720e-06
9.381525e-06
9.285716e-06
9.189330e-06
9.092402e-06
8.994968e-06
8.897062e-06
8.798719e-06
8.699976e-06
8.600866e-06
8.501425e-06
8.401688e-06
8.301689e-06
8.201462e-06
8.101042e-06
8.000462e-06
7.899757e-06
7.798960e-06
7.698104e-06
7.597222e-06
7.496348e-06
7.395512e-06
7.294747e-06
7.194085e-06
7.093557e-06
6.993194e-06
6.893027e-06
6.793085e-06
6.693399e-06
6.593997e-06
6.494909e-06
6.396162e-06
6.297786e-06
6.199806e-06
6.102251e-06
6.005146e-06
5.908517e-06
5.812391e-06
5.716791e-06
5.621742e-06
5.527268e-06
5.433392e-06
5.340136e-06
5.247524e-06
5.155576e-06
5.064313e-06
4.973756e-06
4.883924e-06
4.794837e-06
4.706512e-06
4.618969e-06
4.532225e-06
4.446295e-06
4.361197e-06
4.276945e-06
4.193555e-06
4.111041e-06
4.029417e-06
3.948695e-06
3.868889e-06
3.790009e-06
3.712067e-06
3.635073e-06
3.559038e-06
3.483971e-06
3.409881e-06
3.336775e-06
3.264661e-06
3.193547e-06
3.123437e-06
3.054339e-06
2.986258e-06
2.919197e-06
2.853161e-06
2.788153e-06
2.724177e-06
2.661234e-06
2.599326e-06
2.538455e-06
2.478621e-06
2.419824e-06
2.362064e-06
2.305340e-06
2.249652e-06
2.194996e-06
2.141370e-06
2.088772e-06
2.037199e-06
1.986647e-06
1.937111e-06
1.888587e-06
1.841070e-06
1.794554e-06
1.749034e-06
1.704503e-06
1.660956e-06
1.618383e-06
1.576779e-06
1.536136e-06
1.496446e-06
1.457699e-06
1.419888e-06
1.383003e-06
1.347036e-06
1.311976e-06
1.277814e-06
1.244539e-06
1.212142e-06
1.180611e-06
1.149936e-06
1.120106e-06
1.091109e-06
1.062934e-06
1.035570e-06
1.009004e-06
9.832246e-07
9.582197e-07
9.339771e-07
9.104843e-07
8.877289e-07
8.656982e-07
8.443796e-07
8.237602e-07
8.038273e-07
7.845679e-07
7.659689e-07
7.480175e-07
7.307005e-07
7.140049e-07
6.979175e-07
6.824252e-07
6.675150e-07
6.531737e-07
6.393883e-07
6.261457e-07
6.134328e-07
6.012368e-07
5.895447e-07
5.783436e-07
5.676207e-07
5.573634e-07
5.475589e-07
5.381948e-07
5.292585e-07
5.207377e-07
5.126202e-07
5.048938e-07
4.975465e-07
4.905664e-07
4.839417e-07
4.776609e-07
4.717123e-07
4.660847e-07
4.607669e-07
4.557479e-07
4.510166e-07
4.465625e-07
4.423749e-07
4.384435e-07
4.347581e-07
4.313085e-07
4.280849e-07
4.250776e-07
4.222772e-07
4.196742e-07
4.172596e-07
4.150243e-07
4.129597e-07
4.110571e-07
4.093082e-07
4.077048e-07
4.062388e-07
4.049024e-07
4.036882e-07
4.025885e-07
4.015963e-07
4.007045e-07
3.999063e-07
3.991949e-07
3.985640e-07
3.980074e-07
3.975189e-07
3.970927e-07
3.967231e-07
3.964046e-07
3.961320e-07
3.959000e-07
3.957037e-07
3.955385e-07
3.953997e-07
3.952829e-07
3.951839e-07
3.950987e-07
3.950233e-07
3.949542e-07
3.948876e-07
3.948204e-07
3.947491e-07
3.946709e-07
3.945827e-07
3.944819e-07
3.943658e-07
3.942321e-07
3.940783e-07
3.939024e-07
3.937023e-07
3.934761e-07
3.932220e-07
3.929386e-07
3.926241e-07
3.922774e-07
3.918970e-07
3.914819e-07
3.910310e-07
3.905434e-07
3.900184e-07
3.894551e-07
3.888530e-07
3.882116e-07
3.875304e-07
3.868091e-07
3.860475e-07
3.852453e-07
3.844027e-07
3.835194e-07
3.825956e-07
3.816315e-07
3.806272e-07
3.795830e-07
3.784993e-07
3.773764e-07
3.762149e-07
3.750152e-07
3.737778e-07
3.725034e-07
3.711926e-07
3.698461e-07
3.684647e-07
3.670490e-07
3.656000e-07
3.641184e-07
3.626050e-07
3.610609e-07
3.594868e-07
3.578838e-07
3.562527e-07
3.545946e-07
3.529104e-07
3.512011e-07
3.494678e-07
3.477115e-07
3.459331e-07
3.441338e-07
3.423146e-07
3.404764e-07
3.386205e-07
3.367477e-07
3.348592e-07
3.329559e-07
3.310390e-07
3.291094e-07
3.271681e-07
3.252163e-07
3.232548e-07
3.212846e-07
3.193068e-07
3.173223e-07
3.153320e-07
3.133369e-07
3.113380e-07
3.093360e-07
3.073319e-07
3.053266e-07
3.033209e-07
3.013157e-07
2.993117e-07
2.973098e-07
2.953108e-07
2.933153e-07
2.913241e-07
2.893379e-07
2.873575e-07
2.853835e-07
2.834164e-07
2.814571e-07
2.795060e-07
2.775637e-07
2.756308e-07
2.737078e-07
2.717953e-07
2.698937e-07
2.680036e-07
2.661252e-07
2.642592e-07
2.624058e-07
2.605656e-07
2.587387e-07
2.569256e-07
2.551266e-07
2.533420e-07
2.515721e-07
2.498171e-07
2.480773e-07
2.463530e-07
2.446442e-07
2.429512e-07
2.412742e-07
2.396134e-07
2.379688e-07
2.363405e-07
2.347288e-07
2.331336e-07
2.315551e-07
2.299933e-07
2.284482e-07
2.269199e-07
2.254084e-07
2.239137e-07
2.224358e-07
2.209747e-07
2.195303e-07
2.181026e-07
2.166916e-07
2.152971e-07
2.139192e-07
2.125576e-07
2.112124e-07
2.098835e-07
2.085707e-07
2.072739e-07
2.059930e-07
2.047278e-07
2.034783e-07
2.022443e-07
2.010257e-07
1.998222e-07
1.986338e-07
1.974603e-07
1.963015e-07
1.951573e-07
1.940274e-07
1.929118e-07
1.918102e-07
1.907225e-07
1.896485e-07
1.885880e-07
1.875408e-07
1.865068e-07
1.854858e-07
1.844775e-07
1.834818e-07
1.824985e-07
1.815275e-07
1.805685e-07
1.796214e-07
1.786859e-07
1.777620e-07
1.768494e-07
1.759479e-07
1.750574e-07
1.741777e-07
1.733086e-07
1.724499e-07
1.716016e-07
1.707633e-07
1.699350e-07
1.691165e-07
1.683077e-07
1.675083e-07
1.667182e-07
1.659373e-07
1.651654e-07
1.644023e-07
1.636480e-07
1.629023e-07
1.621650e-07
1.614361e-07
1.607153e-07
1.600026e-07
1.592978e-07
1.586008e-07
1.579115e-07
1.572297e-07
1.565555e-07
1.558885e-07
1.552288e-07
1.545762e-07
1.539307e-07
1.532921e-07
1.526603e-07
1.520352e-07
1.514168e-07
1.508049e-07
1.501995e-07
1.496005e-07
1.490078e-07
1.484213e-07
1.478410e-07
1.472668e-07
1.466985e-07
1.461362e-07
1.455797e-07
1.450290e-07
1.444841e-07
1.439448e-07
1.434112e-07
1.428831e-07
1.423605e-07
1.418434e-07
1.413316e-07
1.408252e-07
1.403241e-07
1.398282e-07
1.393375e-07
1.388520e-07
1.383716e-07
1.378962e-07
1.374259e-07
1.369605e-07
1.365001e-07
1.360446e-07
1.355939e-07
1.351481e-07
1.347071e-07
1.342708e-07
1.338392e-07
1.334123e-07
1.329901e-07
1.325725e-07
1.321595e-07
1.317510e-07
1.313471e-07
1.309476e-07
1.305526e-07
1.301621e-07
1.297759e-07
1.293941e-07
1.290166e-07
1.286435e-07
1.282746e-07
1.279100e-07
1.275496e-07
1.271934e-07
1.268414e-07
1.264935e-07
1.261497e-07
1.258099e-07
1.254743e-07
1.251426e-07
1.248149e-07
1.244912e-07
1.241714e-07
1.238554e-07
1.235434e-07
1.232352e-07
1.229308e-07
1.226301e-07
1.223332e-07
1.220401e-07
1.217505e-07
1.214647e-07
1.211824e-07
1.209037e-07
1.206286e-07
1.203570e-07
1.200889e-07
1.198242e-07
1.195629e-07
1.193050e-07
1.190505e-07
1.187992e-07
1.185513e-07
1.183065e-07
1.180650e-07
1.178266e-07
1.175914e-07
1.173592e-07
1.171301e-07
1.169040e-07
1.166809e-07
1.164607e-07
1.162434e-07
1.160290e-07
1.158174e-07
1.156086e-07
1.154025e-07
1.151991e-07
1.149983e-07
1.148002e-07
1.146047e-07
1.144116e-07
1.142211e-07
1.140330e-07
1.138473e-07
1.136640e-07
1.134830e-07
1.133042e-07
1.131277e-07
1.129534e-07
1.127812e-07
1.126110e-07
1.124430e-07
1.122769e-07
1.121128e-07
1.119505e-07
1.117902e-07
1.116316e-07
1.114748e-07
1.113197e-07
1.111663e-07
1.110145e-07
1.108643e-07
1.107156e-07
1.105683e-07
1.104225e-07
1.102780e-07
1.101349e-07
1.099930e-07
1.098524e-07
1.097129e-07
1.095745e-07
1.094372e-07
1.093010e-07
1.091656e-07
1.090312e-07
1.088977e-07
1.087650e-07
1.086330e-07
1.085017e-07
1.083711e-07
1.082411e-07
1.081116e-07
1.079826e-07
1.078541e-07
1.077260e-07
1.075982e-07
1.074707e-07
1.073434e-07
1.072163e-07
1.070893e-07
1.069625e-07
1.068356e-07
1.067087e-07
1.065818e-07
1.064547e-07
1.063275e-07
1.062000e-07
1.060722e-07
1.059442e-07
1.058157e-07
1.056868e-07
1.055574e-07
1.054275e-07
1.052971e-07
1.051660e-07
1.050342e-07
1.049017e-07
1.047685e-07
1.046344e-07
1.044995e-07
1.043637e-07
1.042270e-07
1.040892e-07
1.039504e-07
1.038106e-07
1.036696e-07
1.035275e-07
1.033842e-07
1.032396e-07
1.030937e-07
1.029466e-07
1.027980e-07
1.026481e-07
1.024968e-07
1.023440e-07
1.021897e-07
1.020339e-07
1.018765e-07
1.017175e-07
1.015569e-07
1.013947e-07
1.012308e-07
1.010652e-07
1.008978e-07
1.007287e-07
1.005578e-07
1.003851e-07
1.002106e-07
1.000343e-07
9.985608e-08
9.967599e-08
9.949401e-08
9.931011e-08
9.912430e-08
9.893654e-08
9.874684e-08
9.855518e-08
9.836155e-08
9.816594e-08
9.796835e-08
9.776877e-08
9.756721e-08
9.736364e-08
9.715809e-08
9.695053e-08
9.674098e-08
9.652945e-08
9.631592e-08
9.610041e-08
9.588293e-08
9.566347e-08
9.544206e-08
9.521870e-08
9.499340e-08
9.476618e-08
9.453704e-08
9.430602e-08
9.407311e-08
9.383835e-08
9.360174e-08
9.336331e-08
9.312308e-08
9.288108e-08
9.263732e-08
9.239184e-08
9.214465e-08
9.189579e-08
9.164528e-08
9.139315e-08
9.113944e-08
9.088417e-08
9.062738e-08
9.036909e-08
9.010935e-08
8.984819e-08
8.958565e-08
8.932176e-08
8.905655e-08
8.879008e-08
8.852237e-08
8.825347e-08
8.798343e-08
8.771227e-08
8.744004e-08
8.716679e-08
8.689256e-08
8.661739e-08
8.634132e-08
8.606441e-08
8.578670e-08
8.550823e-08
8.522906e-08
8.494922e-08
8.466876e-08
8.438774e-08
8.410620e-08
8.382418e-08
8.354174e-08
8.325893e-08
8.297579e-08
8.269237e-08
8.240872e-08
8.212489e-08
8.184094e-08
8.155689e-08
8.127282e-08
8.098876e-08
8.070476e-08
8.042087e-08
8.013715e-08
7.985363e-08
7.957038e-08
7.928742e-08
7.900482e-08
7.872262e-08
7.844086e-08
7.815960e-08
7.787887e-08
7.759873e-08
7.731922e-08
7.704038e-08
7.676226e-08
7.648490e-08
7.620834e-08
7.593263e-08
7.565782e-08
7.538393e-08
7.511101e-08
7.483911e-08
7.456825e-08
7.429848e-08
7.402985e-08
7.376237e-08
7.349610e-08
7.323106e-08
7.296730e-08
7.270484e-08
7.244372e-08
7.218398e-08
7.192563e-08
7.166872e-08
7.141328e-08
7.115933e-08
7.090690e-08
7.065602e-08
7.040671e-08
7.015901e-08
6.991293e-08
6.966850e-08
6.942575e-08
6.918468e-08
6.894534e-08
6.870773e-08
6.847188e-08
6.823779e-08
6.800550e-08
6.777502e-08
6.754636e-08
6.731953e-08
6.709456e-08
6.687145e-08
6.665021e-08
6.643086e-08
6.621341e-08
6.599786e-08
6.578422e-08
6.557250e-08
6.536271e-08
6.515486e-08
6.494893e-08
6.474495e-08
6.454292e-08
6.434282e-08
6.414468e-08
6.394848e-08
6.375422e-08
6.356192e-08
6.337155e-08
6.318312e-08
6.299663e-08
6.281208e-08
6.262944e-08
6.244873e-08
6.226994e-08
6.209305e-08
6.191805e-08
6.174495e-08
6.157373e-08
6.140437e-08
6.123688e-08
6.107123e-08
6.090742e-08
6.074543e-08
6.058525e-08
6.042686e-08
6.027026e-08
6.011542e-08
5.996233e-08
5.981098e-08
5.966134e-08
5.951340e-08
5.936715e-08
5.922256e-08
5.907961e-08
5.893830e-08
5.879859e-08
5.866046e-08
5.852391e-08
5.838890e-08
5.825542e-08
5.812344e-08
5.799295e-08
5.786391e-08
5.773632e-08
5.761013e-08
5.748535e-08
5.736193e-08
5.723986e-08
5.711911e-08
5.699966e-08
5.688148e-08
5.676455e-08
5.664885e-08
5.653435e-08
5.642102e-08
5.630884e-08
5.619779e-08
5.608784e-08
5.597897e-08
5.587114e-08
5.576434e-08
5.565854e-08
5.555370e-08
5.544982e-08
5.534685e-08
5.524478e-08
5.514357e-08
5.504321e-08
5.494367e-08
5.484492e-08
5.474693e-08
5.464968e-08
5.455314e-08
5.445729e-08
5.436211e-08
5.426756e-08
5.417362e-08
5.408027e-08
5.398747e-08
5.389521e-08
5.380347e-08
5.371221e-08
5.362141e-08
5.353104e-08
5.344109e-08
5.335152e-08
5.326232e-08
5.317346e-08
5.308492e-08
5.299667e-08
5.290869e-08
5.282095e-08
5.273345e-08
5.264614e-08
5.255902e-08
5.247205e-08
5.238522e-08
5.229851e-08
5.221189e-08
5.212534e-08
5.203885e-08
5.195240e-08
5.186596e-08
5.177951e-08
5.169304e-08
5.160653e-08
5.151996e-08
5.143331e-08
5.134656e-08
5.125970e-08
5.117272e-08
5.108558e-08
5.099829e-08
5.091082e-08
5.082316e-08
5.073529e-08
5.064720e-08
5.055887e-08
5.047030e-08
5.038147e-08
5.029236e-08
5.020297e-08
5.011328e-08
5.002329e-08
4.993298e-08
4.984234e-08
4.975136e-08
4.966003e-08
4.956835e-08
4.947631e-08
4.938389e-08
4.929110e-08
4.919792e-08
4.910434e-08
4.901038e-08
4.891600e-08
4.882123e-08
4.872604e-08
4.863043e-08
4.853441e-08
4.843796e-08
4.834109e-08
4.824380e-08
4.814608e-08
4.804793e-08
4.794936e-08
4.785035e-08
4.775092e-08
4.765107e-08
4.755079e-08
4.745009e-08
4.734896e-08
4.724743e-08
4.714548e-08
4.704312e-08
4.694035e-08
4.683719e-08
4.673363e-08
4.662968e-08
4.652535e-08
4.642065e-08
4.631557e-08
4.621013e-08
4.610434e-08
4.599820e-08
4.589173e-08
4.578492e-08
4.567780e-08
4.557037e-08
4.546263e-08
4.535461e-08
4.524631e-08
4.513773e-08
4.502890e-08
4.491983e-08
4.481052e-08
4.470099e-08
4.459125e-08
4.448131e-08
4.437118e-08
4.426089e-08
4.415043e-08
4.403983e-08
4.392909e-08
4.381824e-08
4.370728e-08
4.359623e-08
4.348511e-08
4.337392e-08
4.326268e-08
4.315141e-08
4.304011e-08
4.292881e-08
4.281752e-08
4.270625e-08
4.259502e-08
4.248384e-08
4.237273e-08
4.226170e-08
4.215076e-08
4.203993e-08
4.192923e-08
4.181866e-08
4.170825e-08
4.159800e-08
4.148793e-08
4.137805e-08
4.126838e-08
4.115893e-08
4.104971e-08
4.094074e-08
4.083203e-08
4.072359e-08
4.061543e-08
4.050757e-08
4.040001e-08
4.029278e-08
4.018588e-08
4.007931e-08
3.997310e-08
3.986726e-08
3.976179e-08
3.965670e-08
3.955200e-08
3.944771e-08
3.934382e-08
3.924036e-08
3.913732e-08
3.903473e-08
3.893257e-08
3.883086e-08
3.872962e-08
3.862883e-08
3.852852e-08
3.842868e-08
3.832932e-08
3.823045e-08
3.813207e-08
3.803418e-08
3.793679e-08
3.783991e-08
3.774353e-08
3.764765e-08
3.755229e-08
3.745744e-08
3.736310e-08
3.726927e-08
3.717596e-08
3.708316e-08
3.699088e-08
3.689912e-08
3.680787e-08
3.671713e-08
3.662690e-08
3.653718e-08
3.644797e-08
3.635926e-08
3.627106e-08
3.618335e-08
3.609614e-08
3.600942e-08
3.592318e-08
3.583743e-08
3.575216e-08
3.566736e-08
3.558303e-08
3.549916e-08
3.541575e-08
3.533278e-08
3.525026e-08
3.516818e-08
3.508653e-08
3.500531e-08
3.492450e-08
3.484410e-08
3.476410e-08
3.468450e-08
3.460528e-08
3.452645e-08
3.444798e-08
3.436988e-08
3.429213e-08
3.421473e-08
3.413767e-08
3.406094e-08
3.398453e-08
3.390843e-08
3.383263e-08
3.375713e-08
3.368192e-08
3.360699e-08
3.353232e-08
3.345792e-08
3.338377e-08
3.330986e-08
3.323619e-08
3.316274e-08
3.308951e-08
3.301650e-08
3.294368e-08
3.287106e-08
3.279863e-08
3.272637e-08
3.265429e-08
3.258236e-08
3.251060e-08
3.243898e-08
3.236750e-08
3.229615e-08
3.222493e-08
3.215383e-08
3.208285e-08
3.201197e-08
3.194119e-08
3.187051e-08
3.179992e-08
3.172941e-08
3.165898e-08
3.158862e-08
3.151833e-08
3.144810e-08
3.137794e-08
3.130783e-08
3.123777e-08
3.116775e-08
3.109778e-08
3.102785e-08
3.095796e-08
3.088810e-08
3.081827e-08
3.074847e-08
3.067870e-08
3.060895e-08
3.053923e-08
3.046952e-08
3.039984e-08
3.033017e-08
3.026053e-08
3.019090e-08
3.012128e-08
3.005168e-08
2.998210e-08
2.991254e-08
2.984299e-08
2.977346e-08
2.970395e-08
2.963445e-08
2.956498e-08
2.949552e-08
2.942609e-08
2.935669e-08
2.928731e-08
2.921795e-08
2.914863e-08
2.907934e-08
2.901008e-08
2.894086e-08
2.887168e-08
2.880254e-08
2.873344e-08
2.866440e-08
2.859540e-08
2.852646e-08
2.845757e-08
2.838875e-08
2.831998e-08
2.825129e-08
2.818267e-08
2.811412e-08
2.804565e-08
2.797726e-08
2.790896e-08
2.784074e-08
2.777262e-08
2.770460e-08
2.763668e-08
2.756886e-08
2.750115e-08
2.743356e-08
2.736608e-08
2.729873e-08
2.723150e-08
2.716439e-08
2.709743e-08
2.703060e-08
2.696391e-08
2.689736e-08
2.683097e-08
2.676473e-08
2.669864e-08
2.663272e-08
2.656697e-08
2.650138e-08
2.643596e-08
2.637073e-08
2.630567e-08
2.624080e-08
2.617611e-08
2.611162e-08
2.604733e-08
2.598323e-08
2.591934e-08
2.585565e-08
2.579217e-08
2.572891e-08
2.566586e-08
2.560304e-08
2.554043e-08
2.547806e-08
2.541591e-08
2.535400e-08
2.529233e-08
2.523089e-08
2.516970e-08
2.510876e-08
2.504807e-08
2.498763e-08
2.492744e-08
2.486751e-08
2.480785e-08
2.474845e-08
2.468932e-08
2.463045e-08
2.457186e-08
2.451355e-08
2.445552e-08
2.439776e-08
2.434030e-08
2.428312e-08
2.422622e-08
2.416963e-08
2.411332e-08
2.405732e-08
2.400161e-08
2.394621e-08
2.389111e-08
2.383632e-08
2.378184e-08
2.372767e-08
2.367382e-08
2.362029e-08
2.356707e-08
2.351418e-08
2.346161e-08
2.340937e-08
2.335746e-08
2.330588e-08
2.325463e-08
2.320372e-08
2.315314e-08
2.310290e-08
2.305300e-08
2.300345e-08
2.295424e-08
2.290537e-08
2.285685e-08
2.280869e-08
2.276087e-08
2.271340e-08
2.266629e-08
2.261953e-08
2.257312e-08
2.252707e-08
2.248138e-08
2.243605e-08
2.239107e-08
2.234645e-08
2.230219e-08
2.225829e-08
2.221475e-08
2.217156e-08
2.212874e-08
2.208627e-08
2.204416e-08
2.200240e-08
2.196100e-08
2.191996e-08
2.187927e-08
2.183892e-08
2.179893e-08
2.175928e-08
2.171998e-08
2.168102e-08
2.164240e-08
2.160411e-08
2.156616e-08
2.152853e-08
2.149123e-08
2.145425e-08
2.141759e-08
2.138123e-08
2.134519e-08
2.130944e-08
2.127399e-08
2.123883e-08
2.120396e-08
2.116936e-08
2.113503e-08
2.110096e-08
2.106715e-08
2.103358e-08
2.100026e-08
2.096716e-08
2.093429e-08
2.090162e-08
2.086916e-08
2.083689e-08
2.080480e-08
2.077289e-08
2.074113e-08
2.070953e-08
2.067806e-08
2.064671e-08
2.061548e-08
2.058435e-08
2.055330e-08
2.052233e-08
2.049142e-08
2.046055e-08
2.042971e-08
2.039889e-08
2.036807e-08
2.033723e-08
2.030637e-08
2.027545e-08
2.024448e-08
2.021342e-08
2.018227e-08
2.015101e-08
2.011962e-08
2.008807e-08
2.005636e-08
2.002447e-08
1.999237e-08
1.996005e-08
1.992749e-08
1.989468e-08
1.986158e-08
1.982819e-08
1.979448e-08
1.976043e-08
1.972603e-08
1.969125e-08
1.965607e-08
1.962048e-08
1.958446e-08
1.954798e-08
1.951102e-08
1.947357e-08
1.943561e-08
1.939711e-08
1.935805e-08
1.931842e-08
1.927820e-08
1.923736e-08
1.919589e-08
1.915377e-08
1.911097e-08
1.906748e-08
1.902329e-08
1.897836e-08
1.893269e-08
1.888626e-08
1.883904e-08
1.879102e-08
1.874219e-08
1.869252e-08
1.864201e-08
1.859062e-08
1.853836e-08
1.848520e-08
1.843112e-08
1.837613e-08
1.832019e-08
1.826330e-08
1.820544e-08
1.814660e-08
1.808678e-08
1.802595e-08
1.796411e-08
1.790124e-08
1.783735e-08
1.777241e-08
1.770643e-08
1.763939e-08
1.757128e-08
1.750211e-08
1.743186e-08
1.736052e-08
1.728811e-08
1.721460e-08
1.714001e-08
1.706432e-08
1.698754e-08
1.690966e-08
1.683069e-08
1.675063e-08
1.666947e-08
1.658723e-08
1.650390e-08
1.641948e-08
1.633399e-08
1.624744e-08
1.615981e-08
1.607113e-08
1.598140e-08
1.589063e-08
1.579883e-08
1.570602e-08
1.561219e-08
1.551737e-08
1.542156e-08
1.532479e-08
1.522706e-08
1.512839e-08
1.502880e-08
1.492830e-08
1.482691e-08
1.472465e-08
1.462154e-08
1.451759e-08
1.441283e-08
1.430729e-08
1.420097e-08
1.409390e-08
1.398611e-08
1.387762e-08
1.376846e-08
1.365864e-08
1.354819e-08
1.343715e-08
1.332553e-08
1.321337e-08
1.310068e-08
1.298751e-08
1.287387e-08
1.275980e-08
1.264532e-08
1.253047e-08
1.241527e-08
1.229976e-08
1.218397e-08
1.206792e-08
1.195165e-08
1.183519e-08
1.171857e-08
1.160182e-08
1.148498e-08
1.136807e-08
1.125114e-08
1.113421e-08
1.101731e-08
1.090047e-08
1.078374e-08
1.066714e-08
1.055070e-08
1.043446e-08
1.031844e-08
1.020269e-08
1.008723e-08
9.972087e-09
9.857303e-09
9.742905e-09
9.628925e-09
9.515392e-09
9.402337e-09
9.289791e-09
9.177782e-09
9.066339e-09
8.955492e-09
8.845270e-09
8.735698e-09
8.626806e-09
8.518620e-09
8.411166e-09
8.304470e-09
8.198557e-09
8.093451e-09
7.989177e-09
7.885759e-09
7.783217e-09
7.681576e-09
7.580855e-09
7.481076e-09
7.382257e-09
7.284420e-09
7.187581e-09
7.091759e-09
6.996969e-09
6.903230e-09
6.810554e-09
6.718958e-09
6.628454e-09
6.539056e-09
6.450776e-09
6.363624e-09
6.277611e-09
6.192746e-09
6.109039e-09
6.026496e-09
5.945125e-09
5.864932e-09
5.785923e-09
5.708101e-09
5.631470e-09
5.556033e-09
5.481792e-09
5.408747e-09
5.336901e-09
5.266250e-09
5.196796e-09
5.128534e-09
5.061463e-09
4.995579e-09
4.930877e-09
4.867352e-09
4.804998e-09
4.743810e-09
4.683779e-09
4.624898e-09
4.567157e-09
4.510549e-09
4.455063e-09
4.400689e-09
4.347415e-09
4.295231e-09
4.244124e-09
4.194082e-09
4.145092e-09
4.097140e-09
4.050212e-09
4.004295e-09
3.959373e-09
3.915432e-09
3.872457e-09
3.830431e-09
3.789340e-09
3.749167e-09
3.709895e-09
3.671509e-09
3.633993e-09
3.597328e-09
3.561500e-09
3.526491e-09
3.492285e-09
3.458864e-09
3.426213e-09
3.394315e-09
3.363153e-09
3.332712e-09
3.302975e-09
3.273926e-09
3.245551e-09
3.217833e-09
3.190759e-09
3.164313e-09
3.138481e-09
3.113250e-09
3.088606e-09
3.064537e-09
3.041029e-09
3.018073e-09
2.995655e-09
2.973766e-09
2.952396e-09
2.931535e-09
2.911175e-09
2.891307e-09
2.871925e-09
2.853022e-09
2.834592e-09
2.816631e-09
2.799134e-09
2.782099e-09
2.765522e-09
2.749402e-09
2.733739e-09
2.718533e-09
2.703786e-09
2.689499e-09
2.675675e-09
2.662320e-09
2.649437e-09
2.637034e-09
2.625117e-09
2.613694e-09
2.602775e-09
2.592369e-09
2.582489e-09
2.573146e-09
2.564353e-09
2.556126e-09
2.548479e-09
2.541429e-09
2.534994e-09
2.529191e-09
2.524040e-09
2.519563e-09
2.515780e-09
2.512715e-09
2.510390e-09
2.508830e-09
2.508061e-09
2.508109e-09
2.509002e-09
2.510768e-09
2.513436e-09
2.517036e-09
2.521599e-09
2.527157e-09
2.533743e-09
2.541390e-09
2.550131e-09
2.560003e-09
2.571040e-09
2.583279e-09
2.596757e-09
2.611511e-09
2.627579e-09
2.645001e-09
2.663814e-09
2.684059e-09
2.705776e-09
2.729005e-09
2.753787e-09
2.780164e-09
2.808176e-09
2.837866e-09
2.869275e-09
2.902446e-09
2.937420e-09
2.974239e-09
3.012947e-09
3.053585e-09
3.096196e-09
3.140821e-09
3.187502e-09
3.236282e-09
3.287201e-09
3.340301e-09
3.395623e-09
3.453207e-09
3.513094e-09
3.575321e-09
3.639930e-09
3.706957e-09
3.776442e-09
3.848420e-09
3.922929e-09
4.000004e-09
4.079679e-09
4.161989e-09
4.246967e-09
4.334645e-09
4.425053e-09
4.518222e-09
4.614181e-09
4.712958e-09
4.814579e-09
4.919069e-09
5.026452e-09
5.136753e-09
5.249991e-09
5.366186e-09
5.485359e-09
5.607525e-09
5.732700e-09
5.860899e-09
5.992134e-09
6.126416e-09
6.263754e-09
6.404156e-09
6.547628e-09
6.694174e-09
6.843796e-09
6.996496e-09
7.152271e-09
7.311119e-09
7.473035e-09
7.638012e-09
7.806042e-09
7.977114e-09
8.151215e-09
8.328331e-09
8.508445e-09
8.691540e-09
8.877594e-09
9.066585e-09
9.258488e-09
9.453278e-09
9.650926e-09
9.851400e-09
1.005467e-08
1.026070e-08
1.046945e-08
1.068089e-08
1.089497e-08
1.111165e-08
1.133089e-08
1.155264e-08
1.177685e-08
1.200347e-08
1.223244e-08
1.246372e-08
1.269725e-08
1.293297e-08
1.317081e-08
1.341072e-08
1.365263e-08
1.389648e-08
1.414219e-08
1.438971e-08
1.463895e-08
1.488984e-08
1.514232e-08
1.539630e-08
1.565171e-08
1.590846e-08
1.616648e-08
1.642569e-08
1.668599e-08
1.694731e-08
1.720956e-08
1.747265e-08
1.773649e-08
1.800099e-08
1.826606e-08
1.853160e-08
1.879753e-08
1.906375e-08
1.933017e-08
1.959667e-08
1.986318e-08
2.012959e-08
2.039579e-08
2.066170e-08
2.092721e-08
2.119222e-08
2.145663e-08
2.172034e-08
2.198324e-08
2.224523e-08
2.250621e-08
2.276607e-08
2.302471e-08
2.328203e-08
2.353793e-08
2.379230e-08
2.404503e-08
2.429603e-08
2.454518e-08
2.479240e-08
2.503757e-08
2.528059e-08
2.552136e-08
2.575978e-08
2.599575e-08
2.622917e-08
2.645994e-08
2.668796e-08
2.691313e-08
2.713536e-08
2.735455e-08
2.757060e-08
2.778342e-08
2.799292e-08
2.819901e-08
2.840160e-08
2.860059e-08
2.879590e-08
2.898744e-08
2.917513e-08
2.935889e-08
2.953862e-08
2.971426e-08
2.988573e-08
3.005293e-08
3.021582e-08
3.037429e-08
3.052830e-08
3.067776e-08
3.082261e-08
3.096278e-08
3.109821e-08
3.122884e-08
3.135461e-08
3.147546e-08
3.159134e-08
3.170218e-08
3.180795e-08
3.190859e-08
3.200406e-08
3.209431e-08
3.217930e-08
3.225900e-08
3.233336e-08
3.240235e-08
3.246593e-08
3.252409e-08
3.257679e-08
3.262401e-08
3.266573e-08
3.270192e-08
3.273258e-08
3.275768e-08
3.277721e-08
3.279117e-08
3.279955e-08
3.280234e-08
