1.412005e-05
1.413018e-05
1.413817e-05
1.414401e-05
1.414770e-05
1.414925e-05
1.414865e-05
1.414591e-05
1.414103e-05
1.413401e-05
1.412485e-05
1.411356e-05
1.410015e-05
1.408463e-05
1.406699e-05
1.404726e-05
1.402543e-05
1.400153e-05
1.397555e-05
1.394752e-05
1.391745e-05
1.388535e-05
1.385123e-05
1.381511e-05
1.377701e-05
1.373694e-05
1.369492e-05
1.365097e-05
1.360511e-05
1.355736e-05
1.350773e-05
1.345626e-05
1.340296e-05
1.334786e-05
1.329098e-05
1.323234e-05
1.317196e-05
1.310988e-05
1.304612e-05
1.298071e-05
1.291367e-05
1.284503e-05
1.277481e-05
1.270306e-05
1.262979e-05
1.255504e-05
1.247884e-05
1.240121e-05
1.232219e-05
1.224181e-05
1.216010e-05
1.207710e-05
1.199283e-05
1.190733e-05
1.182064e-05
1.173278e-05
1.164379e-05
1.155370e-05
1.146255e-05
1.137038e-05
1.127721e-05
1.118308e-05
1.108803e-05
1.099209e-05
1.089530e-05
1.079769e-05
1.069930e-05
1.060016e-05
1.050031e-05
1.039978e-05
1.029862e-05
1.019684e-05
1.009450e-05
9.991626e-06
9.888251e-06
9.784412e-06
9.680143e-06
9.575481e-06
9.470459e-06
9.365113e-06
9.259476e-06
9.153583e-06
9.047468e-06
8.941165e-06
8.834706e-06
8.728126e-06
8.621458e-06
8.514733e-06
8.407984e-06
8.301244e-06
8.194543e-06
8.087914e-06
7.981387e-06
7.874993e-06
7.768762e-06
7.662723e-06
7.556907e-06
7.451341e-06
7.346056e-06
7.241078e-06
7.136435e-06
7.032154e-06
6.928263e-06
6.824786e-06
6.721751e-06
6.619181e-06
6.517103e-06
6.415539e-06
6.314514e-06
6.214050e-06
6.114170e-06
6.014897e-06
5.916251e-06
5.818254e-06
5.720926e-06
5.624286e-06
5.528355e-06
5.433150e-06
5.338690e-06
5.244993e-06
5.152075e-06
5.059953e-06
4.968642e-06
4.878158e-06
4.788516e-06
4.699729e-06
4.611811e-06
4.524776e-06
4.438635e-06
4.353401e-06
4.269084e-06
4.185695e-06
4.103245e-06
4.021743e-06
3.941198e-06
3.861618e-06
3.783012e-06
3.705386e-06
3.628748e-06
3.553104e-06
3.478459e-06
3.404819e-06
3.332188e-06
3.260571e-06
3.189972e-06
3.120393e-06
3.051837e-06
2.984306e-06
2.917803e-06
2.852328e-06
2.787883e-06
2.724466e-06
2.662079e-06
2.600721e-06
2.540391e-06
2.481087e-06
2.422807e-06
2.365550e-06
2.309312e-06
2.254090e-06
2.199882e-06
2.146683e-06
2.094488e-06
2.043295e-06
1.993096e-06
1.943888e-06
1.895665e-06
1.848421e-06
1.802149e-06
1.756844e-06
1.712498e-06
1.669104e-06
1.626655e-06
1.585144e-06
1.544562e-06
1.504902e-06
1.466154e-06
1.428311e-06
1.391364e-06
1.355304e-06
1.320121e-06
1.285806e-06
1.252349e-06
1.219742e-06
1.187973e-06
1.157034e-06
1.126913e-06
1.097600e-06
1.069085e-06
1.041358e-06
1.014407e-06
9.882216e-07
9.627913e-07
9.381050e-07
9.141515e-07
8.909197e-07
8.683985e-07
8.465765e-07
8.254426e-07
8.049853e-07
7.851932e-07
7.660551e-07
7.475593e-07
7.296946e-07
7.124495e-07
6.958125e-07
6.797722e-07
6.643172e-07
6.494360e-07
6.351173e-07
6.213497e-07
6.081219e-07
5.954226e-07
5.832406e-07
5.715646e-07
5.603837e-07
5.496865e-07
5.394623e-07
5.296999e-07
5.203887e-07
5.115176e-07
5.030761e-07
4.950535e-07
4.874392e-07
4.802229e-07
4.733941e-07
4.669426e-07
4.608582e-07
4.551309e-07
4.497507e-07
4.447077e-07
4.399923e-07
4.355949e-07
4.315058e-07
4.277157e-07
4.242154e-07
4.209957e-07
4.180476e-07
4.153622e-07
4.129307e-07
4.107444e-07
4.087949e-07
4.070737e-07
4.055726e-07
4.042835e-07
4.031983e-07
4.023091e-07
4.016083e-07
4.010883e-07
4.007415e-07
4.005606e-07
4.005385e-07
4.006680e-07
4.009422e-07
4.013543e-07
4.018976e-07
4.025657e-07
4.033520e-07
4.042503e-07
4.052546e-07
4.063586e-07
4.075567e-07
4.088429e-07
4.102118e-07
4.116577e-07
4.131754e-07
4.147596e-07
4.164051e-07
4.181070e-07
4.198605e-07
4.216606e-07
4.235030e-07
4.253829e-07
4.272961e-07
4.292382e-07
4.312051e-07
4.331929e-07
4.351974e-07
4.372150e-07
4.392419e-07
4.412746e-07
4.433095e-07
4.453434e-07
4.473728e-07
4.493946e-07
4.514059e-07
4.534035e-07
4.553847e-07
4.573467e-07
4.592869e-07
4.612026e-07
4.630913e-07
4.649508e-07
4.667786e-07
4.685727e-07
4.703308e-07
4.720510e-07
4.737313e-07
4.753698e-07
4.769649e-07
4.785147e-07
4.800177e-07
4.814723e-07
4.828771e-07
4.842307e-07
4.855318e-07
4.867791e-07
4.879715e-07
4.891079e-07
4.901872e-07
4.912086e-07
4.921710e-07
4.930738e-07
4.939160e-07
4.946971e-07
4.954164e-07
4.960732e-07
4.966671e-07
4.971976e-07
4.976643e-07
4.980669e-07
4.984050e-07
4.986784e-07
4.988869e-07
4.990303e-07
4.991086e-07
4.991217e-07
4.990696e-07
4.989523e-07
4.987699e-07
4.985226e-07
4.982106e-07
4.978340e-07
4.973931e-07
4.968882e-07
4.963196e-07
4.956877e-07
4.949930e-07
4.942357e-07
4.934166e-07
4.925359e-07
4.915943e-07
4.905924e-07
4.895307e-07
4.884099e-07
4.872307e-07
4.859937e-07
4.846997e-07
4.833494e-07
4.819436e-07
4.804830e-07
4.789685e-07
4.774009e-07
4.757812e-07
4.741101e-07
4.723885e-07
4.706175e-07
4.687978e-07
4.669306e-07
4.650167e-07
4.630572e-07
4.610531e-07
4.590053e-07
4.569149e-07
4.547830e-07
4.526106e-07
4.503987e-07
4.481486e-07
4.458612e-07
4.435376e-07
4.411790e-07
4.387865e-07
4.363612e-07
4.339042e-07
4.314166e-07
4.288997e-07
4.263545e-07
4.237822e-07
4.211839e-07
4.185608e-07
4.159140e-07
4.132448e-07
4.105541e-07
4.078433e-07
4.051134e-07
4.023655e-07
3.996010e-07
3.968208e-07
3.940261e-07
3.912181e-07
3.883978e-07
3.855665e-07
3.827252e-07
3.798750e-07
3.770170e-07
3.741524e-07
3.712823e-07
3.684076e-07
3.655295e-07
3.626490e-07
3.597672e-07
3.568852e-07
3.540039e-07
3.511243e-07
3.482475e-07
3.453745e-07
3.425062e-07
3.396436e-07
3.367877e-07
3.339393e-07
3.310995e-07
3.282691e-07
3.254489e-07
3.226400e-07
3.198430e-07
3.170590e-07
3.142886e-07
3.115328e-07
3.087922e-07
3.060677e-07
3.033601e-07
3.006700e-07
2.979981e-07
2.953453e-07
2.927121e-07
2.900993e-07
2.875074e-07
2.849371e-07
2.823890e-07
2.798636e-07
2.773616e-07
2.748835e-07
2.724298e-07
2.700010e-07
2.675976e-07
2.652201e-07
2.628689e-07
2.605444e-07
2.582471e-07
2.559773e-07
2.537354e-07
2.515217e-07
2.493366e-07
2.471803e-07
2.450532e-07
2.429555e-07
2.408875e-07
2.388493e-07
2.368413e-07
2.348635e-07
2.329161e-07
2.309994e-07
2.291134e-07
2.272582e-07
2.254339e-07
2.236406e-07
2.218784e-07
2.201473e-07
2.184473e-07
2.167784e-07
2.151406e-07
2.135339e-07
2.119583e-07
2.104136e-07
2.088998e-07
2.074168e-07
2.059644e-07
2.045427e-07
2.031513e-07
2.017902e-07
2.004592e-07
1.991582e-07
1.978868e-07
1.966450e-07
1.954324e-07
1.942489e-07
1.930942e-07
1.919681e-07
1.908703e-07
1.898004e-07
1.887583e-07
1.877436e-07
1.867560e-07
1.857952e-07
1.848609e-07
1.839527e-07
1.830703e-07
1.822133e-07
1.813814e-07
1.805741e-07
1.797913e-07
1.790323e-07
1.782970e-07
1.775848e-07
1.768954e-07
1.762283e-07
1.755833e-07
1.749598e-07
1.743575e-07
1.737759e-07
1.732146e-07
1.726732e-07
1.721513e-07
1.716485e-07
1.711642e-07
1.706982e-07
1.702499e-07
1.698190e-07
1.694050e-07
1.690075e-07
1.686260e-07
1.682601e-07
1.679095e-07
1.675736e-07
1.672520e-07
1.669444e-07
1.666503e-07
1.663693e-07
1.661009e-07
1.658448e-07
1.656006e-07
1.653679e-07
1.651461e-07
1.649351e-07
1.647343e-07
1.645433e-07
1.643619e-07
1.641895e-07
1.640259e-07
1.638707e-07
1.637235e-07
1.635839e-07
1.634515e-07
1.633262e-07
1.632074e-07
1.630949e-07
1.629883e-07
1.628873e-07
1.627916e-07
1.627009e-07
1.626148e-07
1.625331e-07
1.624555e-07
1.623817e-07
1.623114e-07
1.622443e-07
1.621802e-07
1.621188e-07
1.620599e-07
1.620032e-07
1.619484e-07
1.618954e-07
1.618439e-07
1.617937e-07
1.617446e-07
1.616963e-07
1.616487e-07
1.616016e-07
1.615548e-07
1.615081e-07
1.614613e-07
1.614143e-07
1.613669e-07
1.613190e-07
1.612703e-07
1.612208e-07
1.611704e-07
1.611188e-07
1.610660e-07
1.610118e-07
1.609562e-07
1.608990e-07
1.608401e-07
1.607794e-07
1.607169e-07
1.606523e-07
1.605858e-07
1.605171e-07
1.604462e-07
1.603731e-07
1.602976e-07
1.602197e-07
1.601394e-07
1.600566e-07
1.599712e-07
1.598833e-07
1.597927e-07
1.596994e-07
1.596035e-07
1.595048e-07
1.594034e-07
1.592992e-07
1.591921e-07
1.590823e-07
1.589697e-07
1.588541e-07
1.587358e-07
1.586146e-07
1.584905e-07
1.583635e-07
1.582337e-07
1.581011e-07
1.579655e-07
1.578271e-07
1.576859e-07
1.575418e-07
1.573949e-07
1.572452e-07
1.570927e-07
1.569374e-07
1.567793e-07
1.566185e-07
1.564549e-07
1.562887e-07
1.561197e-07
1.559480e-07
1.557737e-07
1.555968e-07
1.554173e-07
1.552351e-07
1.550505e-07
1.548632e-07
1.546735e-07
1.544813e-07
1.542866e-07
1.540895e-07
1.538899e-07
1.536880e-07
1.534838e-07
1.532772e-07
1.530683e-07
1.528571e-07
1.526437e-07
1.524280e-07
1.522102e-07
1.519902e-07
1.517680e-07
1.515437e-07
1.513174e-07
1.510890e-07
1.508585e-07
1.506261e-07
1.503916e-07
1.501553e-07
1.499170e-07
1.496768e-07
1.494347e-07
1.491908e-07
1.489451e-07
1.486976e-07
1.484483e-07
1.481973e-07
1.479446e-07
1.476902e-07
1.474342e-07
1.471765e-07
1.469173e-07
1.466565e-07
1.463941e-07
1.461303e-07
1.458649e-07
1.455981e-07
1.453299e-07
1.450603e-07
1.447894e-07
1.445171e-07
1.442434e-07
1.439686e-07
1.436924e-07
1.434151e-07
1.431366e-07
1.428569e-07
1.425761e-07
1.422943e-07
1.420114e-07
1.417274e-07
1.414425e-07
1.411566e-07
1.408698e-07
1.405822e-07
1.402936e-07
1.400043e-07
1.397142e-07
1.394233e-07
1.391318e-07
1.388396e-07
1.385467e-07
1.382533e-07
1.379593e-07
1.376648e-07
1.373699e-07
1.370745e-07
1.367787e-07
1.364826e-07
1.361861e-07
1.358894e-07
1.355924e-07
1.352953e-07
1.349980e-07
1.347006e-07
1.344031e-07
1.341056e-07
1.338082e-07
1.335108e-07
1.332135e-07
1.329163e-07
1.326194e-07
1.323227e-07
1.320262e-07
1.317301e-07
1.314343e-07
1.311390e-07
1.308441e-07
1.305497e-07
1.302558e-07
1.299626e-07
1.296699e-07
1.293779e-07
1.290866e-07
1.287960e-07
1.285062e-07
1.282173e-07
1.279292e-07
1.276420e-07
1.273557e-07
1.270705e-07
1.267862e-07
1.265030e-07
1.262209e-07
1.259399e-07
1.256601e-07
1.253815e-07
1.251041e-07
1.248280e-07
1.245532e-07
1.242797e-07
1.240075e-07
1.237368e-07
1.234674e-07
1.231996e-07
1.229331e-07
1.226682e-07
1.224048e-07
1.221430e-07
1.218827e-07
1.216240e-07
1.213669e-07
1.211115e-07
1.208577e-07
1.206055e-07
1.203551e-07
1.201063e-07
1.198593e-07
1.196140e-07
1.193705e-07
1.191287e-07
1.188886e-07
1.186503e-07
1.184138e-07
1.181791e-07
1.179462e-07
1.177151e-07
1.174858e-07
1.172583e-07
1.170325e-07
1.168086e-07
1.165865e-07
1.163662e-07
1.161477e-07
1.159310e-07
1.157161e-07
1.155029e-07
1.152916e-07
1.150820e-07
1.148742e-07
1.146681e-07
1.144638e-07
1.142612e-07
1.140603e-07
1.138611e-07
1.136636e-07
1.134679e-07
1.132737e-07
1.130813e-07
1.128904e-07
1.127012e-07
1.125136e-07
1.123276e-07
1.121431e-07
1.119602e-07
1.117788e-07
1.115990e-07
1.114206e-07
1.112437e-07
1.110683e-07
1.108943e-07
1.107217e-07
1.105505e-07
1.103806e-07
1.102122e-07
1.100450e-07
1.098792e-07
1.097146e-07
1.095513e-07
1.093893e-07
1.092285e-07
1.090689e-07
1.089104e-07
1.087532e-07
1.085970e-07
1.084420e-07
1.082881e-07
1.081353e-07
1.079835e-07
1.078328e-07
1.076831e-07
1.075344e-07
1.073868e-07
1.072400e-07
1.070943e-07
1.069494e-07
1.068055e-07
1.066625e-07
1.065204e-07
1.063792e-07
1.062388e-07
1.060993e-07
1.059607e-07
1.058228e-07
1.056858e-07
1.055495e-07
1.054141e-07
1.052794e-07
1.051455e-07
1.050124e-07
1.048800e-07
1.047484e-07
1.046175e-07
1.044874e-07
1.043580e-07
1.042293e-07
1.041013e-07
1.039741e-07
1.038475e-07
1.037217e-07
1.035966e-07
1.034722e-07
1.033485e-07
1.032256e-07
1.031033e-07
1.029818e-07
1.028609e-07
1.027408e-07
1.026215e-07
1.025028e-07
1.023849e-07
1.022677e-07
1.021512e-07
1.020356e-07
1.019206e-07
1.018064e-07
1.016930e-07
1.015804e-07
1.014685e-07
1.013575e-07
1.012472e-07
1.011378e-07
1.010292e-07
1.009214e-07
1.008145e-07
1.007084e-07
1.006032e-07
1.004989e-07
1.003954e-07
1.002929e-07
1.001913e-07
1.000906e-07
9.999082e-08
9.989202e-08
9.979419e-08
9.969734e-08
9.960149e-08
9.950664e-08
9.941281e-08
9.932003e-08
9.922828e-08
9.913761e-08
9.904801e-08
9.895950e-08
9.887209e-08
9.878580e-08
9.870065e-08
9.861664e-08
9.853379e-08
9.845211e-08
9.837162e-08
9.829233e-08
9.821425e-08
9.813740e-08
9.806179e-08
9.798743e-08
9.791433e-08
9.784250e-08
9.777197e-08
9.770273e-08
9.763481e-08
9.756820e-08
9.750293e-08
9.743901e-08
9.737643e-08
9.731522e-08
9.725539e-08
9.719693e-08
9.713987e-08
9.708420e-08
9.702995e-08
9.697711e-08
9.692569e-08
9.687570e-08
9.682715e-08
9.678004e-08
9.673437e-08
9.669016e-08
9.664741e-08
9.660612e-08
9.656629e-08
9.652793e-08
9.649104e-08
9.645562e-08
9.642168e-08
9.638922e-08
9.635823e-08
9.632871e-08
9.630067e-08
9.627411e-08
9.624902e-08
9.622539e-08
9.620324e-08
9.618255e-08
9.616332e-08
9.614554e-08
9.612921e-08
9.611433e-08
9.610088e-08
9.608887e-08
9.607827e-08
9.606909e-08
9.606132e-08
9.605494e-08
9.604994e-08
9.604632e-08
9.604406e-08
9.604314e-08
9.604357e-08
9.604531e-08
9.604836e-08
9.605271e-08
9.605833e-08
9.606521e-08
9.607334e-08
9.608269e-08
9.609325e-08
9.610499e-08
9.611790e-08
9.613196e-08
9.614714e-08
9.616343e-08
9.618080e-08
9.619922e-08
9.621868e-08
9.623914e-08
9.626059e-08
9.628299e-08
9.630632e-08
9.633056e-08
9.635566e-08
9.638162e-08
9.640838e-08
9.643594e-08
9.646424e-08
9.649327e-08
9.652299e-08
9.655337e-08
9.658438e-08
9.661597e-08
9.664812e-08
9.668079e-08
9.671395e-08
9.674755e-08
9.678157e-08
9.681597e-08
9.685070e-08
9.688573e-08
9.692102e-08
9.695653e-08
9.699223e-08
9.702806e-08
9.706400e-08
9.710000e-08
9.713601e-08
9.717201e-08
9.720794e-08
9.724376e-08
9.727943e-08
9.731492e-08
9.735016e-08
9.738513e-08
9.741977e-08
9.745406e-08
9.748793e-08
9.752134e-08
9.755426e-08
9.758664e-08
9.761844e-08
9.764960e-08
9.768009e-08
9.770987e-08
9.773888e-08
9.776709e-08
9.779445e-08
9.782092e-08
9.784645e-08
9.787100e-08
9.789453e-08
9.791700e-08
9.793836e-08
9.795857e-08
9.797760e-08
9.799539e-08
9.801191e-08
9.802712e-08
9.804098e-08
9.805345e-08
9.806449e-08
9.807407e-08
9.808214e-08
9.808867e-08
9.809363e-08
9.809698e-08
9.809868e-08
9.809870e-08
9.809701e-08
9.809358e-08
9.808838e-08
9.808137e-08
9.807252e-08
9.806182e-08
9.804923e-08
9.803472e-08
9.801828e-08
9.799987e-08
9.797947e-08
9.795707e-08
9.793264e-08
9.790616e-08
9.787761e-08
9.784698e-08
9.781426e-08
9.777942e-08
9.774245e-08
9.770334e-08
9.766209e-08
9.761867e-08
9.757309e-08
9.752534e-08
9.747541e-08
9.742330e-08
9.736900e-08
9.731251e-08
9.725384e-08
9.719299e-08
9.712995e-08
9.706474e-08
9.699736e-08
9.692782e-08
9.685612e-08
9.678227e-08
9.670630e-08
9.662820e-08
9.654800e-08
9.646571e-08
9.638135e-08
9.629493e-08
9.620648e-08
9.611602e-08
9.602357e-08
9.592915e-08
9.583279e-08
9.573452e-08
9.563436e-08
9.553235e-08
9.542851e-08
9.532288e-08
9.521548e-08
9.510636e-08
9.499555e-08
9.488308e-08
9.476899e-08
9.465333e-08
9.453613e-08
9.441743e-08
9.429727e-08
9.417570e-08
9.405276e-08
9.392849e-08
9.380294e-08
9.367616e-08
9.354820e-08
9.341909e-08
9.328890e-08
9.315767e-08
9.302544e-08
9.289228e-08
9.275823e-08
9.262334e-08
9.248767e-08
9.235127e-08
9.221418e-08
9.207648e-08
9.193820e-08
9.179941e-08
9.166016e-08
9.152049e-08
9.138048e-08
9.124017e-08
9.109962e-08
9.095888e-08
9.081800e-08
9.067705e-08
9.053608e-08
9.039514e-08
9.025429e-08
9.011358e-08
8.997307e-08
8.983280e-08
8.969284e-08
8.955324e-08
8.941405e-08
8.927531e-08
8.913709e-08
8.899944e-08
8.886240e-08
8.872603e-08
8.859037e-08
8.845547e-08
8.832139e-08
8.818816e-08
8.805584e-08
8.792447e-08
8.779410e-08
8.766476e-08
8.753651e-08
8.740938e-08
8.728341e-08
8.715865e-08
8.703513e-08
8.691289e-08
8.679196e-08
8.667240e-08
8.655421e-08
8.643745e-08
8.632214e-08
8.620832e-08
8.609601e-08
8.598523e-08
8.587603e-08
8.576842e-08
8.566243e-08
8.555808e-08
8.545539e-08
8.535439e-08
8.525509e-08
8.515752e-08
8.506168e-08
8.496759e-08
8.487527e-08
8.478473e-08
8.469598e-08
8.460904e-08
8.452390e-08
8.444057e-08
8.435907e-08
8.427939e-08
8.420155e-08
8.412553e-08
8.405135e-08
8.397900e-08
8.390847e-08
8.383977e-08
8.377289e-08
8.370783e-08
8.364457e-08
8.358312e-08
8.352345e-08
8.346556e-08
8.340944e-08
8.335507e-08
8.330244e-08
8.325154e-08
8.320235e-08
8.315484e-08
8.310901e-08
8.306483e-08
8.302229e-08
8.298136e-08
8.294201e-08
8.290424e-08
8.286801e-08
8.283329e-08
8.280007e-08
8.276831e-08
8.273800e-08
8.270910e-08
8.268158e-08
8.265541e-08
8.263058e-08
8.260704e-08
8.258476e-08
8.256372e-08
8.254388e-08
8.252522e-08
8.250769e-08
8.249127e-08
8.247592e-08
8.246162e-08
8.244832e-08
8.243600e-08
8.242462e-08
8.241415e-08
8.240455e-08
8.239578e-08
8.238783e-08
8.238065e-08
8.237420e-08
8.236846e-08
8.236340e-08
8.235897e-08
8.235514e-08
8.235188e-08
8.234917e-08
8.234696e-08
8.234523e-08
8.234393e-08
8.234305e-08
8.234255e-08
8.234240e-08
8.234257e-08
8.234303e-08
8.234374e-08
8.234470e-08
8.234585e-08
8.234718e-08
8.234866e-08
8.235027e-08
8.235197e-08
8.235374e-08
8.235557e-08
8.235741e-08
8.235926e-08
8.236109e-08
8.236288e-08
8.236461e-08
8.236625e-08
8.236779e-08
8.236921e-08
8.237049e-08
8.237162e-08
8.237258e-08
8.237335e-08
8.237393e-08
8.237428e-08
8.237442e-08
8.237431e-08
8.237395e-08
8.237334e-08
8.237245e-08
8.237129e-08
8.236983e-08
8.236809e-08
8.236605e-08
8.236370e-08
8.236104e-08
8.235806e-08
8.235477e-08
8.235116e-08
8.234723e-08
8.234297e-08
8.233840e-08
8.233349e-08
8.232827e-08
8.232273e-08
8.231687e-08
8.231070e-08
8.230421e-08
8.229742e-08
8.229032e-08
8.228293e-08
8.227525e-08
8.226728e-08
8.225904e-08
8.225052e-08
8.224175e-08
8.223271e-08
8.222344e-08
8.221392e-08
8.220418e-08
8.219422e-08
8.218405e-08
8.217368e-08
8.216312e-08
8.215239e-08
8.214149e-08
8.213044e-08
8.211924e-08
8.210791e-08
8.209646e-08
8.208490e-08
8.207324e-08
8.206150e-08
8.204968e-08
8.203779e-08
8.202586e-08
8.201388e-08
8.200188e-08
8.198985e-08
8.197782e-08
8.196580e-08
8.195379e-08
8.194180e-08
8.192985e-08
8.191795e-08
8.190610e-08
8.189432e-08
8.188261e-08
8.187099e-08
8.185945e-08
8.184802e-08
8.183669e-08
8.182548e-08
8.181440e-08
8.180344e-08
8.179262e-08
8.178194e-08
8.177140e-08
8.176102e-08
8.175080e-08
8.174073e-08
8.173083e-08
8.172110e-08
8.171153e-08
8.170214e-08
8.169292e-08
8.168387e-08
8.167500e-08
8.166630e-08
8.165778e-08
8.164943e-08
8.164126e-08
8.163325e-08
8.162541e-08
8.161774e-08
8.161023e-08
8.160287e-08
8.159567e-08
8.158862e-08
8.158171e-08
8.157494e-08
8.156831e-08
8.156179e-08
8.155540e-08
8.154912e-08
8.154294e-08
8.153685e-08
8.153086e-08
8.152494e-08
8.151909e-08
8.151330e-08
8.150756e-08
8.150186e-08
8.149619e-08
8.149054e-08
8.148489e-08
8.147925e-08
8.147359e-08
8.146791e-08
8.146219e-08
8.145643e-08
8.145060e-08
8.144471e-08
8.143873e-08
8.143266e-08
8.142649e-08
8.142019e-08
8.141377e-08
8.140720e-08
8.140049e-08
8.139361e-08
8.138655e-08
8.137930e-08
8.137186e-08
8.136421e-08
8.135634e-08
8.134823e-08
8.133989e-08
8.133129e-08
8.132243e-08
8.131330e-08
8.130389e-08
8.129419e-08
8.128420e-08
8.127389e-08
8.126327e-08
8.125233e-08
8.124106e-08
8.122945e-08
8.121750e-08
8.120520e-08
8.119255e-08
8.117954e-08
8.116616e-08
8.115241e-08
8.113829e-08
8.112380e-08
8.110892e-08
8.109367e-08
8.107803e-08
8.106201e-08
8.104561e-08
8.102882e-08
8.101164e-08
8.099408e-08
8.097614e-08
8.095781e-08
8.093911e-08
8.092003e-08
8.090057e-08
8.088075e-08
8.086056e-08
8.084002e-08
8.081911e-08
8.079786e-08
8.077626e-08
8.075433e-08
8.073206e-08
8.070947e-08
8.068657e-08
8.066336e-08
8.063985e-08
8.061606e-08
8.059198e-08
8.056764e-08
8.054303e-08
8.051817e-08
8.049308e-08
8.046776e-08
8.044222e-08
8.041648e-08
8.039054e-08
8.036442e-08
8.033813e-08
8.031169e-08
8.028510e-08
8.025838e-08
8.023154e-08
8.020460e-08
8.017756e-08
8.015045e-08
8.012327e-08
8.009603e-08
8.006876e-08
8.004146e-08
8.001414e-08
7.998683e-08
7.995952e-08
7.993225e-08
7.990501e-08
7.987782e-08
7.985070e-08
7.982365e-08
7.979670e-08
7.976984e-08
7.974310e-08
7.971649e-08
7.969001e-08
7.966368e-08
7.963751e-08
7.961150e-08
7.958569e-08
7.956006e-08
7.953463e-08
7.950941e-08
7.948442e-08
7.945965e-08
7.943512e-08
7.941084e-08
7.938682e-08
7.936306e-08
7.933957e-08
7.931635e-08
7.929342e-08
7.927079e-08
7.924845e-08
7.922641e-08
7.920468e-08
7.918327e-08
7.916217e-08
7.914140e-08
7.912095e-08
7.910084e-08
7.908106e-08
7.906162e-08
7.904253e-08
7.902377e-08
7.900537e-08
7.898731e-08
7.896961e-08
7.895226e-08
7.893527e-08
7.891863e-08
7.890236e-08
7.888644e-08
7.887089e-08
7.885570e-08
7.884087e-08
7.882641e-08
7.881231e-08
7.879859e-08
7.878523e-08
7.877224e-08
7.875963e-08
7.874739e-08
7.873552e-08
7.872403e-08
7.871292e-08
7.870219e-08
7.869184e-08
7.868188e-08
7.867230e-08
7.866313e-08
7.865434e-08
7.864596e-08
7.863799e-08
7.863042e-08
7.862327e-08
7.861655e-08
7.861025e-08
7.860439e-08
7.859897e-08
7.859401e-08
7.858952e-08
7.858549e-08
7.858195e-08
7.857890e-08
7.857636e-08
7.857435e-08
7.857286e-08
7.857193e-08
7.857156e-08
7.857178e-08
7.857259e-08
7.857402e-08
7.857609e-08
7.857883e-08
7.858224e-08
7.858635e-08
7.859119e-08
7.859679e-08
7.860316e-08
7.861034e-08
7.861835e-08
7.862723e-08
7.863700e-08
7.864770e-08
7.865935e-08
7.867200e-08
7.868568e-08
7.870042e-08
7.871626e-08
7.873325e-08
7.875142e-08
7.877081e-08
7.879147e-08
7.881343e-08
7.883676e-08
7.886148e-08
7.888765e-08
7.891532e-08
7.894453e-08
7.897534e-08
7.900780e-08
7.904196e-08
7.907788e-08
7.911561e-08
7.915520e-08
7.919672e-08
7.924022e-08
7.928576e-08
7.933340e-08
7.938321e-08
7.943523e-08
7.948954e-08
7.954620e-08
7.960528e-08
7.966683e-08
7.973092e-08
7.979762e-08
7.986700e-08
7.993911e-08
8.001404e-08
8.009184e-08
8.017259e-08
8.025636e-08
8.034320e-08
8.043320e-08
8.052642e-08
8.062293e-08
8.072280e-08
8.082610e-08
8.093289e-08
8.104325e-08
8.115725e-08
8.127496e-08
8.139643e-08
8.152175e-08
8.165097e-08
8.178417e-08
8.192141e-08
8.206275e-08
8.220827e-08
8.235801e-08
8.251206e-08
8.267047e-08
8.283330e-08
8.300060e-08
8.317245e-08
8.334890e-08
8.352999e-08
8.371580e-08
8.390636e-08
8.410174e-08
8.430198e-08
8.450713e-08
8.471724e-08
8.493235e-08
8.515251e-08
8.537776e-08
8.560813e-08
8.584366e-08
8.608439e-08
8.633035e-08
8.658157e-08
8.683807e-08
8.709989e-08
8.736704e-08
8.763955e-08
8.791744e-08
8.820071e-08
8.848938e-08
8.878346e-08
8.908296e-08
8.938787e-08
8.969821e-08
9.001396e-08
9.033513e-08
9.066170e-08
9.099367e-08
9.133101e-08
9.167371e-08
9.202175e-08
9.237510e-08
9.273374e-08
9.309763e-08
9.346674e-08
9.384103e-08
9.422046e-08
9.460498e-08
9.499455e-08
9.538911e-08
9.578860e-08
9.619297e-08
9.660216e-08
9.701609e-08
9.743470e-08
9.785792e-08
9.828566e-08
9.871784e-08
9.915438e-08
9.959520e-08
1.000402e-07
1.004893e-07
1.009424e-07
1.013993e-07
1.018600e-07
1.023244e-07
1.027924e-07
1.032638e-07
1.037385e-07
1.042164e-07
1.046974e-07
1.051814e-07
1.056681e-07
1.061575e-07
1.066495e-07
1.071438e-07
1.076404e-07
1.081391e-07
1.086398e-07
1.091423e-07
1.096463e-07
1.101519e-07
1.106588e-07
1.111669e-07
1.116759e-07
1.121858e-07
1.126963e-07
1.132073e-07
1.137186e-07
1.142300e-07
1.147414e-07
1.152526e-07
1.157633e-07
1.162734e-07
1.167827e-07
1.172911e-07
1.177983e-07
1.183042e-07
1.188085e-07
1.193110e-07
1.198117e-07
1.203102e-07
1.208064e-07
1.213001e-07
1.217911e-07
1.222792e-07
1.227642e-07
1.232459e-07
1.237241e-07
1.241987e-07
1.246693e-07
1.251359e-07
1.255983e-07
1.260562e-07
1.265094e-07
1.269578e-07
1.274012e-07
1.278393e-07
1.282721e-07
1.286992e-07
1.291206e-07
1.295360e-07
1.299453e-07
1.303483e-07
1.307448e-07
1.311346e-07
1.315176e-07
1.318935e-07
1.322623e-07
1.326238e-07
1.329777e-07
1.333240e-07
1.336625e-07
1.339930e-07
1.343154e-07
1.346295e-07
1.349352e-07
1.352324e-07
1.355209e-07
1.358006e-07
1.360714e-07
1.363331e-07
1.365856e-07
1.368288e-07
1.370626e-07
1.372870e-07
1.375017e-07
1.377067e-07
1.379019e-07
1.380872e-07
1.382625e-07
1.384278e-07
1.385830e-07
1.387280e-07
1.388627e-07
1.389871e-07
1.391012e-07
1.392048e-07
1.392980e-07
1.393806e-07
1.394528e-07
1.395144e-07
1.395654e-07
1.396058e-07
1.396356e-07
1.396548e-07
1.396633e-07
1.396613e-07
1.396487e-07
1.396254e-07
1.395916e-07
1.395473e-07
1.394925e-07
