-1.940333e-08
-2.238835e-08
-2.534639e-08
-2.827624e-08
-3.117669e-08
-3.404656e-08
-3.688469e-08
-3.968993e-08
-4.246114e-08
-4.519721e-08
-4.789705e-08
-5.055959e-08
-5.318376e-08
-5.576853e-08
-5.831290e-08
-6.081587e-08
-6.327648e-08
-6.569378e-08
-6.806685e-08
-7.039480e-08
-7.267676e-08
-7.491187e-08
-7.709933e-08
-7.923833e-08
-8.132812e-08
-8.336795e-08
-8.535712e-08
-8.729494e-08
-8.918076e-08
-9.101395e-08
-9.279392e-08
-9.452010e-08
-9.619196e-08
-9.780900e-08
-9.937073e-08
-1.008767e-07
-1.023266e-07
-1.037199e-07
-1.050563e-07
-1.063355e-07
-1.075572e-07
-1.087212e-07
-1.098272e-07
-1.108751e-07
-1.118647e-07
-1.127959e-07
-1.136685e-07
-1.144826e-07
-1.152381e-07
-1.159350e-07
-1.165733e-07
-1.171532e-07
-1.176747e-07
-1.181380e-07
-1.185432e-07
-1.188906e-07
-1.191803e-07
-1.194127e-07
-1.195881e-07
-1.197067e-07
-1.197689e-07
-1.197751e-07
-1.197258e-07
-1.196214e-07
-1.194623e-07
-1.192492e-07
-1.189824e-07
-1.186626e-07
-1.182904e-07
-1.178664e-07
-1.173912e-07
-1.168656e-07
-1.162902e-07
-1.156657e-07
-1.149930e-07
-1.142727e-07
-1.135057e-07
-1.126929e-07
-1.118349e-07
-1.109328e-07
-1.099875e-07
-1.089997e-07
-1.079705e-07
-1.069009e-07
-1.057917e-07
-1.046439e-07
-1.034587e-07
-1.022369e-07
-1.009796e-07
-9.968799e-08
-9.836298e-08
-9.700571e-08
-9.561726e-08
-9.419874e-08
-9.275126e-08
-9.127596e-08
-8.977396e-08
-8.824642e-08
-8.669449e-08
-8.511932e-08
-8.352208e-08
-8.190395e-08
-8.026611e-08
-7.860972e-08
-7.693598e-08
-7.524607e-08
-7.354118e-08
-7.182250e-08
-7.009121e-08
-6.834850e-08
-6.659555e-08
-6.483355e-08
-6.306367e-08
-6.128708e-08
-5.950496e-08
-5.771847e-08
-5.592876e-08
-5.413697e-08
-5.234426e-08
-5.055175e-08
-4.876056e-08
-4.697180e-08
-4.518658e-08
-4.340597e-08
-4.163105e-08
-3.986289e-08
-3.810253e-08
-3.635100e-08
-3.460932e-08
-3.287849e-08
-3.115950e-08
-2.945331e-08
-2.776087e-08
-2.608312e-08
-2.442096e-08
-2.277529e-08
-2.114697e-08
-1.953688e-08
-1.794582e-08
-1.637463e-08
-1.482407e-08
-1.329492e-08
-1.178792e-08
-1.030380e-08
-8.843239e-09
-7.406922e-09
-5.995494e-09
-4.609580e-09
-3.249780e-09
-1.916668e-09
-6.107945e-10
6.673169e-10
1.917167e-09
3.138284e-09
4.330219e-09
5.492552e-09
6.624889e-09
7.726860e-09
8.798123e-09
9.838362e-09
1.084729e-08
1.182464e-08
1.277017e-08
1.368368e-08
1.456498e-08
1.541391e-08
1.623035e-08
1.701417e-08
1.776531e-08
1.848371e-08
1.916933e-08
1.982218e-08
2.044228e-08
2.102966e-08
2.158440e-08
2.210660e-08
2.259637e-08
2.305385e-08
2.347921e-08
2.387263e-08
2.423434e-08
2.456455e-08
2.486352e-08
2.513153e-08
2.536888e-08
2.557588e-08
2.575287e-08
2.590020e-08
2.601826e-08
2.610744e-08
2.616815e-08
2.620082e-08
2.620589e-08
2.618384e-08
2.613515e-08
2.606030e-08
2.595981e-08
2.583421e-08
2.568403e-08
2.550983e-08
2.531217e-08
2.509163e-08
2.484880e-08
2.458427e-08
2.429866e-08
2.399259e-08
2.366668e-08
2.332157e-08
2.295791e-08
2.257635e-08
2.217754e-08
2.176216e-08
2.133087e-08
2.088435e-08
2.042328e-08
1.994834e-08
1.946022e-08
1.895960e-08
1.844718e-08
1.792365e-08
1.738970e-08
1.684602e-08
1.629330e-08
1.573224e-08
1.516353e-08
1.458785e-08
1.400588e-08
1.341832e-08
1.282583e-08
1.222909e-08
1.162877e-08
1.102553e-08
1.042002e-08
9.812912e-09
9.204834e-09
8.596429e-09
7.988326e-09
7.381147e-09
6.775505e-09
6.172004e-09
5.571240e-09
4.973798e-09
4.380254e-09
3.791173e-09
3.207108e-09
2.628604e-09
2.056192e-09
1.490393e-09
9.317138e-10
3.806513e-10
-1.623114e-10
-6.967037e-10
-1.222068e-09
-1.737960e-09
-2.243949e-09
-2.739619e-09
-3.224564e-09
-3.698397e-09
-4.160741e-09
-4.611237e-09
-5.049538e-09
-5.475312e-09
-5.888241e-09
-6.288023e-09
-6.674371e-09
-7.047011e-09
-7.405686e-09
-7.750152e-09
-8.080181e-09
-8.395560e-09
-8.696091e-09
-8.981591e-09
-9.251890e-09
-9.506835e-09
-9.746288e-09
-9.970124e-09
-1.017823e-08
-1.037052e-08
-1.054691e-08
-1.070732e-08
-1.085172e-08
-1.098006e-08
-1.109231e-08
-1.118847e-08
-1.126854e-08
-1.133254e-08
-1.138049e-08
-1.141244e-08
-1.142844e-08
-1.142857e-08
-1.141290e-08
-1.138152e-08
-1.133455e-08
-1.127209e-08
-1.119427e-08
-1.110124e-08
-1.099314e-08
-1.087013e-08
-1.073239e-08
-1.058009e-08
-1.041343e-08
-1.023261e-08
-1.003783e-08
-9.829324e-09
-9.607309e-09
-9.372023e-09
-9.123711e-09
-8.862625e-09
-8.589025e-09
-8.303176e-09
-8.005353e-09
-7.695837e-09
-7.374912e-09
-7.042873e-09
-6.700017e-09
-6.346647e-09
-5.983073e-09
-5.609607e-09
-5.226567e-09
-4.834276e-09
-4.433058e-09
-4.023244e-09
-3.605166e-09
-3.179159e-09
-2.745561e-09
-2.304712e-09
-1.856956e-09
-1.402636e-09
-9.420969e-10
-4.756869e-10
-3.753140e-12
4.733560e-10
9.552919e-10
1.441706e-09
1.932249e-09
2.426573e-09
2.924331e-09
3.425177e-09
3.928764e-09
4.434750e-09
4.942791e-09
5.452548e-09
5.963682e-09
6.475858e-09
6.988742e-09
7.502004e-09
8.015316e-09
8.528354e-09
9.040796e-09
9.552326e-09
1.006263e-08
1.057140e-08
1.107832e-08
1.158311e-08
1.208545e-08
1.258506e-08
1.308165e-08
1.357494e-08
1.406464e-08
1.455049e-08
1.503222e-08
1.550957e-08
1.598227e-08
1.645008e-08
1.691276e-08
1.737006e-08
1.782174e-08
1.826759e-08
1.870737e-08
1.914088e-08
1.956790e-08
1.998823e-08
2.040168e-08
2.080804e-08
2.120714e-08
2.159880e-08
2.198284e-08
2.235910e-08
2.272743e-08
2.308767e-08
2.343967e-08
2.378329e-08
2.411841e-08
2.444489e-08
2.476262e-08
2.507147e-08
2.537136e-08
2.566217e-08
2.594381e-08
2.621620e-08
2.647925e-08
2.673289e-08
2.697705e-08
2.721167e-08
2.743669e-08
2.765207e-08
2.785776e-08
2.805372e-08
2.823993e-08
2.841636e-08
2.858299e-08
2.873980e-08
2.888680e-08
2.902397e-08
2.915133e-08
2.926888e-08
2.937663e-08
2.947462e-08
2.956287e-08
2.964140e-08
2.971026e-08
2.976948e-08
2.981913e-08
2.985923e-08
2.988986e-08
2.991108e-08
2.992295e-08
2.992554e-08
2.991894e-08
2.990321e-08
2.987845e-08
2.984474e-08
2.980218e-08
2.975086e-08
2.969089e-08
2.962237e-08
2.954540e-08
2.946011e-08
2.936660e-08
2.926500e-08
2.915542e-08
2.903800e-08
2.891287e-08
2.878015e-08
2.863998e-08
2.849250e-08
2.833784e-08
2.817616e-08
2.800760e-08
2.783231e-08
2.765043e-08
2.746213e-08
2.726755e-08
2.706685e-08
2.686020e-08
2.664774e-08
2.642965e-08
2.620610e-08
2.597723e-08
2.574323e-08
2.550426e-08
2.526049e-08
2.501209e-08
2.475924e-08
2.450210e-08
2.424085e-08
2.397567e-08
2.370673e-08
2.343420e-08
2.315827e-08
2.287910e-08
2.259689e-08
2.231180e-08
2.202401e-08
2.173370e-08
2.144104e-08
2.114622e-08
2.084941e-08
2.055079e-08
2.025054e-08
1.994882e-08
1.964582e-08
1.934171e-08
1.903667e-08
1.873087e-08
1.842448e-08
1.811767e-08
1.781061e-08
1.750348e-08
1.719644e-08
1.688966e-08
1.658330e-08
1.627753e-08
1.597252e-08
1.566842e-08
1.536539e-08
1.506359e-08
1.476318e-08
1.446432e-08
1.416715e-08
1.387182e-08
1.357850e-08
1.328732e-08
1.299842e-08
1.271196e-08
1.242807e-08
1.214689e-08
1.186855e-08
1.159320e-08
1.132095e-08
1.105195e-08
1.078631e-08
1.052417e-08
1.026563e-08
1.001083e-08
9.759875e-09
9.512877e-09
9.269950e-09
9.031200e-09
8.796732e-09
8.566649e-09
8.341048e-09
8.120027e-09
7.903678e-09
7.692091e-09
7.485353e-09
7.283549e-09
7.086758e-09
6.895059e-09
6.708526e-09
6.527231e-09
6.351241e-09
6.180622e-09
6.015436e-09
5.855741e-09
5.701593e-09
5.553042e-09
5.410140e-09
5.272930e-09
5.141455e-09
5.015754e-09
4.895863e-09
4.781814e-09
4.673636e-09
4.571354e-09
4.474992e-09
4.384569e-09
4.300100e-09
4.221598e-09
4.149073e-09
4.082530e-09
4.021972e-09
3.967400e-09
3.918810e-09
3.876195e-09
3.839544e-09
3.808846e-09
3.784084e-09
3.765239e-09
3.752288e-09
3.745207e-09
3.743966e-09
3.748535e-09
3.758879e-09
3.774962e-09
3.796742e-09
3.824178e-09
3.857224e-09
3.895831e-09
3.939947e-09
3.989520e-09
4.044493e-09
4.104807e-09
4.170401e-09
4.241209e-09
4.317167e-09
4.398205e-09
4.484252e-09
4.575234e-09
4.671077e-09
4.771702e-09
4.877029e-09
4.986978e-09
5.101463e-09
5.220399e-09
5.343698e-09
5.471271e-09
5.603027e-09
5.738873e-09
5.878715e-09
6.022456e-09
6.170000e-09
6.321247e-09
6.476098e-09
6.634450e-09
6.796202e-09
6.961250e-09
7.129488e-09
7.300812e-09
7.475115e-09
7.652289e-09
7.832226e-09
8.014817e-09
8.199952e-09
8.387522e-09
8.577416e-09
8.769523e-09
8.963731e-09
9.159929e-09
9.358005e-09
9.557848e-09
9.759344e-09
9.962383e-09
1.016685e-08
1.037264e-08
1.057963e-08
1.078773e-08
1.099680e-08
1.120675e-08
1.141747e-08
1.162884e-08
1.184075e-08
1.205311e-08
1.226579e-08
1.247870e-08
1.269173e-08
1.290477e-08
1.311772e-08
1.333047e-08
1.354293e-08
1.375500e-08
1.396657e-08
1.417755e-08
1.438784e-08
1.459734e-08
1.480596e-08
1.501361e-08
1.522019e-08
1.542562e-08
1.562981e-08
1.583267e-08
1.603412e-08
1.623407e-08
1.643244e-08
1.662916e-08
1.682413e-08
1.701730e-08
1.720858e-08
1.739790e-08
1.758519e-08
1.777038e-08
1.795341e-08
1.813420e-08
1.831271e-08
1.848886e-08
1.866259e-08
1.883386e-08
1.900260e-08
1.916877e-08
1.933231e-08
1.949317e-08
1.965131e-08
1.980669e-08
1.995925e-08
2.010896e-08
2.025579e-08
2.039969e-08
2.054063e-08
2.067859e-08
2.081352e-08
2.094540e-08
2.107422e-08
2.119993e-08
2.132252e-08
2.144198e-08
2.155828e-08
2.167140e-08
2.178134e-08
2.188808e-08
2.199162e-08
2.209193e-08
2.218903e-08
2.228290e-08
2.237354e-08
2.246096e-08
2.254514e-08
2.262610e-08
2.270385e-08
2.277838e-08
2.284970e-08
2.291783e-08
2.298278e-08
2.304456e-08
2.310319e-08
2.315867e-08
2.321104e-08
2.326031e-08
2.330650e-08
2.334963e-08
2.338973e-08
2.342683e-08
2.346094e-08
2.349210e-08
2.352034e-08
2.354568e-08
2.356816e-08
2.358782e-08
2.360468e-08
2.361878e-08
2.363016e-08
2.363885e-08
2.364490e-08
2.364834e-08
2.364921e-08
2.364756e-08
2.364342e-08
2.363684e-08
2.362787e-08
2.361654e-08
2.360291e-08
2.358702e-08
2.356891e-08
2.354864e-08
2.352625e-08
2.350180e-08
2.347532e-08
2.344687e-08
2.341651e-08
2.338428e-08
2.335023e-08
2.331442e-08
2.327689e-08
2.323771e-08
2.319692e-08
2.315458e-08
2.311074e-08
2.306546e-08
2.301878e-08
2.297077e-08
2.292147e-08
2.287095e-08
2.281926e-08
2.276645e-08
2.271258e-08
2.265771e-08
2.260188e-08
2.254516e-08
2.248760e-08
2.242925e-08
2.237017e-08
2.231042e-08
2.225005e-08
2.218911e-08
2.212767e-08
2.206577e-08
2.200347e-08
2.194083e-08
2.187789e-08
2.181472e-08
2.175136e-08
2.168787e-08
2.162430e-08
2.156071e-08
2.149714e-08
2.143365e-08
2.137030e-08
2.130712e-08
2.124418e-08
2.118152e-08
2.111919e-08
2.105725e-08
2.099573e-08
2.093469e-08
2.087418e-08
2.081424e-08
2.075493e-08
2.069627e-08
2.063833e-08
2.058115e-08
2.052476e-08
2.046922e-08
2.041456e-08
2.036083e-08
2.030807e-08
2.025631e-08
2.020561e-08
2.015599e-08
2.010749e-08
2.006016e-08
2.001402e-08
1.996912e-08
1.992548e-08
1.988315e-08
1.984215e-08
1.980251e-08
1.976427e-08
1.972745e-08
1.969208e-08
1.965820e-08
1.962582e-08
1.959498e-08
1.956570e-08
1.953799e-08
1.951189e-08
1.948741e-08
1.946457e-08
1.944340e-08
1.942391e-08
1.940612e-08
1.939003e-08
1.937568e-08
1.936306e-08
1.935220e-08
1.934309e-08
1.933576e-08
1.933021e-08
1.932644e-08
1.932447e-08
1.932429e-08
1.932591e-08
1.932933e-08
1.933455e-08
1.934157e-08
1.935040e-08
1.936102e-08
1.937343e-08
1.938762e-08
1.940359e-08
1.942134e-08
1.944084e-08
1.946210e-08
1.948509e-08
1.950981e-08
1.953624e-08
1.956436e-08
1.959416e-08
1.962562e-08
1.965872e-08
1.969344e-08
1.972976e-08
1.976766e-08
1.980710e-08
1.984808e-08
1.989055e-08
1.993449e-08
1.997988e-08
2.002669e-08
2.007488e-08
2.012442e-08
2.017529e-08
2.022744e-08
2.028085e-08
2.033548e-08
2.039129e-08
2.044825e-08
2.050631e-08
2.056545e-08
2.062562e-08
2.068678e-08
2.074888e-08
2.081190e-08
2.087579e-08
2.094050e-08
2.100600e-08
2.107223e-08
2.113916e-08
2.120674e-08
2.127493e-08
2.134367e-08
2.141294e-08
2.148267e-08
2.155282e-08
2.162335e-08
2.169422e-08
2.176536e-08
2.183675e-08
2.190832e-08
2.198004e-08
2.205185e-08
2.212372e-08
2.219559e-08
2.226741e-08
2.233915e-08
2.241075e-08
2.248217e-08
2.255336e-08
2.262428e-08
2.269488e-08
2.276512e-08
2.283495e-08
2.290433e-08
2.297322e-08
2.304157e-08
2.310935e-08
2.317651e-08
2.324300e-08
2.330880e-08
2.337386e-08
2.343814e-08
2.350160e-08
2.356421e-08
2.362592e-08
2.368672e-08
2.374655e-08
2.380539e-08
2.386320e-08
2.391995e-08
2.397561e-08
2.403016e-08
2.408355e-08
2.413577e-08
2.418678e-08
2.423656e-08
2.428509e-08
2.433234e-08
2.437829e-08
2.442292e-08
2.446620e-08
2.450813e-08
2.454867e-08
2.458781e-08
2.462554e-08
2.466184e-08
2.469670e-08
2.473010e-08
2.476204e-08
2.479250e-08
2.482148e-08
2.484896e-08
2.487494e-08
2.489942e-08
2.492238e-08
2.494383e-08
2.496376e-08
2.498217e-08
2.499907e-08
2.501445e-08
2.502831e-08
2.504065e-08
2.505149e-08
2.506082e-08
2.506865e-08
2.507499e-08
2.507985e-08
2.508322e-08
2.508513e-08
2.508559e-08
2.508460e-08
2.508217e-08
2.507832e-08
2.507307e-08
2.506642e-08
2.505840e-08
2.504901e-08
2.503827e-08
2.502621e-08
2.501283e-08
2.499816e-08
2.498222e-08
2.496502e-08
2.494658e-08
2.492693e-08
2.490609e-08
2.488406e-08
2.486089e-08
2.483659e-08
2.481117e-08
2.478467e-08
2.475711e-08
2.472850e-08
2.469888e-08
2.466826e-08
2.463667e-08
2.460413e-08
2.457067e-08
2.453630e-08
2.450106e-08
2.446497e-08
2.442804e-08
2.439031e-08
2.435180e-08
2.431253e-08
2.427252e-08
2.423180e-08
2.419039e-08
2.414832e-08
2.410560e-08
2.406226e-08
2.401832e-08
2.397380e-08
2.392873e-08
2.388313e-08
2.383701e-08
2.379041e-08
2.374333e-08
2.369580e-08
2.364784e-08
2.359947e-08
2.355070e-08
2.350157e-08
2.345208e-08
2.340225e-08
2.335210e-08
2.330165e-08
2.325091e-08
2.319990e-08
2.314864e-08
2.309714e-08
2.304542e-08
2.299348e-08
2.294135e-08
2.288904e-08
2.283656e-08
2.278393e-08
2.273115e-08
2.267824e-08
2.262521e-08
2.257207e-08
2.251884e-08
2.246551e-08
2.241210e-08
2.235863e-08
2.230509e-08
2.225151e-08
2.219788e-08
2.214421e-08
2.209051e-08
2.203679e-08
2.198306e-08
2.192932e-08
2.187558e-08
2.182184e-08
2.176811e-08
2.171439e-08
2.166070e-08
2.160702e-08
2.155338e-08
2.149977e-08
2.144619e-08
2.139265e-08
2.133916e-08
2.128571e-08
2.123231e-08
2.117897e-08
2.112568e-08
2.107245e-08
2.101928e-08
2.096618e-08
2.091313e-08
2.086016e-08
2.080726e-08
2.075443e-08
2.070167e-08
2.064899e-08
2.059638e-08
2.054386e-08
2.049141e-08
2.043905e-08
2.038677e-08
2.033458e-08
2.028248e-08
2.023047e-08
2.017855e-08
2.012672e-08
2.007499e-08
2.002336e-08
1.997182e-08
1.992039e-08
1.986906e-08
1.981784e-08
1.976672e-08
1.971572e-08
1.966482e-08
1.961405e-08
1.956338e-08
1.951284e-08
1.946242e-08
1.941213e-08
1.936196e-08
1.931193e-08
1.926202e-08
1.921226e-08
1.916263e-08
1.911314e-08
1.906380e-08
1.901461e-08
1.896557e-08
1.891668e-08
1.886796e-08
1.881939e-08
1.877099e-08
1.872276e-08
1.867470e-08
1.862681e-08
1.857910e-08
1.853157e-08
1.848423e-08
1.843708e-08
1.839012e-08
1.834335e-08
1.829678e-08
1.825042e-08
1.820425e-08
1.815830e-08
1.811256e-08
1.806703e-08
1.802171e-08
1.797662e-08
1.793175e-08
1.788710e-08
1.784268e-08
1.779849e-08
1.775453e-08
1.771081e-08
1.766732e-08
1.762406e-08
1.758105e-08
1.753827e-08
1.749574e-08
1.745345e-08
1.741140e-08
1.736960e-08
1.732804e-08
1.728672e-08
1.724565e-08
1.720483e-08
1.716425e-08
1.712391e-08
1.708381e-08
1.704395e-08
1.700434e-08
1.696496e-08
1.692582e-08
1.688691e-08
1.684824e-08
1.680980e-08
1.677158e-08
1.673358e-08
1.669581e-08
1.665825e-08
1.662091e-08
1.658378e-08
1.654685e-08
1.651012e-08
1.647359e-08
1.643724e-08
1.640109e-08
1.636511e-08
1.632931e-08
1.629368e-08
1.625821e-08
1.622290e-08
1.618774e-08
1.615272e-08
1.611784e-08
1.608309e-08
1.604846e-08
1.601395e-08
1.597954e-08
1.594524e-08
1.591103e-08
1.587691e-08
1.584286e-08
1.580888e-08
1.577497e-08
1.574110e-08
1.570729e-08
1.567351e-08
1.563975e-08
1.560602e-08
1.557230e-08
1.553859e-08
1.550486e-08
1.547113e-08
1.543737e-08
1.540358e-08
1.536976e-08
1.533589e-08
1.530196e-08
1.526797e-08
1.523391e-08
1.519976e-08
1.516554e-08
1.513121e-08
1.509679e-08
1.506226e-08
1.502761e-08
1.499283e-08
1.495793e-08
1.492289e-08
1.488770e-08
1.485236e-08
1.481687e-08
1.478122e-08
1.474539e-08
1.470940e-08
1.467322e-08
1.463687e-08
1.460032e-08
1.456358e-08
1.452665e-08
1.448951e-08
1.445217e-08
1.441463e-08
1.437687e-08
1.433891e-08
1.430072e-08
1.426232e-08
1.422371e-08
1.418487e-08
1.414581e-08
1.410653e-08
1.406703e-08
1.402731e-08
1.398737e-08
1.394720e-08
1.390682e-08
1.386621e-08
1.382539e-08
1.378436e-08
1.374311e-08
1.370165e-08
1.365998e-08
1.361811e-08
1.357604e-08
1.353377e-08
1.349131e-08
1.344866e-08
1.340583e-08
1.336282e-08
1.331964e-08
1.327628e-08
1.323277e-08
1.318910e-08
1.314527e-08
1.310131e-08
1.305721e-08
1.301298e-08
1.296862e-08
1.292415e-08
1.287957e-08
1.283490e-08
1.279013e-08
1.274527e-08
1.270034e-08
1.265534e-08
1.261028e-08
1.256517e-08
1.252002e-08
1.247484e-08
1.242962e-08
1.238440e-08
1.233916e-08
1.229392e-08
1.224870e-08
1.220349e-08
1.215831e-08
1.211317e-08
1.206807e-08
1.202302e-08
1.197804e-08
1.193313e-08
1.188829e-08
1.184355e-08
1.179890e-08
1.175435e-08
1.170991e-08
1.166559e-08
1.162140e-08
1.157734e-08
1.153342e-08
1.148965e-08
1.144604e-08
1.140258e-08
1.135929e-08
1.131617e-08
1.127323e-08
1.123048e-08
1.118791e-08
1.114553e-08
1.110335e-08
1.106138e-08
1.101960e-08
1.097804e-08
1.093669e-08
1.089555e-08
1.085462e-08
1.081392e-08
1.077343e-08
1.073316e-08
1.069311e-08
1.065329e-08
1.061368e-08
1.057429e-08
1.053512e-08
1.049617e-08
1.045743e-08
1.041891e-08
1.038059e-08
1.034249e-08
1.030458e-08
1.026687e-08
1.022936e-08
1.019204e-08
1.015489e-08
1.011793e-08
1.008113e-08
1.004450e-08
1.000803e-08
9.971705e-09
9.935520e-09
9.899468e-09
9.863538e-09
9.827721e-09
9.792008e-09
9.756389e-09
9.720852e-09
9.685387e-09
9.649982e-09
9.614625e-09
9.579304e-09
9.544008e-09
9.508722e-09
9.473433e-09
9.438129e-09
9.402796e-09
9.367418e-09
9.331982e-09
9.296474e-09
9.260877e-09
9.225178e-09
9.189360e-09
9.153409e-09
9.117307e-09
9.081040e-09
9.044591e-09
9.007944e-09
8.971081e-09
8.933988e-09
8.896647e-09
8.859041e-09
8.821153e-09
8.782967e-09
8.744465e-09
8.705632e-09
8.666449e-09
8.626899e-09
8.586967e-09
8.546635e-09
8.505887e-09
8.464705e-09
8.423074e-09
8.380977e-09
8.338397e-09
8.295319e-09
8.251727e-09
8.207604e-09
8.162937e-09
8.117709e-09
8.071906e-09
8.025512e-09
7.978514e-09
7.930898e-09
7.882650e-09
7.833756e-09
7.784204e-09
7.733981e-09
7.683074e-09
7.631473e-09
7.579166e-09
7.526142e-09
7.472390e-09
7.417901e-09
7.362665e-09
7.306674e-09
7.249919e-09
7.192391e-09
7.134085e-09
7.074993e-09
7.015108e-09
6.954426e-09
6.892942e-09
6.830650e-09
6.767548e-09
6.703631e-09
6.638898e-09
6.573347e-09
6.506976e-09
6.439784e-09
6.371773e-09
6.302941e-09
6.233292e-09
6.162826e-09
6.091547e-09
6.019458e-09
5.946562e-09
5.872864e-09
5.798371e-09
5.723087e-09
5.647019e-09
5.570175e-09
5.492563e-09
5.414191e-09
5.335068e-09
5.255205e-09
5.174611e-09
5.093298e-09
5.011278e-09
4.928563e-09
4.845166e-09
4.761100e-09
4.676380e-09
4.591020e-09
4.505036e-09
4.418443e-09
4.331257e-09
4.243495e-09
4.155174e-09
4.066313e-09
3.976929e-09
3.887041e-09
3.796668e-09
3.705829e-09
3.614545e-09
3.522835e-09
3.430720e-09
3.338221e-09
3.245359e-09
3.152156e-09
3.058633e-09
2.964812e-09
2.870716e-09
2.776367e-09
2.681788e-09
2.587001e-09
2.492029e-09
2.396895e-09
2.301623e-09
2.206235e-09
2.110754e-09
2.015205e-09
1.919610e-09
1.823992e-09
1.728375e-09
1.632781e-09
1.537233e-09
1.441755e-09
1.346369e-09
1.251097e-09
1.155963e-09
1.060987e-09
9.661930e-10
8.716014e-10
7.772340e-10
6.831119e-10
5.892559e-10
4.956866e-10
4.024240e-10
3.094879e-10
2.168978e-10
1.246726e-10
3.283095e-11
-5.860903e-11
-1.496296e-10
-2.402136e-10
-3.303442e-10
-4.200051e-10
-5.091805e-10
-5.978553e-10
-6.860146e-10
-7.736442e-10
-8.607304e-10
-9.472602e-10
-1.033221e-09
-1.118601e-09
-1.203388e-09
-1.287572e-09
-1.371142e-09
-1.454090e-09
-1.536404e-09
-1.618078e-09
-1.699103e-09
-1.779472e-09
-1.859177e-09
-1.938214e-09
-2.016576e-09
-2.094258e-09
-2.171255e-09
-2.247565e-09
-2.323182e-09
-2.398106e-09
-2.472332e-09
-2.545861e-09
-2.618689e-09
-2.690817e-09
-2.762245e-09
-2.832972e-09
-2.903000e-09
-2.972329e-09
-3.040961e-09
-3.108899e-09
-3.176144e-09
-3.242700e-09
-3.308569e-09
-3.373756e-09
-3.438264e-09
-3.502098e-09
-3.565261e-09
-3.627760e-09
-3.689598e-09
-3.750781e-09
-3.811315e-09
-3.871205e-09
-3.930457e-09
-3.989078e-09
-4.047073e-09
-4.104448e-09
-4.161211e-09
-4.217366e-09
-4.272922e-09
-4.327884e-09
-4.382258e-09
-4.436052e-09
-4.489271e-09
-4.541921e-09
-4.594009e-09
-4.645541e-09
-4.696523e-09
-4.746960e-09
-4.796858e-09
-4.846222e-09
-4.895058e-09
-4.943369e-09
-4.991162e-09
-5.038439e-09
-5.085206e-09
-5.131465e-09
-5.177220e-09
-5.222475e-09
-5.267230e-09
-5.311489e-09
-5.355254e-09
-5.398526e-09
-5.441305e-09
-5.483592e-09
-5.525388e-09
-5.566691e-09
-5.607502e-09
-5.647818e-09
-5.687637e-09
-5.726958e-09
-5.765777e-09
-5.804091e-09
-5.841896e-09
-5.879187e-09
-5.915960e-09
-5.952210e-09
-5.987929e-09
-6.023113e-09
-6.057753e-09
-6.091842e-09
-6.125372e-09
-6.158335e-09
-6.190721e-09
-6.222522e-09
-6.253726e-09
-6.284324e-09
-6.314305e-09
-6.343657e-09
-6.372369e-09
-6.400428e-09
-6.427822e-09
-6.454538e-09
-6.480561e-09
-6.505879e-09
-6.530478e-09
-6.554343e-09
-6.577459e-09
-6.599811e-09
-6.621384e-09
-6.642163e-09
-6.662131e-09
-6.681273e-09
-6.699573e-09
-6.717015e-09
-6.733581e-09
-6.749256e-09
-6.764024e-09
-6.777866e-09
-6.790768e-09
-6.802712e-09
-6.813682e-09
-6.823661e-09
-6.832633e-09
-6.840582e-09
-6.847491e-09
-6.853344e-09
-6.858126e-09
-6.861821e-09
-6.864414e-09
-6.865889e-09
-6.866233e-09
-6.865430e-09
-6.863466e-09
-6.860329e-09
-6.856005e-09
-6.850481e-09
-6.843744e-09
-6.835784e-09
-6.826588e-09
-6.816147e-09
-6.804449e-09
-6.791486e-09
-6.777248e-09
-6.761727e-09
-6.744916e-09
-6.726807e-09
-6.707395e-09
-6.686674e-09
-6.664638e-09
-6.641285e-09
-6.616610e-09
-6.590612e-09
-6.563288e-09
-6.534637e-09
-6.504661e-09
-6.473359e-09
-6.440733e-09
-6.406786e-09
-6.371521e-09
-6.334943e-09
-6.297056e-09
-6.257866e-09
-6.217382e-09
-6.175609e-09
-6.132558e-09
-6.088238e-09
-6.042659e-09
-5.995833e-09
-5.947772e-09
-5.898490e-09
-5.848000e-09
-5.796317e-09
-5.743458e-09
-5.689440e-09
-5.634279e-09
-5.577994e-09
-5.520605e-09
-5.462131e-09
-5.402594e-09
-5.342015e-09
-5.280417e-09
-5.217824e-09
-5.154258e-09
-5.089745e-09
-5.024311e-09
-4.957981e-09
-4.890782e-09
-4.822742e-09
-4.753889e-09
-4.684251e-09
-4.613858e-09
-4.542740e-09
-4.470927e-09
-4.398449e-09
-4.325339e-09
-4.251628e-09
-4.177348e-09
-4.102531e-09
-4.027211e-09
-3.951422e-09
-3.875195e-09
-3.798567e-09
-3.721569e-09
-3.644238e-09
-3.566607e-09
-3.488711e-09
-3.410585e-09
-3.332264e-09
-3.253783e-09
-3.175177e-09
-3.096480e-09
-3.017728e-09
-2.938956e-09
-2.860198e-09
-2.781490e-09
-2.702866e-09
-2.624360e-09
-2.546006e-09
-2.467839e-09
-2.389892e-09
-2.312199e-09
-2.234792e-09
-2.157705e-09
-2.080969e-09
-2.004618e-09
-1.928682e-09
-1.853192e-09
-1.778180e-09
-1.703675e-09
-1.629707e-09
-1.556305e-09
-1.483499e-09
-1.411315e-09
-1.339781e-09
-1.268925e-09
-1.198771e-09
-1.129347e-09
-1.060676e-09
-9.927826e-10
-9.256907e-10
-8.594230e-10
-7.940015e-10
-7.294475e-10
-6.657817e-10
-6.030239e-10
-5.411933e-10
-4.803082e-10
-4.203862e-10
-3.614441e-10
-3.034980e-10
-2.465630e-10
-1.906538e-10
-1.357839e-10
-8.196633e-11
-2.921312e-11
2.246437e-11
7.305559e-11
1.225508e-10
1.709409e-10
2.182178e-10
2.643740e-10
3.094027e-10
3.532980e-10
3.960548e-10
4.376685e-10
4.781354e-10
5.174525e-10
5.556173e-10
5.926283e-10
6.284846e-10
6.631857e-10
6.967321e-10
7.291247e-10
7.603652e-10
7.904557e-10
8.193991e-10
8.471988e-10
8.738586e-10
8.993831e-10
9.237773e-10
9.470466e-10
9.691972e-10
9.902353e-10
1.010168e-09
1.029003e-09
1.046747e-09
1.063409e-09
1.078997e-09
1.093521e-09
1.106989e-09
1.119410e-09
1.130796e-09
1.141155e-09
1.150499e-09
1.158837e-09
1.166180e-09
1.172540e-09
1.177928e-09
1.182355e-09
1.185832e-09
1.188371e-09
1.189984e-09
1.190682e-09
1.190478e-09
1.189383e-09
1.187409e-09
1.184568e-09
1.180872e-09
1.176334e-09
1.170964e-09
1.164775e-09
1.157779e-09
1.149988e-09
1.141412e-09
1.132064e-09
1.121956e-09
1.111098e-09
1.099502e-09
1.087179e-09
1.074140e-09
1.060396e-09
1.045957e-09
1.030834e-09
1.015038e-09
9.985783e-10
9.814650e-10
9.637079e-10
9.453168e-10
9.263009e-10
9.066695e-10
8.864317e-10
8.655963e-10
8.441718e-10
8.221667e-10
7.995892e-10
7.764474e-10
7.527491e-10
7.285019e-10
7.037133e-10
6.783906e-10
