-1.945473e-08
-2.242477e-08
-2.536770e-08
-2.828231e-08
-3.116743e-08
-3.402188e-08
-3.684449e-08
-3.963414e-08
-4.238969e-08
-4.511004e-08
-4.779412e-08
-5.044084e-08
-5.304917e-08
-5.561808e-08
-5.814658e-08
-6.063367e-08
-6.307840e-08
-6.547984e-08
-6.783708e-08
-7.014922e-08
-7.241541e-08
-7.463481e-08
-7.680661e-08
-7.893003e-08
-8.100431e-08
-8.302871e-08
-8.500254e-08
-8.692512e-08
-8.879581e-08
-9.061399e-08
-9.237907e-08
-9.409049e-08
-9.574773e-08
-9.735030e-08
-9.889771e-08
-1.003895e-07
-1.018254e-07
-1.032049e-07
-1.045276e-07
-1.057934e-07
-1.070019e-07
-1.081528e-07
-1.092460e-07
-1.102812e-07
-1.112584e-07
-1.121773e-07
-1.130380e-07
-1.138403e-07
-1.145843e-07
-1.152699e-07
-1.158972e-07
-1.164663e-07
-1.169773e-07
-1.174303e-07
-1.178255e-07
-1.181631e-07
-1.184433e-07
-1.186665e-07
-1.188329e-07
-1.189428e-07
-1.189966e-07
-1.189947e-07
-1.189375e-07
-1.188255e-07
-1.186592e-07
-1.184390e-07
-1.181655e-07
-1.178393e-07
-1.174609e-07
-1.170310e-07
-1.165502e-07
-1.160193e-07
-1.154389e-07
-1.148097e-07
-1.141324e-07
-1.134080e-07
-1.126371e-07
-1.118206e-07
-1.109594e-07
-1.100542e-07
-1.091061e-07
-1.081158e-07
-1.070844e-07
-1.060127e-07
-1.049018e-07
-1.037526e-07
-1.025662e-07
-1.013435e-07
-1.000856e-07
-9.879349e-08
-9.746831e-08
-9.611111e-08
-9.472296e-08
-9.330499e-08
-9.185829e-08
-9.038399e-08
-8.888322e-08
-8.735713e-08
-8.580685e-08
-8.423355e-08
-8.263839e-08
-8.102254e-08
-7.938716e-08
-7.773343e-08
-7.606253e-08
-7.437564e-08
-7.267394e-08
-7.095861e-08
-6.923084e-08
-6.749180e-08
-6.574267e-08
-6.398463e-08
-6.221885e-08
-6.044650e-08
-5.866873e-08
-5.688671e-08
-5.510158e-08
-5.331448e-08
-5.152655e-08
-4.973891e-08
-4.795268e-08
-4.616895e-08
-4.438883e-08
-4.261339e-08
-4.084369e-08
-3.908080e-08
-3.732575e-08
-3.557957e-08
-3.384326e-08
-3.211782e-08
-3.040424e-08
-2.870346e-08
-2.701643e-08
-2.534407e-08
-2.368730e-08
-2.204699e-08
-2.042401e-08
-1.881920e-08
-1.723339e-08
-1.566738e-08
-1.412196e-08
-1.259787e-08
-1.109587e-08
-9.616649e-09
-8.160910e-09
-6.729317e-09
-5.322510e-09
-3.941107e-09
-2.585702e-09
-1.256861e-09
4.487255e-11
1.318980e-09
2.564971e-09
3.782378e-09
4.970760e-09
6.129704e-09
7.258820e-09
8.357747e-09
9.426147e-09
1.046371e-08
1.147015e-08
1.244522e-08
1.338868e-08
1.430032e-08
1.517997e-08
1.602747e-08
1.684270e-08
1.762556e-08
1.837596e-08
1.909387e-08
1.977925e-08
2.043210e-08
2.105245e-08
2.164035e-08
2.219587e-08
2.271911e-08
2.321019e-08
2.366926e-08
2.409649e-08
2.449206e-08
2.485619e-08
2.518912e-08
2.549109e-08
2.576240e-08
2.600334e-08
2.621422e-08
2.639540e-08
2.654722e-08
2.667006e-08
2.676432e-08
2.683042e-08
2.686879e-08
2.687987e-08
2.686413e-08
2.682205e-08
2.675412e-08
2.666087e-08
2.654281e-08
2.640048e-08
2.623444e-08
2.604524e-08
2.583347e-08
2.559971e-08
2.534457e-08
2.506865e-08
2.477256e-08
2.445695e-08
2.412243e-08
2.376966e-08
2.339928e-08
2.301196e-08
2.260836e-08
2.218913e-08
2.175497e-08
2.130653e-08
2.084451e-08
2.036959e-08
1.988245e-08
1.938379e-08
1.887428e-08
1.835462e-08
1.782550e-08
1.728761e-08
1.674163e-08
1.618825e-08
1.562816e-08
1.506203e-08
1.449055e-08
1.391438e-08
1.333419e-08
1.275066e-08
1.216444e-08
1.157618e-08
1.098653e-08
1.039614e-08
9.805626e-09
9.215626e-09
8.626754e-09
8.039619e-09
7.454821e-09
6.872952e-09
6.294593e-09
5.720314e-09
5.150678e-09
4.586232e-09
4.027518e-09
3.475061e-09
2.929379e-09
2.390975e-09
1.860340e-09
1.337954e-09
8.242827e-10
3.197796e-10
-1.751153e-10
-6.599755e-10
-1.134388e-09
-1.597954e-09
-2.050288e-09
-2.491020e-09
-2.919792e-09
-3.336262e-09
-3.740104e-09
-4.131003e-09
-4.508661e-09
-4.872795e-09
-5.223136e-09
-5.559431e-09
-5.881440e-09
-6.188939e-09
-6.481719e-09
-6.759587e-09
-7.022363e-09
-7.269882e-09
-7.501995e-09
-7.718569e-09
-7.919481e-09
-8.104628e-09
-8.273919e-09
-8.427276e-09
-8.564639e-09
-8.685960e-09
-8.791204e-09
-8.880352e-09
-8.953399e-09
-9.010351e-09
-9.051230e-09
-9.076070e-09
-9.084919e-09
-9.077838e-09
-9.054899e-09
-9.016187e-09
-8.961801e-09
-8.891851e-09
-8.806458e-09
-8.705755e-09
-8.589886e-09
-8.459008e-09
-8.313287e-09
-8.152898e-09
-7.978031e-09
-7.788880e-09
-7.585655e-09
-7.368569e-09
-7.137850e-09
-6.893730e-09
-6.636454e-09
-6.366271e-09
-6.083441e-09
-5.788230e-09
-5.480913e-09
-5.161771e-09
-4.831090e-09
-4.489166e-09
-4.136299e-09
-3.772794e-09
-3.398965e-09
-3.015126e-09
-2.621601e-09
-2.218716e-09
-1.806801e-09
-1.386192e-09
-9.572249e-10
-5.202432e-10
-7.559119e-11
3.763837e-10
8.353315e-10
1.300900e-09
1.772736e-09
2.250482e-09
2.733784e-09
3.222281e-09
3.715617e-09
4.213432e-09
4.715366e-09
5.221061e-09
5.730158e-09
6.242299e-09
6.757126e-09
7.274283e-09
7.793416e-09
8.314172e-09
8.836199e-09
9.359148e-09
9.882673e-09
1.040643e-08
1.093007e-08
1.145327e-08
1.197569e-08
1.249698e-08
1.301684e-08
1.353492e-08
1.405092e-08
1.456451e-08
1.507539e-08
1.558324e-08
1.608776e-08
1.658866e-08
1.708564e-08
1.757842e-08
1.806671e-08
1.855023e-08
1.902871e-08
1.950190e-08
1.996952e-08
2.043132e-08
2.088706e-08
2.133650e-08
2.177938e-08
2.221550e-08
2.264462e-08
2.306653e-08
2.348102e-08
2.388788e-08
2.428691e-08
2.467793e-08
2.506076e-08
2.543521e-08
2.580111e-08
2.615831e-08
2.650664e-08
2.684596e-08
2.717612e-08
2.749699e-08
2.780844e-08
2.811035e-08
2.840261e-08
2.868510e-08
2.895772e-08
2.922039e-08
2.947301e-08
2.971551e-08
2.994781e-08
3.016984e-08
3.038155e-08
3.058288e-08
3.077379e-08
3.095423e-08
3.112418e-08
3.128361e-08
3.143250e-08
3.157083e-08
3.169861e-08
3.181582e-08
3.192247e-08
3.201858e-08
3.210416e-08
3.217924e-08
3.224384e-08
3.229801e-08
3.234179e-08
3.237521e-08
3.239834e-08
3.241124e-08
3.241396e-08
3.240657e-08
3.238916e-08
3.236179e-08
3.232456e-08
3.227755e-08
3.222086e-08
3.215459e-08
3.207883e-08
3.199371e-08
3.189932e-08
3.179579e-08
3.168324e-08
3.156179e-08
3.143157e-08
3.129272e-08
3.114536e-08
3.098965e-08
3.082572e-08
3.065372e-08
3.047381e-08
3.028612e-08
3.009083e-08
2.988809e-08
2.967806e-08
2.946090e-08
2.923679e-08
2.900590e-08
2.876839e-08
2.852444e-08
2.827422e-08
2.801793e-08
2.775573e-08
2.748780e-08
2.721434e-08
2.693553e-08
2.665155e-08
2.636259e-08
2.606884e-08
2.577050e-08
2.546774e-08
2.516078e-08
2.484979e-08
2.453498e-08
2.421653e-08
2.389465e-08
2.356952e-08
2.324135e-08
2.291033e-08
2.257665e-08
2.224051e-08
2.190211e-08
2.156163e-08
2.121929e-08
2.087527e-08
2.052976e-08
2.018296e-08
1.983506e-08
1.948626e-08
1.913674e-08
1.878670e-08
1.843633e-08
1.808580e-08
1.773532e-08
1.738506e-08
1.703522e-08
1.668596e-08
1.633748e-08
1.598995e-08
1.564356e-08
1.529847e-08
1.495487e-08
1.461292e-08
1.427280e-08
1.393467e-08
1.359871e-08
1.326507e-08
1.293392e-08
1.260541e-08
1.227971e-08
1.195697e-08
1.163735e-08
1.132098e-08
1.100803e-08
1.069863e-08
1.039293e-08
1.009107e-08
9.793185e-09
9.499407e-09
9.209867e-09
8.924696e-09
8.644017e-09
8.367953e-09
8.096623e-09
7.830144e-09
7.568628e-09
7.312185e-09
7.060922e-09
6.814942e-09
6.574346e-09
6.339230e-09
6.109688e-09
5.885810e-09
5.667683e-09
5.455391e-09
5.249014e-09
5.048628e-09
4.854307e-09
4.666120e-09
4.484133e-09
4.308410e-09
4.139010e-09
3.975988e-09
3.819397e-09
3.669286e-09
3.525699e-09
3.388677e-09
3.258260e-09
3.134482e-09
3.017373e-09
2.906960e-09
2.803268e-09
2.706317e-09
2.616124e-09
2.532700e-09
2.456057e-09
2.386201e-09
2.323133e-09
2.266853e-09
2.217356e-09
2.174635e-09
2.138678e-09
2.109470e-09
2.086994e-09
2.071228e-09
2.062147e-09
2.059723e-09
2.063923e-09
2.074714e-09
2.092058e-09
2.115913e-09
2.146234e-09
2.182975e-09
2.226084e-09
2.275508e-09
2.331191e-09
2.393071e-09
2.461088e-09
2.535175e-09
2.615264e-09
2.701283e-09
2.793160e-09
2.890817e-09
2.994175e-09
3.103152e-09
3.217664e-09
3.337625e-09
3.462944e-09
3.593530e-09
3.729291e-09
3.870128e-09
4.015944e-09
4.166639e-09
4.322111e-09
4.482254e-09
4.646963e-09
4.816129e-09
4.989642e-09
5.167391e-09
5.349263e-09
5.535142e-09
5.724913e-09
5.918458e-09
6.115657e-09
6.316391e-09
6.520537e-09
6.727974e-09
6.938577e-09
7.152223e-09
7.368785e-09
7.588137e-09
7.810153e-09
8.034705e-09
8.261664e-09
8.490902e-09
8.722290e-09
8.955698e-09
9.190997e-09
9.428058e-09
9.666749e-09
9.906941e-09
1.014850e-08
1.039131e-08
1.063523e-08
1.088013e-08
1.112588e-08
1.137236e-08
1.161944e-08
1.186699e-08
1.211489e-08
1.236300e-08
1.261121e-08
1.285938e-08
1.310741e-08
1.335515e-08
1.360251e-08
1.384934e-08
1.409554e-08
1.434099e-08
1.458557e-08
1.482917e-08
1.507168e-08
1.531298e-08
1.555297e-08
1.579153e-08
1.602856e-08
1.626396e-08
1.649762e-08
1.672944e-08
1.695933e-08
1.718718e-08
1.741291e-08
1.763641e-08
1.785761e-08
1.807640e-08
1.829271e-08
1.850645e-08
1.871754e-08
1.892590e-08
1.913145e-08
1.933412e-08
1.953383e-08
1.973052e-08
1.992412e-08
2.011456e-08
2.030179e-08
2.048573e-08
2.066634e-08
2.084355e-08
2.101733e-08
2.118761e-08
2.135435e-08
2.151751e-08
2.167704e-08
2.183290e-08
2.198506e-08
2.213349e-08
2.227814e-08
2.241900e-08
2.255604e-08
2.268922e-08
2.281854e-08
2.294397e-08
2.306550e-08
2.318311e-08
2.329678e-08
2.340653e-08
2.351232e-08
2.361417e-08
2.371207e-08
2.380602e-08
2.389603e-08
2.398210e-08
2.406424e-08
2.414245e-08
2.421676e-08
2.428718e-08
2.435372e-08
2.441640e-08
2.447524e-08
2.453028e-08
2.458153e-08
2.462902e-08
2.467277e-08
2.471284e-08
2.474923e-08
2.478200e-08
2.481118e-08
2.483680e-08
2.485891e-08
2.487755e-08
2.489276e-08
2.490459e-08
2.491309e-08
2.491831e-08
2.492029e-08
2.491908e-08
2.491475e-08
2.490734e-08
2.489692e-08
2.488353e-08
2.486723e-08
2.484809e-08
2.482617e-08
2.480152e-08
2.477422e-08
2.474432e-08
2.471188e-08
2.467698e-08
2.463968e-08
2.460005e-08
2.455815e-08
2.451406e-08
2.446784e-08
2.441956e-08
2.436930e-08
2.431712e-08
2.426310e-08
2.420730e-08
2.414981e-08
2.409069e-08
2.403002e-08
2.396788e-08
2.390432e-08
2.383944e-08
2.377329e-08
2.370597e-08
2.363754e-08
2.356807e-08
2.349764e-08
2.342633e-08
2.335421e-08
2.328136e-08
2.320784e-08
2.313374e-08
2.305913e-08
2.298407e-08
2.290865e-08
2.283294e-08
2.275700e-08
2.268092e-08
2.260476e-08
2.252860e-08
2.245251e-08
2.237656e-08
2.230081e-08
2.222534e-08
2.215022e-08
2.207551e-08
2.200129e-08
2.192762e-08
2.185456e-08
2.178218e-08
2.171055e-08
2.163974e-08
2.156979e-08
2.150078e-08
2.143277e-08
2.136582e-08
2.129998e-08
2.123533e-08
2.117190e-08
2.110977e-08
2.104898e-08
2.098959e-08
2.093166e-08
2.087523e-08
2.082036e-08
2.076710e-08
2.071549e-08
2.066559e-08
2.061744e-08
2.057108e-08
2.052657e-08
2.048393e-08
2.044321e-08
2.040446e-08
2.036771e-08
2.033300e-08
2.030036e-08
2.026982e-08
2.024143e-08
2.021521e-08
2.019118e-08
2.016939e-08
2.014985e-08
2.013260e-08
2.011765e-08
2.010502e-08
2.009474e-08
2.008683e-08
2.008130e-08
2.007817e-08
2.007745e-08
2.007915e-08
2.008329e-08
2.008988e-08
2.009891e-08
2.011041e-08
2.012436e-08
2.014078e-08
2.015965e-08
2.018099e-08
2.020479e-08
2.023105e-08
2.025975e-08
2.029089e-08
2.032446e-08
2.036045e-08
2.039884e-08
2.043963e-08
2.048278e-08
2.052829e-08
2.057614e-08
2.062630e-08
2.067874e-08
2.073345e-08
2.079040e-08
2.084956e-08
2.091089e-08
2.097437e-08
2.103997e-08
2.110764e-08
2.117736e-08
2.124908e-08
2.132277e-08
2.139838e-08
2.147588e-08
2.155521e-08
2.163633e-08
2.171920e-08
2.180377e-08
2.189000e-08
2.197781e-08
2.206718e-08
2.215804e-08
2.225035e-08
2.234403e-08
2.243905e-08
2.253534e-08
2.263284e-08
2.273149e-08
2.283124e-08
2.293203e-08
2.303378e-08
2.313644e-08
2.323994e-08
2.334423e-08
2.344923e-08
2.355488e-08
2.366111e-08
2.376786e-08
2.387506e-08
2.398264e-08
2.409054e-08
2.419869e-08
2.430701e-08
2.441545e-08
2.452392e-08
2.463237e-08
2.474072e-08
2.484891e-08
2.495687e-08
2.506452e-08
2.517181e-08
2.527866e-08
2.538500e-08
2.549077e-08
2.559590e-08
2.570032e-08
2.580397e-08
2.590679e-08
2.600870e-08
2.610965e-08
2.620957e-08
2.630839e-08
2.640606e-08
2.650252e-08
2.659771e-08
2.669156e-08
2.678402e-08
2.687503e-08
2.696453e-08
2.705248e-08
2.713882e-08
2.722349e-08
2.730645e-08
2.738765e-08
2.746703e-08
2.754455e-08
2.762017e-08
2.769384e-08
2.776552e-08
2.783517e-08
2.790275e-08
2.796822e-08
2.803154e-08
2.809269e-08
2.815162e-08
2.820831e-08
2.826273e-08
2.831485e-08
2.836464e-08
2.841208e-08
2.845715e-08
2.849982e-08
2.854008e-08
2.857791e-08
2.861329e-08
2.864621e-08
2.867666e-08
2.870463e-08
2.873011e-08
2.875309e-08
2.877357e-08
2.879155e-08
2.880701e-08
2.881998e-08
2.883044e-08
2.883839e-08
2.884386e-08
2.884683e-08
2.884733e-08
2.884536e-08
2.884093e-08
2.883406e-08
2.882477e-08
2.881306e-08
2.879896e-08
2.878248e-08
2.876365e-08
2.874250e-08
2.871903e-08
2.869329e-08
2.866529e-08
2.863507e-08
2.860264e-08
2.856805e-08
2.853133e-08
2.849249e-08
2.845159e-08
2.840865e-08
2.836371e-08
2.831680e-08
2.826797e-08
2.821724e-08
2.816466e-08
2.811028e-08
2.805411e-08
2.799622e-08
2.793664e-08
2.787541e-08
2.781258e-08
2.774818e-08
2.768226e-08
2.761487e-08
2.754604e-08
2.747583e-08
2.740427e-08
2.733142e-08
2.725731e-08
2.718199e-08
2.710551e-08
2.702791e-08
2.694924e-08
2.686953e-08
2.678885e-08
2.670722e-08
2.662469e-08
2.654131e-08
2.645712e-08
2.637217e-08
2.628649e-08
2.620014e-08
2.611314e-08
2.602555e-08
2.593741e-08
2.584875e-08
2.575961e-08
2.567004e-08
2.558008e-08
2.548975e-08
2.539911e-08
2.530818e-08
2.521700e-08
2.512561e-08
2.503404e-08
2.494233e-08
2.485051e-08
2.475860e-08
2.466665e-08
2.457468e-08
2.448273e-08
2.439081e-08
2.429896e-08
2.420721e-08
2.411557e-08
2.402409e-08
2.393277e-08
2.384165e-08
2.375075e-08
2.366008e-08
2.356967e-08
2.347953e-08
2.338970e-08
2.330018e-08
2.321098e-08
2.312214e-08
2.303366e-08
2.294555e-08
2.285784e-08
2.277052e-08
2.268362e-08
2.259715e-08
2.251110e-08
2.242551e-08
2.234036e-08
2.225568e-08
2.217146e-08
2.208771e-08
2.200444e-08
2.192166e-08
2.183936e-08
2.175755e-08
2.167623e-08
2.159541e-08
2.151509e-08
2.143526e-08
2.135592e-08
2.127709e-08
2.119875e-08
2.112090e-08
2.104355e-08
2.096668e-08
2.089031e-08
2.081442e-08
2.073900e-08
2.066407e-08
2.058961e-08
2.051562e-08
2.044209e-08
2.036901e-08
2.029639e-08
2.022422e-08
2.015249e-08
2.008119e-08
2.001032e-08
1.993988e-08
1.986985e-08
1.980023e-08
1.973101e-08
1.966219e-08
1.959376e-08
1.952571e-08
1.945803e-08
1.939072e-08
1.932378e-08
1.925718e-08
1.919094e-08
1.912503e-08
1.905946e-08
1.899422e-08
1.892930e-08
1.886469e-08
1.880039e-08
1.873639e-08
1.867269e-08
1.860928e-08
1.854615e-08
1.848330e-08
1.842073e-08
1.835842e-08
1.829637e-08
1.823459e-08
1.817305e-08
1.811177e-08
1.805073e-08
1.798993e-08
1.792936e-08
1.786903e-08
1.780893e-08
1.774906e-08
1.768941e-08
1.762997e-08
1.757076e-08
1.751176e-08
1.745297e-08
1.739440e-08
1.733603e-08
1.727787e-08
1.721992e-08
1.716217e-08
1.710462e-08
1.704728e-08
1.699014e-08
1.693320e-08
1.687646e-08
1.681992e-08
1.676358e-08
1.670744e-08
1.665149e-08
1.659575e-08
1.654021e-08
1.648487e-08
1.642973e-08
1.637480e-08
1.632006e-08
1.626553e-08
1.621120e-08
1.615707e-08
1.610316e-08
1.604944e-08
1.599594e-08
1.594264e-08
1.588955e-08
1.583667e-08
1.578401e-08
1.573155e-08
1.567931e-08
1.562728e-08
1.557547e-08
1.552387e-08
1.547249e-08
1.542133e-08
1.537038e-08
1.531966e-08
1.526915e-08
1.521886e-08
1.516880e-08
1.511895e-08
1.506932e-08
1.501992e-08
1.497074e-08
1.492178e-08
1.487304e-08
1.482452e-08
1.477622e-08
1.472815e-08
1.468029e-08
1.463266e-08
1.458524e-08
1.453804e-08
1.449106e-08
1.444430e-08
1.439775e-08
1.435141e-08
1.430529e-08
1.425938e-08
1.421368e-08
1.416819e-08
1.412291e-08
1.407783e-08
1.403296e-08
1.398829e-08
1.394382e-08
1.389954e-08
1.385546e-08
1.381158e-08
1.376788e-08
1.372438e-08
1.368106e-08
1.363793e-08
1.359497e-08
1.355220e-08
1.350960e-08
1.346718e-08
1.342493e-08
1.338285e-08
1.334093e-08
1.329918e-08
1.325759e-08
1.321615e-08
1.317488e-08
1.313375e-08
1.309278e-08
1.305195e-08
1.301128e-08
1.297074e-08
1.293035e-08
1.289009e-08
1.284997e-08
1.280998e-08
1.277013e-08
1.273041e-08
1.269081e-08
1.265134e-08
1.261199e-08
1.257277e-08
1.253367e-08
1.249468e-08
1.245582e-08
1.241707e-08
1.237843e-08
1.233991e-08
1.230150e-08
1.226321e-08
1.222502e-08
1.218695e-08
1.214898e-08
1.211113e-08
1.207338e-08
1.203575e-08
1.199822e-08
1.196080e-08
1.192349e-08
1.188629e-08
1.184920e-08
1.181222e-08
1.177535e-08
1.173860e-08
1.170196e-08
1.166543e-08
1.162902e-08
1.159272e-08
1.155654e-08
1.152048e-08
1.148454e-08
1.144873e-08
1.141304e-08
1.137747e-08
1.134203e-08
1.130673e-08
1.127155e-08
1.123651e-08
1.120160e-08
1.116684e-08
1.113221e-08
1.109773e-08
1.106339e-08
1.102920e-08
1.099516e-08
1.096127e-08
1.092754e-08
1.089396e-08
1.086055e-08
1.082729e-08
1.079420e-08
1.076128e-08
1.072852e-08
1.069593e-08
1.066352e-08
1.063128e-08
1.059922e-08
1.056733e-08
1.053562e-08
1.050410e-08
1.047276e-08
1.044160e-08
1.041062e-08
1.037984e-08
1.034924e-08
1.031882e-08
1.028860e-08
1.025856e-08
1.022872e-08
1.019906e-08
1.016959e-08
1.014030e-08
1.011121e-08
1.008230e-08
1.005357e-08
1.002503e-08
9.996673e-09
9.968494e-09
9.940492e-09
9.912665e-09
9.885010e-09
9.857525e-09
9.830206e-09
9.803050e-09
9.776052e-09
9.749208e-09
9.722513e-09
9.695964e-09
9.669554e-09
9.643278e-09
9.617130e-09
9.591105e-09
9.565195e-09
9.539394e-09
9.513694e-09
9.488089e-09
9.462571e-09
9.437130e-09
9.411760e-09
9.386451e-09
9.361193e-09
9.335979e-09
9.310797e-09
9.285637e-09
9.260490e-09
9.235345e-09
9.210190e-09
9.185014e-09
9.159806e-09
9.134553e-09
9.109244e-09
9.083866e-09
9.058406e-09
9.032852e-09
9.007189e-09
8.981404e-09
8.955484e-09
8.929414e-09
8.903181e-09
8.876769e-09
8.850165e-09
8.823352e-09
8.796317e-09
8.769044e-09
8.741518e-09
8.713722e-09
8.685643e-09
8.657263e-09
8.628567e-09
8.599539e-09
8.570162e-09
8.540422e-09
8.510302e-09
8.479785e-09
8.448856e-09
8.417498e-09
8.385695e-09
8.353432e-09
8.320692e-09
8.287459e-09
8.253717e-09
8.219451e-09
8.184645e-09
8.149284e-09
8.113351e-09
8.076833e-09
8.039714e-09
8.001980e-09
7.963615e-09
7.924607e-09
7.884940e-09
7.844602e-09
7.803578e-09
7.761856e-09
7.719424e-09
7.676269e-09
7.632378e-09
7.587742e-09
7.542348e-09
7.496186e-09
7.449247e-09
7.401519e-09
7.352994e-09
7.303664e-09
7.253520e-09
7.202555e-09
7.150761e-09
7.098133e-09
7.044664e-09
6.990349e-09
6.935184e-09
6.879164e-09
6.822286e-09
6.764548e-09
6.705948e-09
6.646483e-09
6.586154e-09
6.524961e-09
6.462904e-09
6.399985e-09
6.336206e-09
6.271571e-09
6.206082e-09
6.139745e-09
6.072565e-09
6.004547e-09
5.935699e-09
5.866028e-09
5.795542e-09
5.724251e-09
5.652164e-09
5.579293e-09
5.505648e-09
5.431241e-09
5.356086e-09
5.280197e-09
5.203588e-09
5.126273e-09
5.048270e-09
4.969595e-09
4.890265e-09
4.810298e-09
4.729714e-09
4.648532e-09
4.566772e-09
4.484456e-09
4.401604e-09
4.318239e-09
4.234384e-09
4.150062e-09
4.065298e-09
3.980116e-09
3.894541e-09
3.808599e-09
3.722316e-09
3.635720e-09
3.548836e-09
3.461693e-09
3.374319e-09
3.286742e-09
3.198992e-09
3.111096e-09
3.023085e-09
2.934988e-09
2.846836e-09
2.758658e-09
2.670485e-09
2.582348e-09
2.494277e-09
2.406302e-09
2.318456e-09
2.230769e-09
2.143271e-09
2.055994e-09
1.968968e-09
1.882225e-09
1.795794e-09
1.709707e-09
1.623994e-09
1.538684e-09
1.453808e-09
1.369395e-09
1.285474e-09
1.202074e-09
1.119224e-09
1.036951e-09
9.552839e-10
8.742488e-10
7.938726e-10
7.141814e-10
6.352005e-10
5.569549e-10
4.794688e-10
4.027658e-10
3.268687e-10
2.517996e-10
1.775801e-10
1.042307e-10
3.177124e-11
-3.977923e-11
-1.104026e-10
-1.800814e-10
-2.487994e-10
-3.165410e-10
-3.832916e-10
-4.490376e-10
-5.137663e-10
-5.774660e-10
-6.401260e-10
-7.017366e-10
-7.622891e-10
-8.217758e-10
-8.801901e-10
-9.375264e-10
-9.937803e-10
-1.048948e-09
-1.103028e-09
-1.156017e-09
-1.207917e-09
-1.258728e-09
-1.308451e-09
-1.357089e-09
-1.404648e-09
-1.451130e-09
-1.496543e-09
-1.540894e-09
-1.584191e-09
-1.626442e-09
-1.667658e-09
-1.707850e-09
-1.747031e-09
-1.785212e-09
-1.822409e-09
-1.858635e-09
-1.893908e-09
-1.928242e-09
-1.961656e-09
-1.994168e-09
-2.025797e-09
-2.056562e-09
-2.086485e-09
-2.115587e-09
-2.143889e-09
-2.171414e-09
-2.198185e-09
-2.224226e-09
-2.249561e-09
-2.274215e-09
-2.298214e-09
-2.321582e-09
-2.344346e-09
-2.366532e-09
-2.388168e-09
-2.409279e-09
-2.429893e-09
-2.450039e-09
-2.469742e-09
-2.489031e-09
-2.507933e-09
-2.526476e-09
-2.544689e-09
-2.562598e-09
-2.580231e-09
-2.597616e-09
-2.614779e-09
-2.631748e-09
-2.648550e-09
-2.665210e-09
-2.681755e-09
-2.698211e-09
-2.714602e-09
-2.730954e-09
-2.747290e-09
-2.763635e-09
-2.780011e-09
-2.796441e-09
-2.812946e-09
-2.829549e-09
-2.846268e-09
-2.863125e-09
-2.880136e-09
-2.897322e-09
-2.914698e-09
-2.932281e-09
-2.950086e-09
-2.968127e-09
-2.986419e-09
-3.004974e-09
-3.023802e-09
-3.042915e-09
-3.062321e-09
-3.082030e-09
-3.102048e-09
-3.122382e-09
-3.143036e-09
-3.164015e-09
-3.185322e-09
-3.206957e-09
-3.228922e-09
-3.251217e-09
-3.273839e-09
-3.296785e-09
-3.320052e-09
-3.343635e-09
-3.367527e-09
-3.391720e-09
-3.416208e-09
-3.440979e-09
-3.466023e-09
-3.491329e-09
-3.516883e-09
-3.542673e-09
-3.568682e-09
-3.594895e-09
-3.621295e-09
-3.647865e-09
-3.674585e-09
-3.701436e-09
-3.728397e-09
-3.755447e-09
-3.782563e-09
-3.809723e-09
-3.836902e-09
-3.864077e-09
-3.891221e-09
-3.918309e-09
-3.945314e-09
-3.972210e-09
-3.998968e-09
-4.025560e-09
-4.051959e-09
-4.078134e-09
-4.104056e-09
-4.129696e-09
-4.155023e-09
-4.180008e-09
-4.204620e-09
-4.228827e-09
-4.252600e-09
-4.275907e-09
-4.298718e-09
-4.321002e-09
-4.342728e-09
-4.363865e-09
-4.384383e-09
-4.404252e-09
-4.423441e-09
-4.441921e-09
-4.459663e-09
-4.476637e-09
-4.492814e-09
-4.508168e-09
-4.522670e-09
-4.536293e-09
-4.549010e-09
-4.560797e-09
-4.571627e-09
-4.581476e-09
-4.590321e-09
-4.598138e-09
-4.604906e-09
-4.610604e-09
-4.615210e-09
-4.618706e-09
-4.621073e-09
-4.622294e-09
-4.622352e-09
-4.621231e-09
-4.618918e-09
-4.615398e-09
-4.610660e-09
-4.604692e-09
-4.597485e-09
-4.589029e-09
-4.579317e-09
-4.568342e-09
-4.556099e-09
-4.542584e-09
-4.527794e-09
-4.511726e-09
-4.494382e-09
-4.475761e-09
-4.455865e-09
-4.434697e-09
-4.412263e-09
-4.388566e-09
-4.363615e-09
-4.337417e-09
-4.309981e-09
-4.281318e-09
-4.251439e-09
-4.220357e-09
-4.188086e-09
-4.154640e-09
-4.120036e-09
-4.084291e-09
-4.047423e-09
-4.009451e-09
-3.970396e-09
-3.930278e-09
-3.889121e-09
-3.846946e-09
-3.803779e-09
-3.759643e-09
-3.714566e-09
-3.668573e-09
-3.621691e-09
-3.573950e-09
-3.525377e-09
-3.476002e-09
-3.425856e-09
-3.374969e-09
-3.323372e-09
-3.271097e-09
-3.218176e-09
-3.164643e-09
-3.110529e-09
-3.055870e-09
-3.000698e-09
-2.945048e-09
-2.888953e-09
-2.832450e-09
-2.775571e-09
-2.718353e-09
-2.660829e-09
-2.603036e-09
-2.545007e-09
-2.486778e-09
-2.428384e-09
-2.369858e-09
-2.311237e-09
-2.252553e-09
-2.193842e-09
-2.135136e-09
-2.076470e-09
-2.017877e-09
-1.959389e-09
-1.901038e-09
-1.842857e-09
-1.784877e-09
-1.727129e-09
-1.669644e-09
-1.612450e-09
-1.555577e-09
-1.499055e-09
-1.442910e-09
-1.387170e-09
-1.331861e-09
-1.277010e-09
-1.222642e-09
-1.168780e-09
-1.115448e-09
-1.062669e-09
-1.010466e-09
-9.588582e-10
-9.078669e-10
-8.575113e-10
-8.078101e-10
-7.587809e-10
-7.104405e-10
-6.628049e-10
-6.158891e-10
-5.697074e-10
-5.242730e-10
-4.795984e-10
-4.356950e-10
-3.925735e-10
-3.502436e-10
-3.087143e-10
-2.679936e-10
-2.280887e-10
-1.890058e-10
-1.507505e-10
-1.133275e-10
-7.674050e-11
-4.099270e-11
-6.086334e-12
2.797709e-11
6.119680e-11
9.357276e-11
1.251057e-10
1.557968e-10
1.856483e-10
2.146628e-10
2.428436e-10
2.701946e-10
2.967202e-10
3.224256e-10
3.473161e-10
3.713980e-10
3.946776e-10
4.171621e-10
4.388586e-10
4.597751e-10
4.799196e-10
4.993007e-10
5.179270e-10
5.358077e-10
5.529520e-10
5.693694e-10
5.850698e-10
6.000628e-10
6.143586e-10
6.279672e-10
6.408989e-10
6.531638e-10
6.647723e-10
6.757345e-10
6.860608e-10
6.957612e-10
7.048459e-10
7.133249e-10
7.212079e-10
7.285048e-10
7.352249e-10
7.413776e-10
7.469721e-10
7.520170e-10
7.565211e-10
7.604927e-10
7.639396e-10
7.668697e-10
7.692903e-10
7.712083e-10
7.726304e-10
7.735629e-10
7.740116e-10
7.739820e-10
7.734792e-10
7.725078e-10
7.710721e-10
7.691758e-10
7.668222e-10
7.640143e-10
7.607545e-10
7.570449e-10
7.528869e-10
7.482818e-10
7.432301e-10
7.377321e-10
7.317875e-10
7.253957e-10
7.185555e-10
7.112655e-10
7.035238e-10
6.953279e-10
6.866751e-10
6.775623e-10
6.679859e-10
6.579422e-10
6.474269e-10
6.364354e-10
