1.408577e-05
1.409592e-05
1.410392e-05
1.410978e-05
1.411350e-05
1.411506e-05
1.411448e-05
1.411176e-05
1.410689e-05
1.409989e-05
1.409075e-05
1.407948e-05
1.406609e-05
1.405058e-05
1.403296e-05
1.401324e-05
1.399144e-05
1.396755e-05
1.394159e-05
1.391358e-05
1.388352e-05
1.385143e-05
1.381733e-05
1.378123e-05
1.374314e-05
1.370308e-05
1.366108e-05
1.361715e-05
1.357130e-05
1.352356e-05
1.347395e-05
1.342249e-05
1.336921e-05
1.331412e-05
1.325725e-05
1.319862e-05
1.313826e-05
1.307619e-05
1.301244e-05
1.294703e-05
1.288000e-05
1.281137e-05
1.274117e-05
1.266942e-05
1.259616e-05
1.252142e-05
1.244522e-05
1.236760e-05
1.228859e-05
1.220822e-05
1.212652e-05
1.204352e-05
1.195925e-05
1.187376e-05
1.178707e-05
1.169921e-05
1.161022e-05
1.152014e-05
1.142899e-05
1.133681e-05
1.124365e-05
1.114952e-05
1.105447e-05
1.095852e-05
1.086173e-05
1.076412e-05
1.066572e-05
1.056658e-05
1.046672e-05
1.036619e-05
1.026502e-05
1.016324e-05
1.006089e-05
9.958006e-06
9.854622e-06
9.750773e-06
9.646495e-06
9.541821e-06
9.436788e-06
9.331430e-06
9.225780e-06
9.119874e-06
9.013745e-06
8.907427e-06
8.800953e-06
8.694357e-06
8.587672e-06
8.480929e-06
8.374163e-06
8.267404e-06
8.160684e-06
8.054035e-06
7.947488e-06
7.841072e-06
7.734819e-06
7.628759e-06
7.522919e-06
7.417330e-06
7.312021e-06
7.207018e-06
7.102350e-06
6.998043e-06
6.894125e-06
6.790622e-06
6.687559e-06
6.584962e-06
6.482854e-06
6.381261e-06
6.280206e-06
6.179713e-06
6.079802e-06
5.980498e-06
5.881821e-06
5.783791e-06
5.686431e-06
5.589758e-06
5.493794e-06
5.398555e-06
5.304061e-06
5.210329e-06
5.117376e-06
5.025219e-06
4.933873e-06
4.843353e-06
4.753674e-06
4.664851e-06
4.576897e-06
4.489824e-06
4.403646e-06
4.318374e-06
4.234019e-06
4.150592e-06
4.068104e-06
3.986563e-06
3.905979e-06
3.826361e-06
3.747716e-06
3.670051e-06
3.593373e-06
3.517690e-06
3.443005e-06
3.369326e-06
3.296656e-06
3.224999e-06
3.154360e-06
3.084741e-06
3.016146e-06
2.948576e-06
2.882033e-06
2.816519e-06
2.752034e-06
2.688578e-06
2.626152e-06
2.564755e-06
2.504385e-06
2.445042e-06
2.386724e-06
2.329428e-06
2.273151e-06
2.217892e-06
2.163645e-06
2.110408e-06
2.058176e-06
2.006945e-06
1.956709e-06
1.907465e-06
1.859205e-06
1.811924e-06
1.765616e-06
1.720275e-06
1.675894e-06
1.632465e-06
1.589981e-06
1.548435e-06
1.507819e-06
1.468125e-06
1.429344e-06
1.391468e-06
1.354488e-06
1.318395e-06
1.283180e-06
1.248834e-06
1.215346e-06
1.182708e-06
1.150909e-06
1.119939e-06
1.089788e-06
1.060446e-06
1.031903e-06
1.004147e-06
9.771677e-07
9.509549e-07
9.254973e-07
9.007841e-07
8.768042e-07
8.535463e-07
8.309994e-07
8.091522e-07
7.879933e-07
7.675115e-07
7.476953e-07
7.285333e-07
7.100142e-07
6.921265e-07
6.748587e-07
6.581994e-07
6.421371e-07
6.266604e-07
6.117579e-07
5.974182e-07
5.836299e-07
5.703817e-07
5.576623e-07
5.454605e-07
5.337650e-07
5.225648e-07
5.118486e-07
5.016056e-07
4.918247e-07
4.824950e-07
4.736058e-07
4.651463e-07
4.571059e-07
4.494741e-07
4.422403e-07
4.353941e-07
4.289254e-07
4.228239e-07
4.170796e-07
4.116824e-07
4.066226e-07
4.018904e-07
3.974762e-07
3.933704e-07
3.895636e-07
3.860465e-07
3.828101e-07
3.798452e-07
3.771429e-07
3.746945e-07
3.724912e-07
3.705246e-07
3.687862e-07
3.672678e-07
3.659612e-07
3.648583e-07
3.639514e-07
3.632327e-07
3.626945e-07
3.623294e-07
3.621299e-07
3.620890e-07
3.621995e-07
3.624544e-07
3.628470e-07
3.633705e-07
3.640184e-07
3.647844e-07
3.656620e-07
3.666452e-07
3.677279e-07
3.689043e-07
3.701685e-07
3.715150e-07
3.729382e-07
3.744328e-07
3.759935e-07
3.776152e-07
3.792929e-07
3.810218e-07
3.827970e-07
3.846139e-07
3.864681e-07
3.883551e-07
3.902707e-07
3.922107e-07
3.941710e-07
3.961478e-07
3.981373e-07
4.001357e-07
4.021394e-07
4.041450e-07
4.061491e-07
4.081484e-07
4.101398e-07
4.121202e-07
4.140866e-07
4.160363e-07
4.179663e-07
4.198742e-07
4.217573e-07
4.236131e-07
4.254393e-07
4.272335e-07
4.289937e-07
4.307177e-07
4.324035e-07
4.340491e-07
4.356527e-07
4.372125e-07
4.387270e-07
4.401943e-07
4.416132e-07
4.429820e-07
4.442994e-07
4.455642e-07
4.467751e-07
4.479310e-07
4.490307e-07
4.500734e-07
4.510579e-07
4.519836e-07
4.528495e-07
4.536549e-07
4.543991e-07
4.550815e-07
4.557016e-07
4.562588e-07
4.567527e-07
4.571830e-07
4.575491e-07
4.578510e-07
4.580883e-07
4.582609e-07
4.583687e-07
4.584115e-07
4.583893e-07
4.583023e-07
4.581503e-07
4.579336e-07
4.576522e-07
4.573064e-07
4.568964e-07
4.564225e-07
4.558849e-07
4.552841e-07
4.546204e-07
4.538942e-07
4.531061e-07
4.522564e-07
4.513457e-07
4.503746e-07
4.493437e-07
4.482536e-07
4.471048e-07
4.458982e-07
4.446343e-07
4.433140e-07
4.419380e-07
4.405070e-07
4.390219e-07
4.374835e-07
4.358926e-07
4.342501e-07
4.325569e-07
4.308139e-07
4.290220e-07
4.271822e-07
4.252954e-07
4.233626e-07
4.213848e-07
4.193630e-07
4.172982e-07
4.151915e-07
4.130438e-07
4.108563e-07
4.086300e-07
4.063661e-07
4.040654e-07
4.017293e-07
3.993587e-07
3.969548e-07
3.945187e-07
3.920516e-07
3.895544e-07
3.870284e-07
3.844747e-07
3.818944e-07
3.792887e-07
3.766587e-07
3.740056e-07
3.713304e-07
3.686343e-07
3.659185e-07
3.631841e-07
3.604322e-07
3.576639e-07
3.548804e-07
3.520828e-07
3.492722e-07
3.464497e-07
3.436164e-07
3.407735e-07
3.379220e-07
3.350629e-07
3.321975e-07
3.293266e-07
3.264515e-07
3.235731e-07
3.206925e-07
3.178107e-07
3.149287e-07
3.120475e-07
3.091682e-07
3.062917e-07
3.034189e-07
3.005509e-07
2.976885e-07
2.948328e-07
2.919845e-07
2.891447e-07
2.863141e-07
2.834937e-07
2.806844e-07
2.778868e-07
2.751020e-07
2.723306e-07
2.695735e-07
2.668315e-07
2.641052e-07
2.613954e-07
2.587029e-07
2.560284e-07
2.533725e-07
2.507359e-07
2.481192e-07
2.455231e-07
2.429482e-07
2.403950e-07
2.378642e-07
2.353563e-07
2.328718e-07
2.304113e-07
2.279752e-07
2.255641e-07
2.231783e-07
2.208183e-07
2.184846e-07
2.161775e-07
2.138974e-07
2.116447e-07
2.094197e-07
2.072227e-07
2.050541e-07
2.029141e-07
2.008030e-07
1.987211e-07
1.966685e-07
1.946455e-07
1.926523e-07
1.906890e-07
1.887558e-07
1.868529e-07
1.849803e-07
1.831382e-07
1.813266e-07
1.795457e-07
1.777954e-07
1.760758e-07
1.743869e-07
1.727287e-07
1.711012e-07
1.695044e-07
1.679382e-07
1.664026e-07
1.648975e-07
1.634227e-07
1.619783e-07
1.605640e-07
1.591797e-07
1.578253e-07
1.565007e-07
1.552056e-07
1.539398e-07
1.527032e-07
1.514956e-07
1.503167e-07
1.491663e-07
1.480442e-07
1.469500e-07
1.458836e-07
1.448447e-07
1.438329e-07
1.428480e-07
1.418897e-07
1.409576e-07
1.400515e-07
1.391710e-07
1.383158e-07
1.374855e-07
1.366798e-07
1.358984e-07
1.351408e-07
1.344067e-07
1.336958e-07
1.330076e-07
1.323418e-07
1.316979e-07
1.310757e-07
1.304746e-07
1.298944e-07
1.293345e-07
1.287947e-07
1.282744e-07
1.277733e-07
1.272910e-07
1.268270e-07
1.263809e-07
1.259524e-07
1.255410e-07
1.251463e-07
1.247678e-07
1.244052e-07
1.240581e-07
1.237260e-07
1.234085e-07
1.231052e-07
1.228157e-07
1.225396e-07
1.222765e-07
1.220259e-07
1.217875e-07
1.215609e-07
1.213456e-07
1.211414e-07
1.209477e-07
1.207642e-07
1.205905e-07
1.204263e-07
1.202712e-07
1.201247e-07
1.199865e-07
1.198563e-07
1.197337e-07
1.196184e-07
1.195099e-07
1.194080e-07
1.193123e-07
1.192225e-07
1.191382e-07
1.190592e-07
1.189851e-07
1.189155e-07
1.188503e-07
1.187890e-07
1.187315e-07
1.186773e-07
1.186263e-07
1.185781e-07
1.185324e-07
1.184891e-07
1.184478e-07
1.184083e-07
1.183704e-07
1.183337e-07
1.182982e-07
1.182634e-07
1.182293e-07
1.181956e-07
1.181620e-07
1.181285e-07
1.180947e-07
1.180605e-07
1.180257e-07
1.179901e-07
1.179535e-07
1.179159e-07
1.178769e-07
1.178365e-07
1.177945e-07
1.177507e-07
1.177051e-07
1.176574e-07
1.176076e-07
1.175555e-07
1.175010e-07
1.174440e-07
1.173843e-07
1.173219e-07
1.172567e-07
1.171886e-07
1.171175e-07
1.170433e-07
1.169659e-07
1.168852e-07
1.168012e-07
1.167139e-07
1.166231e-07
1.165288e-07
1.164309e-07
1.163294e-07
1.162243e-07
1.161155e-07
1.160029e-07
1.158866e-07
1.157665e-07
1.156425e-07
1.155147e-07
1.153831e-07
1.152476e-07
1.151081e-07
1.149648e-07
1.148175e-07
1.146664e-07
1.145113e-07
1.143523e-07
1.141894e-07
1.140226e-07
1.138519e-07
1.136773e-07
1.134988e-07
1.133165e-07
1.131303e-07
1.129404e-07
1.127466e-07
1.125491e-07
1.123479e-07
1.121429e-07
1.119343e-07
1.117220e-07
1.115061e-07
1.112866e-07
1.110636e-07
1.108372e-07
1.106072e-07
1.103738e-07
1.101371e-07
1.098970e-07
1.096537e-07
1.094071e-07
1.091574e-07
1.089045e-07
1.086485e-07
1.083895e-07
1.081275e-07
1.078626e-07
1.075948e-07
1.073243e-07
1.070509e-07
1.067748e-07
1.064961e-07
1.062149e-07
1.059311e-07
1.056448e-07
1.053561e-07
1.050651e-07
1.047718e-07
1.044762e-07
1.041785e-07
1.038788e-07
1.035770e-07
1.032732e-07
1.029675e-07
1.026600e-07
1.023507e-07
1.020397e-07
1.017271e-07
1.014129e-07
1.010972e-07
1.007801e-07
1.004615e-07
1.001417e-07
9.982066e-08
9.949844e-08
9.917511e-08
9.885074e-08
9.852542e-08
9.819919e-08
9.787213e-08
9.754431e-08
9.721579e-08
9.688665e-08
9.655695e-08
9.622676e-08
9.589614e-08
9.556517e-08
9.523390e-08
9.490242e-08
9.457077e-08
9.423904e-08
9.390729e-08
9.357558e-08
9.324397e-08
9.291254e-08
9.258135e-08
9.225046e-08
9.191993e-08
9.158983e-08
9.126023e-08
9.093118e-08
9.060275e-08
9.027499e-08
8.994797e-08
8.962174e-08
8.929637e-08
8.897192e-08
8.864843e-08
8.832598e-08
8.800461e-08
8.768437e-08
8.736533e-08
8.704754e-08
8.673104e-08
8.641589e-08
8.610214e-08
8.578984e-08
8.547903e-08
8.516977e-08
8.486209e-08
8.455605e-08
8.425168e-08
8.394904e-08
8.364815e-08
8.334906e-08
8.305180e-08
8.275643e-08
8.246296e-08
8.217143e-08
8.188188e-08
8.159434e-08
8.130884e-08
8.102540e-08
8.074405e-08
8.046483e-08
8.018775e-08
7.991283e-08
7.964010e-08
7.936958e-08
7.910128e-08
7.883522e-08
7.857142e-08
7.830989e-08
7.805063e-08
7.779367e-08
7.753901e-08
7.728665e-08
7.703660e-08
7.678887e-08
7.654346e-08
7.630036e-08
7.605958e-08
7.582112e-08
7.558497e-08
7.535112e-08
7.511958e-08
7.489032e-08
7.466335e-08
7.443864e-08
7.421620e-08
7.399599e-08
7.377802e-08
7.356225e-08
7.334868e-08
7.313728e-08
7.292804e-08
7.272093e-08
7.251592e-08
7.231300e-08
7.211214e-08
7.191332e-08
7.171650e-08
7.152165e-08
7.132876e-08
7.113778e-08
7.094869e-08
7.076145e-08
7.057604e-08
7.039241e-08
7.021054e-08
7.003040e-08
6.985193e-08
6.967512e-08
6.949992e-08
6.932629e-08
6.915420e-08
6.898362e-08
6.881449e-08
6.864680e-08
6.848049e-08
6.831553e-08
6.815188e-08
6.798950e-08
6.782836e-08
6.766841e-08
6.750961e-08
6.735194e-08
6.719535e-08
6.703980e-08
6.688525e-08
6.673168e-08
6.657903e-08
6.642729e-08
6.627640e-08
6.612634e-08
6.597707e-08
6.582855e-08
6.568076e-08
6.553366e-08
6.538722e-08
6.524141e-08
6.509620e-08
6.495155e-08
6.480745e-08
6.466386e-08
6.452075e-08
6.437810e-08
6.423589e-08
6.409410e-08
6.395269e-08
6.381165e-08
6.367096e-08
6.353059e-08
6.339054e-08
6.325078e-08
6.311130e-08
6.297208e-08
6.283310e-08
6.269437e-08
6.255586e-08
6.241756e-08
6.227947e-08
6.214158e-08
6.200389e-08
6.186638e-08
6.172905e-08
6.159190e-08
6.145493e-08
6.131813e-08
6.118151e-08
6.104508e-08
6.090882e-08
6.077275e-08
6.063687e-08
6.050118e-08
6.036570e-08
6.023043e-08
6.009537e-08
5.996055e-08
5.982596e-08
5.969163e-08
5.955756e-08
5.942377e-08
5.929027e-08
5.915707e-08
5.902419e-08
5.889165e-08
5.875947e-08
5.862765e-08
5.849623e-08
5.836521e-08
5.823462e-08
5.810447e-08
5.797479e-08
5.784560e-08
5.771691e-08
5.758875e-08
5.746114e-08
5.733410e-08
5.720765e-08
5.708181e-08
5.695660e-08
5.683205e-08
5.670818e-08
5.658501e-08
5.646256e-08
5.634085e-08
5.621990e-08
5.609974e-08
5.598039e-08
5.586186e-08
5.574418e-08
5.562736e-08
5.551143e-08
5.539640e-08
5.528230e-08
5.516914e-08
5.505693e-08
5.494571e-08
5.483548e-08
5.472625e-08
5.461806e-08
5.451090e-08
5.440479e-08
5.429976e-08
5.419580e-08
5.409293e-08
5.399117e-08
5.389052e-08
5.379099e-08
5.369259e-08
5.359534e-08
5.349923e-08
5.340427e-08
5.331048e-08
5.321785e-08
5.312638e-08
5.303609e-08
5.294697e-08
5.285903e-08
5.277226e-08
5.268667e-08
5.260225e-08
5.251901e-08
5.243693e-08
5.235603e-08
5.227628e-08
5.219769e-08
5.212025e-08
5.204395e-08
5.196879e-08
5.189476e-08
5.182185e-08
5.175005e-08
5.167935e-08
5.160974e-08
5.154121e-08
5.147373e-08
5.140732e-08
5.134194e-08
5.127758e-08
5.121424e-08
5.115189e-08
5.109052e-08
5.103011e-08
5.097065e-08
5.091213e-08
5.085451e-08
5.079779e-08
5.074195e-08
5.068697e-08
5.063283e-08
5.057952e-08
5.052701e-08
5.047528e-08
5.042432e-08
5.037411e-08
5.032462e-08
5.027584e-08
5.022775e-08
5.018033e-08
5.013356e-08
5.008742e-08
5.004189e-08
4.999695e-08
4.995258e-08
4.990877e-08
4.986549e-08
4.982272e-08
4.978045e-08
4.973866e-08
4.969733e-08
4.965645e-08
4.961598e-08
4.957593e-08
4.953626e-08
4.949697e-08
4.945803e-08
4.941944e-08
4.938117e-08
4.934321e-08
4.930555e-08
4.926817e-08
4.923105e-08
4.919418e-08
4.915756e-08
4.912116e-08
4.908497e-08
4.904899e-08
4.901319e-08
4.897757e-08
4.894212e-08
4.890682e-08
4.887167e-08
4.883666e-08
4.880177e-08
4.876700e-08
4.873234e-08
4.869778e-08
4.866331e-08
4.862892e-08
4.859461e-08
4.856038e-08
4.852620e-08
4.849208e-08
4.845801e-08
4.842399e-08
4.839001e-08
4.835605e-08
4.832213e-08
4.828823e-08
4.825435e-08
4.822048e-08
4.818662e-08
4.815276e-08
4.811890e-08
4.808504e-08
4.805117e-08
4.801729e-08
4.798339e-08
4.794946e-08
4.791551e-08
4.788153e-08
4.784752e-08
4.781346e-08
4.777936e-08
4.774522e-08
4.771102e-08
4.767676e-08
4.764243e-08
4.760804e-08
4.757358e-08
4.753903e-08
4.750439e-08
4.746967e-08
4.743484e-08
4.739991e-08
4.736486e-08
4.732969e-08
4.729439e-08
4.725896e-08
4.722337e-08
4.718764e-08
4.715173e-08
4.711566e-08
4.707940e-08
4.704294e-08
4.700628e-08
4.696940e-08
4.693230e-08
4.689495e-08
4.685735e-08
4.681948e-08
4.678133e-08
4.674289e-08
4.670415e-08
4.666508e-08
4.662567e-08
4.658591e-08
4.654578e-08
4.650527e-08
4.646436e-08
4.642304e-08
4.638127e-08
4.633906e-08
4.629638e-08
4.625321e-08
4.620954e-08
4.616534e-08
4.612060e-08
4.607529e-08
4.602941e-08
4.598293e-08
4.593583e-08
4.588809e-08
4.583969e-08
4.579061e-08
4.574083e-08
4.569034e-08
4.563910e-08
4.558711e-08
4.553434e-08
4.548078e-08
4.542639e-08
4.537117e-08
4.531509e-08
4.525814e-08
4.520029e-08
4.514153e-08
4.508184e-08
4.502120e-08
4.495959e-08
4.489699e-08
4.483339e-08
4.476877e-08
4.470312e-08
4.463642e-08
4.456864e-08
4.449979e-08
4.442984e-08
4.435879e-08
4.428660e-08
4.421329e-08
4.413883e-08
4.406321e-08
4.398642e-08
4.390846e-08
4.382931e-08
4.374896e-08
4.366741e-08
4.358466e-08
4.350069e-08
4.341550e-08
4.332909e-08
4.324146e-08
4.315260e-08
4.306250e-08
4.297118e-08
4.287864e-08
4.278486e-08
4.268987e-08
4.259365e-08
4.249622e-08
4.239757e-08
4.229773e-08
4.219669e-08
4.209446e-08
4.199106e-08
4.188649e-08
4.178077e-08
4.167390e-08
4.156591e-08
4.145681e-08
4.134660e-08
4.123532e-08
4.112298e-08
4.100959e-08
4.089517e-08
4.077975e-08
4.066335e-08
4.054599e-08
4.042770e-08
4.030849e-08
4.018839e-08
4.006744e-08
3.994565e-08
3.982305e-08
3.969968e-08
3.957555e-08
3.945071e-08
3.932518e-08
3.919899e-08
3.907218e-08
3.894477e-08
3.881681e-08
3.868832e-08
3.855934e-08
3.842991e-08
3.830005e-08
3.816981e-08
3.803922e-08
3.790832e-08
3.777714e-08
3.764573e-08
3.751412e-08
3.738234e-08
3.725045e-08
3.711846e-08
3.698643e-08
3.685440e-08
3.672239e-08
3.659045e-08
3.645862e-08
3.632694e-08
3.619544e-08
3.606416e-08
3.593315e-08
3.580244e-08
3.567206e-08
3.554207e-08
3.541249e-08
3.528336e-08
3.515471e-08
3.502660e-08
3.489904e-08
3.477208e-08
3.464576e-08
3.452010e-08
3.439515e-08
3.427093e-08
3.414748e-08
3.402484e-08
3.390303e-08
3.378208e-08
3.366204e-08
3.354292e-08
3.342476e-08
3.330758e-08
3.319142e-08
3.307630e-08
3.296225e-08
3.284930e-08
3.273746e-08
3.262677e-08
3.251725e-08
3.240891e-08
3.230179e-08
3.219590e-08
3.209127e-08
3.198790e-08
3.188583e-08
3.178507e-08
3.168563e-08
3.158753e-08
3.149079e-08
3.139542e-08
3.130143e-08
3.120884e-08
3.111765e-08
3.102788e-08
3.093954e-08
3.085264e-08
3.076718e-08
3.068317e-08
3.060062e-08
3.051953e-08
3.043992e-08
3.036177e-08
3.028510e-08
3.020991e-08
3.013619e-08
3.006396e-08
2.999321e-08
2.992394e-08
2.985615e-08
2.978983e-08
2.972499e-08
2.966162e-08
2.959973e-08
2.953929e-08
2.948031e-08
2.942279e-08
2.936672e-08
2.931208e-08
2.925889e-08
2.920712e-08
2.915677e-08
2.910783e-08
2.906029e-08
2.901415e-08
2.896939e-08
2.892600e-08
2.888398e-08
2.884332e-08
2.880400e-08
2.876602e-08
2.872935e-08
2.869400e-08
2.865995e-08
2.862719e-08
2.859571e-08
2.856550e-08
2.853653e-08
2.850882e-08
2.848233e-08
2.845706e-08
2.843300e-08
2.841013e-08
2.838845e-08
2.836795e-08
2.834860e-08
2.833040e-08
2.831334e-08
2.829741e-08
2.828259e-08
2.826888e-08
2.825626e-08
2.824473e-08
2.823426e-08
2.822486e-08
2.821652e-08
2.820921e-08
2.820294e-08
2.819768e-08
2.819345e-08
2.819022e-08
2.818798e-08
2.818673e-08
2.818646e-08
2.818716e-08
2.818883e-08
2.819145e-08
2.819502e-08
2.819953e-08
2.820498e-08
2.821135e-08
2.821865e-08
2.822686e-08
2.823599e-08
2.824601e-08
2.825694e-08
2.826876e-08
2.828148e-08
2.829507e-08
2.830955e-08
2.832490e-08
2.834113e-08
2.835822e-08
2.837618e-08
2.839500e-08
2.841468e-08
2.843521e-08
2.845659e-08
2.847882e-08
2.850189e-08
2.852581e-08
2.855056e-08
2.857615e-08
2.860257e-08
2.862983e-08
2.865791e-08
2.868682e-08
2.871655e-08
2.874710e-08
2.877846e-08
2.881064e-08
2.884363e-08
2.887742e-08
2.891202e-08
2.894743e-08
2.898362e-08
2.902061e-08
2.905840e-08
2.909696e-08
2.913631e-08
2.917643e-08
2.921733e-08
2.925899e-08
2.930142e-08
2.934460e-08
2.938853e-08
2.943320e-08
2.947862e-08
2.952476e-08
2.957163e-08
2.961921e-08
2.966751e-08
2.971650e-08
2.976619e-08
2.981656e-08
2.986760e-08
2.991931e-08
2.997167e-08
3.002467e-08
3.007830e-08
3.013256e-08
3.018742e-08
3.024289e-08
3.029893e-08
3.035555e-08
3.041272e-08
3.047043e-08
3.052868e-08
3.058743e-08
3.064668e-08
3.070642e-08
3.076662e-08
3.082727e-08
3.088835e-08
3.094984e-08
3.101172e-08
3.107399e-08
3.113661e-08
3.119957e-08
3.126284e-08
3.132641e-08
3.139026e-08
3.145437e-08
3.151871e-08
3.158326e-08
3.164800e-08
3.171291e-08
3.177796e-08
3.184313e-08
3.190840e-08
3.197375e-08
3.203914e-08
3.210456e-08
3.216998e-08
3.223537e-08
3.230071e-08
3.236597e-08
3.243114e-08
3.249618e-08
3.256106e-08
3.262576e-08
3.269026e-08
3.275453e-08
3.281853e-08
3.288226e-08
3.294567e-08
3.300874e-08
3.307145e-08
3.313377e-08
3.319566e-08
3.325712e-08
3.331810e-08
3.337859e-08
3.343855e-08
3.349797e-08
3.355681e-08
3.361505e-08
3.367266e-08
3.372962e-08
3.378590e-08
3.384149e-08
3.389634e-08
3.395045e-08
3.400378e-08
3.405632e-08
3.410804e-08
3.415892e-08
3.420893e-08
3.425805e-08
3.430627e-08
3.435356e-08
3.439990e-08
3.444527e-08
3.448965e-08
3.453303e-08
3.457539e-08
3.461670e-08
3.465696e-08
3.469614e-08
3.473423e-08
3.477122e-08
3.480709e-08
3.484183e-08
3.487542e-08
3.490786e-08
3.493913e-08
3.496922e-08
3.499812e-08
3.502583e-08
3.505233e-08
3.507763e-08
3.510170e-08
3.512455e-08
3.514618e-08
3.516657e-08
3.518573e-08
3.520366e-08
3.522034e-08
3.523579e-08
3.525001e-08
3.526298e-08
3.527473e-08
3.528525e-08
3.529454e-08
3.530261e-08
3.530947e-08
3.531513e-08
3.531958e-08
3.532285e-08
3.532494e-08
3.532586e-08
3.532563e-08
3.532425e-08
3.532174e-08
3.531811e-08
3.531339e-08
3.530758e-08
3.530070e-08
3.529278e-08
3.528382e-08
3.527385e-08
3.526290e-08
3.525097e-08
3.523810e-08
3.522431e-08
3.520961e-08
3.519404e-08
3.517762e-08
3.516037e-08
3.514233e-08
3.512352e-08
3.510396e-08
3.508370e-08
3.506274e-08
3.504114e-08
3.501891e-08
3.499609e-08
3.497271e-08
3.494880e-08
3.492439e-08
3.489952e-08
3.487423e-08
3.484854e-08
3.482249e-08
3.479612e-08
3.476945e-08
3.474254e-08
3.471540e-08
3.468809e-08
3.466063e-08
3.463306e-08
3.460542e-08
3.457774e-08
3.455007e-08
3.452244e-08
3.449488e-08
3.446744e-08
3.444016e-08
3.441306e-08
3.438619e-08
3.435958e-08
3.433327e-08
3.430730e-08
3.428171e-08
3.425653e-08
3.423179e-08
3.420754e-08
3.418381e-08
3.416064e-08
3.413805e-08
3.411609e-08
3.409479e-08
3.407419e-08
3.405431e-08
3.403519e-08
3.401686e-08
3.399936e-08
3.398271e-08
3.396695e-08
3.395211e-08
3.393821e-08
3.392529e-08
3.391337e-08
3.390248e-08
3.389265e-08
3.388390e-08
3.387626e-08
3.386975e-08
3.386440e-08
3.386022e-08
3.385725e-08
3.385550e-08
3.385499e-08
3.385574e-08
3.385776e-08
3.386109e-08
3.386572e-08
3.387169e-08
3.387899e-08
3.388765e-08
3.389768e-08
3.390909e-08
3.392189e-08
3.393609e-08
3.395170e-08
3.396872e-08
3.398717e-08
3.400704e-08
3.402835e-08
3.405109e-08
3.407528e-08
3.410090e-08
3.412796e-08
3.415646e-08
3.418641e-08
3.421778e-08
3.425060e-08
3.428484e-08
3.432051e-08
3.435759e-08
3.439609e-08
3.443599e-08
3.447728e-08
3.451996e-08
3.456402e-08
3.460944e-08
3.465621e-08
3.470432e-08
3.475375e-08
3.480450e-08
3.485654e-08
3.490987e-08
3.496446e-08
3.502030e-08
3.507736e-08
3.513564e-08
3.519512e-08
3.525577e-08
3.531757e-08
3.538051e-08
3.544457e-08
3.550972e-08
3.557594e-08
3.564321e-08
3.571152e-08
3.578083e-08
3.585113e-08
3.592239e-08
3.599459e-08
3.606771e-08
3.614172e-08
3.621660e-08
3.629234e-08
3.636890e-08
3.644626e-08
3.652441e-08
3.660331e-08
3.668295e-08
3.676330e-08
3.684435e-08
3.692606e-08
3.700842e-08
3.709141e-08
3.717500e-08
3.725918e-08
3.734392e-08
3.742921e-08
3.751502e-08
3.760134e-08
3.768815e-08
3.777543e-08
3.786317e-08
3.795134e-08
3.803993e-08
3.812894e-08
3.821833e-08
3.830810e-08
3.839824e-08
3.848872e-08
3.857955e-08
3.867071e-08
3.876219e-08
3.885397e-08
3.894606e-08
3.903844e-08
3.913111e-08
3.922406e-08
3.931728e-08
3.941077e-08
3.950453e-08
3.959855e-08
3.969284e-08
3.978739e-08
3.988219e-08
3.997726e-08
4.007259e-08
4.016819e-08
4.026406e-08
4.036020e-08
4.045661e-08
4.055331e-08
4.065030e-08
4.074759e-08
4.084518e-08
4.094308e-08
4.104131e-08
4.113987e-08
4.123877e-08
4.133804e-08
4.143767e-08
4.153768e-08
4.163809e-08
4.173890e-08
4.184015e-08
4.194183e-08
4.204396e-08
4.214657e-08
4.224966e-08
4.235326e-08
4.245738e-08
4.256205e-08
4.266727e-08
4.277306e-08
4.287946e-08
4.298646e-08
4.309410e-08
4.320239e-08
4.331136e-08
4.342101e-08
4.353137e-08
4.364246e-08
4.375430e-08
4.386690e-08
4.398029e-08
4.409448e-08
4.420950e-08
4.432535e-08
4.444206e-08
4.455965e-08
4.467813e-08
4.479751e-08
4.491782e-08
4.503907e-08
4.516127e-08
4.528444e-08
4.540859e-08
4.553373e-08
4.565988e-08
4.578704e-08
4.591523e-08
4.604446e-08
4.617473e-08
4.630606e-08
4.643844e-08
4.657189e-08
4.670641e-08
4.684200e-08
4.697866e-08
4.711641e-08
4.725523e-08
4.739512e-08
4.753609e-08
4.767813e-08
4.782124e-08
4.796540e-08
4.811062e-08
4.825688e-08
4.840417e-08
4.855249e-08
4.870182e-08
4.885214e-08
4.900345e-08
4.915572e-08
4.930893e-08
4.946307e-08
4.961812e-08
4.977405e-08
4.993084e-08
5.008847e-08
5.024690e-08
5.040612e-08
5.056608e-08
5.072677e-08
5.088814e-08
5.105017e-08
5.121282e-08
5.137605e-08
5.153983e-08
5.170412e-08
5.186887e-08
5.203406e-08
5.219962e-08
5.236553e-08
5.253174e-08
5.269819e-08
5.286485e-08
5.303166e-08
5.319858e-08
5.336556e-08
5.353254e-08
5.369947e-08
5.386630e-08
5.403298e-08
5.419945e-08
5.436566e-08
5.453154e-08
5.469705e-08
5.486212e-08
5.502669e-08
5.519072e-08
5.535413e-08
5.551688e-08
5.567889e-08
5.584011e-08
5.600048e-08
5.615994e-08
5.631842e-08
5.647586e-08
5.663221e-08
5.678740e-08
5.694137e-08
5.709405e-08
5.724539e-08
5.739533e-08
5.754380e-08
5.769075e-08
5.783611e-08
5.797982e-08
5.812183e-08
5.826207e-08
5.840048e-08
5.853702e-08
5.867161e-08
5.880421e-08
5.893475e-08
5.906319e-08
5.918946e-08
5.931352e-08
5.943532e-08
5.955479e-08
5.967189e-08
5.978657e-08
5.989879e-08
6.000849e-08
6.011563e-08
6.022016e-08
6.032204e-08
6.042123e-08
6.051768e-08
6.061137e-08
6.070224e-08
6.079026e-08
6.087540e-08
6.095762e-08
6.103690e-08
6.111319e-08
6.118647e-08
6.125672e-08
6.132390e-08
6.138799e-08
6.144897e-08
6.150682e-08
6.156152e-08
6.161305e-08
6.166140e-08
6.170654e-08
6.174847e-08
