1.408421e-05
1.409429e-05
1.410223e-05
1.410802e-05
1.411166e-05
1.411316e-05
1.411251e-05
1.410972e-05
1.410479e-05
1.409771e-05
1.408851e-05
1.407717e-05
1.406371e-05
1.404813e-05
1.403045e-05
1.401066e-05
1.398878e-05
1.396483e-05
1.393880e-05
1.391072e-05
1.388060e-05
1.384844e-05
1.381427e-05
1.377811e-05
1.373995e-05
1.369983e-05
1.365776e-05
1.361376e-05
1.356785e-05
1.352005e-05
1.347038e-05
1.341886e-05
1.336551e-05
1.331036e-05
1.325342e-05
1.319473e-05
1.313431e-05
1.307218e-05
1.300838e-05
1.294291e-05
1.287582e-05
1.280713e-05
1.273687e-05
1.266507e-05
1.259175e-05
1.251696e-05
1.244070e-05
1.236303e-05
1.228396e-05
1.220353e-05
1.212178e-05
1.203873e-05
1.195441e-05
1.186886e-05
1.178212e-05
1.169421e-05
1.160517e-05
1.151504e-05
1.142384e-05
1.133162e-05
1.123840e-05
1.114422e-05
1.104912e-05
1.095313e-05
1.085629e-05
1.075863e-05
1.066019e-05
1.056100e-05
1.046110e-05
1.036052e-05
1.025930e-05
1.015748e-05
1.005509e-05
9.952157e-06
9.848729e-06
9.744837e-06
9.640515e-06
9.535799e-06
9.430724e-06
9.325323e-06
9.219632e-06
9.113684e-06
9.007514e-06
8.901155e-06
8.794640e-06
8.688004e-06
8.581279e-06
8.474497e-06
8.367691e-06
8.260893e-06
8.154135e-06
8.047448e-06
7.940863e-06
7.834410e-06
7.728120e-06
7.622022e-06
7.516147e-06
7.410522e-06
7.305177e-06
7.200139e-06
7.095436e-06
6.991096e-06
6.887144e-06
6.783608e-06
6.680512e-06
6.577883e-06
6.475744e-06
6.374120e-06
6.273034e-06
6.172511e-06
6.072571e-06
5.973238e-06
5.874533e-06
5.776476e-06
5.679089e-06
5.582390e-06
5.486400e-06
5.391138e-06
5.296620e-06
5.202865e-06
5.109890e-06
5.017711e-06
4.926344e-06
4.835805e-06
4.746107e-06
4.657266e-06
4.569295e-06
4.482207e-06
4.396014e-06
4.310728e-06
4.226361e-06
4.142922e-06
4.060423e-06
3.978873e-06
3.898281e-06
3.818655e-06
3.740003e-06
3.662334e-06
3.585653e-06
3.509966e-06
3.435281e-06
3.361601e-06
3.288933e-06
3.217279e-06
3.146644e-06
3.077030e-06
3.008442e-06
2.940880e-06
2.874346e-06
2.808843e-06
2.744370e-06
2.680928e-06
2.618517e-06
2.557136e-06
2.496784e-06
2.437461e-06
2.379163e-06
2.321890e-06
2.265637e-06
2.210403e-06
2.156183e-06
2.102975e-06
2.050773e-06
1.999573e-06
1.949370e-06
1.900160e-06
1.851936e-06
1.804693e-06
1.758424e-06
1.713123e-06
1.668784e-06
1.625398e-06
1.582960e-06
1.541460e-06
1.500892e-06
1.461247e-06
1.422517e-06
1.384693e-06
1.347767e-06
1.311729e-06
1.276571e-06
1.242282e-06
1.208854e-06
1.176276e-06
1.144538e-06
1.113632e-06
1.083545e-06
1.054269e-06
1.025792e-06
9.981040e-07
9.711941e-07
9.450516e-07
9.196655e-07
8.950247e-07
8.711183e-07
8.479350e-07
8.254636e-07
8.036929e-07
7.826115e-07
7.622080e-07
7.424709e-07
7.233890e-07
7.049507e-07
6.871445e-07
6.699589e-07
6.533825e-07
6.374037e-07
6.220112e-07
6.071933e-07
5.929388e-07
5.792362e-07
5.660741e-07
5.534411e-07
5.413261e-07
5.297177e-07
5.186048e-07
5.079762e-07
4.978208e-07
4.881277e-07
4.788860e-07
4.700847e-07
4.617131e-07
4.537606e-07
4.462164e-07
4.390701e-07
4.323114e-07
4.259297e-07
4.199151e-07
4.142572e-07
4.089461e-07
4.039719e-07
3.993248e-07
3.949952e-07
3.909734e-07
3.872500e-07
3.838156e-07
3.806612e-07
3.777775e-07
3.751556e-07
3.727868e-07
3.706622e-07
3.687733e-07
3.671116e-07
3.656689e-07
3.644368e-07
3.634075e-07
3.625729e-07
3.619253e-07
3.614569e-07
3.611604e-07
3.610282e-07
3.610531e-07
3.612280e-07
3.615460e-07
3.620000e-07
3.625836e-07
3.632899e-07
3.641127e-07
3.650455e-07
3.660822e-07
3.672168e-07
3.684432e-07
3.697558e-07
3.711488e-07
3.726168e-07
3.741542e-07
3.757559e-07
3.774166e-07
3.791314e-07
3.808954e-07
3.827038e-07
3.845518e-07
3.864351e-07
3.883492e-07
3.902897e-07
3.922526e-07
3.942337e-07
3.962291e-07
3.982351e-07
4.002478e-07
4.022636e-07
4.042792e-07
4.062910e-07
4.082959e-07
4.102906e-07
4.122720e-07
4.142373e-07
4.161836e-07
4.181080e-07
4.200080e-07
4.218809e-07
4.237244e-07
4.255359e-07
4.273133e-07
4.290544e-07
4.307570e-07
4.324191e-07
4.340389e-07
4.356145e-07
4.371441e-07
4.386260e-07
4.400588e-07
4.414408e-07
4.427706e-07
4.440469e-07
4.452684e-07
4.464340e-07
4.475424e-07
4.485926e-07
4.495836e-07
4.505146e-07
4.513846e-07
4.521929e-07
4.529388e-07
4.536216e-07
4.542406e-07
4.547955e-07
4.552857e-07
4.557107e-07
4.560703e-07
4.563641e-07
4.565919e-07
4.567535e-07
4.568487e-07
4.568775e-07
4.568399e-07
4.567357e-07
4.565652e-07
4.563283e-07
4.560253e-07
4.556563e-07
4.552216e-07
4.547215e-07
4.541562e-07
4.535262e-07
4.528317e-07
4.520733e-07
4.512515e-07
4.503667e-07
4.494195e-07
4.484104e-07
4.473401e-07
4.462093e-07
4.450185e-07
4.437684e-07
4.424599e-07
4.410936e-07
4.396704e-07
4.381910e-07
4.366563e-07
4.350672e-07
4.334245e-07
4.317291e-07
4.299820e-07
4.281840e-07
4.263362e-07
4.244396e-07
4.224951e-07
4.205038e-07
4.184666e-07
4.163847e-07
4.142591e-07
4.120908e-07
4.098811e-07
4.076309e-07
4.053413e-07
4.030136e-07
4.006488e-07
3.982480e-07
3.958125e-07
3.933433e-07
3.908417e-07
3.883088e-07
3.857457e-07
3.831537e-07
3.805338e-07
3.778874e-07
3.752156e-07
3.725195e-07
3.698004e-07
3.670594e-07
3.642978e-07
3.615166e-07
3.587172e-07
3.559006e-07
3.530680e-07
3.502207e-07
3.473597e-07
3.444862e-07
3.416014e-07
3.387065e-07
3.358025e-07
3.328906e-07
3.299720e-07
3.270477e-07
3.241188e-07
3.211865e-07
3.182518e-07
3.153158e-07
3.123796e-07
3.094442e-07
3.065107e-07
3.035801e-07
3.006533e-07
2.977315e-07
2.948155e-07
2.919064e-07
2.890051e-07
2.861125e-07
2.832296e-07
2.803573e-07
2.774965e-07
2.746480e-07
2.718127e-07
2.689915e-07
2.661851e-07
2.633944e-07
2.606202e-07
2.578632e-07
2.551241e-07
2.524038e-07
2.497029e-07
2.470221e-07
2.443621e-07
2.417235e-07
2.391070e-07
2.365132e-07
2.339427e-07
2.313960e-07
2.288737e-07
2.263763e-07
2.239044e-07
2.214585e-07
2.190389e-07
2.166462e-07
2.142808e-07
2.119430e-07
2.096334e-07
2.073522e-07
2.050998e-07
2.028765e-07
2.006827e-07
1.985186e-07
1.963844e-07
1.942805e-07
1.922071e-07
1.901643e-07
1.881524e-07
1.861714e-07
1.842217e-07
1.823032e-07
1.804162e-07
1.785606e-07
1.767366e-07
1.749443e-07
1.731836e-07
1.714545e-07
1.697572e-07
1.680915e-07
1.664574e-07
1.648549e-07
1.632839e-07
1.617444e-07
1.602361e-07
1.587591e-07
1.573131e-07
1.558981e-07
1.545139e-07
1.531602e-07
1.518370e-07
1.505440e-07
1.492810e-07
1.480477e-07
1.468440e-07
1.456695e-07
1.445241e-07
1.434073e-07
1.423191e-07
1.412589e-07
1.402267e-07
1.392219e-07
1.382443e-07
1.372936e-07
1.363694e-07
1.354713e-07
1.345991e-07
1.337522e-07
1.329304e-07
1.321333e-07
1.313604e-07
1.306114e-07
1.298859e-07
1.291835e-07
1.285037e-07
1.278461e-07
1.272103e-07
1.265959e-07
1.260025e-07
1.254296e-07
1.248767e-07
1.243436e-07
1.238296e-07
1.233344e-07
1.228575e-07
1.223985e-07
1.219569e-07
1.215323e-07
1.211243e-07
1.207323e-07
1.203560e-07
1.199949e-07
1.196486e-07
1.193166e-07
1.189984e-07
1.186937e-07
1.184020e-07
1.181229e-07
1.178559e-07
1.176007e-07
1.173567e-07
1.171236e-07
1.169009e-07
1.166883e-07
1.164853e-07
1.162915e-07
1.161065e-07
1.159299e-07
1.157613e-07
1.156004e-07
1.154468e-07
1.153000e-07
1.151597e-07
1.150256e-07
1.148973e-07
1.147743e-07
1.146565e-07
1.145434e-07
1.144347e-07
1.143300e-07
1.142292e-07
1.141317e-07
1.140373e-07
1.139458e-07
1.138568e-07
1.137700e-07
1.136851e-07
1.136019e-07
1.135201e-07
1.134394e-07
1.133595e-07
1.132803e-07
1.132015e-07
1.131228e-07
1.130440e-07
1.129648e-07
1.128852e-07
1.128048e-07
1.127234e-07
1.126409e-07
1.125570e-07
1.124716e-07
1.123846e-07
1.122956e-07
1.122046e-07
1.121114e-07
1.120159e-07
1.119178e-07
1.118172e-07
1.117137e-07
1.116074e-07
1.114980e-07
1.113855e-07
1.112698e-07
1.111507e-07
1.110282e-07
1.109021e-07
1.107725e-07
1.106390e-07
1.105018e-07
1.103608e-07
1.102158e-07
1.100668e-07
1.099138e-07
1.097566e-07
1.095953e-07
1.094298e-07
1.092600e-07
1.090860e-07
1.089077e-07
1.087250e-07
1.085380e-07
1.083466e-07
1.081508e-07
1.079505e-07
1.077459e-07
1.075368e-07
1.073233e-07
1.071054e-07
1.068830e-07
1.066562e-07
1.064250e-07
1.061894e-07
1.059494e-07
1.057051e-07
1.054564e-07
1.052034e-07
1.049460e-07
1.046844e-07
1.044186e-07
1.041485e-07
1.038743e-07
1.035959e-07
1.033135e-07
1.030269e-07
1.027363e-07
1.024418e-07
1.021432e-07
1.018408e-07
1.015346e-07
1.012245e-07
1.009107e-07
1.005932e-07
1.002721e-07
9.994734e-08
9.961906e-08
9.928729e-08
9.895210e-08
9.861353e-08
9.827166e-08
9.792654e-08
9.757822e-08
9.722678e-08
9.687227e-08
9.651476e-08
9.615431e-08
9.579099e-08
9.542486e-08
9.505598e-08
9.468442e-08
9.431026e-08
9.393355e-08
9.355438e-08
9.317279e-08
9.278887e-08
9.240269e-08
9.201431e-08
9.162381e-08
9.123125e-08
9.083671e-08
9.044027e-08
9.004199e-08
8.964194e-08
8.924021e-08
8.883686e-08
8.843197e-08
8.802561e-08
8.761786e-08
8.720879e-08
8.679848e-08
8.638700e-08
8.597443e-08
8.556085e-08
8.514633e-08
8.473094e-08
8.431477e-08
8.389790e-08
8.348039e-08
8.306232e-08
8.264379e-08
8.222485e-08
8.180559e-08
8.138608e-08
8.096641e-08
8.054665e-08
8.012687e-08
7.970717e-08
7.928760e-08
7.886826e-08
7.844921e-08
7.803054e-08
7.761233e-08
7.719464e-08
7.677755e-08
7.636115e-08
7.594551e-08
7.553070e-08
7.511679e-08
7.470387e-08
7.429201e-08
7.388128e-08
7.347176e-08
7.306351e-08
7.265662e-08
7.225114e-08
7.184716e-08
7.144475e-08
7.104396e-08
7.064488e-08
7.024757e-08
6.985210e-08
6.945853e-08
6.906693e-08
6.867736e-08
6.828989e-08
6.790457e-08
6.752148e-08
6.714066e-08
6.676218e-08
6.638610e-08
6.601246e-08
6.564133e-08
6.527276e-08
6.490681e-08
6.454351e-08
6.418292e-08
6.382509e-08
6.347006e-08
6.311787e-08
6.276858e-08
6.242221e-08
6.207881e-08
6.173842e-08
6.140107e-08
6.106679e-08
6.073562e-08
6.040758e-08
6.008270e-08
5.976102e-08
5.944254e-08
5.912730e-08
5.881531e-08
5.850659e-08
5.820116e-08
5.789903e-08
5.760020e-08
5.730470e-08
5.701252e-08
5.672368e-08
5.643816e-08
5.615599e-08
5.587714e-08
5.560163e-08
5.532943e-08
5.506055e-08
5.479498e-08
5.453269e-08
5.427368e-08
5.401794e-08
5.376543e-08
5.351614e-08
5.327005e-08
5.302713e-08
5.278735e-08
5.255069e-08
5.231711e-08
5.208658e-08
5.185907e-08
5.163453e-08
5.141293e-08
5.119423e-08
5.097838e-08
5.076535e-08
5.055507e-08
5.034752e-08
5.014263e-08
4.994036e-08
4.974065e-08
4.954345e-08
4.934871e-08
4.915636e-08
4.896635e-08
4.877863e-08
4.859313e-08
4.840978e-08
4.822853e-08
4.804932e-08
4.787207e-08
4.769672e-08
4.752322e-08
4.735148e-08
4.718145e-08
4.701305e-08
4.684622e-08
4.668089e-08
4.651698e-08
4.635443e-08
4.619318e-08
4.603314e-08
4.587425e-08
4.571644e-08
4.555964e-08
4.540377e-08
4.524878e-08
4.509459e-08
4.494113e-08
4.478833e-08
4.463612e-08
4.448444e-08
4.433323e-08
4.418240e-08
4.403191e-08
4.388167e-08
4.373164e-08
4.358174e-08
4.343192e-08
4.328212e-08
4.313227e-08
4.298231e-08
4.283220e-08
4.268187e-08
4.253127e-08
4.238035e-08
4.222905e-08
4.207732e-08
4.192512e-08
4.177240e-08
4.161912e-08
4.146522e-08
4.131068e-08
4.115544e-08
4.099947e-08
4.084273e-08
4.068519e-08
4.052682e-08
4.036758e-08
4.020745e-08
4.004640e-08
3.988440e-08
3.972142e-08
3.955746e-08
3.939249e-08
3.922648e-08
3.905944e-08
3.889133e-08
3.872216e-08
3.855191e-08
3.838058e-08
3.820815e-08
3.803463e-08
3.786002e-08
3.768431e-08
3.750751e-08
3.732962e-08
3.715065e-08
3.697061e-08
3.678950e-08
3.660734e-08
3.642415e-08
3.623993e-08
3.605471e-08
3.586850e-08
3.568132e-08
3.549321e-08
3.530417e-08
3.511424e-08
3.492344e-08
3.473181e-08
3.453936e-08
3.434614e-08
3.415218e-08
3.395750e-08
3.376215e-08
3.356616e-08
3.336956e-08
3.317241e-08
3.297473e-08
3.277657e-08
3.257797e-08
3.237897e-08
3.217961e-08
3.197994e-08
3.178001e-08
3.157986e-08
3.137953e-08
3.117908e-08
3.097855e-08
3.077798e-08
3.057743e-08
3.037695e-08
3.017658e-08
2.997637e-08
2.977637e-08
2.957663e-08
2.937720e-08
2.917813e-08
2.897947e-08
2.878126e-08
2.858357e-08
2.838643e-08
2.818989e-08
2.799400e-08
2.779882e-08
2.760438e-08
2.741074e-08
2.721795e-08
2.702604e-08
2.683506e-08
2.664506e-08
2.645609e-08
2.626818e-08
2.608139e-08
2.589574e-08
2.571129e-08
2.552807e-08
2.534613e-08
2.516550e-08
2.498622e-08
2.480833e-08
2.463187e-08
2.445686e-08
2.428334e-08
2.411135e-08
2.394092e-08
2.377208e-08
2.360485e-08
2.343928e-08
2.327537e-08
2.311317e-08
2.295269e-08
2.279396e-08
2.263701e-08
2.248185e-08
2.232850e-08
2.217699e-08
2.202733e-08
2.187954e-08
2.173363e-08
2.158962e-08
2.144752e-08
2.130735e-08
2.116911e-08
2.103282e-08
2.089847e-08
2.076609e-08
2.063568e-08
2.050723e-08
2.038077e-08
2.025627e-08
2.013376e-08
2.001323e-08
1.989468e-08
1.977810e-08
1.966350e-08
1.955087e-08
1.944021e-08
1.933150e-08
1.922475e-08
1.911994e-08
1.901707e-08
1.891613e-08
1.881710e-08
1.871998e-08
1.862475e-08
1.853139e-08
1.843990e-08
1.835026e-08
1.826246e-08
1.817647e-08
1.809228e-08
1.800988e-08
1.792923e-08
1.785033e-08
1.777316e-08
1.769769e-08
1.762390e-08
1.755177e-08
1.748127e-08
1.741240e-08
1.734511e-08
1.727939e-08
1.721521e-08
1.715256e-08
1.709139e-08
1.703169e-08
1.697343e-08
1.691658e-08
1.686112e-08
1.680702e-08
1.675425e-08
1.670279e-08
1.665260e-08
1.660366e-08
1.655593e-08
1.650940e-08
1.646402e-08
1.641978e-08
1.637663e-08
1.633456e-08
1.629352e-08
1.625350e-08
1.621446e-08
1.617636e-08
1.613919e-08
1.610290e-08
1.606747e-08
1.603287e-08
1.599906e-08
1.596602e-08
1.593371e-08
1.590210e-08
1.587116e-08
1.584086e-08
1.581117e-08
1.578205e-08
1.575348e-08
1.572542e-08
1.569785e-08
1.567072e-08
1.564402e-08
1.561770e-08
1.559174e-08
1.556610e-08
1.554076e-08
1.551568e-08
1.549083e-08
1.546618e-08
1.544170e-08
1.541736e-08
1.539312e-08
1.536895e-08
1.534483e-08
1.532073e-08
1.529660e-08
1.527243e-08
1.524817e-08
1.522381e-08
1.519930e-08
1.517462e-08
1.514974e-08
1.512463e-08
1.509925e-08
1.507358e-08
1.504759e-08
1.502124e-08
1.499451e-08
1.496737e-08
1.493978e-08
1.491173e-08
1.488317e-08
1.485408e-08
1.482442e-08
1.479418e-08
1.476333e-08
1.473182e-08
1.469964e-08
1.466676e-08
1.463315e-08
1.459878e-08
1.456362e-08
1.452765e-08
1.449084e-08
1.445316e-08
1.441458e-08
1.437509e-08
1.433465e-08
1.429323e-08
1.425082e-08
1.420738e-08
1.416290e-08
1.411734e-08
1.407069e-08
1.402291e-08
1.397399e-08
1.392391e-08
1.387263e-08
1.382014e-08
1.376642e-08
1.371144e-08
1.365518e-08
1.359763e-08
1.353876e-08
1.347856e-08
1.341700e-08
1.335406e-08
1.328974e-08
1.322400e-08
1.315684e-08
1.308824e-08
1.301817e-08
1.294664e-08
1.287362e-08
1.279909e-08
1.272306e-08
1.264549e-08
1.256639e-08
1.248574e-08
1.240352e-08
1.231974e-08
1.223437e-08
1.214742e-08
1.205888e-08
1.196873e-08
1.187697e-08
1.178360e-08
1.168861e-08
1.159199e-08
1.149375e-08
1.139389e-08
1.129239e-08
1.118927e-08
1.108451e-08
1.097813e-08
1.087012e-08
1.076048e-08
1.064922e-08
1.053635e-08
1.042186e-08
1.030576e-08
1.018807e-08
1.006878e-08
9.947913e-09
9.825467e-09
9.701456e-09
9.575891e-09
9.448782e-09
9.320143e-09
9.189987e-09
9.058326e-09
8.925177e-09
8.790555e-09
8.654475e-09
8.516955e-09
8.378012e-09
8.237666e-09
8.095935e-09
7.952839e-09
7.808398e-09
7.662635e-09
7.515572e-09
7.367230e-09
7.217633e-09
7.066805e-09
6.914772e-09
6.761557e-09
6.607187e-09
6.451689e-09
6.295089e-09
6.137414e-09
5.978693e-09
5.818954e-09
5.658226e-09
5.496539e-09
5.333922e-09
5.170406e-09
5.006021e-09
4.840800e-09
4.674772e-09
4.507970e-09
4.340427e-09
4.172174e-09
4.003245e-09
3.833671e-09
3.663488e-09
3.492727e-09
3.321424e-09
3.149611e-09
2.977322e-09
2.804592e-09
2.631456e-09
2.457946e-09
2.284098e-09
2.109947e-09
1.935526e-09
1.760870e-09
1.586014e-09
1.410992e-09
1.235839e-09
1.060589e-09
8.852757e-10
7.099339e-10
5.345976e-10
3.593005e-10
1.840765e-10
8.959051e-12
-1.660184e-10
-3.408228e-10
-5.154211e-10
-6.897807e-10
-8.638691e-10
-1.037654e-09
-1.211104e-09
-1.384187e-09
-1.556872e-09
-1.729128e-09
-1.900924e-09
-2.072230e-09
-2.243017e-09
-2.413254e-09
-2.582913e-09
-2.751964e-09
-2.920380e-09
-3.088132e-09
-3.255193e-09
-3.421535e-09
-3.587133e-09
-3.751959e-09
-3.915988e-09
-4.079194e-09
-4.241553e-09
-4.403041e-09
-4.563632e-09
-4.723303e-09
-4.882032e-09
-5.039796e-09
-5.196573e-09
-5.352340e-09
-5.507077e-09
-5.660763e-09
-5.813378e-09
-5.964902e-09
-6.115316e-09
-6.264600e-09
-6.412737e-09
-6.559709e-09
-6.705497e-09
-6.850086e-09
-6.993459e-09
-7.135600e-09
-7.276492e-09
-7.416122e-09
-7.554475e-09
-7.691536e-09
-7.827291e-09
-7.961728e-09
-8.094833e-09
-8.226594e-09
-8.357000e-09
-8.486038e-09
-8.613698e-09
-8.739969e-09
-8.864841e-09
-8.988303e-09
-9.110347e-09
-9.230963e-09
-9.350143e-09
-9.467878e-09
-9.584162e-09
-9.698985e-09
-9.812343e-09
-9.924227e-09
-1.003463e-08
-1.014355e-08
-1.025098e-08
-1.035691e-08
-1.046134e-08
-1.056427e-08
-1.066568e-08
-1.076559e-08
-1.086398e-08
-1.096085e-08
-1.105619e-08
-1.115002e-08
-1.124231e-08
-1.133308e-08
-1.142232e-08
-1.151003e-08
-1.159621e-08
-1.168086e-08
-1.176398e-08
-1.184558e-08
-1.192564e-08
-1.200417e-08
-1.208118e-08
-1.215666e-08
-1.223062e-08
-1.230306e-08
-1.237399e-08
-1.244340e-08
-1.251130e-08
-1.257769e-08
-1.264259e-08
-1.270598e-08
-1.276788e-08
-1.282830e-08
-1.288723e-08
-1.294469e-08
-1.300068e-08
-1.305521e-08
-1.310828e-08
-1.315991e-08
-1.321009e-08
-1.325884e-08
-1.330617e-08
-1.335209e-08
-1.339660e-08
-1.343971e-08
-1.348144e-08
-1.352180e-08
-1.356079e-08
-1.359843e-08
-1.363472e-08
-1.366969e-08
-1.370335e-08
-1.373570e-08
-1.376676e-08
-1.379654e-08
-1.382506e-08
-1.385233e-08
-1.387838e-08
-1.390320e-08
-1.392682e-08
-1.394926e-08
-1.397053e-08
-1.399064e-08
-1.400963e-08
-1.402750e-08
-1.404427e-08
-1.405996e-08
-1.407459e-08
-1.408818e-08
-1.410076e-08
-1.411233e-08
-1.412293e-08
-1.413257e-08
-1.414128e-08
-1.414908e-08
-1.415599e-08
-1.416203e-08
-1.416723e-08
-1.417161e-08
-1.417520e-08
-1.417802e-08
-1.418010e-08
-1.418146e-08
-1.418214e-08
-1.418214e-08
-1.418152e-08
-1.418028e-08
-1.417846e-08
-1.417610e-08
-1.417320e-08
-1.416982e-08
-1.416596e-08
-1.416168e-08
-1.415699e-08
-1.415192e-08
-1.414652e-08
-1.414080e-08
-1.413481e-08
-1.412856e-08
-1.412211e-08
-1.411547e-08
-1.410868e-08
-1.410178e-08
-1.409480e-08
-1.408777e-08
-1.408073e-08
-1.407371e-08
-1.406675e-08
-1.405988e-08
-1.405314e-08
-1.404656e-08
-1.404018e-08
-1.403404e-08
-1.402816e-08
-1.402260e-08
-1.401738e-08
-1.401254e-08
-1.400812e-08
-1.400416e-08
-1.400069e-08
-1.399775e-08
-1.399537e-08
-1.399360e-08
-1.399247e-08
-1.399202e-08
-1.399228e-08
-1.399330e-08
-1.399511e-08
-1.399775e-08
-1.400125e-08
-1.400566e-08
-1.401101e-08
-1.401733e-08
-1.402467e-08
-1.403306e-08
-1.404253e-08
-1.405313e-08
-1.406488e-08
-1.407783e-08
-1.409202e-08
-1.410746e-08
-1.412421e-08
-1.414229e-08
-1.416175e-08
-1.418260e-08
-1.420489e-08
-1.422865e-08
-1.425392e-08
-1.428072e-08
-1.430908e-08
-1.433904e-08
-1.437063e-08
-1.440388e-08
-1.443881e-08
-1.447546e-08
-1.451386e-08
-1.455402e-08
-1.459598e-08
-1.463977e-08
-1.468541e-08
-1.473292e-08
-1.478233e-08
-1.483366e-08
-1.488694e-08
-1.494218e-08
-1.499940e-08
-1.505863e-08
-1.511988e-08
-1.518317e-08
-1.524852e-08
-1.531594e-08
-1.538545e-08
-1.545706e-08
-1.553078e-08
-1.560663e-08
-1.568461e-08
-1.576474e-08
-1.584702e-08
-1.593145e-08
-1.601805e-08
-1.610682e-08
-1.619776e-08
-1.629088e-08
-1.638617e-08
-1.648363e-08
-1.658326e-08
-1.668506e-08
-1.678902e-08
-1.689514e-08
-1.700341e-08
-1.711382e-08
-1.722636e-08
-1.734102e-08
-1.745778e-08
-1.757664e-08
-1.769757e-08
-1.782056e-08
-1.794558e-08
-1.807263e-08
-1.820167e-08
-1.833268e-08
-1.846564e-08
-1.860052e-08
-1.873730e-08
-1.887595e-08
-1.901642e-08
-1.915870e-08
-1.930275e-08
-1.944853e-08
-1.959601e-08
-1.974515e-08
-1.989591e-08
-2.004824e-08
-2.020211e-08
-2.035748e-08
-2.051429e-08
-2.067251e-08
-2.083207e-08
-2.099294e-08
-2.115507e-08
-2.131840e-08
-2.148287e-08
-2.164844e-08
-2.181505e-08
-2.198265e-08
-2.215116e-08
-2.232055e-08
-2.249073e-08
-2.266167e-08
-2.283328e-08
-2.300552e-08
-2.317830e-08
-2.335158e-08
-2.352528e-08
-2.369934e-08
-2.387369e-08
-2.404826e-08
-2.422298e-08
-2.439778e-08
-2.457259e-08
-2.474735e-08
-2.492197e-08
-2.509638e-08
-2.527053e-08
-2.544432e-08
-2.561769e-08
-2.579057e-08
-2.596287e-08
-2.613454e-08
-2.630548e-08
-2.647564e-08
-2.664493e-08
-2.681328e-08
-2.698062e-08
-2.714687e-08
-2.731197e-08
-2.747583e-08
-2.763838e-08
-2.779956e-08
-2.795929e-08
-2.811749e-08
-2.827411e-08
-2.842906e-08
-2.858228e-08
-2.873371e-08
-2.888327e-08
-2.903089e-08
-2.917652e-08
-2.932008e-08
-2.946151e-08
-2.960076e-08
-2.973775e-08
-2.987243e-08
-3.000475e-08
-3.013463e-08
-3.026204e-08
-3.038691e-08
-3.050919e-08
-3.062883e-08
-3.074577e-08
-3.085999e-08
-3.097141e-08
-3.108002e-08
-3.118575e-08
-3.128857e-08
-3.138844e-08
-3.148533e-08
-3.157920e-08
-3.167001e-08
-3.175775e-08
-3.184237e-08
-3.192386e-08
-3.200219e-08
-3.207734e-08
-3.214929e-08
-3.221802e-08
-3.228352e-08
-3.234578e-08
-3.240479e-08
-3.246053e-08
-3.251301e-08
-3.256222e-08
-3.260817e-08
-3.265085e-08
-3.269027e-08
-3.272644e-08
-3.275937e-08
-3.278906e-08
-3.281554e-08
-3.283883e-08
-3.285893e-08
-3.287588e-08
-3.288970e-08
-3.290041e-08
-3.290805e-08
-3.291265e-08
-3.291424e-08
-3.291286e-08
-3.290854e-08
-3.290134e-08
-3.289129e-08
-3.287845e-08
-3.286285e-08
-3.284455e-08
-3.282360e-08
-3.280005e-08
-3.277398e-08
-3.274542e-08
-3.271445e-08
-3.268112e-08
-3.264551e-08
-3.260768e-08
-3.256769e-08
-3.252562e-08
-3.248154e-08
-3.243553e-08
-3.238765e-08
-3.233799e-08
-3.228662e-08
-3.223363e-08
-3.217909e-08
-3.212309e-08
-3.206570e-08
-3.200703e-08
-3.194715e-08
-3.188614e-08
-3.182410e-08
-3.176112e-08
-3.169727e-08
-3.163267e-08
-3.156738e-08
-3.150152e-08
-3.143516e-08
-3.136840e-08
-3.130133e-08
-3.123405e-08
-3.116665e-08
-3.109922e-08
-3.103185e-08
-3.096464e-08
-3.089769e-08
-3.083107e-08
-3.076490e-08
-3.069925e-08
-3.063422e-08
-3.056990e-08
-3.050639e-08
-3.044377e-08
-3.038213e-08
-3.032157e-08
-3.026216e-08
-3.020399e-08
-3.014716e-08
-3.009175e-08
-3.003784e-08
-2.998551e-08
-2.993484e-08
-2.988592e-08
-2.983882e-08
-2.979362e-08
-2.975040e-08
-2.970923e-08
-2.967018e-08
-2.963333e-08
-2.959874e-08
-2.956649e-08
-2.953663e-08
-2.950923e-08
-2.948435e-08
-2.946206e-08
-2.944241e-08
-2.942546e-08
-2.941126e-08
-2.939986e-08
-2.939132e-08
-2.938568e-08
-2.938299e-08
-2.938329e-08
-2.938662e-08
-2.939302e-08
-2.940254e-08
-2.941519e-08
-2.943102e-08
-2.945006e-08
-2.947233e-08
-2.949785e-08
-2.952666e-08
-2.955877e-08
-2.959420e-08
-2.963297e-08
-2.967508e-08
-2.972056e-08
-2.976941e-08
-2.982163e-08
-2.987723e-08
-2.993622e-08
-2.999859e-08
-3.006434e-08
-3.013346e-08
-3.020595e-08
-3.028180e-08
-3.036099e-08
-3.044352e-08
-3.052937e-08
-3.061851e-08
-3.071093e-08
-3.080661e-08
-3.090552e-08
-3.100763e-08
-3.111292e-08
-3.122136e-08
-3.133291e-08
-3.144754e-08
-3.156521e-08
-3.168589e-08
-3.180953e-08
-3.193610e-08
-3.206554e-08
-3.219783e-08
-3.233290e-08
-3.247071e-08
-3.261122e-08
-3.275436e-08
-3.290010e-08
-3.304836e-08
-3.319911e-08
-3.335227e-08
-3.350780e-08
-3.366564e-08
-3.382571e-08
-3.398797e-08
-3.415235e-08
-3.431879e-08
-3.448721e-08
-3.465756e-08
-3.482977e-08
-3.500377e-08
-3.517950e-08
-3.535688e-08
-3.553584e-08
-3.571632e-08
-3.589823e-08
-3.608153e-08
-3.626611e-08
-3.645193e-08
-3.663890e-08
-3.682695e-08
-3.701600e-08
-3.720599e-08
-3.739683e-08
-3.758846e-08
-3.778079e-08
-3.797376e-08
-3.816728e-08
-3.836129e-08
-3.855570e-08
-3.875045e-08
-3.894545e-08
-3.914063e-08
-3.933591e-08
-3.953123e-08
-3.972650e-08
-3.992166e-08
-4.011662e-08
-4.031132e-08
-4.050567e-08
-4.069962e-08
-4.089307e-08
-4.108597e-08
-4.127823e-08
-4.146979e-08
-4.166058e-08
-4.185052e-08
-4.203954e-08
-4.222758e-08
-4.241457e-08
-4.260044e-08
-4.278511e-08
-4.296853e-08
-4.315062e-08
-4.333133e-08
-4.351058e-08
-4.368831e-08
-4.386446e-08
-4.403896e-08
-4.421176e-08
-4.438279e-08
-4.455200e-08
-4.471931e-08
-4.488468e-08
-4.504805e-08
-4.520936e-08
-4.536855e-08
-4.552557e-08
-4.568037e-08
-4.583289e-08
-4.598308e-08
-4.613089e-08
-4.627627e-08
-4.641917e-08
-4.655954e-08
-4.669734e-08
-4.683252e-08
-4.696503e-08
-4.709484e-08
-4.722189e-08
-4.734615e-08
-4.746758e-08
-4.758613e-08
-4.770178e-08
-4.781448e-08
-4.792419e-08
-4.803088e-08
-4.813452e-08
-4.823508e-08
-4.833252e-08
-4.842682e-08
-4.851794e-08
-4.860585e-08
-4.869054e-08
-4.877197e-08
-4.885012e-08
-4.892497e-08
-4.899649e-08
-4.906467e-08
-4.912948e-08
-4.919092e-08
-4.924895e-08
-4.930357e-08
-4.935476e-08
-4.940251e-08
-4.944680e-08
-4.948763e-08
-4.952499e-08
-4.955886e-08
-4.958925e-08
-4.961614e-08
-4.963954e-08
-4.965943e-08
-4.967582e-08
