-2.573032e-08
-2.600621e-08
-2.619495e-08
-2.629643e-08
-2.631060e-08
-2.623748e-08
-2.607719e-08
-2.582987e-08
-2.549576e-08
-2.507517e-08
-2.456846e-08
-2.397609e-08
-2.329855e-08
-2.253643e-08
-2.169036e-08
-2.076105e-08
-1.974928e-08
-1.865588e-08
-1.748176e-08
-1.622787e-08
-1.489525e-08
-1.348499e-08
-1.199822e-08
-1.043615e-08
-8.800054e-09
-7.091236e-09
-5.311075e-09
-3.460995e-09
-1.542477e-09
4.429502e-10
2.493708e-09
4.608169e-09
6.784661e-09
9.021465e-09
1.131682e-08
1.366893e-08
1.607594e-08
1.853597e-08
2.104712e-08
2.360742e-08
2.621490e-08
2.886752e-08
3.156326e-08
3.430004e-08
3.707575e-08
3.988828e-08
4.273548e-08
4.561518e-08
4.852520e-08
5.146335e-08
5.442741e-08
5.741515e-08
6.042433e-08
6.345272e-08
6.649805e-08
6.955807e-08
7.263053e-08
7.571315e-08
7.880368e-08
8.189986e-08
8.499944e-08
8.810017e-08
9.119981e-08
9.429613e-08
9.738692e-08
1.004700e-07
1.035431e-07
1.066041e-07
1.096509e-07
1.126813e-07
1.156932e-07
1.186845e-07
1.216532e-07
1.245971e-07
1.275145e-07
1.304031e-07
1.332611e-07
1.360867e-07
1.388778e-07
1.416326e-07
1.443494e-07
1.470264e-07
1.496619e-07
1.522540e-07
1.548013e-07
1.573021e-07
1.597547e-07
1.621578e-07
1.645098e-07
1.668093e-07
1.690549e-07
1.712453e-07
1.733792e-07
1.754553e-07
1.774724e-07
1.794295e-07
1.813253e-07
1.831590e-07
1.849294e-07
1.866357e-07
1.882770e-07
1.898524e-07
1.913612e-07
1.928026e-07
1.941760e-07
1.954807e-07
1.967162e-07
1.978820e-07
1.989776e-07
2.000026e-07
2.009566e-07
2.018393e-07
2.026506e-07
2.033901e-07
2.040578e-07
2.046536e-07
2.051773e-07
2.056291e-07
2.060090e-07
2.063170e-07
2.065534e-07
2.067184e-07
2.068121e-07
2.068349e-07
2.067872e-07
2.066694e-07
2.064818e-07
2.062250e-07
2.058994e-07
2.055058e-07
2.050445e-07
2.045165e-07
2.039222e-07
2.032624e-07
2.025380e-07
2.017497e-07
2.008983e-07
1.999848e-07
1.990100e-07
1.979749e-07
1.968804e-07
1.957276e-07
1.945175e-07
1.932512e-07
1.919297e-07
1.905543e-07
1.891259e-07
1.876458e-07
1.861152e-07
1.845353e-07
1.829073e-07
1.812325e-07
1.795122e-07
1.777475e-07
1.759400e-07
1.740908e-07
1.722012e-07
1.702728e-07
1.683067e-07
1.663044e-07
1.642672e-07
1.621966e-07
1.600939e-07
1.579605e-07
1.557978e-07
1.536073e-07
1.513903e-07
1.491483e-07
1.468826e-07
1.445948e-07
1.422861e-07
1.399580e-07
1.376119e-07
1.352492e-07
1.328714e-07
1.304797e-07
1.280756e-07
1.256604e-07
1.232356e-07
1.208025e-07
1.183623e-07
1.159166e-07
1.134665e-07
1.110134e-07
1.085586e-07
1.061034e-07
1.036490e-07
1.011967e-07
9.874781e-08
9.630343e-08
9.386481e-08
9.143314e-08
8.900958e-08
8.659528e-08
8.419137e-08
8.179897e-08
7.941915e-08
7.705298e-08
7.470152e-08
7.236579e-08
7.004678e-08
6.774549e-08
6.546286e-08
6.319983e-08
6.095731e-08
5.873620e-08
5.653735e-08
5.436160e-08
5.220978e-08
5.008267e-08
4.798103e-08
4.590562e-08
4.385714e-08
4.183630e-08
3.984375e-08
3.788015e-08
3.594611e-08
3.404221e-08
3.216904e-08
3.032712e-08
2.851699e-08
2.673912e-08
2.499399e-08
2.328205e-08
2.160370e-08
1.995934e-08
1.834934e-08
1.677405e-08
1.523378e-08
1.372883e-08
1.225947e-08
1.082595e-08
9.428496e-09
8.067305e-09
6.742557e-09
5.454408e-09
4.202989e-09
2.988412e-09
1.810763e-09
6.701095e-10
-4.335044e-10
-1.500055e-09
-2.529541e-09
-3.521980e-09
-4.477411e-09
-5.395893e-09
-6.277505e-09
-7.122345e-09
-7.930530e-09
-8.702196e-09
-9.437497e-09
-1.013661e-08
-1.079971e-08
-1.142703e-08
-1.201877e-08
-1.257519e-08
-1.309653e-08
-1.358308e-08
-1.403512e-08
-1.445295e-08
-1.483690e-08
-1.518729e-08
-1.550448e-08
-1.578883e-08
-1.604070e-08
-1.626050e-08
-1.644861e-08
-1.660544e-08
-1.673143e-08
-1.682701e-08
-1.689261e-08
-1.692871e-08
-1.693576e-08
-1.691424e-08
-1.686463e-08
-1.678744e-08
-1.668316e-08
-1.655231e-08
-1.639541e-08
-1.621298e-08
-1.600555e-08
-1.577368e-08
-1.551790e-08
-1.523877e-08
-1.493684e-08
-1.461270e-08
-1.426689e-08
-1.390000e-08
-1.351261e-08
-1.310530e-08
-1.267865e-08
-1.223325e-08
-1.176970e-08
-1.128859e-08
-1.079051e-08
-1.027607e-08
-9.745858e-09
-9.200485e-09
-8.640550e-09
-8.066655e-09
-7.479403e-09
-6.879396e-09
-6.267237e-09
-5.643527e-09
-5.008867e-09
-4.363855e-09
-3.709089e-09
-3.045165e-09
-2.372676e-09
-1.692212e-09
-1.004362e-09
-3.097113e-10
3.911593e-10
1.097672e-09
1.809251e-09
2.525329e-09
3.245338e-09
3.968719e-09
4.694914e-09
5.423373e-09
6.153551e-09
6.884908e-09
7.616909e-09
8.349027e-09
9.080740e-09
9.811533e-09
1.054090e-08
1.126833e-08
1.199334e-08
1.271544e-08
1.343415e-08
1.414899e-08
1.485951e-08
1.556525e-08
1.626575e-08
1.696059e-08
1.764933e-08
1.833154e-08
1.900683e-08
1.967477e-08
2.033498e-08
2.098707e-08
2.163067e-08
2.226540e-08
2.289092e-08
2.350687e-08
2.411292e-08
2.470874e-08
2.529401e-08
2.586842e-08
2.643169e-08
2.698352e-08
2.752363e-08
2.805177e-08
2.856767e-08
2.907109e-08
2.956180e-08
3.003957e-08
3.050420e-08
3.095547e-08
3.139320e-08
3.181720e-08
3.222732e-08
3.262338e-08
3.300523e-08
3.337275e-08
3.372581e-08
3.406428e-08
3.438807e-08
3.469707e-08
3.499121e-08
3.527040e-08
3.553459e-08
3.578372e-08
3.601775e-08
3.623665e-08
3.644040e-08
3.662897e-08
3.680238e-08
3.696063e-08
3.710373e-08
3.723171e-08
3.734462e-08
3.744249e-08
3.752539e-08
3.759337e-08
3.764652e-08
3.768491e-08
3.770865e-08
3.771782e-08
3.771254e-08
3.769292e-08
3.765910e-08
3.761121e-08
3.754939e-08
3.747378e-08
3.738455e-08
3.728186e-08
3.716589e-08
3.703681e-08
3.689481e-08
3.674008e-08
3.657282e-08
3.639324e-08
3.620154e-08
3.599795e-08
3.578269e-08
3.555599e-08
3.531808e-08
3.506919e-08
3.480958e-08
3.453949e-08
3.425917e-08
3.396889e-08
3.366889e-08
3.335945e-08
3.304084e-08
3.271332e-08
3.237717e-08
3.203266e-08
3.168008e-08
3.131971e-08
3.095184e-08
3.057674e-08
3.019472e-08
2.980605e-08
2.941103e-08
2.900995e-08
2.860310e-08
2.819078e-08
2.777329e-08
2.735091e-08
2.692394e-08
2.649268e-08
2.605741e-08
2.561844e-08
2.517606e-08
2.473055e-08
2.428221e-08
2.383132e-08
2.337818e-08
2.292307e-08
2.246627e-08
2.200807e-08
2.154874e-08
2.108856e-08
2.062781e-08
2.016675e-08
1.970567e-08
1.924481e-08
1.878444e-08
1.832483e-08
1.786623e-08
1.740888e-08
1.695304e-08
1.649895e-08
1.604685e-08
1.559697e-08
1.514955e-08
1.470480e-08
1.426297e-08
1.382425e-08
1.338886e-08
1.295701e-08
1.252891e-08
1.210474e-08
1.168471e-08
1.126899e-08
1.085777e-08
1.045122e-08
1.004952e-08
9.652835e-09
9.261315e-09
8.875120e-09
8.494396e-09
8.119286e-09
7.749926e-09
7.386448e-09
7.028977e-09
6.677631e-09
6.332524e-09
5.993764e-09
5.661452e-09
5.335683e-09
5.016548e-09
4.704131e-09
4.398510e-09
4.099756e-09
3.807937e-09
3.523113e-09
3.245338e-09
2.974663e-09
2.711130e-09
2.454777e-09
2.205636e-09
1.963733e-09
1.729090e-09
1.501721e-09
1.281637e-09
1.068843e-09
8.633374e-10
6.651145e-10
4.741631e-10
2.904672e-10
1.140054e-10
-5.524850e-11
-2.173255e-10
-3.722615e-10
-5.200970e-10
-6.608772e-10
-7.946518e-10
-9.214749e-10
-1.041405e-09
-1.154504e-09
-1.260840e-09
-1.360483e-09
-1.453508e-09
-1.539994e-09
-1.620022e-09
-1.693679e-09
-1.761054e-09
-1.822239e-09
-1.877331e-09
-1.926430e-09
-1.969637e-09
-2.007057e-09
-2.038798e-09
-2.064971e-09
-2.085690e-09
-2.101070e-09
-2.111229e-09
-2.116287e-09
-2.116368e-09
-2.111594e-09
-2.102092e-09
-2.087992e-09
-2.069421e-09
-2.046511e-09
-2.019395e-09
-1.988207e-09
-1.953081e-09
-1.914154e-09
-1.871562e-09
-1.825443e-09
-1.775936e-09
-1.723180e-09
-1.667314e-09
-1.608478e-09
-1.546813e-09
-1.482457e-09
-1.415553e-09
-1.346239e-09
-1.274656e-09
-1.200943e-09
-1.125241e-09
-1.047687e-09
-9.684199e-10
-8.875774e-10
-8.052962e-10
-7.217121e-10
-6.369600e-10
-5.511737e-10
-4.644859e-10
-3.770280e-10
-2.889301e-10
-2.003208e-10
-1.113275e-10
-2.207573e-11
6.731058e-11
1.567092e-10
2.459995e-10
3.350631e-10
4.237833e-10
5.120453e-10
5.997366e-10
6.867468e-10
7.729675e-10
8.582926e-10
9.426185e-10
1.025844e-09
1.107869e-09
1.188598e-09
1.267937e-09
1.345794e-09
1.422079e-09
1.496707e-09
1.569594e-09
1.640659e-09
1.709823e-09
1.777010e-09
1.842147e-09
1.905166e-09
1.965996e-09
2.024576e-09
2.080841e-09
2.134735e-09
2.186200e-09
2.235182e-09
2.281633e-09
2.325504e-09
2.366750e-09
2.405330e-09
2.441204e-09
2.474337e-09
2.504695e-09
2.532248e-09
2.556967e-09
2.578828e-09
2.597809e-09
2.613891e-09
2.627056e-09
2.637292e-09
2.644586e-09
2.648930e-09
2.650318e-09
2.648747e-09
2.644217e-09
2.636728e-09
2.626285e-09
2.612895e-09
2.596567e-09
2.577313e-09
2.555147e-09
2.530084e-09
2.502143e-09
2.471345e-09
2.437713e-09
2.401272e-09
2.362049e-09
2.320072e-09
2.275373e-09
2.227984e-09
2.177941e-09
2.125281e-09
2.070040e-09
2.012261e-09
1.951983e-09
1.889251e-09
1.824109e-09
1.756604e-09
1.686783e-09
1.614695e-09
1.540391e-09
1.463922e-09
1.385340e-09
1.304701e-09
1.222059e-09
1.137469e-09
1.050989e-09
9.626762e-10
8.725894e-10
7.807878e-10
6.873315e-10
5.922813e-10
4.956984e-10
3.976446e-10
2.981822e-10
1.973739e-10
9.528287e-11
-8.027636e-12
-1.124940e-10
-2.180523e-10
-3.246386e-10
-4.321890e-10
-5.406393e-10
-6.499254e-10
-7.599833e-10
-8.707492e-10
-9.821594e-10
-1.094150e-09
-1.206658e-09
-1.319621e-09
-1.432976e-09
-1.546661e-09
-1.660613e-09
-1.774772e-09
-1.889077e-09
-2.003467e-09
-2.117884e-09
-2.232268e-09
-2.346560e-09
-2.460704e-09
-2.574642e-09
-2.688318e-09
-2.801677e-09
-2.914664e-09
-3.027226e-09
-3.139310e-09
-3.250864e-09
-3.361838e-09
-3.472181e-09
-3.581844e-09
-3.690780e-09
-3.798942e-09
-3.906284e-09
-4.012761e-09
-4.118329e-09
-4.222945e-09
-4.326569e-09
-4.429160e-09
-4.530678e-09
-4.631086e-09
-4.730346e-09
-4.828423e-09
-4.925282e-09
-5.020890e-09
-5.115214e-09
-5.208224e-09
-5.299888e-09
-5.390180e-09
-5.479071e-09
-5.566535e-09
-5.652547e-09
-5.737083e-09
-5.820120e-09
-5.901637e-09
-5.981613e-09
-6.060030e-09
-6.136869e-09
-6.212113e-09
-6.285747e-09
-6.357757e-09
-6.428129e-09
-6.496851e-09
-6.563912e-09
-6.629301e-09
-6.693011e-09
-6.755034e-09
-6.815362e-09
-6.873991e-09
-6.930916e-09
-6.986134e-09
-7.039641e-09
-7.091438e-09
-7.141524e-09
-7.189899e-09
-7.236566e-09
-7.281526e-09
-7.324785e-09
-7.366345e-09
-7.406214e-09
-7.444397e-09
-7.480902e-09
-7.515738e-09
-7.548913e-09
-7.580438e-09
-7.610323e-09
-7.638580e-09
-7.665223e-09
-7.690264e-09
-7.713717e-09
-7.735598e-09
-7.755922e-09
-7.774706e-09
-7.791967e-09
-7.807722e-09
-7.821991e-09
-7.834793e-09
-7.846148e-09
-7.856076e-09
-7.864599e-09
-7.871738e-09
-7.877516e-09
-7.881957e-09
-7.885083e-09
-7.886919e-09
-7.887490e-09
-7.886821e-09
-7.884938e-09
-7.881867e-09
-7.877635e-09
-7.872270e-09
-7.865798e-09
-7.858249e-09
-7.849651e-09
-7.840033e-09
-7.829424e-09
-7.817854e-09
-7.805353e-09
-7.791952e-09
-7.777682e-09
-7.762574e-09
-7.746660e-09
-7.729971e-09
-7.712539e-09
-7.694396e-09
-7.675577e-09
-7.656112e-09
-7.636036e-09
-7.615381e-09
-7.594181e-09
-7.572470e-09
-7.550281e-09
-7.527649e-09
-7.504608e-09
-7.481192e-09
-7.457434e-09
-7.433370e-09
-7.409035e-09
-7.384462e-09
-7.359686e-09
-7.334742e-09
-7.309664e-09
-7.284488e-09
-7.259247e-09
-7.233976e-09
-7.208711e-09
-7.183484e-09
-7.158331e-09
-7.133286e-09
-7.108383e-09
-7.083657e-09
-7.059140e-09
-7.034866e-09
-7.010870e-09
-6.987185e-09
-6.963843e-09
-6.940878e-09
-6.918322e-09
-6.896207e-09
-6.874567e-09
-6.853432e-09
-6.832834e-09
-6.812805e-09
-6.793375e-09
-6.774574e-09
-6.756434e-09
-6.738983e-09
-6.722251e-09
-6.706268e-09
-6.691061e-09
-6.676659e-09
-6.663089e-09
-6.650378e-09
-6.638554e-09
-6.627642e-09
-6.617669e-09
-6.608658e-09
-6.600636e-09
-6.593625e-09
-6.587650e-09
-6.582733e-09
-6.578897e-09
-6.576163e-09
-6.574553e-09
-6.574087e-09
-6.574786e-09
-6.576668e-09
-6.579752e-09
-6.584056e-09
-6.589597e-09
-6.596393e-09
-6.604458e-09
-6.613810e-09
-6.624461e-09
-6.636426e-09
-6.649718e-09
-6.664350e-09
-6.680334e-09
-6.697681e-09
-6.716401e-09
-6.736503e-09
-6.757998e-09
-6.780893e-09
-6.805196e-09
-6.830913e-09
-6.858051e-09
-6.886616e-09
-6.916611e-09
-6.948042e-09
-6.980911e-09
-7.015221e-09
-7.050973e-09
-7.088170e-09
-7.126811e-09
-7.166897e-09
-7.208426e-09
-7.251398e-09
-7.295809e-09
-7.341658e-09
-7.388941e-09
-7.437653e-09
-7.487790e-09
-7.539347e-09
-7.592317e-09
-7.646695e-09
-7.702472e-09
-7.759642e-09
-7.818196e-09
-7.878125e-09
-7.939420e-09
-8.002071e-09
-8.066067e-09
-8.131399e-09
-8.198053e-09
-8.266019e-09
-8.335284e-09
-8.405835e-09
-8.477659e-09
-8.550743e-09
-8.625073e-09
-8.700633e-09
-8.777410e-09
-8.855387e-09
-8.934551e-09
-9.014884e-09
-9.096370e-09
-9.178994e-09
-9.262738e-09
-9.347585e-09
-9.433519e-09
-9.520521e-09
-9.608573e-09
-9.697659e-09
-9.787759e-09
-9.878855e-09
-9.970929e-09
-1.006396e-08
-1.015793e-08
-1.025283e-08
-1.034862e-08
-1.044530e-08
-1.054284e-08
-1.064123e-08
-1.074043e-08
-1.084045e-08
-1.094124e-08
-1.104281e-08
-1.114511e-08
-1.124814e-08
-1.135188e-08
-1.145630e-08
-1.156139e-08
-1.166712e-08
-1.177348e-08
-1.188044e-08
-1.198798e-08
-1.209610e-08
-1.220475e-08
-1.231393e-08
-1.242362e-08
-1.253379e-08
-1.264443e-08
-1.275551e-08
-1.286701e-08
-1.297892e-08
-1.309122e-08
-1.320388e-08
-1.331689e-08
-1.343022e-08
-1.354386e-08
-1.365779e-08
-1.377198e-08
-1.388642e-08
-1.400109e-08
-1.411596e-08
-1.423102e-08
-1.434625e-08
-1.446163e-08
-1.457714e-08
-1.469275e-08
-1.480846e-08
-1.492423e-08
-1.504006e-08
-1.515591e-08
-1.527177e-08
-1.538763e-08
-1.550345e-08
-1.561922e-08
-1.573493e-08
-1.585054e-08
-1.596605e-08
-1.608142e-08
-1.619664e-08
-1.631169e-08
-1.642655e-08
-1.654120e-08
-1.665562e-08
-1.676978e-08
-1.688367e-08
-1.699726e-08
-1.711053e-08
-1.722347e-08
-1.733605e-08
-1.744825e-08
-1.756005e-08
-1.767143e-08
-1.778235e-08
-1.789282e-08
-1.800279e-08
-1.811225e-08
-1.822118e-08
-1.832955e-08
-1.843735e-08
-1.854454e-08
-1.865111e-08
-1.875704e-08
-1.886229e-08
-1.896685e-08
-1.907070e-08
-1.917380e-08
-1.927615e-08
-1.937770e-08
-1.947845e-08
-1.957837e-08
-1.967742e-08
-1.977560e-08
-1.987287e-08
-1.996922e-08
-2.006461e-08
-2.015903e-08
-2.025244e-08
-2.034483e-08
-2.043618e-08
-2.052645e-08
-2.061562e-08
-2.070368e-08
-2.079059e-08
-2.087634e-08
-2.096090e-08
-2.104424e-08
-2.112634e-08
-2.120718e-08
-2.128674e-08
-2.136499e-08
-2.144192e-08
-2.151749e-08
-2.159168e-08
-2.166448e-08
-2.173586e-08
-2.180580e-08
-2.187428e-08
-2.194128e-08
-2.200677e-08
-2.207074e-08
-2.213317e-08
-2.219403e-08
-2.225331e-08
-2.231098e-08
-2.236704e-08
-2.242146e-08
-2.247422e-08
-2.252531e-08
-2.257471e-08
-2.262241e-08
-2.266838e-08
-2.271262e-08
-2.275510e-08
-2.279583e-08
-2.283477e-08
-2.287192e-08
-2.290727e-08
-2.294080e-08
-2.297251e-08
-2.300238e-08
-2.303040e-08
-2.305657e-08
-2.308088e-08
-2.310331e-08
-2.312387e-08
-2.314254e-08
-2.315932e-08
-2.317421e-08
-2.318720e-08
-2.319829e-08
-2.320747e-08
-2.321475e-08
-2.322012e-08
-2.322358e-08
-2.322514e-08
-2.322479e-08
-2.322253e-08
-2.321838e-08
-2.321232e-08
-2.320437e-08
-2.319454e-08
-2.318282e-08
-2.316922e-08
-2.315375e-08
-2.313642e-08
-2.311724e-08
-2.309622e-08
-2.307336e-08
-2.304868e-08
-2.302219e-08
-2.299391e-08
-2.296383e-08
-2.293199e-08
-2.289838e-08
-2.286304e-08
-2.282597e-08
-2.278719e-08
-2.274671e-08
-2.270456e-08
-2.266075e-08
-2.261530e-08
-2.256823e-08
-2.251957e-08
-2.246932e-08
-2.241751e-08
-2.236417e-08
-2.230931e-08
-2.225295e-08
-2.219513e-08
-2.213586e-08
-2.207516e-08
-2.201307e-08
-2.194960e-08
-2.188477e-08
-2.181863e-08
-2.175118e-08
-2.168246e-08
-2.161249e-08
-2.154129e-08
-2.146891e-08
-2.139535e-08
-2.132065e-08
-2.124483e-08
-2.116793e-08
-2.108997e-08
-2.101097e-08
-2.093097e-08
-2.084999e-08
-2.076806e-08
-2.068521e-08
-2.060146e-08
-2.051686e-08
-2.043141e-08
-2.034515e-08
-2.025811e-08
-2.017032e-08
-2.008180e-08
-1.999259e-08
-1.990270e-08
-1.981217e-08
-1.972103e-08
-1.962930e-08
-1.953700e-08
-1.944418e-08
-1.935085e-08
-1.925704e-08
-1.916278e-08
-1.906809e-08
-1.897301e-08
-1.887755e-08
-1.878174e-08
-1.868561e-08
-1.858919e-08
-1.849250e-08
-1.839556e-08
-1.829839e-08
-1.820104e-08
-1.810351e-08
-1.800583e-08
-1.790803e-08
-1.781014e-08
-1.771216e-08
-1.761413e-08
-1.751607e-08
-1.741800e-08
-1.731995e-08
-1.722193e-08
-1.712397e-08
-1.702609e-08
-1.692831e-08
-1.683066e-08
-1.673314e-08
-1.663579e-08
-1.653863e-08
-1.644167e-08
-1.634493e-08
-1.624843e-08
-1.615220e-08
-1.605625e-08
-1.596060e-08
-1.586528e-08
-1.577028e-08
-1.567565e-08
-1.558139e-08
-1.548752e-08
-1.539406e-08
-1.530103e-08
-1.520845e-08
-1.511632e-08
-1.502468e-08
-1.493353e-08
-1.484289e-08
-1.475278e-08
-1.466321e-08
-1.457421e-08
-1.448578e-08
-1.439794e-08
-1.431071e-08
-1.422411e-08
-1.413814e-08
-1.405283e-08
-1.396818e-08
-1.388422e-08
-1.380096e-08
-1.371841e-08
-1.363658e-08
-1.355550e-08
-1.347517e-08
-1.339562e-08
-1.331685e-08
-1.323887e-08
-1.316171e-08
-1.308537e-08
-1.300987e-08
-1.293522e-08
-1.286143e-08
-1.278853e-08
-1.271651e-08
-1.264540e-08
-1.257520e-08
-1.250593e-08
-1.243760e-08
-1.237022e-08
-1.230381e-08
-1.223837e-08
-1.217392e-08
-1.211047e-08
-1.204802e-08
-1.198660e-08
-1.192621e-08
-1.186687e-08
-1.180857e-08
-1.175134e-08
-1.169518e-08
-1.164010e-08
-1.158612e-08
-1.153323e-08
-1.148145e-08
-1.143080e-08
-1.138126e-08
-1.133287e-08
-1.128561e-08
-1.123950e-08
-1.119455e-08
-1.115076e-08
-1.110814e-08
-1.106670e-08
-1.102644e-08
-1.098736e-08
-1.094948e-08
-1.091279e-08
-1.087730e-08
-1.084301e-08
-1.080993e-08
-1.077806e-08
-1.074741e-08
-1.071797e-08
-1.068974e-08
-1.066273e-08
-1.063694e-08
-1.061237e-08
-1.058901e-08
-1.056687e-08
-1.054595e-08
-1.052624e-08
-1.050774e-08
-1.049045e-08
-1.047437e-08
-1.045949e-08
-1.044581e-08
-1.043332e-08
-1.042202e-08
-1.041190e-08
-1.040295e-08
-1.039518e-08
-1.038856e-08
-1.038310e-08
-1.037878e-08
-1.037560e-08
-1.037354e-08
-1.037260e-08
-1.037276e-08
-1.037402e-08
-1.037636e-08
-1.037977e-08
-1.038424e-08
-1.038975e-08
-1.039629e-08
-1.040384e-08
-1.041239e-08
-1.042193e-08
-1.043244e-08
-1.044390e-08
-1.045630e-08
-1.046962e-08
-1.048383e-08
-1.049893e-08
-1.051489e-08
-1.053170e-08
-1.054933e-08
-1.056777e-08
-1.058699e-08
-1.060697e-08
-1.062769e-08
-1.064914e-08
-1.067128e-08
-1.069410e-08
-1.071757e-08
-1.074167e-08
-1.076638e-08
-1.079167e-08
-1.081752e-08
-1.084390e-08
-1.087079e-08
-1.089817e-08
-1.092600e-08
-1.095427e-08
-1.098295e-08
-1.101201e-08
-1.104143e-08
-1.107117e-08
-1.110122e-08
-1.113155e-08
-1.116213e-08
-1.119293e-08
-1.122394e-08
-1.125511e-08
-1.128642e-08
-1.131785e-08
-1.134937e-08
-1.138095e-08
-1.141256e-08
-1.144418e-08
-1.147578e-08
-1.150734e-08
-1.153882e-08
-1.157020e-08
-1.160145e-08
-1.163254e-08
-1.166345e-08
-1.169416e-08
-1.172462e-08
-1.175483e-08
-1.178474e-08
-1.181434e-08
-1.184360e-08
-1.187249e-08
-1.190099e-08
-1.192907e-08
-1.195671e-08
-1.198388e-08
-1.201055e-08
-1.203671e-08
-1.206232e-08
-1.208736e-08
-1.211182e-08
-1.213566e-08
-1.215886e-08
-1.218140e-08
-1.220326e-08
-1.222441e-08
-1.224484e-08
-1.226451e-08
-1.228341e-08
-1.230152e-08
-1.231882e-08
-1.233528e-08
-1.235089e-08
-1.236563e-08
-1.237947e-08
-1.239240e-08
-1.240440e-08
-1.241545e-08
-1.242554e-08
-1.243464e-08
-1.244274e-08
-1.244982e-08
-1.245587e-08
-1.246086e-08
-1.246479e-08
-1.246764e-08
-1.246940e-08
-1.247004e-08
-1.246957e-08
-1.246795e-08
-1.246518e-08
-1.246125e-08
-1.245615e-08
-1.244986e-08
-1.244237e-08
-1.243367e-08
-1.242375e-08
-1.241260e-08
-1.240020e-08
-1.238656e-08
-1.237166e-08
-1.235550e-08
-1.233805e-08
-1.231933e-08
-1.229931e-08
-1.227799e-08
-1.225537e-08
-1.223144e-08
-1.220620e-08
-1.217963e-08
-1.215174e-08
-1.212251e-08
-1.209195e-08
-1.206005e-08
-1.202680e-08
-1.199222e-08
-1.195628e-08
-1.191899e-08
-1.188035e-08
-1.184035e-08
-1.179900e-08
-1.175629e-08
-1.171223e-08
-1.166681e-08
-1.162003e-08
-1.157190e-08
-1.152241e-08
-1.147157e-08
-1.141938e-08
-1.136584e-08
-1.131095e-08
-1.125471e-08
-1.119713e-08
-1.113822e-08
-1.107797e-08
-1.101639e-08
-1.095349e-08
-1.088926e-08
-1.082372e-08
-1.075686e-08
-1.068870e-08
-1.061924e-08
-1.054849e-08
-1.047645e-08
-1.040313e-08
-1.032854e-08
-1.025269e-08
-1.017557e-08
-1.009721e-08
-1.001760e-08
-9.936767e-09
-9.854707e-09
-9.771431e-09
-9.686951e-09
-9.601275e-09
-9.514414e-09
-9.426377e-09
-9.337176e-09
-9.246820e-09
-9.155321e-09
-9.062689e-09
-8.968937e-09
-8.874076e-09
-8.778118e-09
-8.681076e-09
-8.582960e-09
-8.483785e-09
-8.383562e-09
-8.282306e-09
-8.180028e-09
-8.076744e-09
-7.972465e-09
-7.867207e-09
-7.760984e-09
-7.653809e-09
-7.545697e-09
-7.436663e-09
-7.326722e-09
-7.215889e-09
-7.104178e-09
-6.991607e-09
-6.878190e-09
-6.763942e-09
-6.648881e-09
-6.533022e-09
-6.416381e-09
-6.298976e-09
-6.180822e-09
-6.061936e-09
-5.942336e-09
-5.822039e-09
-5.701061e-09
-5.579421e-09
-5.457136e-09
-5.334224e-09
-5.210702e-09
-5.086588e-09
-4.961902e-09
-4.836660e-09
-4.710882e-09
-4.584586e-09
-4.457791e-09
-4.330516e-09
-4.202778e-09
-4.074599e-09
-3.945996e-09
-3.816990e-09
-3.687599e-09
-3.557843e-09
-3.427742e-09
-3.297316e-09
-3.166584e-09
-3.035567e-09
-2.904284e-09
-2.772756e-09
-2.641003e-09
-2.509046e-09
-2.376904e-09
-2.244599e-09
-2.112152e-09
-1.979583e-09
-1.846912e-09
-1.714162e-09
-1.581353e-09
-1.448506e-09
-1.315642e-09
-1.182783e-09
-1.049950e-09
-9.171647e-10
-7.844484e-10
-6.518227e-10
-5.193094e-10
-3.869302e-10
-2.547069e-10
-1.226612e-10
9.184796e-12
1.408092e-10
2.721900e-10
4.033051e-10
5.341324e-10
6.646498e-10
7.948351e-10
9.246659e-10
1.054120e-09
1.183176e-09
1.311810e-09
1.440000e-09
1.567725e-09
1.694962e-09
1.821688e-09
1.947881e-09
2.073518e-09
2.198579e-09
2.323039e-09
2.446877e-09
2.570070e-09
2.692596e-09
2.814433e-09
2.935559e-09
3.055952e-09
3.175589e-09
3.294449e-09
3.412509e-09
3.529747e-09
3.646143e-09
3.761673e-09
3.876317e-09
3.990052e-09
4.102858e-09
4.214713e-09
4.325596e-09
4.435486e-09
4.544361e-09
4.652201e-09
4.758986e-09
4.864694e-09
4.969306e-09
5.072801e-09
5.175159e-09
5.276361e-09
5.376387e-09
5.475218e-09
5.572833e-09
5.669215e-09
5.764345e-09
5.858204e-09
5.950774e-09
6.042037e-09
6.131975e-09
6.220570e-09
6.307807e-09
6.393667e-09
6.478134e-09
6.561191e-09
6.642824e-09
6.723016e-09
6.801751e-09
6.879016e-09
6.954794e-09
7.029072e-09
7.101836e-09
7.173073e-09
7.242768e-09
7.310910e-09
7.377485e-09
7.442482e-09
7.505888e-09
7.567694e-09
7.627887e-09
7.686457e-09
7.743394e-09
7.798689e-09
7.852333e-09
7.904315e-09
7.954629e-09
8.003266e-09
8.050219e-09
8.095481e-09
8.139044e-09
8.180904e-09
8.221054e-09
8.259489e-09
8.296204e-09
8.331195e-09
8.364458e-09
8.395990e-09
8.425787e-09
8.453848e-09
8.480170e-09
8.504751e-09
8.527591e-09
8.548689e-09
8.568044e-09
8.585657e-09
8.601529e-09
8.615660e-09
8.628053e-09
8.638709e-09
8.647630e-09
8.654821e-09
8.660283e-09
8.664022e-09
8.666040e-09
8.666343e-09
8.664936e-09
8.661825e-09
8.657014e-09
8.650511e-09
8.642322e-09
8.632454e-09
8.620915e-09
8.607713e-09
8.592855e-09
8.576351e-09
8.558209e-09
8.538439e-09
8.517050e-09
8.494053e-09
8.469457e-09
8.443274e-09
8.415515e-09
8.386191e-09
8.355313e-09
8.322894e-09
8.288946e-09
8.253482e-09
8.216515e-09
8.178057e-09
8.138123e-09
8.096726e-09
8.053880e-09
8.009599e-09
7.963898e-09
7.916793e-09
7.868298e-09
7.818428e-09
7.767199e-09
7.714627e-09
7.660728e-09
7.605518e-09
7.549015e-09
7.491234e-09
7.432193e-09
7.371909e-09
7.310400e-09
7.247683e-09
7.183776e-09
7.118698e-09
7.052466e-09
6.985100e-09
6.916618e-09
6.847040e-09
6.776384e-09
6.704671e-09
6.631919e-09
6.558149e-09
6.483382e-09
6.407636e-09
6.330934e-09
6.253296e-09
6.174743e-09
6.095296e-09
6.014977e-09
5.933808e-09
5.851812e-09
5.769009e-09
5.685424e-09
5.601078e-09
5.515996e-09
5.430200e-09
5.343714e-09
5.256563e-09
5.168769e-09
5.080359e-09
4.991357e-09
4.901787e-09
4.811677e-09
4.721050e-09
4.629934e-09
4.538354e-09
4.446338e-09
4.353913e-09
4.261106e-09
4.167945e-09
4.074457e-09
3.980672e-09
3.886618e-09
3.792325e-09
3.697821e-09
3.603138e-09
3.508304e-09
3.413351e-09
3.318310e-09
3.223212e-09
3.128089e-09
3.032972e-09
2.937896e-09
2.842891e-09
2.747992e-09
2.653232e-09
2.558646e-09
2.464267e-09
2.370130e-09
2.276270e-09
2.182723e-09
2.089524e-09
1.996711e-09
1.904318e-09
1.812383e-09
1.720942e-09
1.630035e-09
1.539697e-09
1.449967e-09
1.360883e-09
1.272485e-09
1.184810e-09
1.097898e-09
1.011787e-09
9.265185e-10
8.421308e-10
7.586642e-10
6.761585e-10
5.946540e-10
5.141910e-10
4.348098e-10
3.565509e-10
2.794547e-10
2.035620e-10
1.289131e-10
5.554879e-11
-1.649057e-11
-8.716448e-11
-1.564326e-10
-2.242546e-10
-2.905904e-10
-3.554002e-10
-4.186441e-10
-4.802826e-10
-5.402765e-10
-5.985869e-10
-6.551751e-10
-7.100029e-10
-7.630323e-10
-8.142259e-10
-8.635467e-10
-9.109580e-10
-9.564240e-10
-9.999091e-10
-1.041378e-09
-1.080798e-09
-1.118133e-09
-1.153353e-09
-1.186423e-09
-1.217313e-09
-1.245992e-09
-1.272431e-09
-1.296600e-09
-1.318471e-09
-1.338017e-09
-1.355212e-09
-1.370031e-09
-1.382449e-09
-1.392444e-09
-1.399993e-09
-1.405075e-09
-1.407671e-09
-1.407761e-09
-1.405330e-09
-1.400359e-09
-1.392836e-09
-1.382745e-09
