2.571926e-08
2.601229e-08
2.621817e-08
2.633677e-08
2.636805e-08
2.631201e-08
2.616874e-08
2.593839e-08
2.562120e-08
2.521746e-08
2.472752e-08
2.415182e-08
2.349087e-08
2.274522e-08
2.191551e-08
2.100244e-08
2.000678e-08
1.892935e-08
1.777106e-08
1.653285e-08
1.521575e-08
1.382083e-08
1.234924e-08
1.080217e-08
9.180883e-09
7.486686e-09
5.720947e-09
3.885089e-09
1.980584e-09
8.957434e-12
-2.028217e-09
-4.129316e-09
-6.292671e-09
-8.516568e-09
-1.079925e-08
-1.313892e-08
-1.553373e-08
-1.798181e-08
-2.048125e-08
-2.303009e-08
-2.562635e-08
-2.826802e-08
-3.095305e-08
-3.367937e-08
-3.644488e-08
-3.924747e-08
-4.208498e-08
-4.495526e-08
-4.785611e-08
-5.078535e-08
-5.374075e-08
-5.672009e-08
-5.972113e-08
-6.274163e-08
-6.577933e-08
-6.883197e-08
-7.189729e-08
-7.497304e-08
-7.805694e-08
-8.114673e-08
-8.424016e-08
-8.733499e-08
-9.042897e-08
-9.351986e-08
-9.660546e-08
-9.968354e-08
-1.027519e-07
-1.058084e-07
-1.088509e-07
-1.118772e-07
-1.148853e-07
-1.178729e-07
-1.208382e-07
-1.237789e-07
-1.266932e-07
-1.295790e-07
-1.324344e-07
-1.352574e-07
-1.380463e-07
-1.407991e-07
-1.435139e-07
-1.461892e-07
-1.488230e-07
-1.514138e-07
-1.539598e-07
-1.564595e-07
-1.589112e-07
-1.613135e-07
-1.636649e-07
-1.659639e-07
-1.682091e-07
-1.703993e-07
-1.725330e-07
-1.746092e-07
-1.766265e-07
-1.785838e-07
-1.804801e-07
-1.823142e-07
-1.840853e-07
-1.857923e-07
-1.874345e-07
-1.890108e-07
-1.905207e-07
-1.919632e-07
-1.933379e-07
-1.946439e-07
-1.958809e-07
-1.970481e-07
-1.981453e-07
-1.991720e-07
-2.001278e-07
-2.010124e-07
-2.018256e-07
-2.025672e-07
-2.032370e-07
-2.038349e-07
-2.043610e-07
-2.048151e-07
-2.051974e-07
-2.055079e-07
-2.057469e-07
-2.059145e-07
-2.060110e-07
-2.060366e-07
-2.059918e-07
-2.058769e-07
-2.056924e-07
-2.054387e-07
-2.051164e-07
-2.047260e-07
-2.042681e-07
-2.037435e-07
-2.031527e-07
-2.024966e-07
-2.017758e-07
-2.009913e-07
-2.001438e-07
-1.992342e-07
-1.982635e-07
-1.972325e-07
-1.961423e-07
-1.949938e-07
-1.937881e-07
-1.925263e-07
-1.912095e-07
-1.898387e-07
-1.884152e-07
-1.869400e-07
-1.854144e-07
-1.838397e-07
-1.822169e-07
-1.805475e-07
-1.788326e-07
-1.770735e-07
-1.752716e-07
-1.734282e-07
-1.715446e-07
-1.696221e-07
-1.676622e-07
-1.656661e-07
-1.636353e-07
-1.615712e-07
-1.594751e-07
-1.573484e-07
-1.551926e-07
-1.530090e-07
-1.507991e-07
-1.485643e-07
-1.463059e-07
-1.440255e-07
-1.417243e-07
-1.394039e-07
-1.370656e-07
-1.347108e-07
-1.323410e-07
-1.299574e-07
-1.275615e-07
-1.251547e-07
-1.227383e-07
-1.203137e-07
-1.178822e-07
-1.154452e-07
-1.130039e-07
-1.105597e-07
-1.081139e-07
-1.056678e-07
-1.032226e-07
-1.007795e-07
-9.833992e-08
-9.590492e-08
-9.347575e-08
-9.105358e-08
-8.863958e-08
-8.623489e-08
-8.384063e-08
-8.145792e-08
-7.908782e-08
-7.673141e-08
-7.438972e-08
-7.206378e-08
-6.975457e-08
-6.746307e-08
-6.519024e-08
-6.293701e-08
-6.070426e-08
-5.849290e-08
-5.630377e-08
-5.413771e-08
-5.199552e-08
-4.987800e-08
-4.778589e-08
-4.571994e-08
-4.368086e-08
-4.166932e-08
-3.968600e-08
-3.773152e-08
-3.580649e-08
-3.391151e-08
-3.204712e-08
-3.021387e-08
-2.841226e-08
-2.664278e-08
-2.490588e-08
-2.320201e-08
-2.153158e-08
-1.989496e-08
-1.829252e-08
-1.672459e-08
-1.519150e-08
-1.369352e-08
-1.223092e-08
-1.080395e-08
-9.412810e-09
-8.057709e-09
-6.738814e-09
-5.456273e-09
-4.210212e-09
-3.000735e-09
-1.827925e-09
-6.918406e-10
4.074783e-10
1.470014e-09
2.495770e-09
3.484770e-09
4.437058e-09
5.352696e-09
6.231769e-09
7.074378e-09
7.880645e-09
8.650710e-09
9.384730e-09
1.008288e-08
1.074536e-08
1.137237e-08
1.196414e-08
1.252091e-08
1.304295e-08
1.353053e-08
1.398394e-08
1.440348e-08
1.478947e-08
1.514225e-08
1.546217e-08
1.574958e-08
1.600486e-08
1.622839e-08
1.642058e-08
1.658182e-08
1.671256e-08
1.681321e-08
1.688422e-08
1.692604e-08
1.693915e-08
1.692400e-08
1.688108e-08
1.681089e-08
1.671392e-08
1.659067e-08
1.644167e-08
1.626744e-08
1.606850e-08
1.584540e-08
1.559866e-08
1.532884e-08
1.503650e-08
1.472218e-08
1.438646e-08
1.402989e-08
1.365306e-08
1.325653e-08
1.284089e-08
1.240670e-08
1.195457e-08
1.148507e-08
1.099879e-08
1.049632e-08
9.978251e-09
9.445178e-09
8.897691e-09
8.336383e-09
7.761848e-09
7.174678e-09
6.575465e-09
5.964802e-09
5.343278e-09
4.711483e-09
4.070002e-09
3.419423e-09
2.760327e-09
2.093294e-09
1.418903e-09
7.377284e-10
5.034024e-11
-6.426937e-10
-1.340810e-09
-2.043449e-09
-2.750056e-09
-3.460080e-09
-4.172976e-09
-4.888203e-09
-5.605227e-09
-6.323517e-09
-7.042551e-09
-7.761810e-09
-8.480782e-09
-9.198963e-09
-9.915855e-09
-1.063096e-08
-1.134381e-08
-1.205391e-08
-1.276079e-08
-1.346400e-08
-1.416308e-08
-1.485758e-08
-1.554707e-08
-1.623111e-08
-1.690927e-08
-1.758116e-08
-1.824636e-08
-1.890447e-08
-1.955512e-08
-2.019791e-08
-2.083249e-08
-2.145849e-08
-2.207556e-08
-2.268336e-08
-2.328157e-08
-2.386986e-08
-2.444791e-08
-2.501544e-08
-2.557214e-08
-2.611773e-08
-2.665195e-08
-2.717453e-08
-2.768523e-08
-2.818379e-08
-2.867000e-08
-2.914363e-08
-2.960447e-08
-3.005233e-08
-3.048701e-08
-3.090834e-08
-3.131614e-08
-3.171027e-08
-3.209058e-08
-3.245692e-08
-3.280918e-08
-3.314724e-08
-3.347100e-08
-3.378035e-08
-3.407521e-08
-3.435552e-08
-3.462121e-08
-3.487222e-08
-3.510851e-08
-3.533004e-08
-3.553680e-08
-3.572877e-08
-3.590594e-08
-3.606833e-08
-3.621594e-08
-3.634881e-08
-3.646696e-08
-3.657044e-08
-3.665930e-08
-3.673361e-08
-3.679343e-08
-3.683884e-08
-3.686994e-08
-3.688682e-08
-3.688958e-08
-3.687833e-08
-3.685321e-08
-3.681433e-08
-3.676183e-08
-3.669587e-08
-3.661658e-08
-3.652413e-08
-3.641868e-08
-3.630042e-08
-3.616951e-08
-3.602614e-08
-3.587050e-08
-3.570280e-08
-3.552324e-08
-3.533203e-08
-3.512937e-08
-3.491550e-08
-3.469064e-08
-3.445502e-08
-3.420888e-08
-3.395244e-08
-3.368597e-08
-3.340971e-08
-3.312390e-08
-3.282881e-08
-3.252469e-08
-3.221181e-08
-3.189043e-08
-3.156082e-08
-3.122324e-08
-3.087798e-08
-3.052530e-08
-3.016549e-08
-2.979882e-08
-2.942556e-08
-2.904601e-08
-2.866044e-08
-2.826914e-08
-2.787239e-08
-2.747047e-08
-2.706367e-08
-2.665227e-08
-2.623655e-08
-2.581680e-08
-2.539330e-08
-2.496634e-08
-2.453618e-08
-2.410312e-08
-2.366743e-08
-2.322938e-08
-2.278926e-08
-2.234733e-08
-2.190387e-08
-2.145914e-08
-2.101341e-08
-2.056694e-08
-2.011999e-08
-1.967282e-08
-1.922569e-08
-1.877884e-08
-1.833253e-08
-1.788699e-08
-1.744248e-08
-1.699921e-08
-1.655744e-08
-1.611738e-08
-1.567926e-08
-1.524330e-08
-1.480972e-08
-1.437872e-08
-1.395052e-08
-1.352531e-08
-1.310330e-08
-1.268467e-08
-1.226961e-08
-1.185831e-08
-1.145094e-08
-1.104767e-08
-1.064867e-08
-1.025410e-08
-9.864116e-09
-9.478869e-09
-9.098505e-09
-8.723162e-09
-8.352973e-09
-7.988068e-09
-7.628570e-09
-7.274594e-09
-6.926254e-09
-6.583654e-09
-6.246896e-09
-5.916073e-09
-5.591275e-09
-5.272585e-09
-4.960082e-09
-4.653837e-09
-4.353917e-09
-4.060383e-09
-3.773291e-09
-3.492690e-09
-3.218627e-09
-2.951139e-09
-2.690261e-09
-2.436022e-09
-2.188444e-09
-1.947547e-09
-1.713343e-09
-1.485839e-09
-1.265041e-09
-1.050944e-09
-8.435427e-10
-6.428253e-10
-4.487755e-10
-2.613723e-10
-8.059020e-11
9.360064e-11
2.612345e-10
4.223501e-10
5.769900e-10
7.252011e-10
8.670343e-10
1.002544e-09
1.131789e-09
1.254832e-09
1.371738e-09
1.482576e-09
1.587420e-09
1.686344e-09
1.779429e-09
1.866756e-09
1.948410e-09
2.024478e-09
2.095053e-09
2.160226e-09
2.220093e-09
2.274752e-09
2.324303e-09
2.368850e-09
2.408495e-09
2.443345e-09
2.473509e-09
2.499096e-09
2.520217e-09
2.536986e-09
2.549515e-09
2.557921e-09
2.562319e-09
2.562828e-09
2.559565e-09
2.552649e-09
2.542201e-09
2.528340e-09
2.511186e-09
2.490862e-09
2.467489e-09
2.441187e-09
2.412079e-09
2.380286e-09
2.345929e-09
2.309129e-09
2.270007e-09
2.228683e-09
2.185276e-09
2.139907e-09
2.092693e-09
2.043753e-09
1.993202e-09
1.941156e-09
1.887731e-09
1.833040e-09
1.777196e-09
1.720309e-09
1.662490e-09
1.603848e-09
1.544488e-09
1.484518e-09
1.424040e-09
1.363158e-09
1.301972e-09
1.240580e-09
1.179081e-09
1.117569e-09
1.056138e-09
9.948788e-10
9.338815e-10
8.732334e-10
8.130201e-10
7.533248e-10
6.942289e-10
6.358114e-10
5.781494e-10
5.213176e-10
4.653886e-10
4.104326e-10
3.565179e-10
3.037102e-10
2.520730e-10
2.016676e-10
1.525530e-10
1.047858e-10
5.842051e-11
1.350907e-11
-2.989872e-11
-7.175540e-11
-1.120158e-10
-1.506370e-10
-1.875785e-10
-2.228018e-10
-2.562710e-10
-2.879521e-10
-3.178136e-10
-3.458261e-10
-3.719622e-10
-3.961971e-10
-4.185076e-10
-4.388732e-10
-4.572750e-10
-4.736964e-10
-4.881228e-10
-5.005417e-10
-5.109423e-10
-5.193161e-10
-5.256562e-10
-5.299578e-10
-5.322179e-10
-5.324351e-10
-5.306100e-10
-5.267449e-10
-5.208436e-10
-5.129119e-10
-5.029567e-10
-4.909870e-10
-4.770130e-10
-4.610464e-10
-4.431006e-10
-4.231900e-10
-4.013307e-10
-3.775398e-10
-3.518361e-10
-3.242391e-10
-2.947699e-10
-2.634506e-10
-2.303043e-10
-1.953552e-10
-1.586285e-10
-1.201505e-10
-7.994824e-11
-3.804966e-11
5.516418e-12
5.072040e-11
9.753195e-11
1.459200e-10
1.958529e-10
2.472983e-10
3.002233e-10
3.545945e-10
4.103778e-10
4.675389e-10
5.260429e-10
5.858546e-10
6.469384e-10
7.092584e-10
7.727784e-10
8.374619e-10
9.032723e-10
9.701727e-10
1.038126e-09
1.107095e-09
1.177043e-09
1.247933e-09
1.319726e-09
1.392386e-09
1.465876e-09
1.540157e-09
1.615193e-09
1.690947e-09
1.767382e-09
1.844460e-09
1.922145e-09
2.000400e-09
2.079189e-09
2.158476e-09
2.238225e-09
2.318399e-09
2.398964e-09
2.479883e-09
2.561123e-09
2.642648e-09
2.724424e-09
2.806416e-09
2.888591e-09
2.970916e-09
3.053357e-09
3.135882e-09
3.218457e-09
3.301052e-09
3.383633e-09
3.466170e-09
3.548632e-09
3.630987e-09
3.713206e-09
3.795259e-09
3.877116e-09
3.958748e-09
4.040126e-09
4.121222e-09
4.202007e-09
4.282455e-09
4.362537e-09
4.442227e-09
4.521498e-09
4.600325e-09
4.678680e-09
4.756541e-09
4.833880e-09
4.910673e-09
4.986897e-09
5.062528e-09
5.137541e-09
5.211915e-09
5.285625e-09
5.358651e-09
5.430970e-09
5.502560e-09
5.573400e-09
5.643469e-09
5.712748e-09
5.781216e-09
5.848854e-09
5.915641e-09
5.981560e-09
6.046592e-09
6.110719e-09
6.173924e-09
6.236188e-09
6.297496e-09
6.357831e-09
6.417176e-09
6.475517e-09
6.532839e-09
6.589126e-09
6.644365e-09
6.698542e-09
6.751643e-09
6.803656e-09
6.854568e-09
6.904368e-09
6.953044e-09
7.000586e-09
7.046983e-09
7.092226e-09
7.136305e-09
7.179212e-09
7.220938e-09
7.261477e-09
7.300820e-09
7.338963e-09
7.375899e-09
7.411623e-09
7.446131e-09
7.479418e-09
7.511483e-09
7.542321e-09
7.571933e-09
7.600316e-09
7.627470e-09
7.653396e-09
7.678095e-09
7.701568e-09
7.723819e-09
7.744850e-09
7.764666e-09
7.783272e-09
7.800673e-09
7.816877e-09
7.831890e-09
7.845721e-09
7.858378e-09
7.869873e-09
7.880215e-09
7.889417e-09
7.897490e-09
7.904449e-09
7.910306e-09
7.915079e-09
7.918782e-09
7.921432e-09
7.923048e-09
7.923648e-09
7.923251e-09
7.921878e-09
7.919551e-09
7.916291e-09
7.912122e-09
7.907068e-09
7.901153e-09
7.894403e-09
7.886845e-09
7.878505e-09
7.869414e-09
7.859598e-09
7.849089e-09
7.837916e-09
7.826112e-09
7.813708e-09
7.800737e-09
7.787233e-09
7.773230e-09
7.758764e-09
7.743869e-09
7.728583e-09
7.712942e-09
7.696983e-09
7.680745e-09
7.664267e-09
7.647587e-09
7.630746e-09
7.613783e-09
7.596739e-09
7.579655e-09
7.562572e-09
7.545532e-09
7.528577e-09
7.511748e-09
7.495089e-09
7.478642e-09
7.462450e-09
7.446555e-09
7.431001e-09
7.415831e-09
7.401087e-09
7.386814e-09
7.373053e-09
7.359847e-09
7.347240e-09
7.335274e-09
7.323991e-09
7.313433e-09
7.303642e-09
7.294659e-09
7.286526e-09
7.279282e-09
7.272969e-09
7.267625e-09
7.263290e-09
7.260002e-09
7.257800e-09
7.256720e-09
7.256799e-09
7.258073e-09
7.260577e-09
7.264346e-09
7.269412e-09
7.275809e-09
7.283568e-09
7.292720e-09
7.303296e-09
7.315323e-09
7.328830e-09
7.343843e-09
7.360389e-09
7.378491e-09
7.398175e-09
7.419461e-09
7.442372e-09
7.466926e-09
7.493145e-09
7.521044e-09
7.550640e-09
7.581949e-09
7.614984e-09
7.649759e-09
7.686284e-09
7.724570e-09
7.764624e-09
7.806456e-09
7.850071e-09
7.895473e-09
7.942666e-09
7.991653e-09
8.042434e-09
8.095008e-09
8.149375e-09
8.205530e-09
8.263470e-09
8.323189e-09
8.384679e-09
8.447933e-09
8.512940e-09
8.579691e-09
8.648173e-09
8.718373e-09
8.790276e-09
8.863867e-09
8.939129e-09
9.016044e-09
9.094593e-09
9.174756e-09
9.256511e-09
9.339837e-09
9.424710e-09
9.511106e-09
9.598999e-09
9.688363e-09
9.779172e-09
9.871397e-09
9.965009e-09
1.005998e-08
1.015628e-08
1.025387e-08
1.035273e-08
1.045282e-08
1.055410e-08
1.065656e-08
1.076014e-08
1.086482e-08
1.097055e-08
1.107732e-08
1.118507e-08
1.129377e-08
1.140338e-08
1.151387e-08
1.162520e-08
1.173733e-08
1.185022e-08
1.196383e-08
1.207814e-08
1.219308e-08
1.230864e-08
1.242476e-08
1.254142e-08
1.265857e-08
1.277616e-08
1.289418e-08
1.301257e-08
1.313129e-08
1.325032e-08
1.336960e-08
1.348911e-08
1.360880e-08
1.372864e-08
1.384859e-08
1.396862e-08
1.408868e-08
1.420874e-08
1.432877e-08
1.444873e-08
1.456858e-08
1.468829e-08
1.480783e-08
1.492717e-08
1.504626e-08
1.516508e-08
1.528360e-08
1.540178e-08
1.551959e-08
1.563700e-08
1.575399e-08
1.587052e-08
1.598656e-08
1.610209e-08
1.621707e-08
1.633149e-08
1.644530e-08
1.655850e-08
1.667105e-08
1.678292e-08
1.689410e-08
1.700456e-08
1.711427e-08
1.722321e-08
1.733137e-08
1.743871e-08
1.754522e-08
1.765088e-08
1.775566e-08
1.785956e-08
1.796254e-08
1.806459e-08
1.816569e-08
1.826583e-08
1.836498e-08
1.846313e-08
1.856027e-08
1.865637e-08
1.875143e-08
1.884542e-08
1.893834e-08
1.903016e-08
1.912089e-08
1.921049e-08
1.929896e-08
1.938628e-08
1.947245e-08
1.955744e-08
1.964126e-08
1.972388e-08
1.980529e-08
1.988550e-08
1.996447e-08
2.004220e-08
2.011869e-08
2.019392e-08
2.026788e-08
2.034056e-08
2.041196e-08
2.048206e-08
2.055085e-08
2.061832e-08
2.068447e-08
2.074929e-08
2.081277e-08
2.087489e-08
2.093566e-08
2.099506e-08
2.105308e-08
2.110972e-08
2.116497e-08
2.121882e-08
2.127126e-08
2.132230e-08
2.137191e-08
2.142009e-08
2.146683e-08
2.151214e-08
2.155599e-08
2.159839e-08
2.163933e-08
2.167880e-08
2.171680e-08
2.175331e-08
2.178834e-08
2.182188e-08
2.185392e-08
2.188446e-08
2.191349e-08
2.194101e-08
2.196701e-08
2.199149e-08
2.201445e-08
2.203587e-08
2.205577e-08
2.207413e-08
2.209095e-08
2.210622e-08
2.211996e-08
2.213214e-08
2.214278e-08
2.215187e-08
2.215942e-08
2.216541e-08
2.216984e-08
2.217273e-08
2.217407e-08
2.217386e-08
2.217210e-08
2.216880e-08
2.216395e-08
2.215756e-08
2.214963e-08
2.214017e-08
2.212918e-08
2.211666e-08
2.210263e-08
2.208708e-08
2.207002e-08
2.205146e-08
2.203141e-08
2.200987e-08
2.198686e-08
2.196237e-08
2.193643e-08
2.190904e-08
2.188021e-08
2.184995e-08
2.181828e-08
2.178521e-08
2.175074e-08
2.171490e-08
2.167770e-08
2.163915e-08
2.159926e-08
2.155806e-08
2.151556e-08
2.147177e-08
2.142672e-08
2.138042e-08
2.133289e-08
2.128414e-08
2.123420e-08
2.118309e-08
2.113082e-08
2.107743e-08
2.102292e-08
2.096732e-08
2.091065e-08
2.085294e-08
2.079420e-08
2.073447e-08
2.067376e-08
2.061209e-08
2.054950e-08
2.048600e-08
2.042162e-08
2.035639e-08
2.029033e-08
2.022346e-08
2.015581e-08
2.008741e-08
2.001828e-08
1.994845e-08
1.987794e-08
1.980678e-08
1.973499e-08
1.966261e-08
1.958965e-08
1.951615e-08
1.944213e-08
1.936761e-08
1.929263e-08
1.921720e-08
1.914136e-08
1.906512e-08
1.898851e-08
1.891157e-08
1.883430e-08
1.875675e-08
1.867892e-08
1.860086e-08
1.852257e-08
1.844408e-08
1.836542e-08
1.828661e-08
1.820767e-08
1.812862e-08
1.804948e-08
1.797028e-08
1.789104e-08
1.781177e-08
1.773249e-08
1.765323e-08
1.757400e-08
1.749482e-08
1.741571e-08
1.733668e-08
1.725776e-08
1.717895e-08
1.710028e-08
1.702175e-08
1.694338e-08
1.686519e-08
1.678719e-08
1.670938e-08
1.663179e-08
1.655442e-08
1.647729e-08
1.640040e-08
1.632376e-08
1.624739e-08
1.617129e-08
1.609546e-08
1.601993e-08
1.594468e-08
1.586974e-08
1.579509e-08
1.572076e-08
1.564674e-08
1.557304e-08
1.549967e-08
1.542661e-08
1.535389e-08
1.528149e-08
1.520942e-08
1.513769e-08
1.506629e-08
1.499523e-08
1.492450e-08
1.485410e-08
1.478403e-08
1.471430e-08
1.464490e-08
1.457583e-08
1.450709e-08
1.443868e-08
1.437059e-08
1.430282e-08
1.423537e-08
1.416824e-08
1.410143e-08
1.403492e-08
1.396873e-08
1.390284e-08
1.383725e-08
1.377196e-08
1.370697e-08
1.364227e-08
1.357787e-08
1.351375e-08
1.344992e-08
1.338636e-08
1.332309e-08
1.326010e-08
1.319738e-08
1.313493e-08
1.307276e-08
1.301086e-08
1.294922e-08
1.288785e-08
1.282675e-08
1.276591e-08
1.270533e-08
1.264503e-08
1.258498e-08
1.252521e-08
1.246570e-08
1.240646e-08
1.234749e-08
1.228879e-08
1.223036e-08
1.217222e-08
1.211435e-08
1.205677e-08
1.199948e-08
1.194248e-08
1.188578e-08
1.182938e-08
1.177329e-08
1.171752e-08
1.166206e-08
1.160694e-08
1.155215e-08
1.149770e-08
1.144361e-08
1.138988e-08
1.133651e-08
1.128353e-08
1.123093e-08
1.117873e-08
1.112694e-08
1.107557e-08
1.102462e-08
1.097412e-08
1.092408e-08
1.087450e-08
1.082539e-08
1.077678e-08
1.072867e-08
1.068107e-08
1.063400e-08
1.058747e-08
1.054150e-08
1.049610e-08
1.045128e-08
1.040706e-08
1.036345e-08
1.032046e-08
1.027811e-08
1.023642e-08
1.019539e-08
1.015504e-08
1.011539e-08
1.007645e-08
1.003823e-08
1.000074e-08
9.964009e-09
9.928040e-09
9.892847e-09
9.858444e-09
9.824845e-09
9.792061e-09
9.760105e-09
9.728990e-09
9.698726e-09
9.669325e-09
9.640799e-09
9.613157e-09
9.586411e-09
9.560569e-09
9.535642e-09
9.511638e-09
9.488566e-09
9.466433e-09
9.445247e-09
9.425015e-09
9.405743e-09
9.387437e-09
9.370101e-09
9.353741e-09
9.338360e-09
9.323962e-09
9.310548e-09
9.298122e-09
9.286683e-09
9.276233e-09
9.266772e-09
9.258298e-09
9.250811e-09
9.244307e-09
9.238783e-09
9.234237e-09
9.230662e-09
9.228055e-09
9.226408e-09
9.225715e-09
9.225968e-09
9.227160e-09
9.229280e-09
9.232319e-09
9.236266e-09
9.241110e-09
9.246838e-09
9.253437e-09
9.260895e-09
9.269195e-09
9.278323e-09
9.288263e-09
9.298999e-09
9.310511e-09
9.322784e-09
9.335797e-09
9.349531e-09
9.363966e-09
9.379081e-09
9.394854e-09
9.411262e-09
9.428284e-09
9.445896e-09
9.464073e-09
9.482790e-09
9.502023e-09
9.521746e-09
9.541932e-09
9.562554e-09
9.583585e-09
9.604997e-09
9.626762e-09
9.648851e-09
9.671235e-09
9.693883e-09
9.716767e-09
9.739856e-09
9.763118e-09
9.786523e-09
9.810040e-09
9.833638e-09
9.857283e-09
9.880945e-09
9.904590e-09
9.928187e-09
9.951703e-09
9.975105e-09
9.998360e-09
1.002144e-08
1.004430e-08
1.006691e-08
1.008925e-08
1.011128e-08
1.013296e-08
1.015426e-08
1.017515e-08
1.019560e-08
1.021557e-08
1.023504e-08
1.025396e-08
1.027231e-08
1.029005e-08
1.030715e-08
1.032359e-08
1.033932e-08
1.035433e-08
1.036857e-08
1.038202e-08
1.039465e-08
1.040643e-08
1.041733e-08
1.042731e-08
1.043636e-08
1.044445e-08
1.045154e-08
1.045761e-08
1.046263e-08
1.046658e-08
1.046944e-08
1.047117e-08
1.047175e-08
1.047116e-08
1.046938e-08
1.046638e-08
1.046215e-08
1.045665e-08
1.044987e-08
1.044180e-08
1.043240e-08
1.042166e-08
1.040957e-08
1.039610e-08
1.038125e-08
1.036498e-08
1.034730e-08
1.032818e-08
1.030761e-08
1.028557e-08
1.026206e-08
1.023706e-08
1.021057e-08
1.018257e-08
1.015304e-08
1.012200e-08
1.008942e-08
1.005530e-08
1.001963e-08
9.982404e-09
9.943623e-09
9.903281e-09
9.861374e-09
9.817898e-09
9.772853e-09
9.726237e-09
9.678050e-09
9.628292e-09
9.576965e-09
9.524070e-09
9.469609e-09
9.413587e-09
9.356006e-09
9.296873e-09
9.236192e-09
9.173970e-09
9.110213e-09
9.044928e-09
8.978125e-09
8.909812e-09
8.839998e-09
8.768694e-09
8.695910e-09
8.621659e-09
8.545951e-09
8.468800e-09
8.390219e-09
8.310221e-09
8.228822e-09
8.146037e-09
8.061880e-09
7.976368e-09
7.889518e-09
7.801347e-09
7.711872e-09
7.621112e-09
7.529085e-09
7.435811e-09
7.341309e-09
7.245599e-09
7.148702e-09
7.050638e-09
6.951429e-09
6.851097e-09
6.749663e-09
6.647149e-09
6.543580e-09
6.438977e-09
6.333364e-09
6.226765e-09
6.119204e-09
6.010705e-09
5.901292e-09
5.790991e-09
5.679826e-09
5.567823e-09
5.455006e-09
5.341402e-09
5.227037e-09
5.111936e-09
4.996125e-09
4.879630e-09
4.762479e-09
4.644697e-09
4.526310e-09
4.407346e-09
4.287831e-09
4.167792e-09
4.047254e-09
3.926247e-09
3.804794e-09
3.682925e-09
3.560665e-09
3.438040e-09
3.315078e-09
3.191805e-09
3.068248e-09
2.944433e-09
2.820386e-09
2.696133e-09
2.571701e-09
2.447115e-09
2.322401e-09
2.197585e-09
2.072693e-09
1.947749e-09
1.822779e-09
1.697807e-09
1.572858e-09
1.447958e-09
1.323129e-09
1.198396e-09
1.073784e-09
9.493140e-10
8.250111e-10
7.008978e-10
5.769969e-10
4.533308e-10
3.299216e-10
2.067913e-10
8.396133e-11
-3.854694e-11
-1.607126e-10
-2.825150e-10
-4.039339e-10
-5.249492e-10
-6.455413e-10
-7.656910e-10
-8.853791e-10
-1.004587e-09
-1.123297e-09
-1.241490e-09
-1.359149e-09
-1.476257e-09
-1.592797e-09
-1.708753e-09
-1.824107e-09
-1.938845e-09
-2.052951e-09
-2.166410e-09
-2.279207e-09
-2.391327e-09
-2.502757e-09
-2.613484e-09
-2.723492e-09
-2.832771e-09
-2.941307e-09
-3.049087e-09
-3.156100e-09
-3.262335e-09
-3.367780e-09
-3.472424e-09
-3.576257e-09
-3.679268e-09
-3.781447e-09
-3.882786e-09
-3.983274e-09
-4.082903e-09
-4.181664e-09
-4.279549e-09
-4.376550e-09
-4.472658e-09
-4.567868e-09
-4.662170e-09
-4.755559e-09
-4.848028e-09
-4.939571e-09
-5.030181e-09
-5.119852e-09
-5.208579e-09
-5.296358e-09
-5.383181e-09
-5.469046e-09
-5.553946e-09
-5.637877e-09
-5.720836e-09
-5.802818e-09
-5.883820e-09
-5.963836e-09
-6.042865e-09
-6.120903e-09
-6.197946e-09
-6.273992e-09
-6.349037e-09
-6.423079e-09
-6.496115e-09
-6.568143e-09
-6.639160e-09
-6.709165e-09
-6.778154e-09
-6.846126e-09
-6.913079e-09
-6.979011e-09
-7.043919e-09
-7.107804e-09
-7.170661e-09
-7.232491e-09
-7.293291e-09
-7.353060e-09
-7.411796e-09
-7.469498e-09
-7.526164e-09
-7.581793e-09
-7.636383e-09
-7.689933e-09
-7.742441e-09
-7.793906e-09
-7.844327e-09
-7.893701e-09
-7.942028e-09
-7.989305e-09
-8.035532e-09
-8.080706e-09
-8.124826e-09
-8.167891e-09
-8.209897e-09
-8.250845e-09
-8.290731e-09
-8.329553e-09
-8.367310e-09
-8.404000e-09
-8.439621e-09
-8.474170e-09
-8.507644e-09
-8.540043e-09
-8.571363e-09
-8.601601e-09
-8.630755e-09
-8.658823e-09
-8.685802e-09
-8.711688e-09
-8.736480e-09
-8.760173e-09
-8.782765e-09
-8.804253e-09
-8.824634e-09
-8.843903e-09
-8.862059e-09
-8.879096e-09
-8.895013e-09
-8.909804e-09
-8.923467e-09
-8.935998e-09
-8.947393e-09
-8.957648e-09
-8.966759e-09
-8.974722e-09
-8.981533e-09
-8.987189e-09
-8.991684e-09
-8.995016e-09
-8.997179e-09
-8.998170e-09
-8.997984e-09
-8.996617e-09
-8.994065e-09
-8.990324e-09
-8.985389e-09
-8.979256e-09
-8.971922e-09
-8.963382e-09
-8.953631e-09
-8.942666e-09
-8.930483e-09
-8.917078e-09
-8.902447e-09
-8.886586e-09
-8.869491e-09
-8.851159e-09
-8.831587e-09
-8.810770e-09
-8.788706e-09
-8.765392e-09
-8.740824e-09
-8.714999e-09
-8.687916e-09
-8.659571e-09
-8.629963e-09
-8.599088e-09
-8.566946e-09
-8.533535e-09
-8.498853e-09
-8.462899e-09
-8.425672e-09
-8.387172e-09
-8.347397e-09
-8.306349e-09
-8.264027e-09
-8.220433e-09
-8.175566e-09
-8.129428e-09
-8.082020e-09
-8.033346e-09
-7.983406e-09
-7.932204e-09
-7.879743e-09
-7.826027e-09
-7.771059e-09
-7.714844e-09
-7.657388e-09
-7.598694e-09
-7.538770e-09
-7.477621e-09
-7.415255e-09
-7.351679e-09
-7.286901e-09
-7.220929e-09
-7.153772e-09
-7.085440e-09
-7.015944e-09
-6.945293e-09
-6.873499e-09
-6.800575e-09
-6.726533e-09
-6.651385e-09
-6.575147e-09
-6.497832e-09
-6.419455e-09
-6.340033e-09
-6.259582e-09
-6.178119e-09
-6.095662e-09
-6.012229e-09
-5.927841e-09
-5.842515e-09
-5.756275e-09
-5.669140e-09
-5.581133e-09
-5.492276e-09
-5.402594e-09
-5.312111e-09
-5.220851e-09
-5.128841e-09
-5.036106e-09
-4.942675e-09
-4.848574e-09
-4.753834e-09
-4.658482e-09
-4.562550e-09
-4.466068e-09
-4.369067e-09
-4.271581e-09
-4.173642e-09
-4.075284e-09
-3.976541e-09
-3.877448e-09
-3.778041e-09
-3.678357e-09
-3.578432e-09
-3.478305e-09
-3.378014e-09
-3.277598e-09
-3.177096e-09
-3.076549e-09
-2.975997e-09
-2.875482e-09
-2.775046e-09
-2.674731e-09
-2.574581e-09
-2.474638e-09
-2.374947e-09
-2.275552e-09
-2.176497e-09
-2.077829e-09
-1.979592e-09
-1.881833e-09
-1.784598e-09
-1.687933e-09
-1.591885e-09
-1.496502e-09
-1.401831e-09
-1.307919e-09
-1.214815e-09
-1.122565e-09
-1.031218e-09
-9.408224e-10
-8.514258e-10
-7.630763e-10
-6.758222e-10
-5.897113e-10
-5.047917e-10
-4.211111e-10
-3.387173e-10
-2.576576e-10
-1.779793e-10
-9.972939e-11
-2.295449e-11
5.229908e-11
1.259854e-10
1.980588e-10
2.684744e-10
3.371875e-10
4.041541e-10
4.693306e-10
5.326742e-10
5.941426e-10
6.536943e-10
7.112883e-10
7.668847e-10
8.204439e-10
8.719277e-10
9.212983e-10
9.685189e-10
1.013554e-09
1.056368e-09
1.096929e-09
1.135202e-09
1.171156e-09
1.204761e-09
1.235988e-09
1.264807e-09
1.291192e-09
1.315117e-09
1.336558e-09
1.355491e-09
1.371895e-09
1.385748e-09
1.397032e-09
