1.408024e-05
1.409038e-05
1.409836e-05
1.410420e-05
1.410790e-05
1.410944e-05
1.410885e-05
1.410610e-05
1.410121e-05
1.409419e-05
1.408503e-05
1.407374e-05
1.406033e-05
1.404479e-05
1.402716e-05
1.400742e-05
1.398559e-05
1.396168e-05
1.393570e-05
1.390766e-05
1.387758e-05
1.384547e-05
1.381135e-05
1.377522e-05
1.373711e-05
1.369703e-05
1.365501e-05
1.361105e-05
1.356518e-05
1.351742e-05
1.346779e-05
1.341631e-05
1.336300e-05
1.330789e-05
1.325099e-05
1.319234e-05
1.313196e-05
1.306987e-05
1.300609e-05
1.294067e-05
1.287361e-05
1.280496e-05
1.273473e-05
1.266296e-05
1.258968e-05
1.251492e-05
1.243870e-05
1.236105e-05
1.228202e-05
1.220162e-05
1.211990e-05
1.203688e-05
1.195259e-05
1.186707e-05
1.178036e-05
1.169248e-05
1.160347e-05
1.151336e-05
1.142219e-05
1.132999e-05
1.123679e-05
1.114264e-05
1.104757e-05
1.095160e-05
1.085478e-05
1.075715e-05
1.065873e-05
1.055956e-05
1.045968e-05
1.035912e-05
1.025793e-05
1.015612e-05
1.005375e-05
9.950838e-06
9.847428e-06
9.743554e-06
9.639251e-06
9.534552e-06
9.429493e-06
9.324109e-06
9.218434e-06
9.112502e-06
9.006347e-06
8.900003e-06
8.793503e-06
8.686881e-06
8.580169e-06
8.473401e-06
8.366608e-06
8.259823e-06
8.153077e-06
8.046401e-06
7.939827e-06
7.833386e-06
7.727107e-06
7.621020e-06
7.515154e-06
7.409539e-06
7.304204e-06
7.199175e-06
7.094481e-06
6.990149e-06
6.886206e-06
6.782677e-06
6.679589e-06
6.576966e-06
6.474834e-06
6.373217e-06
6.272138e-06
6.171620e-06
6.071686e-06
5.972358e-06
5.873658e-06
5.775606e-06
5.678223e-06
5.581529e-06
5.485542e-06
5.390283e-06
5.295768e-06
5.202015e-06
5.109043e-06
5.016866e-06
4.925500e-06
4.834962e-06
4.745266e-06
4.656425e-06
4.568454e-06
4.481365e-06
4.395172e-06
4.309885e-06
4.225516e-06
4.142075e-06
4.059574e-06
3.978021e-06
3.897425e-06
3.817796e-06
3.739140e-06
3.661466e-06
3.584780e-06
3.509088e-06
3.434397e-06
3.360711e-06
3.288035e-06
3.216373e-06
3.145730e-06
3.076108e-06
3.007510e-06
2.939939e-06
2.873395e-06
2.807881e-06
2.743397e-06
2.679943e-06
2.617519e-06
2.556125e-06
2.495760e-06
2.436422e-06
2.378110e-06
2.320821e-06
2.264552e-06
2.209301e-06
2.155064e-06
2.101837e-06
2.049616e-06
1.998397e-06
1.948174e-06
1.898943e-06
1.850698e-06
1.803432e-06
1.757141e-06
1.711816e-06
1.667452e-06
1.624042e-06
1.581578e-06
1.540052e-06
1.499457e-06
1.459784e-06
1.421026e-06
1.383173e-06
1.346217e-06
1.310148e-06
1.274959e-06
1.240638e-06
1.207177e-06
1.174566e-06
1.142795e-06
1.111854e-06
1.081732e-06
1.052420e-06
1.023907e-06
9.961815e-07
9.692339e-07
9.430531e-07
9.176282e-07
8.929480e-07
8.690016e-07
8.457778e-07
8.232654e-07
8.014532e-07
7.803297e-07
7.598837e-07
7.401037e-07
7.209783e-07
7.024962e-07
6.846457e-07
6.674156e-07
6.507942e-07
6.347702e-07
6.193320e-07
6.044683e-07
5.901677e-07
5.764187e-07
5.632101e-07
5.505304e-07
5.383685e-07
5.267131e-07
5.155531e-07
5.048774e-07
4.946749e-07
4.849346e-07
4.756458e-07
4.667974e-07
4.583789e-07
4.503795e-07
4.427887e-07
4.355960e-07
4.287909e-07
4.223633e-07
4.163030e-07
4.105998e-07
4.052437e-07
4.002250e-07
3.955338e-07
3.911605e-07
3.870956e-07
3.833296e-07
3.798533e-07
3.766575e-07
3.737331e-07
3.710713e-07
3.686631e-07
3.665000e-07
3.645734e-07
3.628749e-07
3.613961e-07
3.601291e-07
3.590656e-07
3.581978e-07
3.575180e-07
3.570186e-07
3.566920e-07
3.565309e-07
3.565280e-07
3.566764e-07
3.569689e-07
3.573988e-07
3.579595e-07
3.586442e-07
3.594467e-07
3.603607e-07
3.613798e-07
3.624983e-07
3.637100e-07
3.650094e-07
3.663906e-07
3.678483e-07
3.693770e-07
3.709715e-07
3.726266e-07
3.743374e-07
3.760989e-07
3.779064e-07
3.797553e-07
3.816410e-07
3.835592e-07
3.855055e-07
3.874759e-07
3.894661e-07
3.914724e-07
3.934909e-07
3.955179e-07
3.975498e-07
3.995830e-07
4.016143e-07
4.036403e-07
4.056579e-07
4.076640e-07
4.096556e-07
4.116299e-07
4.135840e-07
4.155155e-07
4.174215e-07
4.192998e-07
4.211478e-07
4.229633e-07
4.247442e-07
4.264882e-07
4.281934e-07
4.298578e-07
4.314795e-07
4.330568e-07
4.345881e-07
4.360716e-07
4.375059e-07
4.388894e-07
4.402209e-07
4.414990e-07
4.427225e-07
4.438902e-07
4.450010e-07
4.460540e-07
4.470481e-07
4.479826e-07
4.488564e-07
4.496690e-07
4.504196e-07
4.511076e-07
4.517324e-07
4.522935e-07
4.527905e-07
4.532229e-07
4.535904e-07
4.538928e-07
4.541297e-07
4.543010e-07
4.544066e-07
4.544464e-07
4.544204e-07
4.543285e-07
4.541708e-07
4.539474e-07
4.536586e-07
4.533044e-07
4.528850e-07
4.524009e-07
4.518522e-07
4.512394e-07
4.505628e-07
4.498228e-07
4.490199e-07
4.481546e-07
4.472275e-07
4.462391e-07
4.451899e-07
4.440806e-07
4.429120e-07
4.416845e-07
4.403991e-07
4.390563e-07
4.376570e-07
4.362020e-07
4.346920e-07
4.331279e-07
4.315107e-07
4.298410e-07
4.281200e-07
4.263484e-07
4.245273e-07
4.226575e-07
4.207401e-07
4.187761e-07
4.167665e-07
4.147123e-07
4.126146e-07
4.104744e-07
4.082927e-07
4.060707e-07
4.038095e-07
4.015102e-07
3.991738e-07
3.968015e-07
3.943945e-07
3.919538e-07
3.894806e-07
3.869761e-07
3.844414e-07
3.818777e-07
3.792861e-07
3.766679e-07
3.740241e-07
3.713560e-07
3.686647e-07
3.659514e-07
3.632174e-07
3.604636e-07
3.576914e-07
3.549019e-07
3.520962e-07
3.492756e-07
3.464411e-07
3.435940e-07
3.407353e-07
3.378663e-07
3.349881e-07
3.321017e-07
3.292084e-07
3.263092e-07
3.234052e-07
3.204976e-07
3.175874e-07
3.146756e-07
3.117635e-07
3.088519e-07
3.059420e-07
3.030348e-07
3.001313e-07
2.972324e-07
2.943393e-07
2.914529e-07
2.885740e-07
2.857038e-07
2.828431e-07
2.799928e-07
2.771538e-07
2.743270e-07
2.715133e-07
2.687135e-07
2.659285e-07
2.631591e-07
2.604060e-07
2.576701e-07
2.549521e-07
2.522527e-07
2.495727e-07
2.469128e-07
2.442736e-07
2.416559e-07
2.390603e-07
2.364873e-07
2.339376e-07
2.314118e-07
2.289105e-07
2.264342e-07
2.239833e-07
2.215585e-07
2.191602e-07
2.167889e-07
2.144450e-07
2.121289e-07
2.098410e-07
2.075817e-07
2.053515e-07
2.031505e-07
2.009791e-07
1.988377e-07
1.967264e-07
1.946457e-07
1.925956e-07
1.905764e-07
1.885883e-07
1.866315e-07
1.847062e-07
1.828124e-07
1.809504e-07
1.791201e-07
1.773217e-07
1.755552e-07
1.738207e-07
1.721183e-07
1.704478e-07
1.688094e-07
1.672029e-07
1.656284e-07
1.640857e-07
1.625748e-07
1.610956e-07
1.596480e-07
1.582319e-07
1.568470e-07
1.554934e-07
1.541707e-07
1.528788e-07
1.516175e-07
1.503866e-07
1.491859e-07
1.480151e-07
1.468739e-07
1.457622e-07
1.446796e-07
1.436258e-07
1.426005e-07
1.416035e-07
1.406344e-07
1.396929e-07
1.387785e-07
1.378911e-07
1.370302e-07
1.361955e-07
1.353866e-07
1.346031e-07
1.338446e-07
1.331107e-07
1.324010e-07
1.317152e-07
1.310527e-07
1.304133e-07
1.297964e-07
1.292016e-07
1.286286e-07
1.280768e-07
1.275458e-07
1.270352e-07
1.265446e-07
1.260734e-07
1.256213e-07
1.251878e-07
1.247725e-07
1.243748e-07
1.239944e-07
1.236308e-07
1.232835e-07
1.229521e-07
1.226362e-07
1.223352e-07
1.220488e-07
1.217765e-07
1.215178e-07
1.212723e-07
1.210396e-07
1.208193e-07
1.206108e-07
1.204139e-07
1.202279e-07
1.200526e-07
1.198875e-07
1.197322e-07
1.195863e-07
1.194493e-07
1.193210e-07
1.192008e-07
1.190884e-07
1.189834e-07
1.188855e-07
1.187942e-07
1.187092e-07
1.186301e-07
1.185566e-07
1.184884e-07
1.184250e-07
1.183662e-07
1.183116e-07
1.182610e-07
1.182139e-07
1.181700e-07
1.181292e-07
1.180910e-07
1.180552e-07
1.180216e-07
1.179898e-07
1.179595e-07
1.179306e-07
1.179027e-07
1.178756e-07
1.178491e-07
1.178230e-07
1.177970e-07
1.177708e-07
1.177444e-07
1.177175e-07
1.176899e-07
1.176613e-07
1.176317e-07
1.176009e-07
1.175686e-07
1.175347e-07
1.174991e-07
1.174617e-07
1.174222e-07
1.173805e-07
1.173366e-07
1.172902e-07
1.172413e-07
1.171897e-07
1.171355e-07
1.170783e-07
1.170182e-07
1.169551e-07
1.168889e-07
1.168195e-07
1.167469e-07
1.166709e-07
1.165916e-07
1.165087e-07
1.164225e-07
1.163326e-07
1.162392e-07
1.161422e-07
1.160415e-07
1.159371e-07
1.158290e-07
1.157172e-07
1.156017e-07
1.154824e-07
1.153593e-07
1.152324e-07
1.151018e-07
1.149674e-07
1.148292e-07
1.146872e-07
1.145415e-07
1.143920e-07
1.142388e-07
1.140819e-07
1.139213e-07
1.137570e-07
1.135891e-07
1.134175e-07
1.132424e-07
1.130636e-07
1.128814e-07
1.126956e-07
1.125064e-07
1.123137e-07
1.121176e-07
1.119182e-07
1.117155e-07
1.115095e-07
1.113003e-07
1.110879e-07
1.108723e-07
1.106537e-07
1.104320e-07
1.102073e-07
1.099796e-07
1.097491e-07
1.095157e-07
1.092795e-07
1.090405e-07
1.087988e-07
1.085545e-07
1.083076e-07
1.080581e-07
1.078061e-07
1.075516e-07
1.072948e-07
1.070356e-07
1.067741e-07
1.065104e-07
1.062445e-07
1.059764e-07
1.057063e-07
1.054341e-07
1.051600e-07
1.048838e-07
1.046059e-07
1.043261e-07
1.040445e-07
1.037611e-07
1.034761e-07
1.031895e-07
1.029013e-07
1.026116e-07
1.023204e-07
1.020277e-07
1.017337e-07
1.014384e-07
1.011418e-07
1.008439e-07
1.005449e-07
1.002447e-07
9.994348e-08
9.964120e-08
9.933794e-08
9.903374e-08
9.872864e-08
9.842271e-08
9.811598e-08
9.780850e-08
9.750032e-08
9.719148e-08
9.688204e-08
9.657204e-08
9.626153e-08
9.595055e-08
9.563915e-08
9.532737e-08
9.501526e-08
9.470288e-08
9.439025e-08
9.407743e-08
9.376447e-08
9.345141e-08
9.313829e-08
9.282517e-08
9.251207e-08
9.219906e-08
9.188617e-08
9.157346e-08
9.126095e-08
9.094870e-08
9.063676e-08
9.032515e-08
9.001394e-08
8.970316e-08
8.939286e-08
8.908307e-08
8.877385e-08
8.846523e-08
8.815725e-08
8.784996e-08
8.754340e-08
8.723761e-08
8.693264e-08
8.662851e-08
8.632527e-08
8.602297e-08
8.572163e-08
8.542131e-08
8.512203e-08
8.482384e-08
8.452677e-08
8.423085e-08
8.393614e-08
8.364265e-08
8.335043e-08
8.305950e-08
8.276991e-08
8.248169e-08
8.219487e-08
8.190947e-08
8.162553e-08
8.134309e-08
8.106216e-08
8.078278e-08
8.050497e-08
8.022876e-08
7.995418e-08
7.968125e-08
7.940999e-08
7.914043e-08
7.887258e-08
7.860647e-08
7.834212e-08
7.807954e-08
7.781876e-08
7.755978e-08
7.730262e-08
7.704730e-08
7.679383e-08
7.654222e-08
7.629247e-08
7.604460e-08
7.579862e-08
7.555453e-08
7.531234e-08
7.507204e-08
7.483365e-08
7.459716e-08
7.436257e-08
7.412988e-08
7.389909e-08
7.367020e-08
7.344319e-08
7.321806e-08
7.299481e-08
7.277342e-08
7.255388e-08
7.233618e-08
7.212030e-08
7.190624e-08
7.169398e-08
7.148349e-08
7.127476e-08
7.106777e-08
7.086250e-08
7.065893e-08
7.045703e-08
7.025678e-08
7.005815e-08
6.986111e-08
6.966565e-08
6.947172e-08
6.927930e-08
6.908836e-08
6.889887e-08
6.871078e-08
6.852408e-08
6.833872e-08
6.815466e-08
6.797188e-08
6.779033e-08
6.760998e-08
6.743079e-08
6.725271e-08
6.707572e-08
6.689976e-08
6.672479e-08
6.655078e-08
6.637769e-08
6.620546e-08
6.603406e-08
6.586345e-08
6.569357e-08
6.552440e-08
6.535588e-08
6.518796e-08
6.502061e-08
6.485379e-08
6.468744e-08
6.452153e-08
6.435600e-08
6.419082e-08
6.402595e-08
6.386133e-08
6.369693e-08
6.353271e-08
6.336861e-08
6.320461e-08
6.304065e-08
6.287671e-08
6.271273e-08
6.254868e-08
6.238452e-08
6.222022e-08
6.205573e-08
6.189101e-08
6.172604e-08
6.156078e-08
6.139520e-08
6.122925e-08
6.106292e-08
6.089616e-08
6.072895e-08
6.056127e-08
6.039308e-08
6.022435e-08
6.005507e-08
5.988521e-08
5.971474e-08
5.954365e-08
5.937191e-08
5.919951e-08
5.902644e-08
5.885266e-08
5.867818e-08
5.850297e-08
5.832703e-08
5.815034e-08
5.797291e-08
5.779471e-08
5.761575e-08
5.743602e-08
5.725552e-08
5.707425e-08
5.689221e-08
5.670941e-08
5.652583e-08
5.634150e-08
5.615642e-08
5.597060e-08
5.578405e-08
5.559677e-08
5.540879e-08
5.522012e-08
5.503077e-08
5.484076e-08
5.465011e-08
5.445885e-08
5.426699e-08
5.407456e-08
5.388158e-08
5.368809e-08
5.349410e-08
5.329965e-08
5.310478e-08
5.290950e-08
5.271385e-08
5.251788e-08
5.232161e-08
5.212509e-08
5.192834e-08
5.173142e-08
5.153436e-08
5.133719e-08
5.113998e-08
5.094275e-08
5.074556e-08
5.054845e-08
5.035146e-08
5.015465e-08
4.995806e-08
4.976174e-08
4.956574e-08
4.937011e-08
4.917491e-08
4.898017e-08
4.878596e-08
4.859233e-08
4.839934e-08
4.820702e-08
4.801545e-08
4.782467e-08
4.763473e-08
4.744570e-08
4.725763e-08
4.707057e-08
4.688457e-08
4.669970e-08
4.651601e-08
4.633354e-08
4.615237e-08
4.597254e-08
4.579410e-08
4.561712e-08
4.544164e-08
4.526772e-08
4.509541e-08
4.492477e-08
4.475584e-08
4.458868e-08
4.442334e-08
4.425987e-08
4.409832e-08
4.393875e-08
4.378119e-08
4.362569e-08
4.347231e-08
4.332108e-08
4.317206e-08
4.302528e-08
4.288079e-08
4.273863e-08
4.259885e-08
4.246148e-08
4.232655e-08
4.219412e-08
4.206421e-08
4.193685e-08
4.181209e-08
4.168995e-08
4.157047e-08
4.145366e-08
4.133958e-08
4.122823e-08
4.111964e-08
4.101384e-08
4.091085e-08
4.081069e-08
4.071338e-08
4.061894e-08
4.052738e-08
4.043871e-08
4.035296e-08
4.027012e-08
4.019022e-08
4.011325e-08
4.003922e-08
3.996814e-08
3.990002e-08
3.983484e-08
3.977261e-08
3.971333e-08
3.965700e-08
3.960360e-08
3.955314e-08
3.950559e-08
3.946095e-08
3.941921e-08
3.938036e-08
3.934436e-08
3.931122e-08
3.928091e-08
3.925340e-08
3.922868e-08
3.920672e-08
3.918749e-08
3.917097e-08
3.915713e-08
3.914593e-08
3.913734e-08
3.913133e-08
3.912787e-08
3.912691e-08
3.912842e-08
3.913236e-08
3.913869e-08
3.914735e-08
3.915832e-08
3.917153e-08
3.918696e-08
3.920454e-08
3.922422e-08
3.924597e-08
3.926972e-08
3.929541e-08
3.932301e-08
3.935245e-08
3.938367e-08
3.941661e-08
3.945123e-08
3.948745e-08
3.952522e-08
3.956447e-08
3.960515e-08
3.964719e-08
3.969052e-08
3.973509e-08
3.978082e-08
3.982765e-08
3.987552e-08
3.992435e-08
3.997407e-08
4.002463e-08
4.007595e-08
4.012796e-08
4.018059e-08
4.023378e-08
4.028745e-08
4.034153e-08
4.039595e-08
4.045064e-08
4.050553e-08
4.056056e-08
4.061564e-08
4.067070e-08
4.072569e-08
4.078052e-08
4.083513e-08
4.088945e-08
4.094340e-08
4.099692e-08
4.104993e-08
4.110238e-08
4.115418e-08
4.120528e-08
4.125560e-08
4.130508e-08
4.135365e-08
4.140125e-08
4.144781e-08
4.149327e-08
4.153756e-08
4.158062e-08
4.162239e-08
4.166280e-08
4.170181e-08
4.173934e-08
4.177534e-08
4.180976e-08
4.184253e-08
4.187360e-08
4.190293e-08
4.193045e-08
4.195611e-08
4.197986e-08
4.200166e-08
4.202145e-08
4.203920e-08
4.205485e-08
4.206835e-08
4.207968e-08
4.208878e-08
4.209562e-08
4.210016e-08
4.210235e-08
4.210218e-08
4.209959e-08
4.209456e-08
4.208706e-08
4.207707e-08
4.206454e-08
4.204945e-08
4.203179e-08
4.201153e-08
4.198864e-08
4.196310e-08
4.193491e-08
4.190403e-08
4.187046e-08
4.183419e-08
4.179520e-08
4.175347e-08
4.170901e-08
4.166181e-08
4.161186e-08
4.155916e-08
4.150371e-08
4.144550e-08
4.138454e-08
4.132083e-08
4.125438e-08
4.118519e-08
4.111328e-08
4.103864e-08
4.096130e-08
4.088126e-08
4.079854e-08
4.071316e-08
4.062513e-08
4.053448e-08
4.044122e-08
4.034537e-08
4.024696e-08
4.014602e-08
4.004257e-08
3.993664e-08
3.982825e-08
3.971745e-08
3.960425e-08
3.948870e-08
3.937082e-08
3.925066e-08
3.912826e-08
3.900364e-08
3.887684e-08
3.874792e-08
3.861691e-08
3.848385e-08
3.834879e-08
3.821178e-08
3.807284e-08
3.793205e-08
3.778943e-08
3.764505e-08
3.749894e-08
3.735116e-08
3.720176e-08
3.705080e-08
3.689831e-08
3.674437e-08
3.658901e-08
3.643229e-08
3.627427e-08
3.611501e-08
3.595455e-08
3.579296e-08
3.563028e-08
3.546658e-08
3.530191e-08
3.513633e-08
3.496990e-08
3.480267e-08
3.463470e-08
3.446605e-08
3.429677e-08
3.412692e-08
3.395656e-08
3.378575e-08
3.361454e-08
3.344300e-08
3.327117e-08
3.309911e-08
3.292688e-08
3.275453e-08
3.258212e-08
3.240971e-08
3.223735e-08
3.206509e-08
3.189298e-08
3.172108e-08
3.154945e-08
3.137812e-08
3.120716e-08
3.103661e-08
3.086652e-08
3.069695e-08
3.052793e-08
3.035951e-08
3.019175e-08
3.002469e-08
2.985836e-08
2.969282e-08
2.952811e-08
2.936427e-08
2.920133e-08
2.903934e-08
2.887833e-08
2.871835e-08
2.855943e-08
2.840160e-08
2.824489e-08
2.808935e-08
2.793500e-08
2.778187e-08
2.762998e-08
2.747938e-08
2.733008e-08
2.718211e-08
2.703550e-08
2.689026e-08
2.674642e-08
2.660400e-08
2.646302e-08
2.632349e-08
2.618544e-08
2.604887e-08
2.591381e-08
2.578025e-08
2.564823e-08
2.551774e-08
2.538879e-08
2.526140e-08
2.513556e-08
2.501129e-08
2.488859e-08
2.476746e-08
2.464791e-08
2.452992e-08
2.441351e-08
2.429867e-08
2.418540e-08
2.407370e-08
2.396355e-08
2.385496e-08
2.374791e-08
2.364240e-08
2.353842e-08
2.343596e-08
2.333500e-08
2.323554e-08
2.313756e-08
2.304105e-08
2.294599e-08
2.285238e-08
2.276018e-08
2.266939e-08
2.257998e-08
2.249195e-08
2.240526e-08
2.231991e-08
2.223586e-08
2.215310e-08
2.207161e-08
2.199136e-08
2.191234e-08
2.183451e-08
2.175786e-08
2.168236e-08
2.160799e-08
2.153473e-08
2.146254e-08
2.139140e-08
2.132130e-08
2.125220e-08
2.118407e-08
2.111690e-08
2.105065e-08
2.098531e-08
2.092084e-08
2.085721e-08
2.079442e-08
2.073241e-08
2.067118e-08
2.061070e-08
2.055094e-08
2.049187e-08
2.043347e-08
2.037572e-08
2.031859e-08
2.026206e-08
2.020610e-08
2.015069e-08
2.009581e-08
2.004143e-08
1.998753e-08
1.993409e-08
1.988109e-08
1.982851e-08
1.977632e-08
1.972451e-08
1.967305e-08
1.962193e-08
1.957113e-08
1.952063e-08
1.947042e-08
1.942046e-08
1.937076e-08
1.932129e-08
1.927204e-08
1.922300e-08
1.917414e-08
1.912546e-08
1.907694e-08
1.902858e-08
1.898035e-08
1.893226e-08
1.888428e-08
1.883641e-08
1.878864e-08
1.874096e-08
1.869337e-08
1.864585e-08
1.859840e-08
1.855101e-08
1.850368e-08
1.845640e-08
1.840916e-08
1.836198e-08
1.831482e-08
1.826771e-08
1.822063e-08
1.817358e-08
1.812656e-08
1.807957e-08
1.803261e-08
1.798567e-08
1.793876e-08
1.789188e-08
1.784502e-08
1.779819e-08
1.775139e-08
1.770462e-08
1.765789e-08
1.761119e-08
1.756452e-08
1.751789e-08
1.747131e-08
1.742476e-08
1.737826e-08
1.733181e-08
1.728541e-08
1.723907e-08
1.719277e-08
1.714654e-08
1.710037e-08
1.705426e-08
1.700822e-08
1.696224e-08
1.691634e-08
1.687050e-08
1.682474e-08
1.677906e-08
1.673345e-08
1.668792e-08
1.664246e-08
1.659708e-08
1.655178e-08
1.650656e-08
1.646141e-08
1.641634e-08
1.637134e-08
1.632641e-08
1.628155e-08
1.623676e-08
1.619203e-08
1.614735e-08
1.610273e-08
1.605816e-08
1.601363e-08
1.596913e-08
1.592466e-08
1.588022e-08
1.583579e-08
1.579136e-08
1.574693e-08
1.570249e-08
1.565802e-08
1.561352e-08
1.556897e-08
1.552436e-08
1.547968e-08
1.543491e-08
1.539004e-08
1.534506e-08
1.529995e-08
1.525469e-08
1.520927e-08
1.516368e-08
1.511788e-08
1.507187e-08
1.502562e-08
1.497912e-08
1.493235e-08
1.488528e-08
1.483789e-08
1.479017e-08
1.474209e-08
1.469363e-08
1.464477e-08
1.459548e-08
1.454574e-08
1.449552e-08
1.444481e-08
1.439357e-08
1.434179e-08
1.428943e-08
1.423647e-08
1.418289e-08
1.412865e-08
1.407375e-08
1.401813e-08
1.396180e-08
1.390470e-08
1.384683e-08
1.378815e-08
1.372863e-08
1.366826e-08
1.360700e-08
1.354483e-08
1.348172e-08
1.341765e-08
1.335259e-08
1.328652e-08
1.321941e-08
1.315124e-08
1.308198e-08
1.301161e-08
1.294011e-08
1.286745e-08
1.279361e-08
1.271857e-08
1.264232e-08
1.256481e-08
1.248605e-08
1.240601e-08
1.232466e-08
1.224200e-08
1.215800e-08
1.207265e-08
1.198594e-08
1.189784e-08
1.180835e-08
1.171745e-08
1.162512e-08
1.153137e-08
1.143617e-08
1.133953e-08
1.124142e-08
1.114185e-08
1.104080e-08
1.093828e-08
1.083428e-08
1.072879e-08
1.062182e-08
1.051336e-08
1.040341e-08
1.029198e-08
1.017907e-08
1.006469e-08
9.948827e-09
9.831502e-09
9.712720e-09
9.592488e-09
9.470818e-09
9.347720e-09
9.223207e-09
9.097293e-09
8.969991e-09
8.841320e-09
8.711295e-09
8.579935e-09
8.447260e-09
8.313290e-09
8.178048e-09
8.041556e-09
7.903839e-09
7.764922e-09
7.624831e-09
7.483595e-09
7.341240e-09
7.197798e-09
7.053299e-09
6.907775e-09
6.761257e-09
6.613780e-09
6.465378e-09
6.316087e-09
6.165943e-09
6.014982e-09
5.863244e-09
5.710766e-09
5.557589e-09
5.403752e-09
5.249297e-09
5.094265e-09
4.938698e-09
4.782640e-09
4.626133e-09
4.469221e-09
4.311949e-09
4.154362e-09
3.996505e-09
3.838423e-09
3.680163e-09
3.521771e-09
3.363293e-09
3.204776e-09
3.046268e-09
2.887814e-09
2.729463e-09
2.571261e-09
2.413256e-09
2.255495e-09
2.098025e-09
1.940893e-09
1.784147e-09
1.627834e-09
1.471999e-09
1.316689e-09
1.161951e-09
1.007829e-09
8.543705e-10
7.016195e-10
5.496207e-10
3.984185e-10
2.480565e-10
9.857797e-11
-4.997446e-11
-1.975587e-10
-3.441332e-10
-4.896572e-10
-6.340905e-10
-7.773935e-10
-9.195275e-10
-1.060454e-09
-1.200137e-09
-1.338539e-09
-1.475624e-09
-1.611357e-09
-1.745705e-09
-1.878635e-09
-2.010113e-09
-2.140109e-09
-2.268592e-09
-2.395533e-09
-2.520902e-09
-2.644672e-09
-2.766817e-09
-2.887309e-09
-3.006126e-09
-3.123242e-09
-3.238634e-09
-3.352281e-09
-3.464162e-09
-3.574256e-09
-3.682544e-09
-3.789008e-09
-3.893632e-09
-3.996398e-09
-4.097291e-09
-4.196297e-09
-4.293403e-09
-4.388595e-09
-4.481863e-09
-4.573195e-09
-4.662581e-09
-4.750012e-09
-4.835480e-09
-4.918977e-09
-5.000498e-09
-5.080034e-09
-5.157582e-09
-5.233138e-09
-5.306696e-09
-5.378254e-09
-5.447810e-09
-5.515362e-09
-5.580908e-09
-5.644448e-09
-5.705981e-09
-5.765508e-09
-5.823030e-09
-5.878548e-09
-5.932063e-09
-5.983577e-09
-6.033094e-09
-6.080615e-09
-6.126144e-09
-6.169683e-09
-6.211237e-09
-6.250808e-09
-6.288401e-09
-6.324019e-09
-6.357667e-09
-6.389348e-09
-6.419066e-09
-6.446825e-09
-6.472630e-09
-6.496484e-09
-6.518391e-09
-6.538354e-09
-6.556376e-09
-6.572462e-09
-6.586614e-09
-6.598834e-09
-6.609125e-09
-6.617489e-09
-6.623927e-09
-6.628442e-09
-6.631033e-09
-6.631702e-09
-6.630448e-09
-6.627270e-09
-6.622168e-09
-6.615141e-09
-6.606185e-09
-6.595299e-09
-6.582479e-09
-6.567721e-09
-6.551021e-09
-6.532374e-09
-6.511774e-09
-6.489215e-09
-6.464689e-09
-6.438189e-09
-6.409707e-09
-6.379233e-09
-6.346757e-09
-6.312270e-09
-6.275760e-09
-6.237215e-09
-6.196623e-09
-6.153970e-09
-6.109243e-09
-6.062427e-09
-6.013506e-09
-5.962465e-09
-5.909288e-09
-5.853957e-09
-5.796454e-09
-5.736761e-09
-5.674859e-09
-5.610729e-09
-5.544351e-09
-5.475703e-09
-5.404765e-09
-5.331516e-09
-5.255933e-09
-5.177994e-09
-5.097677e-09
-5.014958e-09
-4.929813e-09
-4.842220e-09
-4.752155e-09
-4.659592e-09
-4.564508e-09
-4.466879e-09
-4.366680e-09
-4.263887e-09
-4.158474e-09
-4.050418e-09
-3.939693e-09
-3.826277e-09
-3.710144e-09
-3.591271e-09
-3.469635e-09
-3.345212e-09
-3.217978e-09
-3.087913e-09
-2.954993e-09
-2.819198e-09
-2.680507e-09
-2.538899e-09
-2.394355e-09
-2.246856e-09
-2.096385e-09
-1.942924e-09
-1.786457e-09
-1.626970e-09
-1.464447e-09
-1.298875e-09
-1.130244e-09
-9.585409e-10
-7.837576e-10
-6.058855e-10
-4.249175e-10
-2.408481e-10
-5.367333e-11
1.366095e-10
3.300015e-10
5.265021e-10
7.261092e-10
9.288188e-10
1.134625e-09
1.343522e-09
1.555498e-09
1.770545e-09
1.988647e-09
2.209792e-09
2.433961e-09
2.661135e-09
2.891295e-09
3.124417e-09
3.360475e-09
3.599443e-09
3.841290e-09
4.085986e-09
4.333496e-09
4.583783e-09
4.836811e-09
5.092537e-09
5.350919e-09
5.611911e-09
5.875466e-09
6.141533e-09
6.410060e-09
6.680992e-09
6.954272e-09
7.229840e-09
7.507634e-09
7.787591e-09
8.069642e-09
8.353719e-09
8.639751e-09
8.927664e-09
9.217382e-09
9.508825e-09
9.801915e-09
1.009657e-08
1.039270e-08
1.069022e-08
1.098903e-08
1.128906e-08
1.159021e-08
1.189237e-08
1.219545e-08
1.249935e-08
1.280397e-08
1.310921e-08
1.341495e-08
1.372110e-08
1.402754e-08
1.433415e-08
1.464084e-08
1.494748e-08
1.525396e-08
1.556015e-08
1.586595e-08
1.617123e-08
1.647587e-08
1.677975e-08
1.708275e-08
1.738473e-08
1.768557e-08
1.798515e-08
1.828334e-08
1.858001e-08
1.887504e-08
1.916828e-08
1.945962e-08
1.974893e-08
2.003606e-08
2.032089e-08
2.060330e-08
2.088314e-08
2.116029e-08
2.143462e-08
2.170600e-08
2.197429e-08
2.223937e-08
2.250110e-08
2.275937e-08
2.301403e-08
2.326496e-08
2.351204e-08
2.375515e-08
2.399414e-08
2.422891e-08
2.445934e-08
2.468529e-08
2.490665e-08
2.512331e-08
2.533514e-08
2.554204e-08
2.574389e-08
2.594058e-08
2.613200e-08
2.631804e-08
2.649861e-08
2.667359e-08
2.684289e-08
2.700641e-08
2.716406e-08
2.731575e-08
2.746138e-08
2.760086e-08
2.773412e-08
2.786107e-08
2.798163e-08
2.809574e-08
2.820330e-08
2.830427e-08
2.839856e-08
2.848612e-08
2.856690e-08
2.864082e-08
2.870784e-08
2.876792e-08
2.882100e-08
2.886704e-08
2.890600e-08
2.893786e-08
2.896257e-08
2.898012e-08
2.899047e-08
2.899361e-08
2.898952e-08
2.897819e-08
2.895961e-08
2.893377e-08
2.890068e-08
2.886033e-08
2.881274e-08
2.875791e-08
2.869587e-08
2.862662e-08
2.855019e-08
2.846661e-08
2.837590e-08
2.827811e-08
2.817326e-08
2.806140e-08
