number of elements: 9778
number of scatterers: 8
number of waves: 302
number of Gauss points: 1
assembly time (mins): 1.629295019308726
Cext avg: 3.3251737604450595e-06
Csca avg: 3.105891974913811e-06
Cbsca avg: 1.8460988811019837e-06
g avg: 0.594595802960213
w avg: 0.9329687709419575
solver time phi (mins): [[48.314293618996935, 49.5604368408521, 49.11952647765477, 49.697081971168515, 48.67373596827189, 49.64852600097656, 48.58765080372493, 49.31891514062882, 48.592228885491686, 49.8174548069636, 47.8427478035291, 48.17237669626872, 48.881409275531766, 48.66579832235972, 48.447960730393724, 48.31494795481364, 49.13030427296956, 48.84747672875722, 48.41921132008235, 47.91212793588638, 48.39679203828176, 48.4131640235583, 48.4511639714241, 48.66427291631699, 49.34523610273997, 49.808611154556274, 48.4004856189092, 48.477342462539674, 48.594689921538034, 48.338062993685405, 47.516703542073564, 47.34858487447103, 49.51381626923879, 49.23239357074102, 48.12341107130051, 49.59580826361974, 49.00696346362432, 48.645445009072624, 48.36491195360819, 48.691641175746916, 47.66928685506185, 48.96155382394791, 48.53224196036657, 48.712752842903136, 49.12023123900096, 49.238157614072165, 48.247103130817415, 47.286810739835104, 49.50639311869939, 49.0251550634702, 48.52818135023117, 48.272808241844174, 48.2913002093633, 47.925250299771626, 47.78238223791122, 47.23519752422968, 48.74295792977015, 49.66649126211802, 49.19562974770864, 47.822107489903765, 49.162553723653154, 48.95511418183644, 47.883840545018515, 48.8548028588295, 49.23340675830841, 49.54656945466995, 48.77739666302999, 48.87970316807429, 48.00949727296829, 48.90352437098821, 48.00227828820547, 47.815221834182736, 49.00321006377538, 49.606095254421234, 47.92426793177923, 48.19868458112081, 49.469937006632485, 49.10787667036057, 48.86055866082509, 48.4830748518308, 48.35260780652364, 47.8549902677536, 46.448001341025034, 46.91683466434479, 47.73158137400945, 48.35719281037648, 46.40063869158427, 47.24909023046494, 48.71450842221578, 49.26999671856562, 49.0784104625384, 49.76801533699036, 47.35078585942586, 48.674095304807025, 48.127678946654, 48.09523373047511, 48.962536267439525, 49.13040031194687, 49.40944406588872, 48.94160458246867, 49.01524315277735, 48.920585469404855, 47.66469659407934, 48.422068774700165, 49.18326775630315, 49.14505849679311, 49.020740588506065, 49.51830627520879, 48.470021132628126, 49.80714435974757, 47.60952177842458, 49.545742499828336, 48.66601652304332, 48.73905352751414, 48.242059735457104, 48.38001527388891, 48.091351668039955, 49.35141459306081, 48.29923075437546, 49.051379561424255, 48.94956823984782, 48.600864152113594, 48.70904842615128, 48.66771578391393, 49.25711740255356, 48.985543171564736, 48.35236497720083, 48.87739573717117, 50.33771285613378, 49.3172506014506, 48.552075854937236, 49.60576304594676, 48.91800042390823, 48.946869146823886, 49.56665347019831, 49.67238414684932, 48.203703395525615, 48.62464398940404, 48.85363539059957, 49.15349138180415, 49.5575492421786, 48.83198055028915, 48.48862427870433, 49.060189390182494, 49.295372462272645, 49.40784376859665, 48.276132583618164, 48.52735239267349, 48.531308488051096, 47.92674269676208, 48.68120219707489, 47.612532556056976, 48.57136192719142, 48.76998915672302, 48.88200116157532, 49.301458076635996, 49.14443036317825, 48.78651498158773, 49.16402108271917, 49.2149773756663, 47.55818948348363, 48.03481875658035, 48.51211949984233, 47.735778800646465, 48.01818070411682, 48.048194940884905, 48.45768790245056, 49.03295524120331, 46.59360676209132, 47.62232134342194, 48.17114799420039, 48.51029567321142, 47.848660894234975, 47.54130754073461, 48.00575448274613, 48.28670406341553, 48.40554713010788, 48.5338388244311, 48.117892416318256, 48.107415910561876, 48.42339602708817, 49.45717235803604, 48.58212413787842, 49.37914449373881, 48.50617572069168, 49.41410801808039, 49.64492102861404, 49.613210527102154, 49.0335811495781, 48.613211099306746, 48.0417262395223, 48.543205046653746, 47.76860689322154, 48.76798822879791, 47.97921481529872, 48.944430689016976, 47.93751250505447, 47.73518628676732, 47.72457136710485, 48.57228198448817, 48.80136732260386, 48.78661904732386, 47.95525472164154, 48.36278574069341, 48.49251489639282, 49.66573855876923, 48.94696212212245, 48.924486760298414, 49.71615804036458, 49.092353661855064, 48.48904890219371, 48.928291368484494, 48.27161101897558, 48.458063526948294, 47.68483687241872, 47.98746743202209, 49.52842504183452, 49.25466428995132, 48.2178496837616, 48.52935010592143, 48.83592933813731, 49.155606456597646, 48.35388548374176, 49.71296803951263, 48.55404683748881, 48.431459629535674, 48.92127698262532, 48.830844231446584, 48.457083868980405, 48.326391371091205, 49.341576719284056, 49.90491468509038, 48.92084513902664, 48.40349822044372, 48.104796357949574, 49.12419924736023, 47.69543453454971, 48.80008324782054, 47.84643603563309, 49.67754855950673, 39.833359917004906, 40.04337448676427, 39.88148398399353, 39.69501994848251, 40.14164911111196, 39.95217640399933, 40.53146073818207, 39.67810618082682, 39.63019412755966, 38.68048374652862, 40.0298774878184, 39.08618153731028, 39.82171077728272, 39.899871098995206, 39.74246507883072, 39.4308495759964, 40.99386440515518, 40.476566918691, 39.622193964322406, 39.42282313108444, 40.08851156632105, 40.14148478507995, 39.87376192013423, 39.65515877405802, 40.70889778931936, 41.07906495730082, 40.398229865233105, 39.654553294181824, 39.761876646677656, 40.390673875808716, 39.641973014672594, 40.43804583152135, 40.9395809451739, 40.76144078175227, 40.06096146504084, 40.097530857721964, 40.00395614306132, 40.65214733282725, 39.9274282336235, 40.8378718773524, 40.43699067036311, 40.26428300142288, 40.5972509543101, 41.003281104564664, 40.62204875946045, 40.61681291659673, 39.64189861615499, 40.451477754116056, 40.291634531815845, 39.75875301361084, 40.635334340731305, 40.224844654401146, 40.01742898225784, 39.66488109032313, 41.112349991003676, 41.55281896193822, 40.09081015586853, 40.426022406419115, 40.96682763497035, 41.31007359822591, 40.5794380625089, 39.51830313603083]]
solver time theta (mins): [[49.419029303391774, 48.86363749504089, 48.85307739973068, 48.571983166535695, 48.070034217834475, 49.02446672519048, 49.29675220251083, 48.04952713251114, 48.548772696654005, 49.51116119623184, 47.686326956748964, 48.21859190861384, 49.044394210974374, 49.09793466726939, 47.375143909454344, 49.52880495389302, 49.04029066562653, 47.733695669968924, 48.35888783931732, 48.75755897363027, 48.264987059434254, 48.80486405690511, 48.88743218183517, 48.91232926050822, 48.83342199325561, 48.64546973705292, 48.64926144282023, 48.98669771750768, 49.15627414782842, 49.02918014129003, 48.41305338541667, 47.50344023704529, 48.975578073660536, 48.53059041897456, 49.267850649356845, 49.7148601770401, 48.377761940161385, 49.15891661246618, 48.630502072970074, 49.148808014392856, 49.179327305157976, 48.95326103369395, 48.86102369626363, 48.58407731850942, 48.23035825490952, 49.216956893603005, 48.9064373532931, 49.5169517993927, 48.20857073068619, 48.38440024455388, 48.09194493691127, 49.15534050861994, 48.47202624877294, 48.325987950960794, 47.94672538042069, 47.698646330833434, 48.551460123062135, 48.99691270192464, 48.19715522925059, 49.453841817379, 48.840228192011516, 48.78360292116801, 48.87420713504155, 49.072499044736226, 48.367710308233896, 49.336812325318654, 47.90763775110245, 47.958444730440775, 49.40216732819875, 49.2448434193929, 47.664021050930025, 49.189655768871305, 49.05591846704483, 49.10402659972509, 48.41384290059408, 48.94229776064555, 48.890817081928255, 48.779152695337935, 49.21936806837718, 47.92751269340515, 49.14553320010503, 48.267581311861676, 48.5089736978213, 49.80778366327286, 49.768886117140454, 49.187874321142836, 49.100636827945706, 48.755532431602475, 47.41821646293004, 48.70338646173477, 48.884005494912465, 48.96781730254491, 48.49297282298406, 49.21602951288223, 48.63716066678365, 48.87232418060303, 48.86437703371048, 48.59257689317067, 48.121205218633015, 49.02531549930573, 48.307810537020366, 49.33819784323374, 49.51780434846878, 49.86029835144679, 49.35135832627614, 49.08975728750229, 48.85999399423599, 48.22064943313599, 48.87709869941076, 49.04545675913493, 48.270361332098645, 49.200226525465645, 47.87301355997722, 48.74371246099472, 47.42358419100444, 48.719171702861786, 48.338519191741945, 48.08981980880102, 49.14361516634623, 49.41819942394893, 48.7388306538264, 49.427233835061394, 48.10590376456579, 49.13529781500498, 47.71460686524709, 49.34211033980052, 49.427103626728055, 48.724098189671835, 49.16001898050308, 48.00795800288518, 48.662901218732195, 49.00624989271164, 48.89042401313782, 48.56148920059204, 48.1212682723999, 48.934267055988315, 47.66156447728475, 49.156194690863295, 47.10008305311203, 48.60977436304093, 48.23152834971746, 48.59731978575389, 48.9514254172643, 48.67269161939621, 48.18010065555573, 48.19264382123947, 48.77407195965449, 47.20142251650493, 47.994609828790026, 48.69403379360835, 48.26032126347224, 47.60354007085164, 48.85038778781891, 48.42193899154663, 49.01578348875046, 48.65095983743667, 47.93769880135854, 49.083053644498186, 47.73433832724889, 47.90191558599472, 48.536791276931766, 49.7268436272939, 49.052717272440596, 48.405782576402025, 48.30622927347819, 49.34347997109095, 47.960782726605736, 48.75145370960236, 48.41730292638143, 49.72104051510493, 48.74149624109268, 49.18250501553218, 48.49294225374857, 48.56940205891927, 47.841406190395354, 48.77426063219706, 48.39813716014226, 49.17850819826126, 48.715667200088504, 49.47739128669103, 48.80710371732712, 48.7786489367485, 48.65679026444753, 47.94149614572525, 48.7629854798317, 48.66437976360321, 49.09445588588714, 48.75306894381841, 48.53483752012253, 48.84271744887034, 48.53350772857666, 48.997517041365306, 48.32744526863098, 48.83053847153982, 49.13596299489339, 49.42847394943237, 48.066202286879225, 48.29504365523656, 47.757992605368294, 49.19043820699056, 48.58510401248932, 49.4912638147672, 48.497277979056044, 49.1366467555364, 49.28135934670766, 48.49891671737035, 48.072031152248385, 49.08385878801346, 48.46686288913091, 48.74292369683584, 48.52251800298691, 48.89793764352798, 48.95860470533371, 47.93848989009857, 48.56903434197108, 49.40361919403076, 47.78050780296326, 48.99570978879929, 47.174399431546526, 48.70592955350876, 48.9774337609609, 48.19830753803253, 48.511661970615386, 47.799860552946726, 48.7125116388003, 48.4184404651324, 47.79902197122574, 48.33664617538452, 48.27683372100194, 47.81812222003937, 48.3602695941925, 48.15852724313736, 47.854840179284416, 47.90697127580643, 47.60622058312098, 48.15266724427541, 49.01070259014765, 48.58123095432917, 48.23960597117742, 48.444052867094676, 40.08398503065109, 39.455817862351736, 39.289147806167605, 39.938884337743126, 40.54588412046432, 40.35540837049484, 39.76510506073634, 40.70790189901988, 39.94324350357056, 40.013235890865325, 39.79785515467326, 40.9312295516332, 40.075980671246846, 40.20132851203282, 39.53490640322367, 40.008197565873466, 39.77833528518677, 38.857452694574995, 39.30935562849045, 40.324835268656415, 40.33262852827708, 39.58693310022354, 39.166330281893416, 40.2404222647349, 40.05627661943436, 39.828646981716155, 38.72575926780701, 40.59537965854009, 39.83684443235397, 40.36630587975184, 39.725255302588145, 39.436315075556436, 39.76885986328125, 39.78544289668401, 39.53924386501312, 39.954993983109794, 39.40438991387685, 39.632343554496764, 40.202576740582785, 39.50207800070445, 39.537865205605826, 39.97212575276693, 39.52862708171209, 39.546720584233604, 39.60564288695653, 39.31685919761658, 39.733925747871396, 39.97629473606745, 39.97926963965098, 39.74747929573059, 39.577403771877286, 38.65626132488251, 39.12635376850764, 39.99310388565063, 39.344992287953694, 38.467329752445224, 39.81084190209707, 39.241095038255054, 39.20438991785049, 38.3522912700971, 39.471608845392865, 39.63685097694397]]
Iterations phi: [[109, 111, 111, 111, 110, 111, 109, 110, 109, 111, 108, 109, 110, 109, 109, 109, 110, 111, 109, 108, 109, 110, 109, 109, 111, 112, 109, 109, 110, 109, 107, 107, 111, 110, 108, 110, 110, 109, 108, 109, 108, 110, 109, 109, 109, 110, 108, 107, 111, 109, 109, 109, 108, 108, 108, 107, 110, 110, 110, 108, 110, 109, 108, 110, 110, 111, 108, 110, 108, 109, 109, 108, 110, 111, 107, 109, 111, 110, 110, 108, 111, 109, 107, 109, 108, 110, 107, 109, 110, 112, 110, 111, 108, 111, 109, 109, 110, 111, 111, 110, 111, 110, 108, 110, 111, 110, 110, 111, 109, 111, 107, 111, 109, 110, 109, 110, 109, 111, 109, 110, 110, 109, 109, 110, 110, 111, 108, 109, 113, 110, 109, 111, 110, 109, 110, 111, 109, 110, 110, 110, 111, 109, 109, 109, 110, 110, 109, 108, 109, 108, 108, 107, 109, 109, 110, 110, 110, 110, 110, 110, 110, 111, 112, 110, 110, 110, 110, 111, 107, 109, 110, 110, 109, 109, 109, 110, 109, 110, 108, 109, 109, 111, 110, 111, 109, 111, 112, 110, 110, 109, 109, 110, 108, 111, 109, 111, 108, 108, 108, 110, 110, 110, 109, 109, 109, 111, 109, 110, 111, 110, 108, 110, 109, 109, 107, 108, 111, 110, 108, 109, 110, 110, 109, 111, 108, 108, 109, 109, 109, 108, 111, 111, 110, 108, 108, 110, 108, 109, 107, 111, 109, 111, 109, 111, 109, 110, 110, 110, 108, 107, 109, 109, 109, 110, 108, 109, 111, 110, 108, 109, 109, 110, 108, 110, 111, 111, 109, 109, 108, 111, 108, 111, 111, 111, 109, 110, 108, 111, 109, 111, 110, 109, 110, 111, 110, 110, 108, 111, 109, 108, 110, 109, 109, 108, 112, 113, 109, 110, 111, 112, 110, 108]]
Iterations theta: [[111, 110, 109, 110, 108, 111, 110, 109, 109, 112, 106, 108, 111, 111, 107, 111, 110, 108, 108, 109, 108, 109, 109, 109, 110, 110, 109, 110, 111, 110, 109, 107, 111, 109, 110, 112, 108, 109, 109, 110, 110, 110, 109, 109, 109, 111, 110, 110, 109, 109, 108, 110, 109, 108, 107, 107, 110, 110, 108, 111, 110, 110, 109, 110, 109, 112, 107, 107, 110, 110, 108, 109, 110, 111, 108, 109, 110, 110, 111, 108, 109, 108, 109, 112, 111, 110, 110, 109, 106, 109, 109, 110, 109, 110, 108, 109, 110, 110, 108, 110, 109, 111, 110, 111, 111, 110, 110, 109, 110, 110, 108, 110, 108, 110, 106, 110, 108, 108, 110, 110, 109, 111, 108, 109, 108, 110, 110, 109, 112, 109, 110, 110, 110, 110, 109, 110, 107, 110, 106, 109, 110, 110, 111, 110, 109, 109, 109, 107, 108, 110, 110, 107, 110, 110, 111, 111, 109, 111, 109, 109, 109, 111, 110, 109, 109, 110, 107, 109, 108, 111, 109, 110, 108, 108, 107, 110, 109, 110, 108, 110, 109, 110, 109, 108, 109, 109, 110, 110, 109, 111, 109, 109, 109, 109, 110, 111, 108, 109, 107, 110, 110, 112, 109, 110, 110, 109, 108, 111, 110, 111, 109, 110, 110, 108, 109, 111, 109, 111, 106, 110, 111, 110, 110, 108, 110, 109, 109, 109, 109, 109, 110, 110, 108, 108, 108, 109, 112, 111, 110, 111, 109, 108, 107, 109, 110, 110, 108, 111, 109, 109, 108, 111, 109, 110, 108, 110, 109, 107, 107, 109, 110, 108, 107, 109, 110, 110, 106, 110, 109, 111, 108, 108, 109, 110, 108, 110, 108, 109, 109, 109, 109, 110, 109, 110, 109, 109, 109, 110, 110, 110, 110, 107, 108, 110, 109, 112, 110, 109, 109, 109, 110, 111]]
Total parallel time (mins): 774.7693510890007
Cext: [[  3.17371627e-06   3.17358173e-06   3.22188908e-06   3.22388378e-06
    3.73461132e-06   3.73799254e-06   3.64679863e-06   2.54638549e-06
    2.45844488e-06   4.20210660e-06   4.19732696e-06   2.46031948e-06
    2.54825419e-06   3.65168666e-06   3.85524990e-06   3.40199151e-06
    2.67113895e-06   4.38763392e-06   4.38735927e-06   2.67706052e-06
    3.40161302e-06   3.85578306e-06   3.09676598e-06   2.78822578e-06
    2.47117436e-06   3.90934985e-06   3.90471952e-06   2.46452506e-06
    2.78605453e-06   3.09796369e-06   3.36397545e-06   4.07390553e-06
    3.36437750e-06   2.61793203e-06   2.61845468e-06   3.37072788e-06
    4.07527182e-06   3.36785182e-06   3.10796195e-06   2.45829026e-06
    2.38248879e-06   4.14545419e-06   4.14703142e-06   2.37434104e-06
    2.45514711e-06   3.10842872e-06   3.53706707e-06   2.80100988e-06
    3.39575153e-06   4.40089230e-06   4.39783529e-06   3.40086279e-06
    2.80584216e-06   3.54208558e-06   3.39155926e-06   4.13517256e-06
    2.52369131e-06   2.60151232e-06   2.59812842e-06   2.52708405e-06
    4.13689697e-06   3.39828281e-06   3.54124636e-06   2.84223272e-06
    2.49222354e-06   4.28015753e-06   4.27600235e-06   2.49893328e-06
    2.84796253e-06   3.54826224e-06   3.21115493e-06   2.48661475e-06
    2.54772665e-06   4.11275861e-06   4.11034822e-06   2.54592913e-06
    2.48482844e-06   3.21063497e-06   3.34687943e-06   4.27239556e-06
    2.86316608e-06   2.48208747e-06   2.48570356e-06   2.86143413e-06
    4.27741499e-06   3.35480432e-06   3.68200476e-06   3.76377059e-06
    3.59514966e-06   3.88289720e-06   3.87799191e-06   3.59542850e-06
    3.75958909e-06   3.68355792e-06   3.46576221e-06   2.97395770e-06
    2.86300578e-06   3.56091282e-06   3.55712021e-06   2.86739479e-06
    2.96966706e-06   3.46784204e-06   3.14837627e-06   3.43742248e-06
    3.29124533e-06   3.22313382e-06   3.22209127e-06   3.29278039e-06
    3.43746797e-06   3.15044398e-06   3.73664223e-06   3.60062678e-06
    3.20815192e-06   4.16880733e-06   4.16603471e-06   3.20874604e-06
    3.59901862e-06   3.73680110e-06   3.22631957e-06   2.95086854e-06
    2.54717961e-06   3.69699231e-06   3.69038641e-06   2.54827659e-06
    2.95061185e-06   3.22962785e-06   3.41300220e-06   3.60985119e-06
    3.47898879e-06   3.11915365e-06   3.11308768e-06   3.48318780e-06
    3.60822837e-06   3.41381553e-06   2.69653360e-06   2.50756932e-06
    2.95060335e-06   3.63973937e-06   3.63682299e-06   2.94591572e-06
    2.51170946e-06   2.69762327e-06   3.24066739e-06   3.13895872e-06
    4.06526727e-06   4.32168196e-06   4.32184431e-06   4.06747383e-06
    3.14508957e-06   3.24420206e-06   3.67181468e-06   4.04083041e-06
    2.66893561e-06   2.82669772e-06   2.82397346e-06   2.67077108e-06
    4.04523570e-06   3.67556810e-06   2.82223156e-06   3.33106686e-06
    3.32529071e-06   2.82621624e-06   3.40093177e-06   3.32735367e-06
    3.32952894e-06   3.40280739e-06   3.42238907e-06   3.94464411e-06
    3.94455378e-06   3.42460071e-06   3.15422767e-06   3.65425740e-06
    3.65526499e-06   3.16098226e-06   4.07051169e-06   3.38028675e-06
    3.38091645e-06   4.07299941e-06   3.74253715e-06   2.81872982e-06
    2.81853370e-06   3.74621067e-06   2.47082957e-06   3.45501731e-06
    3.45378088e-06   2.47959841e-06   2.74390968e-06   3.19639302e-06
    3.19307569e-06   2.74243085e-06   3.12044279e-06   4.26748305e-06
    4.26738496e-06   3.12971520e-06   2.92132180e-06   4.03799193e-06
    4.03675414e-06   2.92593058e-06   4.11872469e-06   3.10071658e-06
    3.10425549e-06   4.12032782e-06   3.63343419e-06   2.74151280e-06
    2.73785737e-06   3.63379261e-06   3.26543870e-06   2.42419583e-06
    2.80342686e-06   3.99143736e-06   3.98616508e-06   2.80752801e-06
    2.41770206e-06   3.26991982e-06   3.76027837e-06   2.87093919e-06
    2.77315138e-06   4.22317828e-06   4.22291896e-06   2.77405826e-06
    2.87510880e-06   3.76008823e-06   3.29570452e-06   3.72864197e-06
    2.96436443e-06   4.35139617e-06   4.35394352e-06   2.96893512e-06
    3.72734441e-06   3.30663279e-06   3.06461384e-06   2.82229603e-06
    2.59981291e-06   3.93998170e-06   3.93822836e-06   2.59088470e-06
    2.82413208e-06   3.06834219e-06   3.55190474e-06   3.78740334e-06
    2.95907776e-06   4.42741989e-06   4.42716722e-06   2.96577799e-06
    3.78516865e-06   3.55501616e-06   2.76274848e-06   2.48105482e-06
    2.71793175e-06   3.81069176e-06   3.81235209e-06   2.70926001e-06
    2.48131198e-06   2.76108670e-06   4.12215220e-06   3.21836190e-06
    3.02356040e-06   4.36438638e-06   4.36567944e-06   3.02151235e-06
    3.21688435e-06   4.12356366e-06   3.41743925e-06   2.60534125e-06
    2.83706524e-06   3.83930559e-06   3.83521898e-06   2.84044757e-06
    2.59943523e-06   3.42045745e-06   3.39067268e-06   3.97006605e-06
    3.12042777e-06   4.26657978e-06   4.26479069e-06   3.12492209e-06
    3.97045375e-06   3.39636781e-06   2.59850372e-06   2.50621321e-06
    3.33243809e-06   3.53721565e-06   3.53549565e-06   3.32802881e-06
    2.50773505e-06   2.60342568e-06   3.14717722e-06   3.77358475e-06
    2.96443395e-06   3.86551832e-06   3.86398796e-06   2.97132814e-06
    3.77351914e-06   3.15502255e-06   3.50747875e-06   3.12043433e-06
    2.81929790e-06   3.51871744e-06   3.51810757e-06   2.81514058e-06
    3.12090509e-06   3.50867448e-06]]
Csca: [[  2.94548960e-06   2.97018783e-06   3.02907987e-06   2.98897202e-06
    3.51631445e-06   3.48145937e-06   3.43117710e-06   2.33618718e-06
    2.27682222e-06   3.92448053e-06   3.96378654e-06   2.25967285e-06
    2.35391988e-06   3.41044968e-06   3.64268187e-06   3.16947403e-06
    2.47184430e-06   4.10144833e-06   4.15166725e-06   2.46703970e-06
    3.19655836e-06   3.60792207e-06   2.90223637e-06   2.58099776e-06
    2.27355093e-06   3.65527307e-06   3.68948371e-06   2.27967277e-06
    2.57129148e-06   2.86795174e-06   3.16559151e-06   3.86067635e-06
    3.12906909e-06   2.41321045e-06   2.42535989e-06   3.15201444e-06
    3.84222704e-06   3.14833046e-06   2.92318000e-06   2.25795870e-06
    2.19838175e-06   3.89630260e-06   3.91834418e-06   2.17402200e-06
    2.26459145e-06   2.88089801e-06   3.32136836e-06   2.60210203e-06
    3.16087096e-06   4.12936161e-06   4.16495012e-06   3.18460981e-06
    2.58879177e-06   3.31313209e-06   3.18625641e-06   3.90828890e-06
    2.31357838e-06   2.40430269e-06   2.40400854e-06   2.33420582e-06
    3.85947771e-06   3.15636315e-06   3.33590239e-06   2.62707596e-06
    2.30402049e-06   3.98975579e-06   4.04188357e-06   2.30491220e-06
    2.64896830e-06   3.30402057e-06   3.01509982e-06   2.29527803e-06
    2.34673263e-06   3.84795381e-06   3.88586017e-06   2.36108893e-06
    2.28229249e-06   2.97681749e-06   3.15256376e-06   4.04472258e-06
    2.64267223e-06   2.27248858e-06   2.30319049e-06   2.65690258e-06
    4.01890365e-06   3.12779072e-06   3.46995693e-06   3.51417362e-06
    3.38355539e-06   3.61436388e-06   3.65567084e-06   3.35164767e-06
    3.53738006e-06   3.42230655e-06   3.26100788e-06   2.76231306e-06
    2.67258805e-06   3.31387357e-06   3.35505139e-06   2.64919883e-06
    2.78207086e-06   3.21980521e-06   2.92794028e-06   3.22812480e-06
    3.07201786e-06   3.01294979e-06   2.99488390e-06   3.08164119e-06
    3.19694478e-06   2.94726278e-06   3.52439970e-06   3.35386435e-06
    2.99802954e-06   3.88105823e-06   3.94413739e-06   2.98222345e-06
    3.38630841e-06   3.48778021e-06   3.03443496e-06   2.75088165e-06
    2.35289652e-06   3.45788434e-06   3.47843284e-06   2.34284812e-06
    2.74902632e-06   2.99276144e-06   3.19338983e-06   3.40359154e-06
    3.24778310e-06   2.89961786e-06   2.91213918e-06   3.26399553e-06
    3.38050022e-06   3.20264074e-06   2.50619957e-06   2.32088256e-06
    2.74238894e-06   3.41288559e-06   3.42830150e-06   2.74228348e-06
    2.30428098e-06   2.47537888e-06   3.02283404e-06   2.93294758e-06
    3.81057985e-06   4.05752654e-06   4.08881945e-06   3.84983320e-06
    2.91194651e-06   3.02286198e-06   3.45244078e-06   3.81393664e-06
    2.45327346e-06   2.62963738e-06   2.62384109e-06   2.47013407e-06
    3.77024833e-06   3.41878140e-06   2.64000002e-06   3.11280263e-06
    3.11531259e-06   2.59291880e-06   3.18053452e-06   3.10312588e-06
    3.11701013e-06   3.19471376e-06   3.21559407e-06   3.67879668e-06
    3.71888548e-06   3.18683614e-06   2.93906450e-06   3.41017094e-06
    3.43642424e-06   2.94557948e-06   3.85704297e-06   3.14148851e-06
    3.17209358e-06   3.79799999e-06   3.53244334e-06   2.63540308e-06
    2.62313567e-06   3.50225761e-06   2.29071013e-06   3.23881112e-06
    3.24074219e-06   2.26570458e-06   2.53849637e-06   2.98464524e-06
    2.99399392e-06   2.53308648e-06   2.91870695e-06   4.01381340e-06
    4.03301430e-06   2.89455566e-06   2.71898764e-06   3.77270646e-06
    3.81061336e-06   2.71297845e-06   3.89158546e-06   2.89559051e-06
    2.88810534e-06   3.84716626e-06   3.41355921e-06   2.53106909e-06
    2.53950770e-06   3.37638090e-06   3.06188673e-06   2.22185787e-06
    2.60289973e-06   3.72381877e-06   3.76592788e-06   2.59886601e-06
    2.23437634e-06   3.03554178e-06   3.55246408e-06   2.65406327e-06
    2.57783439e-06   3.94062449e-06   3.99480444e-06   2.57290185e-06
    2.66950474e-06   3.50515661e-06   3.09276294e-06   3.48161390e-06
    2.76713162e-06   4.09406655e-06   4.11718125e-06   2.74690287e-06
    3.50564325e-06   3.08637956e-06   2.87781377e-06   2.61258760e-06
    2.40019734e-06   3.70494172e-06   3.72495917e-06   2.38424089e-06
    2.61523298e-06   2.84905347e-06   3.34230320e-06   3.54796934e-06
    2.74763144e-06   4.16389861e-06   4.19646473e-06   2.73686918e-06
    3.57065700e-06   3.31957631e-06   2.57850458e-06   2.28810120e-06
    2.51251633e-06   3.57546720e-06   3.59695545e-06   2.50485719e-06
    2.28846925e-06   2.53014523e-06   3.90726909e-06   2.99847322e-06
    2.82435536e-06   4.08389288e-06   4.13818264e-06   2.80415849e-06
    3.00875281e-06   3.86296452e-06   3.21620646e-06   2.41637201e-06
    2.64553982e-06   3.58700688e-06   3.62107098e-06   2.64452992e-06
    2.40823399e-06   3.17900825e-06   3.18084768e-06   3.71856318e-06
    2.91124380e-06   3.98940300e-06   4.03414081e-06   2.89116862e-06
    3.75074821e-06   3.15748880e-06   2.42146811e-06   2.32112371e-06
    3.11125314e-06   3.31021678e-06   3.32518947e-06   3.10305676e-06
    2.30324109e-06   2.38187988e-06   2.94033097e-06   3.52098419e-06
    2.77028675e-06   3.61734355e-06   3.63831647e-06   2.76010238e-06
    3.55726666e-06   2.93708534e-06   3.28795859e-06   2.90247553e-06
    2.62106628e-06   3.29036842e-06   3.31317980e-06   2.61400628e-06
    2.91899564e-06   3.28957745e-06]]
Cbsca: [[  1.77091438e-06   6.25334640e-07   2.20978269e-06   1.56397013e-06
    1.90202402e-06   2.14071681e-06   1.99384074e-06   2.81470049e-06
    1.39032689e-06   2.78114214e-06   1.55537294e-06   8.43134191e-07
    7.03023301e-07   9.60678387e-07   1.29263813e-06   1.73642569e-06
    1.04793975e-06   3.52924490e-06   1.23746155e-06   6.11208849e-07
    2.36728176e-06   4.22502588e-07   1.33324666e-06   1.22153123e-06
    8.41996694e-07   2.43815654e-06   2.94797154e-06   1.83747433e-06
    3.60552691e-06   4.34001416e-06   2.75444821e-06   7.75566047e-07
    2.26168023e-06   1.44800244e-06   1.23158130e-06   2.56571890e-06
    2.41542206e-07   3.68284287e-07   2.23988091e-06   3.91706051e-06
    4.20434794e-07   6.26566658e-07   3.52684164e-06   2.65511089e-06
    2.27561541e-06   1.17713786e-06   1.69658771e-06   1.08877997e-06
    1.68087240e-06   1.89240850e-06   2.47972473e-06   1.35608798e-06
    1.04598176e-06   3.34112207e-07   1.16746686e-06   2.52986136e-06
    1.31120736e-06   8.65635543e-07   3.60863589e-07   1.38668792e-06
    2.06225072e-06   2.00474915e-06   1.78409225e-07   2.41040475e-06
    9.06727121e-07   3.74207167e-06   1.45171337e-06   4.88048397e-07
    5.78149435e-07   3.11778830e-06   1.39292438e-06   5.67914671e-07
    1.03102194e-06   2.94702799e-06   3.58755780e-06   1.85331564e-06
    5.87763982e-07   1.85733226e-06   3.43051884e-06   2.93821970e-06
    1.09227583e-06   1.02386072e-06   4.96604848e-07   1.94056159e-06
    2.54297815e-06   5.03685293e-07   3.02307360e-06   7.37983312e-07
    2.45403748e-06   1.30707856e-06   1.12935951e-06   1.35449367e-06
    1.67139030e-06   9.15562680e-07   2.61949477e-06   2.09027528e-06
    2.00110481e-06   2.48332827e-06   1.45992337e-06   1.50412514e-06
    6.19585598e-07   3.95311724e-06   1.60126137e-06   1.03029763e-06
    9.34989079e-07   1.45353511e-06   2.42545897e-06   3.74706953e-06
    3.76577344e-06   1.60254451e-06   1.47174984e-06   4.39566806e-06
    1.44113958e-06   3.81946652e-06   2.94160069e-06   7.82125392e-07
    2.20638855e-06   1.12418086e-06   2.45901065e-06   6.15217058e-07
    1.37748539e-06   1.53012487e-06   1.03221512e-06   1.31393041e-06
    1.46044437e-06   1.94269145e-06   1.90149815e-06   3.37130001e-06
    7.02925448e-07   2.76789323e-06   1.79394570e-06   3.84386220e-06
    1.47729601e-06   2.12145513e-06   9.68713445e-07   1.54672097e-06
    2.20213555e-06   1.22940313e-06   1.44807098e-06   1.71459890e-06
    2.79279009e-06   8.11963405e-07   6.92495142e-07   9.36892869e-07
    1.70033692e-06   3.46173149e-06   1.61964398e-06   1.46197403e-06
    1.49413154e-06   1.26889856e-06   1.68465682e-06   1.62329851e-06
    7.99421934e-07   4.93311926e-07   3.14906973e-06   1.96385425e-06
    6.20312605e-06   3.76692964e-07   1.69904157e-06   2.38844063e-06
    1.03550795e-06   2.64620463e-06   1.42680483e-06   1.40369924e-06
    2.64943612e-06   1.81367181e-07   1.69853173e-06   2.02172280e-06
    1.98146415e-06   4.81771395e-07   8.78439092e-07   2.90221165e-07
    2.76816971e-06   3.27929830e-06   1.85262378e-06   1.92633486e-06
    3.53524665e-06   2.29556461e-06   4.36569845e-06   1.75203118e-06
    1.23097662e-06   1.46363091e-06   1.05475022e-06   2.80857030e-07
    2.07573542e-06   4.09370192e-06   1.06770000e-06   1.83283900e-06
    2.54724077e-06   2.30013560e-06   2.96066525e-06   2.47674153e-06
    5.96144790e-07   6.55291430e-07   1.33257667e-06   2.77423509e-06
    3.41132226e-06   8.01297336e-07   1.80899075e-06   5.81158819e-07
    2.11530516e-06   4.04682350e-06   1.81115466e-06   6.49462410e-07
    1.26121744e-06   1.76834928e-06   1.52160946e-06   1.11098604e-06
    1.54676442e-06   2.50627407e-06   2.28890107e-06   1.13642257e-06
    2.13649809e-06   4.92475520e-06   1.60686625e-06   8.04165498e-07
    1.01915363e-06   2.73453015e-06   2.14826254e-06   3.24456091e-06
    3.20697053e-06   2.45542717e-06   1.76611151e-06   2.64379768e-06
    6.58506885e-07   1.63503906e-06   2.36227029e-06   2.29181399e-06
    3.43880727e-06   1.76424825e-06   2.75837667e-06   3.32397417e-06
    4.40571114e-07   6.91150782e-07   1.64199052e-06   1.65775284e-06
    1.93627421e-06   1.98721888e-06   2.24510981e-06   1.79594212e-06
    5.30454492e-07   6.98457794e-07   2.24390577e-06   1.53383394e-06
    1.70936994e-06   2.40038058e-06   3.45686548e-06   1.11123698e-06
    1.55826665e-06   1.24562904e-06   4.11700488e-06   6.30522768e-07
    9.90676909e-07   7.04637596e-07   1.68420304e-06   3.41287534e-06
    2.15948401e-06   3.03956597e-06   6.86300210e-07   2.60314090e-06
    1.40488947e-06   7.32950406e-07   2.32927921e-06   2.06780747e-06
    7.52658471e-07   2.36427342e-06   1.96216911e-06   7.02988569e-07
    1.62270853e-06   1.92507182e-06   1.69813076e-06   2.80811680e-06
    2.07659962e-06   8.21349397e-07   9.00472617e-07   3.00133550e-07
    1.34561596e-06   2.41902104e-06   6.47309661e-07   1.28486122e-06
    1.30020382e-06   1.20112097e-06   5.42139107e-06   1.61589535e-06
    1.80581933e-06   4.03609845e-06   3.22010109e-06   1.66473558e-06
    2.05889009e-06   4.78841536e-06   1.20030455e-06   1.50997215e-06
    1.62270729e-06   1.36629429e-06   1.38335521e-06   3.24587922e-06
    6.05007566e-07   7.46797974e-07   4.39167855e-06   2.21961450e-06
    4.09076471e-06   1.30685916e-06]]
g: [[ 0.58632477  0.60346539  0.62904957  0.55104993  0.66874737  0.61980656
   0.60156663  0.45692364  0.55764678  0.64672019  0.67715058  0.55976214
   0.53211918  0.61605312  0.64361032  0.59829854  0.54843056  0.63539387
   0.6507595   0.56833183  0.62051699  0.64399518  0.58224054  0.56066563
   0.52181797  0.63437116  0.64487099  0.55468367  0.51103322  0.55066457
   0.6217227   0.67318522  0.54416664  0.51776042  0.56176787  0.56034951
   0.67991278  0.62892716  0.57689168  0.47500423  0.54390237  0.66800906
   0.64103572  0.50139567  0.51470083  0.53970407  0.59907225  0.59143421
   0.55662876  0.6505028   0.66336522  0.58693978  0.57129624  0.64045991
   0.57700527  0.66880626  0.47167238  0.5844321   0.54727316  0.56575946
   0.62060315  0.62190731  0.60069527  0.50874084  0.56178814  0.62858221
   0.66261665  0.58373484  0.5826879   0.60363544  0.56575726  0.5170037
   0.50998532  0.64763182  0.67788252  0.56464465  0.52869566  0.56914863
   0.60555873  0.65742337  0.48817188  0.50705768  0.56122798  0.52329448
   0.65159358  0.59618873  0.6536683   0.62479822  0.64875205  0.6141769
   0.66709704  0.63068078  0.66218602  0.61195285  0.63609619  0.55561529
   0.58741548  0.58180473  0.63304932  0.53096517  0.60173142  0.55593012
   0.59433059  0.62297884  0.61644966  0.5822693   0.58588683  0.61363942
   0.59159582  0.60372371  0.64761329  0.60338447  0.58398952  0.60784884
   0.67134675  0.61530904  0.65193474  0.62702591  0.59727315  0.59658948
   0.52217798  0.61874942  0.62652128  0.52255285  0.56490088  0.55432206
   0.60254487  0.66520514  0.60990253  0.55606209  0.6099822   0.60563209
   0.65051138  0.6183273   0.54611658  0.52517886  0.59511343  0.65547681
   0.59093387  0.53601932  0.50062726  0.54097476  0.57365633  0.59169651
   0.63638493  0.64690243  0.65275456  0.67185898  0.59869389  0.63267368
   0.61672526  0.64917953  0.50140572  0.59312063  0.56832581  0.56026951
   0.5914645   0.61577247  0.56496114  0.62176215  0.59158094  0.49215218
   0.62271854  0.6132816   0.58434263  0.64311097  0.63486397  0.6150924
   0.65443598  0.61286675  0.58793497  0.61745982  0.62908589  0.57286131
   0.68956259  0.59839365  0.62653957  0.62451569  0.63456334  0.59572522
   0.54408638  0.60524778  0.53708595  0.6517114   0.60066122  0.45753158
   0.52970099  0.63067121  0.55501166  0.53573868  0.57609722  0.64390497
   0.65862816  0.59810539  0.54640916  0.6157013   0.64768813  0.59450312
   0.63665353  0.62753545  0.56604016  0.63007683  0.61834147  0.55130478
   0.55623904  0.58436041  0.58497902  0.4865287   0.56206461  0.61638693
   0.6561961   0.55698157  0.56512239  0.58671398  0.63025607  0.53877165
   0.56959958  0.63292977  0.65040573  0.58501052  0.57575446  0.62924479
   0.60821768  0.57744215  0.600921    0.65433676  0.6691305   0.55494637
   0.60623527  0.6532234   0.58923578  0.50441051  0.55471666  0.67917786
   0.62397778  0.51207471  0.52501478  0.57101898  0.61866248  0.62579408
   0.57995013  0.65011858  0.65260776  0.60806287  0.65944737  0.62676776
   0.54771462  0.54290737  0.57271433  0.6586813   0.63239131  0.52475425
   0.53277082  0.51062334  0.68032197  0.61692345  0.59367437  0.64974377
   0.66777347  0.59060726  0.61669359  0.65228029  0.60192346  0.54424924
   0.56619106  0.61735405  0.63133546  0.58625637  0.54917641  0.60530043
   0.60066643  0.64661206  0.60208233  0.63353371  0.65068465  0.62148571
   0.66240726  0.59762405  0.55795828  0.53908175  0.64030555  0.64792001
   0.61624354  0.57707619  0.49647921  0.46685113  0.58255029  0.59804865
   0.58783677  0.63254987  0.6481231   0.5647003   0.62413235  0.59621754
   0.60741228  0.53858394  0.60629726  0.66457585  0.60281269  0.52877833
   0.57197407  0.62438989]]
w: [[ 0.92808851  0.9359103   0.94015647  0.92713392  0.94154763  0.9313714
   0.94087375  0.91745228  0.92612295  0.93393169  0.94435973  0.91844692
   0.92373826  0.9339382   0.94486271  0.93165254  0.92538964  0.9347745
   0.9462793   0.92154797  0.93971841  0.93571708  0.93718298  0.92567746
   0.92002853  0.93500792  0.94487804  0.92499476  0.92291499  0.92575383
   0.94102694  0.94765976  0.93005886  0.92180027  0.9262562   0.93511388
   0.94281491  0.93481858  0.94054562  0.91850777  0.92272491  0.93989764
   0.94485519  0.91563173  0.92238524  0.92680202  0.93901764  0.92898709
   0.93083105  0.93830099  0.9470455   0.93641232  0.92264341  0.93536196
   0.93946653  0.94513321  0.91674381  0.92419424  0.92528473  0.92367558
   0.93294025  0.9288112   0.94201365  0.92430009  0.92448388  0.93215162
   0.94524821  0.92235844  0.93012751  0.93116583  0.93894561  0.92305333
   0.92110848  0.93561382  0.94538466  0.92739774  0.91849097  0.92717407
   0.94194124  0.9467107   0.9229895   0.9155554   0.92657488  0.92852131
   0.93956365  0.93233179  0.94240968  0.93368433  0.94114452  0.93084202
   0.94267108  0.932197    0.9408954   0.92907635  0.94092084  0.92883401
   0.93349027  0.93062474  0.94319314  0.92390446  0.93682922  0.92847516
   0.92998423  0.93911203  0.93339072  0.93478892  0.9294845   0.93587814
   0.93002897  0.93550712  0.94319967  0.93146681  0.93450361  0.93097568
   0.94673656  0.92940464  0.94089772  0.93335988  0.94052523  0.93222778
   0.92372619  0.93532365  0.94256602  0.91938533  0.93168009  0.9266583
   0.9356542   0.94286201  0.93354227  0.92961687  0.93545042  0.93707136
   0.93688644  0.93814112  0.92941529  0.92555071  0.92943328  0.93767307
   0.94266383  0.93087642  0.91741541  0.91761474  0.93278133  0.93436959
   0.93735039  0.93887671  0.94608208  0.94649243  0.92587077  0.93177365
   0.94025464  0.94384972  0.91919545  0.93028602  0.92913093  0.92487675
   0.93202192  0.93013687  0.93542998  0.93447618  0.93685421  0.91745237
   0.93519504  0.93261077  0.93617151  0.93884649  0.93957583  0.93260547
   0.9427899   0.9305716   0.93178578  0.93320491  0.94012999  0.93185575
   0.94755728  0.92935562  0.93823483  0.93248233  0.94386327  0.93496122
   0.93067387  0.93488005  0.92710163  0.93742255  0.93831725  0.91373852
   0.92513846  0.93375415  0.93765204  0.92366467  0.93535025  0.94055755
   0.94507862  0.92486232  0.93073883  0.93430263  0.94397955  0.92721901
   0.94485205  0.93384559  0.93036973  0.93370393  0.93948563  0.92323811
   0.92755296  0.92916169  0.93766474  0.91653399  0.92847071  0.93295183
   0.9447496   0.92567768  0.92417357  0.928323    0.94473434  0.9244582
   0.92956858  0.93309452  0.94598179  0.92748659  0.92848825  0.93220063
   0.9384224   0.93374851  0.9334654   0.94086275  0.94562119  0.92521485
   0.94052034  0.93339048  0.93904613  0.92569581  0.92321926  0.94034491
   0.94584641  0.92024199  0.92603069  0.92853186  0.94098897  0.93678149
   0.92854317  0.94047972  0.94788936  0.9228166   0.94332838  0.93377249
   0.93331137  0.9222292   0.92442216  0.93827248  0.94350033  0.924554
   0.92228195  0.91635849  0.94787114  0.93167683  0.93411574  0.93573129
   0.94788972  0.92806455  0.93530027  0.93680244  0.94111591  0.92746852
   0.93249171  0.93428533  0.94416277  0.93102578  0.92644509  0.92941026
   0.938117    0.9366502   0.93296305  0.93503537  0.94591765  0.92519702
   0.94466488  0.92966633  0.93187017  0.92614775  0.93362669  0.93582555
   0.94051579  0.93240081  0.91845472  0.9149022   0.93427563  0.93306085
   0.93450784  0.9357978   0.94159622  0.928912    0.94269209  0.93092372
   0.93741369  0.93015113  0.92968759  0.93510447  0.94175057  0.92855266
   0.9353042   0.93755561]]
