1.412152e-05
1.410930e-05
1.409493e-05
1.407844e-05
1.405983e-05
1.403909e-05
1.401625e-05
1.399130e-05
1.396426e-05
1.393513e-05
1.390394e-05
1.387068e-05
1.383537e-05
1.379803e-05
1.375867e-05
1.371731e-05
1.367396e-05
1.362863e-05
1.358136e-05
1.353214e-05
1.348101e-05
1.342798e-05
1.337308e-05
1.331633e-05
1.325774e-05
1.319734e-05
1.313516e-05
1.307122e-05
1.300554e-05
1.293815e-05
1.286908e-05
1.279835e-05
1.272600e-05
1.265204e-05
1.257651e-05
1.249944e-05
1.242086e-05
1.234080e-05
1.225928e-05
1.217635e-05
1.209203e-05
1.200636e-05
1.191937e-05
1.183108e-05
1.174154e-05
1.165079e-05
1.155884e-05
1.146575e-05
1.137154e-05
1.127625e-05
1.117991e-05
1.108257e-05
1.098425e-05
1.088500e-05
1.078484e-05
1.068383e-05
1.058199e-05
1.047936e-05
1.037597e-05
1.027188e-05
1.016710e-05
1.006169e-05
9.955676e-06
9.849096e-06
9.741988e-06
9.634391e-06
9.526340e-06
9.417874e-06
9.309029e-06
9.199843e-06
9.090352e-06
8.980594e-06
8.870604e-06
8.760419e-06
8.650076e-06
8.539609e-06
8.429056e-06
8.318450e-06
8.207828e-06
8.097224e-06
7.986673e-06
7.876208e-06
7.765864e-06
7.655674e-06
7.545671e-06
7.435887e-06
7.326356e-06
7.217108e-06
7.108176e-06
6.999589e-06
6.891379e-06
6.783575e-06
6.676208e-06
6.569305e-06
6.462895e-06
6.357007e-06
6.251667e-06
6.146903e-06
6.042741e-06
5.939205e-06
5.836323e-06
5.734117e-06
5.632612e-06
5.531832e-06
5.431799e-06
5.332534e-06
5.234061e-06
5.136398e-06
5.039568e-06
4.943589e-06
4.848480e-06
4.754259e-06
4.660945e-06
4.568554e-06
4.477103e-06
4.386607e-06
4.297081e-06
4.208540e-06
4.120997e-06
4.034466e-06
3.948958e-06
3.864487e-06
3.781062e-06
3.698694e-06
3.617394e-06
3.537170e-06
3.458030e-06
3.379983e-06
3.303036e-06
3.227196e-06
3.152467e-06
3.078857e-06
3.006369e-06
2.935008e-06
2.864777e-06
2.795679e-06
2.727716e-06
2.660891e-06
2.595203e-06
2.530655e-06
2.467246e-06
2.404975e-06
2.343841e-06
2.283843e-06
2.224979e-06
2.167246e-06
2.110640e-06
2.055158e-06
2.000797e-06
1.947550e-06
1.895414e-06
1.844383e-06
1.794450e-06
1.745609e-06
1.697854e-06
1.651177e-06
1.605570e-06
1.561025e-06
1.517535e-06
1.475089e-06
1.433679e-06
1.393295e-06
1.353928e-06
1.315567e-06
1.278202e-06
1.241822e-06
1.206415e-06
1.171972e-06
1.138479e-06
1.105925e-06
1.074299e-06
1.043586e-06
1.013777e-06
9.848561e-07
9.568122e-07
9.296316e-07
9.033011e-07
8.778073e-07
8.531367e-07
8.292755e-07
8.062100e-07
7.839261e-07
7.624099e-07
7.416473e-07
7.216241e-07
7.023260e-07
6.837387e-07
6.658480e-07
6.486393e-07
6.320983e-07
6.162105e-07
6.009617e-07
5.863372e-07
5.723227e-07
5.589039e-07
5.460664e-07
5.337959e-07
5.220781e-07
5.108989e-07
5.002441e-07
4.900996e-07
4.804515e-07
4.712860e-07
4.625891e-07
4.543473e-07
4.465470e-07
4.391747e-07
4.322172e-07
4.256612e-07
4.194937e-07
4.137017e-07
4.082725e-07
4.031936e-07
3.984524e-07
3.940367e-07
3.899343e-07
3.861334e-07
3.826221e-07
3.793889e-07
3.764223e-07
3.737112e-07
3.712445e-07
3.690115e-07
3.670014e-07
3.652039e-07
3.636086e-07
3.622057e-07
3.609853e-07
3.599378e-07
3.590537e-07
3.583240e-07
3.577395e-07
3.572916e-07
3.569717e-07
3.567715e-07
3.566828e-07
3.566978e-07
3.568087e-07
3.570081e-07
3.572887e-07
3.576435e-07
3.580656e-07
3.585484e-07
3.590855e-07
3.596707e-07
3.602980e-07
3.609617e-07
3.616560e-07
3.623757e-07
3.631156e-07
3.638707e-07
3.646362e-07
3.654076e-07
3.661805e-07
3.669506e-07
3.677140e-07
3.684668e-07
3.692055e-07
3.699265e-07
3.706266e-07
3.713026e-07
3.719517e-07
3.725711e-07
3.731582e-07
3.737105e-07
3.742258e-07
3.747019e-07
3.751370e-07
3.755291e-07
3.758766e-07
3.761779e-07
3.764318e-07
3.766368e-07
3.767920e-07
3.768962e-07
3.769487e-07
3.769486e-07
3.768954e-07
3.767885e-07
3.766275e-07
3.764121e-07
3.761421e-07
3.758174e-07
3.754379e-07
3.750039e-07
3.745154e-07
3.739726e-07
3.733761e-07
3.727261e-07
3.720231e-07
3.712678e-07
3.704607e-07
3.696025e-07
3.686941e-07
3.677361e-07
3.667296e-07
3.656753e-07
3.645743e-07
3.634276e-07
3.622363e-07
3.610014e-07
3.597241e-07
3.584056e-07
3.570469e-07
3.556495e-07
3.542145e-07
3.527432e-07
3.512369e-07
3.496970e-07
3.481246e-07
3.465213e-07
3.448883e-07
3.432270e-07
3.415389e-07
3.398251e-07
3.380872e-07
3.363266e-07
3.345445e-07
3.327423e-07
3.309215e-07
3.290835e-07
3.272294e-07
3.253608e-07
3.234788e-07
3.215850e-07
3.196804e-07
3.177666e-07
3.158446e-07
3.139158e-07
3.119815e-07
3.100428e-07
3.081009e-07
3.061570e-07
3.042122e-07
3.022678e-07
3.003247e-07
2.983842e-07
2.964471e-07
2.945146e-07
2.925877e-07
2.906672e-07
2.887543e-07
2.868497e-07
2.849545e-07
2.830693e-07
2.811952e-07
2.793328e-07
2.774830e-07
2.756464e-07
2.738239e-07
2.720160e-07
2.702235e-07
2.684470e-07
2.666871e-07
2.649442e-07
2.632191e-07
2.615121e-07
2.598238e-07
2.581546e-07
2.565050e-07
2.548752e-07
2.532658e-07
2.516770e-07
2.501091e-07
2.485625e-07
2.470374e-07
2.455340e-07
2.440526e-07
2.425933e-07
2.411563e-07
2.397417e-07
2.383496e-07
2.369802e-07
2.356334e-07
2.343094e-07
2.330082e-07
2.317297e-07
2.304740e-07
2.292410e-07
2.280306e-07
2.268429e-07
2.256777e-07
2.245349e-07
2.234143e-07
2.223159e-07
2.212395e-07
2.201849e-07
2.191519e-07
2.181403e-07
2.171500e-07
2.161807e-07
2.152322e-07
2.143042e-07
2.133965e-07
2.125087e-07
2.116408e-07
2.107922e-07
2.099629e-07
2.091524e-07
2.083605e-07
2.075868e-07
2.068310e-07
2.060929e-07
2.053720e-07
2.046680e-07
2.039807e-07
2.033096e-07
2.026545e-07
2.020149e-07
2.013906e-07
2.007811e-07
2.001861e-07
1.996053e-07
1.990383e-07
1.984848e-07
1.979443e-07
1.974166e-07
1.969013e-07
1.963980e-07
1.959064e-07
1.954262e-07
1.949569e-07
1.944983e-07
1.940500e-07
1.936117e-07
1.931829e-07
1.927635e-07
1.923531e-07
1.919512e-07
1.915577e-07
1.911722e-07
1.907944e-07
1.904240e-07
1.900606e-07
1.897041e-07
1.893540e-07
1.890101e-07
1.886721e-07
1.883397e-07
1.880128e-07
1.876909e-07
1.873738e-07
1.870613e-07
1.867532e-07
1.864491e-07
1.861489e-07
1.858523e-07
1.855591e-07
1.852691e-07
1.849820e-07
1.846976e-07
1.844158e-07
1.841364e-07
1.838591e-07
1.835837e-07
1.833102e-07
1.830383e-07
1.827678e-07
1.824987e-07
1.822306e-07
1.819636e-07
1.816974e-07
1.814319e-07
1.811669e-07
1.809024e-07
1.806382e-07
1.803743e-07
1.801104e-07
1.798465e-07
1.795825e-07
1.793182e-07
1.790537e-07
1.787888e-07
1.785234e-07
1.782574e-07
1.779908e-07
1.777235e-07
1.774554e-07
1.771866e-07
1.769168e-07
1.766461e-07
1.763744e-07
1.761017e-07
1.758280e-07
1.755531e-07
1.752771e-07
1.749999e-07
1.747215e-07
1.744419e-07
1.741610e-07
1.738788e-07
1.735954e-07
1.733107e-07
1.730247e-07
1.727373e-07
1.724487e-07
1.721587e-07
1.718673e-07
1.715747e-07
1.712807e-07
1.709854e-07
1.706888e-07
1.703909e-07
1.700916e-07
1.697911e-07
1.694893e-07
1.691863e-07
1.688820e-07
1.685764e-07
1.682697e-07
1.679618e-07
1.676527e-07
1.673424e-07
1.670310e-07
1.667185e-07
1.664049e-07
1.660902e-07
1.657745e-07
1.654578e-07
1.651400e-07
1.648213e-07
1.645017e-07
1.641812e-07
1.638597e-07
1.635374e-07
1.632143e-07
1.628904e-07
1.625657e-07
1.622402e-07
1.619140e-07
1.615871e-07
1.612595e-07
1.609313e-07
1.606025e-07
1.602730e-07
1.599431e-07
1.596125e-07
1.592815e-07
1.589499e-07
1.586180e-07
1.582855e-07
1.579527e-07
1.576195e-07
1.572859e-07
1.569520e-07
1.566178e-07
1.562833e-07
1.559485e-07
1.556135e-07
1.552782e-07
1.549428e-07
1.546072e-07
1.542715e-07
1.539356e-07
1.535996e-07
1.532636e-07
1.529275e-07
1.525913e-07
1.522551e-07
1.519189e-07
1.515827e-07
1.512466e-07
1.509105e-07
1.505745e-07
1.502386e-07
1.499028e-07
1.495671e-07
1.492316e-07
1.488963e-07
1.485611e-07
1.482261e-07
1.478914e-07
1.475569e-07
1.472226e-07
1.468887e-07
1.465550e-07
1.462216e-07
1.458886e-07
1.455559e-07
1.452235e-07
1.448915e-07
1.445599e-07
1.442288e-07
1.438980e-07
1.435677e-07
1.432379e-07
1.429085e-07
1.425796e-07
1.422513e-07
1.419234e-07
1.415962e-07
1.412694e-07
1.409433e-07
1.406178e-07
1.402929e-07
1.399686e-07
1.396450e-07
1.393220e-07
1.389997e-07
1.386782e-07
1.383574e-07
1.380373e-07
1.377180e-07
1.373995e-07
1.370818e-07
1.367649e-07
1.364489e-07
1.361337e-07
1.358194e-07
1.355060e-07
1.351936e-07
1.348821e-07
1.345715e-07
1.342620e-07
1.339535e-07
1.336460e-07
1.333395e-07
1.330342e-07
1.327299e-07
1.324268e-07
1.321248e-07
1.318240e-07
1.315243e-07
1.312259e-07
1.309287e-07
1.306327e-07
1.303380e-07
1.300447e-07
1.297526e-07
1.294619e-07
1.291726e-07
1.288846e-07
1.285981e-07
1.283129e-07
1.280293e-07
1.277471e-07
1.274664e-07
1.271873e-07
1.269097e-07
1.266336e-07
1.263592e-07
1.260863e-07
1.258151e-07
1.255455e-07
1.252776e-07
1.250114e-07
1.247469e-07
1.244841e-07
1.242231e-07
1.239638e-07
1.237063e-07
1.234506e-07
1.231968e-07
1.229448e-07
1.226946e-07
1.224463e-07
1.221999e-07
1.219554e-07
1.217128e-07
1.214722e-07
1.212335e-07
1.209967e-07
1.207619e-07
1.205292e-07
1.202984e-07
1.200696e-07
1.198428e-07
1.196181e-07
1.193954e-07
1.191747e-07
1.189561e-07
1.187396e-07
1.185251e-07
1.183127e-07
1.181024e-07
1.178942e-07
1.176880e-07
1.174840e-07
1.172820e-07
1.170821e-07
1.168844e-07
1.166887e-07
1.164951e-07
1.163036e-07
1.161142e-07
1.159269e-07
1.157417e-07
1.155585e-07
1.153775e-07
1.151985e-07
1.150216e-07
1.148467e-07
1.146739e-07
1.145031e-07
1.143344e-07
1.141677e-07
1.140030e-07
1.138403e-07
1.136796e-07
1.135208e-07
1.133641e-07
1.132093e-07
1.130564e-07
1.129055e-07
1.127564e-07
1.126093e-07
1.124640e-07
1.123206e-07
1.121790e-07
1.120392e-07
1.119013e-07
1.117651e-07
1.116307e-07
1.114980e-07
1.113671e-07
1.112378e-07
1.111102e-07
1.109843e-07
1.108601e-07
1.107374e-07
1.106163e-07
1.104968e-07
1.103789e-07
1.102624e-07
1.101475e-07
1.100340e-07
1.099219e-07
1.098113e-07
1.097021e-07
1.095943e-07
1.094878e-07
1.093826e-07
1.092787e-07
1.091761e-07
1.090747e-07
1.089745e-07
1.088756e-07
1.087778e-07
1.086811e-07
1.085856e-07
1.084911e-07
1.083977e-07
1.083054e-07
1.082140e-07
1.081237e-07
1.080343e-07
1.079459e-07
1.078583e-07
1.077717e-07
1.076859e-07
1.076010e-07
1.075169e-07
1.074335e-07
1.073510e-07
1.072692e-07
1.071881e-07
1.071078e-07
1.070281e-07
1.069491e-07
1.068707e-07
1.067930e-07
1.067158e-07
1.066392e-07
1.065632e-07
1.064878e-07
1.064129e-07
1.063384e-07
1.062645e-07
1.061911e-07
1.061181e-07
1.060455e-07
1.059734e-07
1.059017e-07
1.058304e-07
1.057595e-07
1.056889e-07
1.056187e-07
1.055489e-07
1.054794e-07
1.054102e-07
1.053414e-07
1.052728e-07
1.052046e-07
1.051366e-07
1.050689e-07
1.050015e-07
1.049344e-07
1.048675e-07
1.048008e-07
1.047345e-07
1.046683e-07
1.046024e-07
1.045368e-07
1.044714e-07
1.044062e-07
1.043412e-07
1.042765e-07
1.042120e-07
1.041477e-07
1.040837e-07
1.040199e-07
1.039563e-07
1.038929e-07
1.038298e-07
1.037669e-07
1.037043e-07
1.036419e-07
1.035797e-07
1.035178e-07
1.034562e-07
1.033948e-07
1.033337e-07
1.032729e-07
1.032123e-07
1.031520e-07
1.030920e-07
1.030323e-07
1.029730e-07
1.029139e-07
1.028552e-07
1.027968e-07
1.027387e-07
1.026810e-07
1.026237e-07
1.025667e-07
1.025101e-07
1.024539e-07
1.023980e-07
1.023426e-07
1.022876e-07
1.022331e-07
1.021789e-07
1.021253e-07
1.020721e-07
1.020193e-07
1.019670e-07
1.019153e-07
1.018640e-07
1.018132e-07
1.017630e-07
1.017133e-07
1.016642e-07
1.016155e-07
1.015675e-07
1.015200e-07
1.014732e-07
1.014269e-07
1.013812e-07
1.013361e-07
1.012917e-07
1.012479e-07
1.012047e-07
1.011622e-07
1.011203e-07
1.010791e-07
1.010386e-07
1.009988e-07
1.009596e-07
1.009212e-07
1.008834e-07
1.008464e-07
1.008100e-07
1.007744e-07
1.007396e-07
1.007054e-07
1.006720e-07
1.006393e-07
1.006074e-07
1.005762e-07
1.005458e-07
1.005161e-07
1.004872e-07
1.004590e-07
1.004316e-07
1.004050e-07
1.003791e-07
1.003539e-07
1.003296e-07
1.003060e-07
1.002831e-07
1.002610e-07
1.002397e-07
1.002191e-07
1.001992e-07
1.001801e-07
1.001617e-07
1.001441e-07
1.001272e-07
1.001110e-07
1.000956e-07
1.000808e-07
1.000667e-07
1.000534e-07
1.000407e-07
1.000287e-07
1.000174e-07
1.000068e-07
9.999678e-08
9.998743e-08
9.997870e-08
9.997060e-08
9.996311e-08
9.995622e-08
9.994991e-08
9.994418e-08
9.993901e-08
9.993439e-08
9.993030e-08
9.992674e-08
9.992368e-08
9.992111e-08
9.991903e-08
9.991740e-08
9.991623e-08
9.991548e-08
9.991515e-08
9.991522e-08
9.991568e-08
9.991650e-08
9.991767e-08
9.991918e-08
9.992100e-08
9.992313e-08
9.992553e-08
9.992820e-08
9.993111e-08
9.993426e-08
9.993761e-08
9.994116e-08
9.994488e-08
9.994875e-08
9.995277e-08
9.995690e-08
9.996114e-08
9.996545e-08
9.996984e-08
9.997427e-08
9.997873e-08
9.998319e-08
9.998766e-08
9.999209e-08
9.999648e-08
1.000008e-07
1.000051e-07
1.000092e-07
1.000132e-07
1.000172e-07
1.000209e-07
1.000245e-07
1.000279e-07
1.000311e-07
1.000341e-07
1.000368e-07
1.000394e-07
1.000416e-07
1.000436e-07
1.000452e-07
1.000466e-07
1.000476e-07
1.000483e-07
1.000486e-07
1.000486e-07
1.000482e-07
1.000473e-07
1.000461e-07
1.000445e-07
1.000424e-07
1.000398e-07
1.000368e-07
1.000334e-07
1.000294e-07
1.000250e-07
1.000200e-07
1.000146e-07
1.000086e-07
1.000020e-07
9.999496e-08
9.998733e-08
9.997914e-08
9.997037e-08
9.996103e-08
9.995109e-08
9.994056e-08
9.992942e-08
9.991768e-08
9.990531e-08
9.989232e-08
9.987870e-08
9.986445e-08
9.984955e-08
9.983400e-08
9.981781e-08
9.980095e-08
9.978343e-08
9.976525e-08
9.974639e-08
9.972686e-08
9.970666e-08
9.968577e-08
9.966419e-08
9.964193e-08
9.961898e-08
9.959533e-08
9.957099e-08
9.954595e-08
9.952022e-08
9.949377e-08
9.946663e-08
9.943878e-08
9.941023e-08
9.938096e-08
9.935099e-08
9.932031e-08
9.928891e-08
9.925680e-08
9.922398e-08
9.919045e-08
9.915620e-08
9.912123e-08
9.908555e-08
9.904916e-08
9.901204e-08
9.897421e-08
9.893566e-08
9.889640e-08
9.885641e-08
9.881571e-08
9.877428e-08
9.873214e-08
9.868927e-08
9.864569e-08
9.860138e-08
9.855635e-08
9.851060e-08
9.846412e-08
9.841692e-08
9.836900e-08
9.832035e-08
9.827098e-08
9.822088e-08
9.817005e-08
9.811849e-08
9.806621e-08
9.801319e-08
9.795944e-08
9.790496e-08
9.784974e-08
9.779379e-08
9.773710e-08
9.767968e-08
9.762151e-08
9.756260e-08
9.750295e-08
9.744255e-08
9.738141e-08
9.731952e-08
9.725688e-08
9.719348e-08
9.712934e-08
9.706443e-08
9.699877e-08
9.693235e-08
9.686517e-08
9.679723e-08
9.672852e-08
9.665904e-08
9.658880e-08
9.651778e-08
9.644600e-08
9.637343e-08
9.630009e-08
9.622598e-08
9.615108e-08
9.607541e-08
9.599895e-08
9.592171e-08
9.584368e-08
9.576487e-08
9.568527e-08
9.560489e-08
9.552371e-08
9.544175e-08
9.535900e-08
9.527546e-08
9.519114e-08
9.510602e-08
9.502012e-08
9.493343e-08
9.484596e-08
9.475770e-08
9.466866e-08
9.457883e-08
9.448823e-08
9.439685e-08
9.430470e-08
9.421178e-08
9.411809e-08
9.402364e-08
9.392843e-08
9.383247e-08
9.373575e-08
9.363829e-08
9.354010e-08
9.344117e-08
9.334151e-08
9.324114e-08
9.314005e-08
9.303826e-08
9.293578e-08
9.283260e-08
9.272875e-08
9.262424e-08
9.251906e-08
9.241324e-08
9.230678e-08
9.219970e-08
9.209201e-08
9.198371e-08
9.187483e-08
9.176538e-08
9.165537e-08
9.154481e-08
9.143373e-08
9.132214e-08
9.121005e-08
9.109747e-08
9.098444e-08
9.087096e-08
9.075706e-08
9.064275e-08
9.052805e-08
9.041298e-08
9.029757e-08
9.018183e-08
9.006579e-08
8.994946e-08
8.983288e-08
8.971605e-08
8.959902e-08
8.948179e-08
8.936440e-08
8.924686e-08
8.912921e-08
8.901148e-08
8.889368e-08
8.877584e-08
8.865799e-08
8.854016e-08
8.842238e-08
8.830467e-08
8.818706e-08
8.806958e-08
8.795226e-08
8.783514e-08
8.771823e-08
8.760157e-08
8.748519e-08
8.736912e-08
8.725340e-08
8.713804e-08
8.702310e-08
8.690858e-08
8.679454e-08
8.668099e-08
8.656797e-08
8.645552e-08
8.634366e-08
8.623243e-08
8.612185e-08
8.601197e-08
8.590282e-08
8.579442e-08
8.568680e-08
8.558001e-08
8.547408e-08
8.536902e-08
8.526489e-08
8.516170e-08
8.505949e-08
8.495830e-08
8.485815e-08
8.475907e-08
8.466110e-08
8.456426e-08
8.446859e-08
8.437412e-08
8.428087e-08
8.418888e-08
8.409817e-08
8.400877e-08
8.392071e-08
8.383402e-08
8.374873e-08
8.366486e-08
8.358244e-08
8.350149e-08
8.342204e-08
8.334412e-08
8.326775e-08
8.319295e-08
8.311974e-08
8.304816e-08
8.297821e-08
8.290993e-08
8.284332e-08
8.277842e-08
8.271524e-08
8.265380e-08
8.259412e-08
8.253621e-08
8.248010e-08
8.242578e-08
8.237330e-08
8.232264e-08
8.227384e-08
8.222689e-08
8.218182e-08
8.213864e-08
8.209734e-08
8.205795e-08
8.202048e-08
8.198492e-08
8.195129e-08
8.191959e-08
8.188983e-08
8.186201e-08
8.183614e-08
8.181222e-08
8.179024e-08
8.177022e-08
8.175214e-08
8.173602e-08
8.172184e-08
8.170962e-08
8.169933e-08
8.169098e-08
8.168457e-08
8.168008e-08
8.167752e-08
8.167686e-08
8.167812e-08
8.168127e-08
8.168630e-08
8.169321e-08
8.170199e-08
8.171262e-08
8.172508e-08
8.173937e-08
8.175548e-08
8.177337e-08
8.179305e-08
8.181449e-08
8.183767e-08
8.186258e-08
8.188920e-08
8.191751e-08
8.194749e-08
8.197912e-08
8.201237e-08
8.204723e-08
8.208367e-08
8.212167e-08
8.216121e-08
8.220225e-08
8.224479e-08
8.228878e-08
8.233422e-08
8.238106e-08
8.242929e-08
8.247887e-08
8.252978e-08
8.258199e-08
8.263547e-08
8.269020e-08
8.274615e-08
8.280327e-08
8.286156e-08
8.292097e-08
8.298148e-08
8.304305e-08
8.310565e-08
8.316926e-08
8.323384e-08
8.329937e-08
8.336580e-08
8.343311e-08
8.350126e-08
8.357023e-08
8.363998e-08
8.371048e-08
8.378169e-08
8.385360e-08
8.392615e-08
8.399932e-08
8.407308e-08
8.414740e-08
8.422223e-08
8.429756e-08
8.437335e-08
8.444956e-08
8.452616e-08
8.460312e-08
8.468042e-08
8.475801e-08
8.483586e-08
8.491395e-08
8.499224e-08
8.507070e-08
8.514930e-08
8.522801e-08
8.530679e-08
8.538562e-08
8.546447e-08
8.554331e-08
8.562210e-08
8.570081e-08
8.577943e-08
8.585791e-08
8.593623e-08
8.601436e-08
8.609228e-08
8.616994e-08
8.624733e-08
8.632442e-08
8.640119e-08
8.647759e-08
8.655362e-08
8.662923e-08
8.670442e-08
8.677914e-08
8.685338e-08
8.692710e-08
8.700030e-08
8.707293e-08
8.714499e-08
8.721644e-08
8.728726e-08
8.735742e-08
8.742692e-08
8.749572e-08
8.756381e-08
8.763115e-08
8.769774e-08
8.776355e-08
8.782856e-08
8.789275e-08
8.795611e-08
8.801861e-08
8.808023e-08
8.814097e-08
8.820079e-08
8.825969e-08
8.831764e-08
8.837463e-08
8.843065e-08
8.848568e-08
8.853970e-08
8.859270e-08
8.864466e-08
8.869558e-08
8.874543e-08
8.879421e-08
8.884190e-08
8.888850e-08
8.893398e-08
8.897834e-08
8.902156e-08
8.906364e-08
8.910457e-08
8.914433e-08
8.918293e-08
8.922034e-08
8.925656e-08
8.929158e-08
8.932540e-08
8.935801e-08
8.938940e-08
8.941957e-08
8.944851e-08
8.947621e-08
8.950268e-08
8.952789e-08
8.955187e-08
8.957459e-08
8.959605e-08
8.961626e-08
8.963521e-08
8.965290e-08
8.966933e-08
8.968449e-08
8.969840e-08
8.971104e-08
8.972241e-08
8.973252e-08
8.974138e-08
8.974897e-08
8.975531e-08
8.976040e-08
8.976423e-08
8.976682e-08
8.976816e-08
8.976827e-08
8.976714e-08
8.976478e-08
8.976120e-08
8.975640e-08
8.975039e-08
8.974317e-08
8.973476e-08
8.972516e-08
8.971438e-08
8.970243e-08
8.968931e-08
8.967504e-08
8.965963e-08
8.964308e-08
8.962540e-08
8.960661e-08
8.958672e-08
8.956574e-08
8.954367e-08
8.952054e-08
8.949636e-08
8.947113e-08
8.944488e-08
8.941760e-08
8.938933e-08
8.936007e-08
8.932983e-08
8.929864e-08
8.926650e-08
8.923343e-08
8.919944e-08
8.916456e-08
8.912880e-08
8.909216e-08
8.905468e-08
8.901637e-08
8.897723e-08
8.893729e-08
8.889657e-08
8.885509e-08
8.881285e-08
8.876988e-08
8.872619e-08
8.868180e-08
8.863674e-08
8.859101e-08
8.854463e-08
8.849763e-08
8.845002e-08
8.840181e-08
8.835303e-08
8.830369e-08
8.825382e-08
8.820342e-08
8.815251e-08
8.810112e-08
8.804926e-08
8.799695e-08
8.794420e-08
8.789103e-08
8.783746e-08
8.778351e-08
8.772919e-08
8.767452e-08
8.761951e-08
8.756419e-08
8.750856e-08
8.745264e-08
8.739645e-08
8.734001e-08
8.728332e-08
8.722640e-08
8.716927e-08
8.711194e-08
8.705442e-08
8.699674e-08
8.693889e-08
8.688090e-08
8.682277e-08
8.676452e-08
8.670616e-08
8.664770e-08
8.658916e-08
8.653054e-08
8.647185e-08
8.641311e-08
8.635431e-08
8.629549e-08
8.623663e-08
8.617775e-08
8.611887e-08
8.605997e-08
8.600109e-08
8.594221e-08
8.588335e-08
8.582451e-08
8.576571e-08
8.570694e-08
8.564821e-08
8.558953e-08
8.553089e-08
8.547232e-08
8.541380e-08
8.535534e-08
8.529695e-08
8.523864e-08
8.518039e-08
8.512222e-08
8.506413e-08
8.500612e-08
8.494819e-08
8.489034e-08
8.483258e-08
8.477491e-08
8.471733e-08
8.465984e-08
8.460244e-08
8.454513e-08
8.448792e-08
8.443081e-08
8.437378e-08
8.431686e-08
8.426004e-08
8.420332e-08
8.414670e-08
8.409018e-08
8.403376e-08
8.397746e-08
8.392126e-08
8.386518e-08
8.380920e-08
8.375335e-08
8.369761e-08
8.364200e-08
8.358652e-08
8.353117e-08
8.347595e-08
8.342088e-08
8.336596e-08
8.331119e-08
8.325658e-08
8.320214e-08
8.314788e-08
8.309380e-08
8.303992e-08
8.298624e-08
8.293278e-08
8.287955e-08
8.282657e-08
8.277383e-08
8.272137e-08
8.266919e-08
8.261731e-08
8.256575e-08
8.251453e-08
8.246366e-08
8.241317e-08
8.236307e-08
8.231340e-08
8.226417e-08
8.221540e-08
8.216714e-08
8.211939e-08
8.207220e-08
8.202558e-08
8.197958e-08
8.193422e-08
8.188953e-08
8.184556e-08
8.180234e-08
8.175990e-08
8.171829e-08
8.167754e-08
8.163770e-08
8.159881e-08
8.156091e-08
8.152405e-08
8.148828e-08
8.145365e-08
8.142021e-08
8.138800e-08
8.135709e-08
8.132752e-08
8.129935e-08
8.127265e-08
8.124746e-08
8.122385e-08
8.120189e-08
8.118162e-08
8.116312e-08
8.114646e-08
8.113170e-08
8.111890e-08
8.110814e-08
8.109949e-08
8.109302e-08
8.108881e-08
8.108692e-08
8.108743e-08
8.109043e-08
8.109598e-08
8.110417e-08
8.111508e-08
8.112878e-08
8.114536e-08
8.116490e-08
8.118748e-08
8.121319e-08
8.124212e-08
8.127433e-08
8.130994e-08
8.134901e-08
8.139164e-08
8.143791e-08
8.148791e-08
8.154173e-08
8.159946e-08
8.166118e-08
8.172699e-08
8.179697e-08
8.187120e-08
8.194979e-08
8.203281e-08
8.212036e-08
8.221252e-08
8.230938e-08
8.241102e-08
8.251753e-08
8.262900e-08
8.274551e-08
8.286714e-08
8.299397e-08
8.312610e-08
8.326359e-08
8.340653e-08
8.355499e-08
8.370906e-08
8.386880e-08
8.403429e-08
8.420560e-08
8.438281e-08
8.456598e-08
8.475517e-08
8.495046e-08
8.515190e-08
8.535955e-08
8.557348e-08
8.579373e-08
8.602037e-08
8.625343e-08
8.649298e-08
8.673905e-08
8.699169e-08
8.725093e-08
8.751682e-08
8.778938e-08
8.806866e-08
8.835466e-08
8.864743e-08
8.894697e-08
8.925331e-08
8.956646e-08
8.988643e-08
9.021323e-08
9.054686e-08
9.088731e-08
9.123459e-08
9.158869e-08
9.194958e-08
9.231727e-08
9.269171e-08
9.307290e-08
9.346079e-08
9.385537e-08
9.425658e-08
9.466439e-08
9.507875e-08
9.549961e-08
9.592692e-08
9.636061e-08
9.680063e-08
9.724690e-08
9.769934e-08
9.815790e-08
9.862247e-08
9.909298e-08
9.956933e-08
1.000514e-07
1.005392e-07
1.010325e-07
1.015312e-07
1.020352e-07
1.025445e-07
1.030588e-07
1.035781e-07
1.041022e-07
1.046310e-07
1.051643e-07
1.057021e-07
1.062441e-07
1.067902e-07
1.073402e-07
1.078940e-07
1.084514e-07
1.090123e-07
1.095765e-07
1.101437e-07
1.107139e-07
1.112868e-07
1.118622e-07
1.124400e-07
1.130200e-07
1.136019e-07
1.141855e-07
1.147708e-07
1.153574e-07
1.159451e-07
1.165337e-07
1.171231e-07
1.177129e-07
1.183030e-07
1.188932e-07
1.194831e-07
1.200727e-07
1.206616e-07
1.212497e-07
1.218367e-07
1.224223e-07
1.230064e-07
1.235887e-07
1.241689e-07
1.247468e-07
1.253222e-07
1.258949e-07
1.264646e-07
1.270310e-07
1.275939e-07
1.281531e-07
1.287083e-07
1.292594e-07
1.298059e-07
1.303478e-07
1.308848e-07
1.314166e-07
1.319430e-07
1.324637e-07
1.329786e-07
1.334874e-07
1.339899e-07
1.344857e-07
1.349748e-07
1.354569e-07
1.359317e-07
1.363991e-07
1.368588e-07
1.373106e-07
1.377543e-07
1.381897e-07
1.386166e-07
1.390348e-07
1.394440e-07
1.398442e-07
1.402350e-07
1.406164e-07
1.409881e-07
1.413499e-07
1.417018e-07
1.420434e-07
1.423747e-07
1.426955e-07
1.430057e-07
1.433050e-07
1.435933e-07
1.438706e-07
1.441366e-07
1.443913e-07
1.446345e-07
1.448661e-07
1.450860e-07
1.452941e-07
1.454903e-07
1.456744e-07
1.458465e-07
1.460064e-07
1.461541e-07
1.462894e-07
1.464123e-07
1.465228e-07
1.466209e-07
1.467063e-07
1.467793e-07
1.468396e-07
1.468873e-07
1.469223e-07
1.469448e-07
1.469545e-07
1.469516e-07
1.469361e-07
1.469079e-07
