-1.682808e-08
-1.379337e-08
-1.073640e-08
-7.658440e-09
-4.560776e-09
-1.444713e-09
1.688443e-09
4.837376e-09
8.000760e-09
1.117727e-08
1.436556e-08
1.756431e-08
2.077216e-08
2.398776e-08
2.720977e-08
3.043684e-08
3.366761e-08
3.690073e-08
4.013484e-08
4.336861e-08
4.660067e-08
4.982969e-08
5.305432e-08
5.627323e-08
5.948507e-08
6.268853e-08
6.588228e-08
6.906500e-08
7.223541e-08
7.539218e-08
7.853405e-08
8.165972e-08
8.476794e-08
8.785744e-08
9.092699e-08
9.397534e-08
9.700128e-08
1.000036e-07
1.029811e-07
1.059327e-07
1.088570e-07
1.117531e-07
1.146198e-07
1.174560e-07
1.202605e-07
1.230323e-07
1.257704e-07
1.284737e-07
1.311411e-07
1.337717e-07
1.363646e-07
1.389187e-07
1.414331e-07
1.439069e-07
1.463392e-07
1.487291e-07
1.510758e-07
1.533785e-07
1.556363e-07
1.578485e-07
1.600143e-07
1.621330e-07
1.642039e-07
1.662263e-07
1.681995e-07
1.701230e-07
1.719961e-07
1.738182e-07
1.755887e-07
1.773072e-07
1.789732e-07
1.805861e-07
1.821455e-07
1.836511e-07
1.851023e-07
1.864988e-07
1.878403e-07
1.891264e-07
1.903569e-07
1.915315e-07
1.926500e-07
1.937121e-07
1.947177e-07
1.956665e-07
1.965586e-07
1.973936e-07
1.981717e-07
1.988927e-07
1.995565e-07
2.001633e-07
2.007130e-07
2.012056e-07
2.016412e-07
2.020200e-07
2.023421e-07
2.026075e-07
2.028165e-07
2.029693e-07
2.030661e-07
2.031072e-07
2.030927e-07
2.030231e-07
2.028986e-07
2.027196e-07
2.024863e-07
2.021993e-07
2.018589e-07
2.014655e-07
2.010197e-07
2.005218e-07
1.999723e-07
1.993718e-07
1.987208e-07
1.980198e-07
1.972695e-07
1.964703e-07
1.956229e-07
1.947280e-07
1.937861e-07
1.927980e-07
1.917643e-07
1.906857e-07
1.895628e-07
1.883965e-07
1.871875e-07
1.859364e-07
1.846442e-07
1.833115e-07
1.819392e-07
1.805280e-07
1.790788e-07
1.775923e-07
1.760696e-07
1.745113e-07
1.729184e-07
1.712917e-07
1.696321e-07
1.679404e-07
1.662177e-07
1.644648e-07
1.626825e-07
1.608719e-07
1.590338e-07
1.571692e-07
1.552790e-07
1.533642e-07
1.514256e-07
1.494643e-07
1.474812e-07
1.454772e-07
1.434533e-07
1.414104e-07
1.393495e-07
1.372717e-07
1.351777e-07
1.330686e-07
1.309454e-07
1.288090e-07
1.266603e-07
1.245003e-07
1.223299e-07
1.201502e-07
1.179620e-07
1.157663e-07
1.135640e-07
1.113560e-07
1.091433e-07
1.069267e-07
1.047073e-07
1.024858e-07
1.002633e-07
9.804047e-08
9.581834e-08
9.359773e-08
9.137951e-08
8.916454e-08
8.695366e-08
8.474770e-08
8.254749e-08
8.035384e-08
7.816755e-08
7.598942e-08
7.382022e-08
7.166071e-08
6.951166e-08
6.737380e-08
6.524786e-08
6.313456e-08
6.103460e-08
5.894866e-08
5.687743e-08
5.482155e-08
5.278167e-08
5.075843e-08
4.875244e-08
4.676429e-08
4.479458e-08
4.284386e-08
4.091270e-08
3.900163e-08
3.711117e-08
3.524182e-08
3.339408e-08
3.156840e-08
2.976526e-08
2.798509e-08
2.622830e-08
2.449530e-08
2.278649e-08
2.110223e-08
1.944287e-08
1.780875e-08
1.620020e-08
1.461750e-08
1.306096e-08
1.153083e-08
1.002737e-08
8.550818e-09
7.101382e-09
5.679267e-09
4.284655e-09
2.917715e-09
1.578596e-09
2.674312e-10
-1.015661e-09
-2.270580e-09
-3.497242e-09
-4.695577e-09
-5.865533e-09
-7.007073e-09
-8.120176e-09
-9.204836e-09
-1.026106e-08
-1.128888e-08
-1.228832e-08
-1.325945e-08
-1.420233e-08
-1.511705e-08
-1.600369e-08
-1.686238e-08
-1.769323e-08
-1.849638e-08
-1.927199e-08
-2.002020e-08
-2.074121e-08
-2.143519e-08
-2.210235e-08
-2.274289e-08
-2.335704e-08
-2.394503e-08
-2.450711e-08
-2.504352e-08
-2.555453e-08
-2.604042e-08
-2.650148e-08
-2.693798e-08
-2.735023e-08
-2.773855e-08
-2.810325e-08
-2.844466e-08
-2.876310e-08
-2.905893e-08
-2.933248e-08
-2.958411e-08
-2.981419e-08
-3.002307e-08
-3.021113e-08
-3.037874e-08
-3.052629e-08
-3.065416e-08
-3.076275e-08
-3.085243e-08
-3.092362e-08
-3.097671e-08
-3.101211e-08
-3.103021e-08
-3.103144e-08
-3.101619e-08
-3.098489e-08
-3.093793e-08
-3.087575e-08
-3.079874e-08
-3.070733e-08
-3.060193e-08
-3.048295e-08
-3.035081e-08
-3.020593e-08
-3.004870e-08
-2.987955e-08
-2.969889e-08
-2.950711e-08
-2.930463e-08
-2.909185e-08
-2.886916e-08
-2.863697e-08
-2.839568e-08
-2.814566e-08
-2.788731e-08
-2.762101e-08
-2.734714e-08
-2.706608e-08
-2.677819e-08
-2.648385e-08
-2.618342e-08
-2.587725e-08
-2.556570e-08
-2.524910e-08
-2.492782e-08
-2.460217e-08
-2.427249e-08
-2.393911e-08
-2.360234e-08
-2.326250e-08
-2.291990e-08
-2.257483e-08
-2.222759e-08
-2.187846e-08
-2.152774e-08
-2.117569e-08
-2.082258e-08
-2.046867e-08
-2.011423e-08
-1.975949e-08
-1.940471e-08
-1.905011e-08
-1.869593e-08
-1.834238e-08
-1.798968e-08
-1.763803e-08
-1.728765e-08
-1.693872e-08
-1.659143e-08
-1.624597e-08
-1.590249e-08
-1.556118e-08
-1.522219e-08
-1.488568e-08
-1.455180e-08
-1.422067e-08
-1.389245e-08
-1.356725e-08
-1.324520e-08
-1.292641e-08
-1.261099e-08
-1.229905e-08
-1.199068e-08
-1.168597e-08
-1.138501e-08
-1.108787e-08
-1.079463e-08
-1.050536e-08
-1.022012e-08
-9.938961e-09
-9.661941e-09
-9.389104e-09
-9.120492e-09
-8.856142e-09
-8.596085e-09
-8.340347e-09
-8.088951e-09
-7.841915e-09
-7.599251e-09
-7.360970e-09
-7.127077e-09
-6.897571e-09
-6.672451e-09
-6.451710e-09
-6.235338e-09
-6.023321e-09
-5.815642e-09
-5.612281e-09
-5.413215e-09
-5.218416e-09
-5.027857e-09
-4.841504e-09
-4.659324e-09
-4.481279e-09
-4.307330e-09
-4.137435e-09
-3.971550e-09
-3.809629e-09
-3.651624e-09
-3.497486e-09
-3.347163e-09
-3.200603e-09
-3.057751e-09
-2.918551e-09
-2.782947e-09
-2.650879e-09
-2.522289e-09
-2.397117e-09
-2.275302e-09
-2.156781e-09
-2.041492e-09
-1.929372e-09
-1.820357e-09
-1.714383e-09
-1.611386e-09
-1.511302e-09
-1.414064e-09
-1.319608e-09
-1.227869e-09
-1.138782e-09
-1.052282e-09
-9.683034e-10
-8.867824e-10
-8.076542e-10
-7.308549e-10
-6.563207e-10
-5.839882e-10
-5.137946e-10
-4.456776e-10
-3.795754e-10
-3.154267e-10
-2.531710e-10
-1.927483e-10
-1.340995e-10
-7.716601e-11
-2.189004e-11
3.178538e-11
8.391644e-11
1.345585e-10
1.837661e-10
2.315930e-10
2.780919e-10
3.233148e-10
3.673127e-10
4.101358e-10
4.518332e-10
4.924534e-10
5.320437e-10
5.706505e-10
6.083195e-10
6.450953e-10
6.810215e-10
7.161410e-10
7.504956e-10
7.841263e-10
8.170732e-10
8.493754e-10
8.810713e-10
9.121982e-10
9.427928e-10
9.728906e-10
1.002527e-09
1.031735e-09
1.060548e-09
1.089000e-09
1.117120e-09
1.144941e-09
1.172492e-09
1.199803e-09
1.226902e-09
1.253818e-09
1.280576e-09
1.307205e-09
1.333729e-09
1.360174e-09
1.386564e-09
1.412923e-09
1.439275e-09
1.465643e-09
1.492048e-09
1.518512e-09
1.545056e-09
1.571701e-09
1.598467e-09
1.625372e-09
1.652437e-09
1.679679e-09
1.707116e-09
1.734767e-09
1.762648e-09
1.790775e-09
1.819166e-09
1.847836e-09
1.876800e-09
1.906073e-09
1.935670e-09
1.965605e-09
1.995892e-09
2.026544e-09
2.057574e-09
2.088995e-09
2.120819e-09
2.153059e-09
2.185724e-09
2.218827e-09
2.252379e-09
2.286390e-09
2.320869e-09
2.355828e-09
2.391274e-09
2.427217e-09
2.463665e-09
2.500627e-09
2.538110e-09
2.576122e-09
2.614670e-09
2.653760e-09
2.693399e-09
2.733592e-09
2.774345e-09
2.815663e-09
2.857550e-09
2.900011e-09
2.943049e-09
2.986667e-09
3.030869e-09
3.075656e-09
3.121031e-09
3.166995e-09
3.213548e-09
3.260693e-09
3.308427e-09
3.356751e-09
3.405664e-09
3.455164e-09
3.505250e-09
3.555918e-09
3.607166e-09
3.658989e-09
3.711385e-09
3.764347e-09
3.817871e-09
3.871952e-09
3.926582e-09
3.981755e-09
4.037463e-09
4.093699e-09
4.150453e-09
4.207717e-09
4.265482e-09
4.323735e-09
4.382468e-09
4.441669e-09
4.501325e-09
4.561424e-09
4.621954e-09
4.682900e-09
4.744249e-09
4.805985e-09
4.868094e-09
4.930560e-09
4.993367e-09
5.056498e-09
5.119936e-09
5.183662e-09
5.247660e-09
5.311909e-09
5.376392e-09
5.441088e-09
5.505978e-09
5.571041e-09
5.636255e-09
5.701601e-09
5.767056e-09
5.832599e-09
5.898206e-09
5.963856e-09
6.029525e-09
6.095190e-09
6.160828e-09
6.226415e-09
6.291927e-09
6.357339e-09
6.422628e-09
6.487767e-09
6.552734e-09
6.617503e-09
6.682048e-09
6.746345e-09
6.810369e-09
6.874094e-09
6.937495e-09
7.000547e-09
7.063225e-09
7.125503e-09
7.187357e-09
7.248761e-09
7.309691e-09
7.370122e-09
7.430029e-09
7.489388e-09
7.548174e-09
7.606364e-09
7.663935e-09
7.720862e-09
7.777122e-09
7.832694e-09
7.887554e-09
7.941680e-09
7.995051e-09
8.047646e-09
8.099443e-09
8.150422e-09
8.200564e-09
8.249850e-09
8.298259e-09
8.345774e-09
8.392377e-09
8.438051e-09
8.482780e-09
8.526547e-09
8.569336e-09
8.611134e-09
8.651925e-09
8.691697e-09
8.730437e-09
8.768132e-09
8.804771e-09
8.840344e-09
8.874841e-09
8.908251e-09
8.940568e-09
8.971783e-09
9.001888e-09
9.030879e-09
9.058749e-09
9.085493e-09
9.111109e-09
9.135592e-09
9.158940e-09
9.181153e-09
9.202228e-09
9.222166e-09
9.240968e-09
9.258636e-09
9.275171e-09
9.290577e-09
9.304858e-09
9.318019e-09
9.330065e-09
9.341002e-09
9.350837e-09
9.359579e-09
9.367235e-09
9.373815e-09
9.379328e-09
9.383786e-09
9.387199e-09
9.389581e-09
9.390943e-09
9.391298e-09
9.390662e-09
9.389048e-09
9.386472e-09
9.382951e-09
9.378499e-09
9.373135e-09
9.366876e-09
9.359741e-09
9.351747e-09
9.342916e-09
9.333265e-09
9.322816e-09
9.311589e-09
9.299605e-09
9.286886e-09
9.273454e-09
9.259331e-09
9.244540e-09
9.229104e-09
9.213047e-09
9.196392e-09
9.179163e-09
9.161384e-09
9.143081e-09
9.124277e-09
9.104998e-09
9.085268e-09
9.065114e-09
9.044560e-09
9.023632e-09
9.002356e-09
8.980758e-09
8.958863e-09
8.936698e-09
8.914287e-09
8.891658e-09
8.868835e-09
8.845846e-09
8.822715e-09
8.799469e-09
8.776133e-09
8.752732e-09
8.729293e-09
8.705840e-09
8.682399e-09
8.658994e-09
8.635651e-09
8.612393e-09
8.589246e-09
8.566234e-09
8.543379e-09
8.520707e-09
8.498240e-09
8.476002e-09
8.454015e-09
8.432301e-09
8.410883e-09
8.389782e-09
8.369020e-09
8.348618e-09
8.328596e-09
8.308975e-09
8.289775e-09
8.271015e-09
8.252714e-09
8.234891e-09
8.217563e-09
8.200750e-09
8.184467e-09
8.168733e-09
8.153562e-09
8.138972e-09
8.124977e-09
8.111593e-09
8.098834e-09
8.086714e-09
8.075247e-09
8.064445e-09
8.054321e-09
8.044888e-09
8.036156e-09
8.028136e-09
8.020840e-09
8.014277e-09
8.008456e-09
8.003387e-09
7.999077e-09
7.995536e-09
7.992770e-09
7.990786e-09
7.989590e-09
7.989189e-09
7.989588e-09
7.990791e-09
7.992804e-09
7.995629e-09
7.999271e-09
8.003731e-09
8.009014e-09
8.015119e-09
8.022050e-09
8.029806e-09
8.038388e-09
8.047797e-09
8.058031e-09
8.069089e-09
8.080971e-09
8.093674e-09
8.107196e-09
8.121534e-09
8.136686e-09
8.152646e-09
8.169412e-09
8.186978e-09
8.205340e-09
8.224493e-09
8.244430e-09
8.265146e-09
8.286635e-09
8.308888e-09
8.331900e-09
8.355662e-09
8.380167e-09
8.405406e-09
8.431370e-09
8.458052e-09
8.485440e-09
8.513526e-09
8.542300e-09
8.571752e-09
8.601870e-09
8.632646e-09
8.664066e-09
8.696120e-09
8.728797e-09
8.762084e-09
8.795970e-09
8.830443e-09
8.865489e-09
8.901097e-09
8.937253e-09
8.973944e-09
9.011158e-09
9.048880e-09
9.087098e-09
9.125797e-09
9.164965e-09
9.204586e-09
9.244647e-09
9.285133e-09
9.326032e-09
9.367327e-09
9.409006e-09
9.451053e-09
9.493454e-09
9.536195e-09
9.579260e-09
9.622636e-09
9.666309e-09
9.710262e-09
9.754483e-09
9.798956e-09
9.843667e-09
9.888601e-09
9.933745e-09
9.979085e-09
1.002460e-08
1.007029e-08
1.011613e-08
1.016211e-08
1.020821e-08
1.025443e-08
1.030074e-08
1.034714e-08
1.039361e-08
1.044014e-08
1.048672e-08
1.053333e-08
1.057996e-08
1.062660e-08
1.067324e-08
1.071986e-08
1.076646e-08
1.081302e-08
1.085953e-08
1.090598e-08
1.095236e-08
1.099867e-08
1.104488e-08
1.109100e-08
1.113700e-08
1.118289e-08
1.122866e-08
1.127429e-08
1.131977e-08
1.136511e-08
1.141029e-08
1.145530e-08
1.150015e-08
1.154481e-08
1.158929e-08
1.163358e-08
1.167768e-08
1.172158e-08
1.176527e-08
1.180875e-08
1.185202e-08
1.189507e-08
1.193790e-08
1.198051e-08
1.202289e-08
1.206505e-08
1.210697e-08
1.214866e-08
1.219012e-08
1.223134e-08
1.227233e-08
1.231309e-08
1.235360e-08
1.239388e-08
1.243393e-08
1.247374e-08
1.251332e-08
1.255267e-08
1.259179e-08
1.263068e-08
1.266934e-08
1.270778e-08
1.274600e-08
1.278401e-08
1.282179e-08
1.285937e-08
1.289673e-08
1.293389e-08
1.297085e-08
1.300761e-08
1.304418e-08
1.308056e-08
1.311676e-08
1.315278e-08
1.318862e-08
1.322428e-08
1.325979e-08
1.329513e-08
1.333031e-08
1.336534e-08
1.340023e-08
1.343497e-08
1.346957e-08
1.350404e-08
1.353838e-08
1.357260e-08
1.360670e-08
1.364068e-08
1.367455e-08
1.370832e-08
1.374199e-08
1.377555e-08
1.380903e-08
1.384241e-08
1.387570e-08
1.390891e-08
1.394204e-08
1.397510e-08
1.400808e-08
1.404098e-08
1.407382e-08
1.410658e-08
1.413928e-08
1.417192e-08
1.420449e-08
1.423700e-08
1.426944e-08
1.430182e-08
1.433414e-08
1.436640e-08
1.439859e-08
1.443072e-08
1.446278e-08
1.449478e-08
1.452670e-08
1.455855e-08
1.459033e-08
1.462203e-08
1.465364e-08
1.468517e-08
1.471662e-08
1.474796e-08
1.477921e-08
1.481036e-08
1.484139e-08
1.487231e-08
1.490311e-08
1.493378e-08
1.496432e-08
1.499471e-08
1.502495e-08
1.505504e-08
1.508496e-08
1.511470e-08
1.514427e-08
1.517364e-08
1.520281e-08
1.523178e-08
1.526052e-08
1.528903e-08
1.531731e-08
1.534533e-08
1.537310e-08
1.540059e-08
1.542781e-08
1.545473e-08
1.548135e-08
1.550765e-08
1.553363e-08
1.555928e-08
1.558457e-08
1.560951e-08
1.563407e-08
1.565826e-08
1.568205e-08
1.570543e-08
1.572840e-08
1.575095e-08
1.577305e-08
1.579471e-08
1.581590e-08
1.583663e-08
1.585687e-08
1.587662e-08
1.589586e-08
1.591460e-08
1.593281e-08
1.595049e-08
1.596763e-08
1.598421e-08
1.600024e-08
1.601570e-08
1.603058e-08
1.604488e-08
1.605858e-08
1.607169e-08
1.608419e-08
1.609607e-08
1.610734e-08
1.611797e-08
1.612798e-08
1.613736e-08
1.614609e-08
1.615418e-08
1.616162e-08
1.616841e-08
1.617454e-08
1.618002e-08
1.618484e-08
1.618900e-08
1.619249e-08
1.619533e-08
1.619750e-08
1.619901e-08
1.619986e-08
1.620005e-08
1.619958e-08
1.619845e-08
1.619667e-08
1.619424e-08
1.619116e-08
1.618744e-08
1.618308e-08
1.617808e-08
1.617246e-08
1.616621e-08
1.615934e-08
1.615186e-08
1.614377e-08
1.613509e-08
1.612581e-08
1.611595e-08
1.610551e-08
1.609450e-08
1.608293e-08
1.607081e-08
1.605815e-08
1.604495e-08
1.603122e-08
1.601698e-08
1.600224e-08
1.598699e-08
1.597126e-08
1.595505e-08
1.593838e-08
1.592124e-08
1.590366e-08
1.588564e-08
1.586719e-08
1.584832e-08
1.582904e-08
1.580936e-08
1.578929e-08
1.576884e-08
1.574802e-08
1.572684e-08
1.570530e-08
1.568342e-08
1.566120e-08
1.563866e-08
1.561579e-08
1.559261e-08
1.556913e-08
1.554535e-08
1.552127e-08
1.549691e-08
1.547227e-08
1.544736e-08
1.542217e-08
1.539672e-08
1.537102e-08
1.534505e-08
1.531883e-08
1.529237e-08
1.526565e-08
1.523869e-08
1.521148e-08
1.518404e-08
1.515634e-08
1.512841e-08
1.510023e-08
1.507181e-08
1.504314e-08
1.501423e-08
1.498506e-08
1.495564e-08
1.492596e-08
1.489603e-08
1.486582e-08
1.483535e-08
1.480460e-08
1.477357e-08
1.474225e-08
1.471064e-08
1.467873e-08
1.464650e-08
1.461396e-08
1.458110e-08
1.454790e-08
1.451436e-08
1.448046e-08
1.444621e-08
1.441158e-08
1.437657e-08
1.434117e-08
1.430537e-08
1.426916e-08
1.423252e-08
1.419545e-08
1.415794e-08
1.411997e-08
1.408153e-08
1.404262e-08
1.400322e-08
1.396332e-08
1.392291e-08
1.388198e-08
1.384052e-08
1.379853e-08
1.375598e-08
1.371287e-08
1.366919e-08
1.362494e-08
1.358010e-08
1.353466e-08
1.348863e-08
1.344198e-08
1.339472e-08
1.334684e-08
1.329833e-08
1.324919e-08
1.319941e-08
1.314899e-08
1.309793e-08
1.304623e-08
1.299388e-08
1.294088e-08
1.288723e-08
1.283295e-08
1.277801e-08
1.272244e-08
1.266623e-08
1.260939e-08
1.255193e-08
1.249384e-08
1.243515e-08
1.237585e-08
1.231596e-08
1.225548e-08
1.219444e-08
1.213284e-08
1.207070e-08
1.200803e-08
1.194486e-08
1.188118e-08
1.181704e-08
1.175244e-08
1.168740e-08
1.162195e-08
1.155612e-08
1.148992e-08
1.142338e-08
1.135652e-08
1.128939e-08
1.122199e-08
1.115437e-08
1.108655e-08
1.101857e-08
1.095046e-08
1.088225e-08
1.081397e-08
1.074567e-08
1.067738e-08
1.060913e-08
1.054097e-08
1.047294e-08
1.040507e-08
1.033740e-08
1.026998e-08
1.020285e-08
1.013606e-08
1.006964e-08
1.000364e-08
9.938103e-09
9.873077e-09
9.808608e-09
9.744740e-09
9.681520e-09
9.618996e-09
9.557214e-09
9.496220e-09
9.436064e-09
9.376791e-09
9.318451e-09
9.261090e-09
9.204755e-09
9.149495e-09
9.095357e-09
9.042388e-09
8.990634e-09
8.940142e-09
8.890959e-09
8.843129e-09
8.796699e-09
8.751712e-09
8.708214e-09
8.666246e-09
8.625853e-09
8.587076e-09
8.549957e-09
8.514534e-09
8.480849e-09
8.448939e-09
8.418842e-09
8.390594e-09
8.364230e-09
8.339784e-09
8.317289e-09
8.296776e-09
8.278276e-09
8.261818e-09
8.247428e-09
8.235133e-09
8.224957e-09
8.216924e-09
8.211054e-09
8.207368e-09
8.205884e-09
8.206617e-09
8.209583e-09
8.214796e-09
8.222265e-09
8.232002e-09
8.244012e-09
8.258304e-09
8.274879e-09
8.293741e-09
8.314891e-09
8.338325e-09
8.364041e-09
8.392033e-09
8.422294e-09
8.454815e-09
8.489584e-09
8.526588e-09
8.565812e-09
8.607239e-09
8.650850e-09
8.696623e-09
8.744537e-09
8.794566e-09
8.846683e-09
8.900860e-09
8.957067e-09
9.015271e-09
9.075438e-09
9.137532e-09
9.201516e-09
9.267349e-09
9.334991e-09
9.404399e-09
9.475528e-09
9.548332e-09
9.622763e-09
9.698772e-09
9.776308e-09
9.855317e-09
9.935748e-09
1.001754e-08
1.010065e-08
1.018500e-08
1.027055e-08
1.035723e-08
1.044497e-08
1.053372e-08
1.062342e-08
1.071399e-08
1.080538e-08
1.089751e-08
1.099032e-08
1.108374e-08
1.117770e-08
1.127213e-08
1.136696e-08
1.146211e-08
1.155753e-08
1.165313e-08
1.174884e-08
1.184460e-08
1.194032e-08
1.203593e-08
1.213137e-08
1.222655e-08
1.232140e-08
1.241586e-08
1.250984e-08
1.260327e-08
1.269608e-08
1.278820e-08
1.287955e-08
1.297007e-08
1.305967e-08
1.314829e-08
1.323585e-08
1.332229e-08
1.340754e-08
1.349153e-08
1.357418e-08
1.365543e-08
1.373522e-08
1.381348e-08
1.389014e-08
1.396514e-08
1.403842e-08
1.410990e-08
1.417955e-08
1.424728e-08
1.431305e-08
1.437680e-08
1.443846e-08
1.449800e-08
1.455534e-08
1.461045e-08
1.466326e-08
1.471373e-08
1.476181e-08
1.480746e-08
1.485063e-08
1.489127e-08
1.492935e-08
1.496482e-08
1.499764e-08
1.502778e-08
1.505521e-08
1.507988e-08
1.510176e-08
1.512083e-08
1.513705e-08
1.515039e-08
1.516084e-08
1.516837e-08
1.517295e-08
1.517456e-08
1.517319e-08
1.516881e-08
1.516142e-08
1.515099e-08
1.513752e-08
1.512099e-08
1.510140e-08
1.507873e-08
1.505299e-08
1.502417e-08
1.499227e-08
1.495728e-08
1.491920e-08
1.487805e-08
1.483382e-08
1.478652e-08
1.473616e-08
1.468275e-08
1.462629e-08
1.456680e-08
1.450430e-08
1.443879e-08
1.437029e-08
1.429883e-08
1.422442e-08
1.414708e-08
1.406684e-08
1.398371e-08
1.389773e-08
1.380892e-08
1.371730e-08
1.362291e-08
1.352577e-08
1.342593e-08
1.332340e-08
1.321822e-08
1.311043e-08
1.300006e-08
1.288715e-08
1.277174e-08
1.265387e-08
1.253357e-08
1.241089e-08
1.228587e-08
1.215855e-08
1.202897e-08
1.189719e-08
1.176323e-08
1.162716e-08
1.148901e-08
1.134884e-08
1.120669e-08
1.106261e-08
1.091665e-08
1.076886e-08
1.061930e-08
1.046800e-08
1.031503e-08
1.016043e-08
1.000426e-08
9.846573e-09
9.687419e-09
9.526854e-09
9.364931e-09
9.201705e-09
9.037230e-09
8.871562e-09
8.704756e-09
8.536867e-09
8.367951e-09
8.198064e-09
8.027261e-09
7.855599e-09
7.683133e-09
7.509920e-09
7.336017e-09
7.161478e-09
6.986361e-09
6.810721e-09
6.634615e-09
6.458098e-09
6.281226e-09
6.104056e-09
5.926641e-09
5.749038e-09
5.571301e-09
5.393486e-09
5.215647e-09
5.037838e-09
4.860114e-09
4.682527e-09
4.505131e-09
4.327979e-09
4.151123e-09
3.974616e-09
3.798508e-09
3.622852e-09
3.447697e-09
3.273095e-09
3.099094e-09
2.925743e-09
2.753092e-09
2.581187e-09
2.410077e-09
2.239808e-09
2.070426e-09
1.901976e-09
1.734504e-09
1.568052e-09
1.402665e-09
1.238386e-09
1.075254e-09
9.133132e-10
7.526022e-10
5.931607e-10
4.350275e-10
2.782404e-10
1.228365e-10
-3.114821e-11
-1.836784e-10
-3.347197e-10
-4.842385e-10
-6.322024e-10
-7.785797e-10
-9.233396e-10
-1.066452e-09
-1.207889e-09
-1.347622e-09
-1.485624e-09
-1.621870e-09
-1.756334e-09
-1.888992e-09
-2.019822e-09
-2.148802e-09
-2.275911e-09
-2.401129e-09
-2.524437e-09
-2.645817e-09
-2.765254e-09
-2.882730e-09
-2.998232e-09
-3.111746e-09
-3.223260e-09
-3.332762e-09
-3.440241e-09
-3.545688e-09
-3.649096e-09
-3.750457e-09
-3.849764e-09
-3.947013e-09
-4.042199e-09
-4.135320e-09
-4.226374e-09
-4.315359e-09
-4.402276e-09
-4.487126e-09
-4.569911e-09
-4.650635e-09
-4.729300e-09
-4.805913e-09
-4.880480e-09
-4.953007e-09
-5.023503e-09
-5.091976e-09
-5.158437e-09
-5.222897e-09
-5.285366e-09
-5.345858e-09
-5.404387e-09
-5.460966e-09
-5.515611e-09
-5.568338e-09
-5.619164e-09
-5.668106e-09
-5.715182e-09
-5.760413e-09
-5.803817e-09
-5.845415e-09
-5.885229e-09
-5.923280e-09
-5.959591e-09
-5.994186e-09
-6.027087e-09
-6.058320e-09
-6.087909e-09
-6.115880e-09
-6.142259e-09
-6.167072e-09
-6.190345e-09
-6.212107e-09
-6.232385e-09
-6.251208e-09
-6.268602e-09
-6.284598e-09
-6.299225e-09
-6.312511e-09
-6.324487e-09
-6.335181e-09
-6.344625e-09
-6.352847e-09
-6.359880e-09
-6.365752e-09
-6.370494e-09
-6.374137e-09
-6.376712e-09
-6.378249e-09
-6.378778e-09
-6.378330e-09
-6.376936e-09
-6.374625e-09
-6.371428e-09
-6.367375e-09
-6.362495e-09
-6.356819e-09
-6.350376e-09
-6.343195e-09
-6.335304e-09
-6.326733e-09
-6.317509e-09
-6.307661e-09
-6.297216e-09
-6.286201e-09
-6.274643e-09
-6.262569e-09
-6.250003e-09
-6.236972e-09
-6.223500e-09
-6.209612e-09
-6.195331e-09
-6.180682e-09
-6.165686e-09
-6.150366e-09
-6.134744e-09
-6.118840e-09
-6.102675e-09
-6.086268e-09
-6.069639e-09
-6.052807e-09
-6.035788e-09
-6.018600e-09
-6.001260e-09
-5.983782e-09
-5.966183e-09
-5.948476e-09
-5.930676e-09
-5.912794e-09
-5.894843e-09
-5.876834e-09
-5.858779e-09
-5.840686e-09
-5.822566e-09
-5.804426e-09
-5.786274e-09
-5.768117e-09
-5.749962e-09
-5.731814e-09
-5.713677e-09
-5.695555e-09
-5.677452e-09
-5.659370e-09
-5.641311e-09
-5.623277e-09
-5.605266e-09
-5.587279e-09
-5.569315e-09
-5.551372e-09
-5.533448e-09
-5.515538e-09
-5.497641e-09
-5.479750e-09
-5.461861e-09
-5.443969e-09
-5.426066e-09
-5.408146e-09
-5.390201e-09
-5.372223e-09
-5.354202e-09
-5.336131e-09
-5.317999e-09
-5.299795e-09
-5.281508e-09
-5.263128e-09
-5.244641e-09
-5.226036e-09
-5.207300e-09
-5.188420e-09
-5.169381e-09
-5.150170e-09
-5.130773e-09
-5.111173e-09
-5.091357e-09
-5.071308e-09
-5.051011e-09
-5.030449e-09
-5.009606e-09
-4.988466e-09
-4.967010e-09
-4.945224e-09
-4.923087e-09
-4.900585e-09
-4.877697e-09
-4.854408e-09
-4.830698e-09
-4.806550e-09
-4.781946e-09
-4.756867e-09
-4.731295e-09
-4.705211e-09
-4.678599e-09
-4.651438e-09
-4.623712e-09
-4.595401e-09
-4.566488e-09
-4.536955e-09
-4.506784e-09
-4.475957e-09
-4.444456e-09
-4.412264e-09
-4.379364e-09
-4.345739e-09
-4.311372e-09
-4.276247e-09
-4.240346e-09
-4.203654e-09
-4.166156e-09
-4.127836e-09
-4.088679e-09
-4.048670e-09
-4.007795e-09
-3.966040e-09
-3.923392e-09
-3.879837e-09
-3.835362e-09
-3.789957e-09
-3.743607e-09
-3.696304e-09
-3.648035e-09
-3.598791e-09
-3.548561e-09
-3.497338e-09
-3.445111e-09
-3.391873e-09
-3.337618e-09
-3.282337e-09
-3.226024e-09
-3.168675e-09
-3.110284e-09
-3.050847e-09
-2.990360e-09
-2.928821e-09
-2.866226e-09
-2.802575e-09
-2.737867e-09
-2.672102e-09
-2.605279e-09
-2.537401e-09
-2.468469e-09
-2.398487e-09
-2.327458e-09
-2.255386e-09
-2.182276e-09
-2.108135e-09
-2.032968e-09
-1.956784e-09
-1.879591e-09
-1.801397e-09
-1.722213e-09
-1.642049e-09
-1.560917e-09
-1.478829e-09
-1.395797e-09
-1.311837e-09
-1.226962e-09
-1.141188e-09
-1.054532e-09
-9.670097e-10
-8.786401e-10
-7.894416e-10
-6.994337e-10
-6.086367e-10
-5.170718e-10
-4.247607e-10
-3.317262e-10
-2.379917e-10
-1.435813e-10
-4.852005e-11
4.716639e-11
1.434516e-10
2.403084e-10
3.377089e-10
4.356245e-10
5.340260e-10
6.328834e-10
7.321661e-10
8.318427e-10
9.318814e-10
1.032249e-09
1.132914e-09
1.233841e-09
1.334996e-09
1.436345e-09
1.537851e-09
1.639479e-09
1.741193e-09
1.842955e-09
1.944728e-09
2.046474e-09
2.148155e-09
2.249732e-09
2.351166e-09
2.452418e-09
2.553447e-09
2.654215e-09
2.754680e-09
2.854802e-09
2.954540e-09
3.053853e-09
3.152699e-09
3.251038e-09
3.348828e-09
3.446027e-09
3.542594e-09
3.638487e-09
3.733663e-09
3.828082e-09
3.921702e-09
4.014481e-09
4.106377e-09
4.197350e-09
4.287357e-09
4.376359e-09
4.464313e-09
4.551180e-09
4.636919e-09
4.721490e-09
4.804854e-09
4.886971e-09
4.967802e-09
5.047308e-09
5.125452e-09
5.202197e-09
5.277504e-09
5.351337e-09
5.423661e-09
5.494440e-09
5.563639e-09
5.631225e-09
5.697163e-09
5.761420e-09
5.823966e-09
5.884768e-09
5.943796e-09
6.001020e-09
6.056411e-09
6.109942e-09
6.161585e-09
6.211313e-09
6.259101e-09
6.304926e-09
6.348762e-09
6.390588e-09
6.430382e-09
6.468123e-09
6.503792e-09
6.537370e-09
6.568840e-09
6.598185e-09
6.625390e-09
