-1.688760e-08
-1.385424e-08
-1.079856e-08
-7.721839e-09
-4.625368e-09
-1.510443e-09
1.621630e-09
4.769537e-09
7.931957e-09
1.110756e-08
1.429502e-08
1.749299e-08
2.070013e-08
2.391511e-08
2.713656e-08
3.036313e-08
3.359349e-08
3.682628e-08
4.006015e-08
4.329374e-08
4.652572e-08
4.975474e-08
5.297945e-08
5.619853e-08
5.941063e-08
6.261444e-08
6.580864e-08
6.899191e-08
7.216295e-08
7.532046e-08
7.846315e-08
8.158976e-08
8.469901e-08
8.778965e-08
9.086043e-08
9.391012e-08
9.693751e-08
9.994138e-08
1.029206e-07
1.058739e-07
1.088001e-07
1.116982e-07
1.145670e-07
1.174053e-07
1.202122e-07
1.229864e-07
1.257270e-07
1.284329e-07
1.311032e-07
1.337367e-07
1.363325e-07
1.388897e-07
1.414073e-07
1.438844e-07
1.463202e-07
1.487137e-07
1.510641e-07
1.533705e-07
1.556323e-07
1.578485e-07
1.600185e-07
1.621414e-07
1.642167e-07
1.662436e-07
1.682214e-07
1.701496e-07
1.720275e-07
1.738545e-07
1.756302e-07
1.773539e-07
1.790251e-07
1.806434e-07
1.822084e-07
1.837195e-07
1.851765e-07
1.865788e-07
1.879263e-07
1.892185e-07
1.904552e-07
1.916361e-07
1.927610e-07
1.938296e-07
1.948418e-07
1.957974e-07
1.966962e-07
1.975382e-07
1.983233e-07
1.990514e-07
1.997226e-07
2.003367e-07
2.008938e-07
2.013940e-07
2.018373e-07
2.022238e-07
2.025537e-07
2.028271e-07
2.030442e-07
2.032052e-07
2.033102e-07
2.033596e-07
2.033536e-07
2.032925e-07
2.031766e-07
2.030063e-07
2.027818e-07
2.025037e-07
2.021723e-07
2.017880e-07
2.013513e-07
2.008626e-07
2.003225e-07
1.997314e-07
1.990899e-07
1.983985e-07
1.976578e-07
1.968684e-07
1.960309e-07
1.951458e-07
1.942139e-07
1.932359e-07
1.922123e-07
1.911438e-07
1.900313e-07
1.888753e-07
1.876766e-07
1.864361e-07
1.851544e-07
1.838323e-07
1.824706e-07
1.810702e-07
1.796317e-07
1.781562e-07
1.766443e-07
1.750970e-07
1.735151e-07
1.718994e-07
1.702509e-07
1.685705e-07
1.668590e-07
1.651173e-07
1.633463e-07
1.615471e-07
1.597204e-07
1.578672e-07
1.559884e-07
1.540850e-07
1.521580e-07
1.502082e-07
1.482366e-07
1.462442e-07
1.442319e-07
1.422006e-07
1.401514e-07
1.380852e-07
1.360029e-07
1.339054e-07
1.317939e-07
1.296691e-07
1.275320e-07
1.253837e-07
1.232250e-07
1.210569e-07
1.188803e-07
1.166962e-07
1.145054e-07
1.123090e-07
1.101078e-07
1.079027e-07
1.056947e-07
1.034846e-07
1.012734e-07
9.906194e-08
9.685106e-08
9.464165e-08
9.243457e-08
9.023068e-08
8.803080e-08
8.583578e-08
8.364642e-08
8.146355e-08
7.928796e-08
7.712042e-08
7.496173e-08
7.281264e-08
7.067389e-08
6.854624e-08
6.643039e-08
6.432707e-08
6.223697e-08
6.016076e-08
5.809913e-08
5.605273e-08
5.402219e-08
5.200814e-08
5.001120e-08
4.803195e-08
4.607098e-08
4.412885e-08
4.220611e-08
4.030329e-08
3.842090e-08
3.655946e-08
3.471944e-08
3.290130e-08
3.110551e-08
2.933248e-08
2.758265e-08
2.585642e-08
2.415415e-08
2.247623e-08
2.082300e-08
1.919479e-08
1.759193e-08
1.601470e-08
1.446340e-08
1.293828e-08
1.143960e-08
9.967580e-09
8.522441e-09
7.104379e-09
5.713575e-09
4.350192e-09
3.014378e-09
1.706265e-09
4.259673e-10
-8.264170e-10
-2.050805e-09
-3.247131e-09
-4.415343e-09
-5.555406e-09
-6.667302e-09
-7.751025e-09
-8.806586e-09
-9.834011e-09
-1.083334e-08
-1.180463e-08
-1.274795e-08
-1.366338e-08
-1.455101e-08
-1.541097e-08
-1.624337e-08
-1.704835e-08
-1.782606e-08
-1.857666e-08
-1.930033e-08
-1.999726e-08
-2.066764e-08
-2.131168e-08
-2.192960e-08
-2.252164e-08
-2.308804e-08
-2.362905e-08
-2.414493e-08
-2.463596e-08
-2.510242e-08
-2.554460e-08
-2.596279e-08
-2.635731e-08
-2.672847e-08
-2.707660e-08
-2.740203e-08
-2.770508e-08
-2.798612e-08
-2.824549e-08
-2.848354e-08
-2.870065e-08
-2.889717e-08
-2.907348e-08
-2.922997e-08
-2.936700e-08
-2.948498e-08
-2.958428e-08
-2.966531e-08
-2.972846e-08
-2.977413e-08
-2.980272e-08
-2.981464e-08
-2.981029e-08
-2.979008e-08
-2.975442e-08
-2.970371e-08
-2.963838e-08
-2.955883e-08
-2.946548e-08
-2.935872e-08
-2.923898e-08
-2.910666e-08
-2.896217e-08
-2.880592e-08
-2.863831e-08
-2.845975e-08
-2.827064e-08
-2.807137e-08
-2.786235e-08
-2.764397e-08
-2.741662e-08
-2.718068e-08
-2.693655e-08
-2.668459e-08
-2.642520e-08
-2.615873e-08
-2.588556e-08
-2.560606e-08
-2.532058e-08
-2.502947e-08
-2.473308e-08
-2.443177e-08
-2.412587e-08
-2.381570e-08
-2.350161e-08
-2.318392e-08
-2.286293e-08
-2.253896e-08
-2.221232e-08
-2.188331e-08
-2.155221e-08
-2.121932e-08
-2.088491e-08
-2.054926e-08
-2.021264e-08
-1.987531e-08
-1.953751e-08
-1.919951e-08
-1.886153e-08
-1.852382e-08
-1.818660e-08
-1.785009e-08
-1.751451e-08
-1.718007e-08
-1.684696e-08
-1.651538e-08
-1.618551e-08
-1.585755e-08
-1.553165e-08
-1.520799e-08
-1.488674e-08
-1.456803e-08
-1.425202e-08
-1.393886e-08
-1.362867e-08
-1.332159e-08
-1.301773e-08
-1.271721e-08
-1.242014e-08
-1.212663e-08
-1.183677e-08
-1.155065e-08
-1.126835e-08
-1.098997e-08
-1.071556e-08
-1.044521e-08
-1.017896e-08
-9.916883e-09
-9.659026e-09
-9.405437e-09
-9.156157e-09
-8.911222e-09
-8.670664e-09
-8.434510e-09
-8.202782e-09
-7.975498e-09
-7.752671e-09
-7.534310e-09
-7.320419e-09
-7.111000e-09
-6.906048e-09
-6.705557e-09
-6.509516e-09
-6.317909e-09
-6.130719e-09
-5.947925e-09
-5.769501e-09
-5.595420e-09
-5.425652e-09
-5.260161e-09
-5.098912e-09
-4.941866e-09
-4.788980e-09
-4.640211e-09
-4.495512e-09
-4.354835e-09
-4.218128e-09
-4.085340e-09
-3.956415e-09
-3.831297e-09
-3.709928e-09
-3.592249e-09
-3.478199e-09
-3.367715e-09
-3.260734e-09
-3.157192e-09
-3.057022e-09
-2.960158e-09
-2.866533e-09
-2.776078e-09
-2.688725e-09
-2.604404e-09
-2.523045e-09
-2.444577e-09
-2.368931e-09
-2.296034e-09
-2.225816e-09
-2.158206e-09
-2.093133e-09
-2.030524e-09
-1.970309e-09
-1.912417e-09
-1.856778e-09
-1.803319e-09
-1.751973e-09
-1.702668e-09
-1.655335e-09
-1.609906e-09
-1.566313e-09
-1.524487e-09
-1.484362e-09
-1.445871e-09
-1.408949e-09
-1.373531e-09
-1.339553e-09
-1.306951e-09
-1.275664e-09
-1.245629e-09
-1.216786e-09
-1.189076e-09
-1.162440e-09
-1.136820e-09
-1.112160e-09
-1.088403e-09
-1.065496e-09
-1.043384e-09
-1.022015e-09
-1.001339e-09
-9.813035e-10
-9.618607e-10
-9.429621e-10
-9.245608e-10
-9.066109e-10
-8.890677e-10
-8.718876e-10
-8.550282e-10
-8.384480e-10
-8.221070e-10
-8.059660e-10
-7.899871e-10
-7.741334e-10
-7.583693e-10
-7.426600e-10
-7.269722e-10
-7.112734e-10
-6.955324e-10
-6.797188e-10
-6.638035e-10
-6.477585e-10
-6.315567e-10
-6.151721e-10
-5.985798e-10
-5.817558e-10
-5.646772e-10
-5.473221e-10
-5.296695e-10
-5.116995e-10
-4.933930e-10
-4.747321e-10
-4.556996e-10
-4.362792e-10
-4.164558e-10
-3.962150e-10
-3.755431e-10
-3.544277e-10
-3.328568e-10
-3.108197e-10
-2.883060e-10
-2.653067e-10
-2.418131e-10
-2.178175e-10
-1.933131e-10
-1.682936e-10
-1.427537e-10
-1.166886e-10
-9.009437e-11
-6.296778e-11
-3.530625e-11
-7.107923e-12
2.162841e-11
5.090329e-11
8.071661e-11
1.110676e-10
1.419550e-10
1.733767e-10
2.053301e-10
2.378122e-10
2.708191e-10
3.043466e-10
3.383897e-10
3.729430e-10
4.080007e-10
4.435562e-10
4.796025e-10
5.161322e-10
5.531372e-10
5.906091e-10
6.285390e-10
6.669174e-10
7.057346e-10
7.449802e-10
7.846435e-10
8.247133e-10
8.651781e-10
9.060260e-10
9.472445e-10
9.888210e-10
1.030742e-09
1.072995e-09
1.115565e-09
1.158439e-09
1.201602e-09
1.245039e-09
1.288735e-09
1.332674e-09
1.376841e-09
1.421220e-09
1.465795e-09
1.510549e-09
1.555466e-09
1.600527e-09
1.645717e-09
1.691018e-09
1.736412e-09
1.781881e-09
1.827408e-09
1.872973e-09
1.918560e-09
1.964149e-09
2.009721e-09
2.055259e-09
2.100744e-09
2.146155e-09
2.191476e-09
2.236685e-09
2.281766e-09
2.326697e-09
2.371461e-09
2.416037e-09
2.460408e-09
2.504553e-09
2.548454e-09
2.592091e-09
2.635446e-09
2.678500e-09
2.721233e-09
2.763628e-09
2.805666e-09
2.847327e-09
2.888594e-09
2.929449e-09
2.969873e-09
3.009849e-09
3.049359e-09
3.088386e-09
3.126913e-09
3.164922e-09
3.202398e-09
3.239323e-09
3.275682e-09
3.311458e-09
3.346637e-09
3.381204e-09
3.415142e-09
3.448439e-09
3.481080e-09
3.513051e-09
3.544339e-09
3.574931e-09
3.604814e-09
3.633977e-09
3.662408e-09
3.690096e-09
3.717030e-09
3.743199e-09
3.768595e-09
3.793207e-09
3.817028e-09
3.840048e-09
3.862260e-09
3.883657e-09
3.904232e-09
3.923979e-09
3.942893e-09
3.960967e-09
3.978199e-09
3.994583e-09
4.010117e-09
4.024798e-09
4.038623e-09
4.051590e-09
4.063700e-09
4.074950e-09
4.085342e-09
4.094875e-09
4.103552e-09
4.111374e-09
4.118343e-09
4.124462e-09
4.129735e-09
4.134166e-09
4.137760e-09
4.140521e-09
4.142457e-09
4.143572e-09
4.143875e-09
4.143372e-09
4.142071e-09
4.139982e-09
4.137113e-09
4.133474e-09
4.129075e-09
4.123926e-09
4.118039e-09
4.111426e-09
4.104098e-09
4.096068e-09
4.087348e-09
4.077954e-09
4.067897e-09
4.057193e-09
4.045856e-09
4.033902e-09
4.021345e-09
4.008202e-09
3.994489e-09
3.980222e-09
3.965418e-09
3.950095e-09
3.934270e-09
3.917960e-09
3.901184e-09
3.883960e-09
3.866306e-09
3.848242e-09
3.829785e-09
3.810956e-09
3.791773e-09
3.772256e-09
3.752425e-09
3.732299e-09
3.711898e-09
3.691242e-09
3.670351e-09
3.649246e-09
3.627946e-09
3.606472e-09
3.584843e-09
3.563080e-09
3.541204e-09
3.519234e-09
3.497190e-09
3.475093e-09
3.452962e-09
3.430819e-09
3.408681e-09
3.386570e-09
3.364505e-09
3.342504e-09
3.320589e-09
3.298778e-09
3.277089e-09
3.255542e-09
3.234156e-09
3.212948e-09
3.191938e-09
3.171143e-09
3.150582e-09
3.130270e-09
3.110227e-09
3.090469e-09
3.071014e-09
3.051876e-09
3.033074e-09
3.014622e-09
2.996537e-09
2.978834e-09
2.961528e-09
2.944634e-09
2.928167e-09
2.912141e-09
2.896570e-09
2.881467e-09
2.866845e-09
2.852719e-09
2.839099e-09
2.826000e-09
2.813432e-09
2.801408e-09
2.789939e-09
2.779035e-09
2.768708e-09
2.758969e-09
2.749826e-09
2.741291e-09
2.733372e-09
2.726079e-09
2.719421e-09
2.713405e-09
2.708041e-09
2.703337e-09
2.699299e-09
2.695936e-09
2.693255e-09
2.691261e-09
2.689963e-09
2.689366e-09
2.689476e-09
2.690299e-09
2.691840e-09
2.694105e-09
2.697098e-09
2.700824e-09
2.705289e-09
2.710495e-09
2.716447e-09
2.723149e-09
2.730605e-09
2.738817e-09
2.747790e-09
2.757525e-09
2.768026e-09
2.779296e-09
2.791336e-09
2.804149e-09
2.817738e-09
2.832103e-09
2.847247e-09
2.863171e-09
2.879877e-09
2.897365e-09
2.915638e-09
2.934695e-09
2.954538e-09
2.975167e-09
2.996584e-09
3.018787e-09
3.041778e-09
3.065556e-09
3.090123e-09
3.115476e-09
3.141617e-09
3.168545e-09
3.196259e-09
3.224759e-09
3.254044e-09
3.284113e-09
3.314965e-09
3.346599e-09
3.379014e-09
3.412209e-09
3.446182e-09
3.480931e-09
3.516455e-09
3.552752e-09
3.589820e-09
3.627657e-09
3.666260e-09
3.705628e-09
3.745757e-09
3.786646e-09
3.828291e-09
3.870690e-09
3.913839e-09
3.957735e-09
4.002375e-09
4.047755e-09
4.093871e-09
4.140721e-09
4.188299e-09
4.236601e-09
4.285624e-09
4.335362e-09
4.385811e-09
4.436966e-09
4.488821e-09
4.541372e-09
4.594613e-09
4.648538e-09
4.703141e-09
4.758416e-09
4.814357e-09
4.870957e-09
4.928209e-09
4.986107e-09
5.044643e-09
5.103809e-09
5.163599e-09
5.224003e-09
5.285015e-09
5.346625e-09
5.408825e-09
5.471606e-09
5.534958e-09
5.598874e-09
5.663342e-09
5.728354e-09
5.793899e-09
5.859966e-09
5.926546e-09
5.993627e-09
6.061199e-09
6.129250e-09
6.197769e-09
6.266744e-09
6.336163e-09
6.406014e-09
6.476284e-09
6.546962e-09
6.618034e-09
6.689487e-09
6.761308e-09
6.833483e-09
6.906000e-09
6.978844e-09
7.052001e-09
7.125457e-09
7.199198e-09
7.273209e-09
7.347476e-09
7.421984e-09
7.496719e-09
7.571664e-09
7.646805e-09
7.722128e-09
7.797616e-09
7.873253e-09
7.949026e-09
8.024917e-09
8.100912e-09
8.176995e-09
8.253150e-09
8.329361e-09
8.405612e-09
8.481889e-09
8.558174e-09
8.634453e-09
8.710710e-09
8.786929e-09
8.863094e-09
8.939189e-09
9.015200e-09
9.091112e-09
9.166907e-09
9.242573e-09
9.318092e-09
9.393451e-09
9.468635e-09
9.543628e-09
9.618417e-09
9.692987e-09
9.767325e-09
9.841415e-09
9.915244e-09
9.988799e-09
1.006207e-08
1.013503e-08
1.020768e-08
1.028001e-08
1.035200e-08
1.042363e-08
1.049491e-08
1.056581e-08
1.063632e-08
1.070644e-08
1.077614e-08
1.084543e-08
1.091430e-08
1.098272e-08
1.105070e-08
1.111822e-08
1.118527e-08
1.125185e-08
1.131794e-08
1.138354e-08
1.144865e-08
1.151325e-08
1.157733e-08
1.164089e-08
1.170393e-08
1.176644e-08
1.182840e-08
1.188982e-08
1.195069e-08
1.201101e-08
1.207077e-08
1.212996e-08
1.218859e-08
1.224664e-08
1.230412e-08
1.236102e-08
1.241733e-08
1.247306e-08
1.252821e-08
1.258276e-08
1.263673e-08
1.269009e-08
1.274287e-08
1.279504e-08
1.284662e-08
1.289760e-08
1.294797e-08
1.299775e-08
1.304692e-08
1.309549e-08
1.314345e-08
1.319081e-08
1.323757e-08
1.328372e-08
1.332927e-08
1.337421e-08
1.341855e-08
1.346228e-08
1.350541e-08
1.354793e-08
1.358985e-08
1.363116e-08
1.367187e-08
1.371197e-08
1.375147e-08
1.379036e-08
1.382865e-08
1.386633e-08
1.390341e-08
1.393988e-08
1.397574e-08
1.401100e-08
1.404565e-08
1.407969e-08
1.411312e-08
1.414593e-08
1.417814e-08
1.420973e-08
1.424071e-08
1.427107e-08
1.430081e-08
1.432993e-08
1.435843e-08
1.438630e-08
1.441354e-08
1.444015e-08
1.446613e-08
1.449147e-08
1.451617e-08
1.454023e-08
1.456364e-08
1.458639e-08
1.460850e-08
1.462994e-08
1.465072e-08
1.467083e-08
1.469026e-08
1.470902e-08
1.472710e-08
1.474449e-08
1.476118e-08
1.477718e-08
1.479247e-08
1.480705e-08
1.482092e-08
1.483407e-08
1.484649e-08
1.485818e-08
1.486912e-08
1.487933e-08
1.488878e-08
1.489748e-08
1.490541e-08
1.491258e-08
1.491897e-08
1.492458e-08
1.492941e-08
1.493344e-08
1.493668e-08
1.493911e-08
1.494074e-08
1.494155e-08
1.494154e-08
1.494070e-08
1.493904e-08
1.493654e-08
1.493321e-08
1.492903e-08
1.492400e-08
1.491813e-08
1.491140e-08
1.490381e-08
1.489537e-08
1.488606e-08
1.487589e-08
1.486485e-08
1.485294e-08
1.484016e-08
1.482651e-08
1.481200e-08
1.479661e-08
1.478035e-08
1.476322e-08
1.474522e-08
1.472636e-08
1.470663e-08
1.468604e-08
1.466459e-08
1.464228e-08
1.461913e-08
1.459512e-08
1.457028e-08
1.454459e-08
1.451808e-08
1.449074e-08
1.446259e-08
1.443362e-08
1.440386e-08
1.437330e-08
1.434195e-08
1.430983e-08
1.427695e-08
1.424331e-08
1.420892e-08
1.417381e-08
1.413797e-08
1.410142e-08
1.406418e-08
1.402625e-08
1.398766e-08
1.394841e-08
1.390852e-08
1.386800e-08
1.382687e-08
1.378515e-08
1.374285e-08
1.369998e-08
1.365656e-08
1.361262e-08
1.356816e-08
1.352321e-08
1.347778e-08
1.343189e-08
1.338556e-08
1.333881e-08
1.329165e-08
1.324410e-08
1.319618e-08
1.314792e-08
1.309933e-08
1.305043e-08
1.300123e-08
1.295176e-08
1.290204e-08
1.285209e-08
1.280192e-08
1.275156e-08
1.270101e-08
1.265031e-08
1.259947e-08
1.254851e-08
1.249745e-08
1.244630e-08
1.239509e-08
1.234382e-08
1.229253e-08
1.224122e-08
1.218992e-08
1.213864e-08
1.208739e-08
1.203619e-08
1.198507e-08
1.193403e-08
1.188308e-08
1.183225e-08
1.178155e-08
1.173098e-08
1.168058e-08
1.163033e-08
1.158027e-08
1.153040e-08
1.148073e-08
1.143127e-08
1.138204e-08
1.133304e-08
1.128429e-08
1.123578e-08
1.118754e-08
1.113956e-08
1.109186e-08
1.104444e-08
1.099731e-08
1.095048e-08
1.090394e-08
1.085771e-08
1.081179e-08
1.076618e-08
1.072088e-08
1.067591e-08
1.063125e-08
1.058692e-08
1.054292e-08
1.049923e-08
1.045588e-08
1.041285e-08
1.037014e-08
1.032776e-08
1.028571e-08
1.024398e-08
1.020257e-08
1.016147e-08
1.012070e-08
1.008024e-08
1.004009e-08
1.000025e-08
9.960722e-09
9.921492e-09
9.882561e-09
9.843925e-09
9.805581e-09
9.767524e-09
9.729751e-09
9.692258e-09
9.655041e-09
9.618095e-09
9.581417e-09
9.545004e-09
9.508850e-09
9.472953e-09
9.437309e-09
9.401915e-09
9.366767e-09
9.331862e-09
9.297198e-09
9.262771e-09
9.228581e-09
9.194624e-09
9.160899e-09
9.127406e-09
9.094142e-09
9.061107e-09
9.028301e-09
8.995725e-09
8.963379e-09
8.931264e-09
8.899382e-09
8.867735e-09
8.836325e-09
8.805156e-09
8.774231e-09
8.743555e-09
8.713132e-09
8.682967e-09
8.653067e-09
8.623438e-09
8.594086e-09
8.565019e-09
8.536246e-09
8.507775e-09
8.479615e-09
8.451777e-09
8.424271e-09
8.397108e-09
8.370300e-09
8.343858e-09
8.317797e-09
8.292128e-09
8.266866e-09
8.242026e-09
8.217623e-09
8.193671e-09
8.170187e-09
8.147188e-09
8.124690e-09
8.102710e-09
8.081268e-09
8.060379e-09
8.040065e-09
8.020342e-09
8.001231e-09
7.982752e-09
7.964924e-09
7.947767e-09
7.931301e-09
7.915549e-09
7.900529e-09
7.886264e-09
7.872773e-09
7.860079e-09
7.848203e-09
7.837165e-09
7.826987e-09
7.817690e-09
7.809296e-09
7.801824e-09
7.795297e-09
7.789733e-09
7.785155e-09
7.781581e-09
7.779033e-09
7.777528e-09
7.777087e-09
7.777728e-09
7.779469e-09
7.782327e-09
7.786322e-09
7.791468e-09
7.797782e-09
7.805279e-09
7.813975e-09
7.823882e-09
7.835016e-09
7.847388e-09
7.861010e-09
7.875893e-09
7.892048e-09
7.909483e-09
7.928207e-09
7.948226e-09
7.969549e-09
7.992179e-09
8.016121e-09
8.041379e-09
8.067955e-09
8.095850e-09
8.125063e-09
8.155594e-09
8.187441e-09
8.220599e-09
8.255064e-09
8.290830e-09
8.327891e-09
8.366237e-09
8.405859e-09
8.446746e-09
8.488885e-09
8.532265e-09
8.576868e-09
8.622681e-09
8.669684e-09
8.717860e-09
8.767189e-09
8.817649e-09
8.869218e-09
8.921873e-09
8.975587e-09
9.030336e-09
9.086090e-09
9.142822e-09
9.200502e-09
9.259098e-09
9.318577e-09
9.378906e-09
9.440051e-09
9.501974e-09
9.564640e-09
9.628009e-09
9.692043e-09
9.756702e-09
9.821943e-09
9.887724e-09
9.954002e-09
1.002073e-08
1.008787e-08
1.015537e-08
1.022319e-08
1.029127e-08
1.035957e-08
1.042803e-08
1.049662e-08
1.056527e-08
1.063395e-08
1.070258e-08
1.077113e-08
1.083954e-08
1.090775e-08
1.097571e-08
1.104338e-08
1.111068e-08
1.117758e-08
1.124400e-08
1.130991e-08
1.137523e-08
1.143992e-08
1.150393e-08
1.156718e-08
1.162964e-08
1.169124e-08
1.175193e-08
1.181164e-08
1.187034e-08
1.192795e-08
1.198444e-08
1.203973e-08
1.209378e-08
1.214654e-08
1.219794e-08
1.224795e-08
1.229650e-08
1.234354e-08
1.238903e-08
1.243291e-08
1.247513e-08
1.251565e-08
1.255441e-08
1.259136e-08
1.262647e-08
1.265969e-08
1.269097e-08
1.272026e-08
1.274753e-08
1.277273e-08
1.279582e-08
1.281676e-08
1.283552e-08
1.285205e-08
1.286633e-08
1.287830e-08
1.288795e-08
1.289524e-08
1.290013e-08
1.290260e-08
1.290262e-08
1.290016e-08
1.289519e-08
1.288770e-08
1.287765e-08
1.286503e-08
1.284981e-08
1.283198e-08
1.281152e-08
1.278840e-08
1.276263e-08
1.273418e-08
1.270305e-08
1.266922e-08
1.263268e-08
1.259343e-08
1.255147e-08
1.250678e-08
1.245937e-08
1.240923e-08
1.235637e-08
1.230078e-08
1.224248e-08
1.218146e-08
1.211773e-08
1.205131e-08
1.198219e-08
1.191040e-08
1.183594e-08
1.175883e-08
1.167908e-08
1.159671e-08
1.151174e-08
1.142419e-08
1.133408e-08
1.124143e-08
1.114627e-08
1.104861e-08
1.094850e-08
1.084595e-08
1.074100e-08
1.063368e-08
1.052401e-08
1.041204e-08
1.029778e-08
1.018129e-08
1.006260e-08
9.941746e-09
9.818763e-09
9.693695e-09
9.566582e-09
9.437467e-09
9.306393e-09
9.173404e-09
9.038546e-09
8.901864e-09
8.763405e-09
8.623218e-09
8.481351e-09
8.337853e-09
8.192776e-09
8.046170e-09
7.898088e-09
7.748581e-09
7.597703e-09
7.445508e-09
7.292050e-09
7.137385e-09
6.981568e-09
6.824655e-09
6.666703e-09
6.507769e-09
6.347910e-09
6.187183e-09
6.025648e-09
5.863363e-09
5.700385e-09
5.536775e-09
5.372592e-09
5.207894e-09
5.042741e-09
4.877193e-09
4.711309e-09
4.545149e-09
4.378773e-09
4.212240e-09
4.045610e-09
3.878942e-09
3.712295e-09
3.545729e-09
3.379302e-09
3.213073e-09
3.047101e-09
2.881443e-09
2.716158e-09
2.551302e-09
2.386932e-09
2.223106e-09
2.059879e-09
1.897306e-09
1.735444e-09
1.574345e-09
1.414063e-09
1.254653e-09
1.096167e-09
9.386559e-10
7.821713e-10
6.267637e-10
4.724827e-10
3.193770e-10
1.674946e-10
1.688259e-11
-1.324127e-10
-2.803461e-10
-4.268730e-10
-5.719502e-10
-7.155352e-10
-8.575865e-10
-9.980638e-10
-1.136928e-09
-1.274140e-09
-1.409663e-09
-1.543462e-09
-1.675500e-09
-1.805745e-09
-1.934164e-09
-2.060725e-09
-2.185398e-09
-2.308155e-09
-2.428967e-09
-2.547808e-09
-2.664653e-09
-2.779477e-09
-2.892258e-09
-3.002976e-09
-3.111609e-09
-3.218138e-09
-3.322548e-09
-3.424820e-09
-3.524941e-09
-3.622898e-09
-3.718677e-09
-3.812269e-09
-3.903664e-09
-3.992853e-09
-4.079831e-09
-4.164592e-09
-4.247132e-09
-4.327448e-09
-4.405539e-09
-4.481405e-09
-4.555047e-09
-4.626469e-09
-4.695673e-09
-4.762666e-09
-4.827454e-09
-4.890045e-09
-4.950447e-09
-5.008672e-09
-5.064731e-09
-5.118637e-09
-5.170404e-09
-5.220047e-09
-5.267583e-09
-5.313029e-09
-5.356405e-09
-5.397729e-09
-5.437024e-09
-5.474311e-09
-5.509613e-09
-5.542955e-09
-5.574361e-09
-5.603858e-09
-5.631473e-09
-5.657233e-09
-5.681169e-09
-5.703309e-09
-5.723684e-09
-5.742326e-09
-5.759267e-09
-5.774540e-09
-5.788178e-09
-5.800216e-09
-5.810690e-09
-5.819634e-09
-5.827085e-09
-5.833079e-09
-5.837655e-09
-5.840850e-09
-5.842702e-09
-5.843250e-09
-5.842532e-09
-5.840589e-09
-5.837461e-09
-5.833186e-09
-5.827805e-09
-5.821359e-09
-5.813889e-09
-5.805434e-09
-5.796037e-09
-5.785737e-09
-5.774576e-09
-5.762594e-09
-5.749832e-09
-5.736332e-09
-5.722134e-09
-5.707277e-09
-5.691804e-09
-5.675752e-09
-5.659163e-09
-5.642076e-09
-5.624530e-09
-5.606564e-09
-5.588216e-09
-5.569524e-09
-5.550526e-09
-5.531259e-09
-5.511760e-09
-5.492063e-09
-5.472206e-09
-5.452222e-09
-5.432146e-09
-5.412012e-09
-5.391852e-09
-5.371698e-09
-5.351583e-09
-5.331536e-09
-5.311587e-09
-5.291766e-09
-5.272101e-09
-5.252620e-09
-5.233348e-09
-5.214312e-09
-5.195536e-09
-5.177045e-09
-5.158862e-09
-5.141008e-09
-5.123504e-09
-5.106372e-09
-5.089629e-09
-5.073294e-09
-5.057385e-09
-5.041917e-09
-5.026905e-09
-5.012365e-09
-4.998308e-09
-4.984747e-09
-4.971693e-09
-4.959157e-09
-4.947146e-09
-4.935669e-09
-4.924733e-09
-4.914344e-09
-4.904506e-09
-4.895224e-09
-4.886500e-09
-4.878335e-09
-4.870731e-09
-4.863688e-09
-4.857203e-09
-4.851275e-09
-4.845900e-09
-4.841074e-09
-4.836793e-09
-4.833048e-09
-4.829835e-09
-4.827143e-09
-4.824966e-09
-4.823291e-09
-4.822109e-09
-4.821409e-09
-4.821176e-09
-4.821399e-09
-4.822063e-09
-4.823152e-09
-4.824651e-09
-4.826544e-09
-4.828813e-09
-4.831440e-09
-4.834406e-09
-4.837692e-09
-4.841277e-09
-4.845141e-09
-4.849262e-09
-4.853619e-09
-4.858188e-09
-4.862946e-09
-4.867870e-09
-4.872935e-09
-4.878117e-09
-4.883390e-09
-4.888729e-09
-4.894107e-09
-4.899499e-09
-4.904876e-09
-4.910212e-09
-4.915480e-09
-4.920651e-09
-4.925698e-09
-4.930591e-09
-4.935302e-09
-4.939803e-09
-4.944064e-09
-4.948057e-09
-4.951751e-09
-4.955117e-09
-4.958127e-09
-4.960749e-09
-4.962956e-09
-4.964716e-09
-4.966000e-09
-4.966780e-09
-4.967024e-09
-4.966705e-09
-4.965791e-09
-4.964255e-09
-4.962067e-09
-4.959198e-09
-4.955620e-09
-4.951303e-09
-4.946220e-09
-4.940343e-09
-4.933643e-09
-4.926094e-09
-4.917668e-09
-4.908339e-09
-4.898080e-09
-4.886865e-09
-4.874669e-09
-4.861466e-09
-4.847232e-09
-4.831942e-09
-4.815572e-09
-4.798100e-09
-4.779502e-09
-4.759757e-09
-4.738842e-09
-4.716736e-09
-4.693420e-09
-4.668872e-09
-4.643074e-09
-4.616008e-09
-4.587654e-09
-4.557996e-09
-4.527018e-09
-4.494703e-09
-4.461036e-09
-4.426002e-09
-4.389589e-09
-4.351782e-09
-4.312571e-09
-4.271943e-09
-4.229888e-09
-4.186396e-09
-4.141459e-09
-4.095068e-09
-4.047216e-09
-3.997896e-09
-3.947104e-09
-3.894834e-09
-3.841083e-09
-3.785848e-09
-3.729128e-09
-3.670920e-09
-3.611226e-09
-3.550046e-09
-3.487382e-09
-3.423237e-09
-3.357614e-09
-3.290519e-09
-3.221956e-09
-3.151934e-09
-3.080459e-09
-3.007540e-09
-2.933186e-09
-2.857410e-09
-2.780221e-09
-2.701633e-09
-2.621659e-09
-2.540314e-09
-2.457613e-09
-2.373574e-09
-2.288214e-09
-2.201551e-09
-2.113605e-09
-2.024397e-09
-1.933948e-09
-1.842281e-09
-1.749420e-09
-1.655388e-09
-1.560212e-09
-1.463918e-09
-1.366533e-09
-1.268085e-09
-1.168605e-09
-1.068121e-09
-9.666661e-10
-8.642709e-10
-7.609688e-10
-6.567935e-10
-5.517795e-10
-4.459625e-10
-3.393786e-10
-2.320649e-10
-1.240594e-10
-1.540066e-11
9.387180e-11
2.037178e-10
3.140965e-10
4.249663e-10
5.362849e-10
6.480094e-10
7.600962e-10
8.725012e-10
9.851795e-10
1.098086e-09
1.211175e-09
1.324399e-09
1.437713e-09
1.551068e-09
1.664417e-09
1.777712e-09
1.890905e-09
2.003946e-09
2.116787e-09
2.229378e-09
2.341669e-09
2.453611e-09
2.565154e-09
2.676247e-09
2.786840e-09
2.896883e-09
3.006325e-09
3.115116e-09
3.223206e-09
3.330545e-09
3.437081e-09
3.542766e-09
3.647548e-09
3.751380e-09
3.854210e-09
3.955990e-09
4.056671e-09
4.156204e-09
4.254542e-09
4.351636e-09
4.447440e-09
4.541907e-09
4.634990e-09
4.726644e-09
4.816824e-09
4.905485e-09
4.992584e-09
5.078078e-09
5.161924e-09
5.244081e-09
5.324508e-09
5.403166e-09
5.480015e-09
5.555018e-09
5.628137e-09
5.699336e-09
5.768580e-09
5.835835e-09
5.901068e-09
5.964246e-09
6.025340e-09
6.084318e-09
6.141153e-09
6.195817e-09
6.248284e-09
6.298529e-09
6.346529e-09
6.392259e-09
6.435701e-09
6.476833e-09
6.515637e-09
6.552095e-09
6.586193e-09
