1.408813e-05
1.407589e-05
1.406152e-05
1.404502e-05
1.402639e-05
1.400565e-05
1.398279e-05
1.395783e-05
1.393078e-05
1.390164e-05
1.387044e-05
1.383717e-05
1.380185e-05
1.376450e-05
1.372513e-05
1.368375e-05
1.364039e-05
1.359505e-05
1.354776e-05
1.349854e-05
1.344739e-05
1.339435e-05
1.333944e-05
1.328267e-05
1.322407e-05
1.316366e-05
1.310147e-05
1.303751e-05
1.297182e-05
1.290442e-05
1.283534e-05
1.276460e-05
1.269223e-05
1.261827e-05
1.254273e-05
1.246565e-05
1.238705e-05
1.230698e-05
1.222545e-05
1.214251e-05
1.205818e-05
1.197249e-05
1.188549e-05
1.179719e-05
1.170765e-05
1.161688e-05
1.152492e-05
1.143182e-05
1.133760e-05
1.124229e-05
1.114595e-05
1.104859e-05
1.095026e-05
1.085100e-05
1.075084e-05
1.064981e-05
1.054796e-05
1.044532e-05
1.034192e-05
1.023782e-05
1.013303e-05
1.002761e-05
9.921581e-06
9.814990e-06
9.707871e-06
9.600262e-06
9.492200e-06
9.383723e-06
9.274867e-06
9.165669e-06
9.056167e-06
8.946397e-06
8.836396e-06
8.726199e-06
8.615844e-06
8.505365e-06
8.394800e-06
8.284182e-06
8.173547e-06
8.062930e-06
7.952366e-06
7.841888e-06
7.731530e-06
7.621327e-06
7.511310e-06
7.401512e-06
7.291967e-06
7.182704e-06
7.073757e-06
6.965155e-06
6.856930e-06
6.749110e-06
6.641727e-06
6.534807e-06
6.428381e-06
6.322476e-06
6.217119e-06
6.112337e-06
6.008156e-06
5.904602e-06
5.801701e-06
5.699476e-06
5.597952e-06
5.497151e-06
5.397097e-06
5.297812e-06
5.199317e-06
5.101634e-06
5.004781e-06
4.908779e-06
4.813647e-06
4.719403e-06
4.626065e-06
4.533650e-06
4.442174e-06
4.351652e-06
4.262101e-06
4.173533e-06
4.085964e-06
3.999406e-06
3.913871e-06
3.829371e-06
3.745918e-06
3.663521e-06
3.582191e-06
3.501937e-06
3.422767e-06
3.344690e-06
3.267711e-06
3.191839e-06
3.117079e-06
3.043436e-06
2.970915e-06
2.899520e-06
2.829255e-06
2.760123e-06
2.692125e-06
2.625265e-06
2.559542e-06
2.494958e-06
2.431512e-06
2.369204e-06
2.308034e-06
2.247998e-06
2.189096e-06
2.131325e-06
2.074681e-06
2.019160e-06
1.964760e-06
1.911474e-06
1.859298e-06
1.808227e-06
1.758254e-06
1.709373e-06
1.661577e-06
1.614859e-06
1.569211e-06
1.524625e-06
1.481093e-06
1.438605e-06
1.397154e-06
1.356728e-06
1.317319e-06
1.278916e-06
1.241508e-06
1.205086e-06
1.169637e-06
1.135151e-06
1.101616e-06
1.069020e-06
1.037351e-06
1.006597e-06
9.767444e-07
9.477818e-07
9.196956e-07
8.924730e-07
8.661006e-07
8.405650e-07
8.158526e-07
7.919499e-07
7.688430e-07
7.465180e-07
7.249608e-07
7.041575e-07
6.840937e-07
6.647554e-07
6.461281e-07
6.281976e-07
6.109495e-07
5.943694e-07
5.784429e-07
5.631556e-07
5.484930e-07
5.344409e-07
5.209847e-07
5.081103e-07
4.958032e-07
4.840493e-07
4.728344e-07
4.621443e-07
4.519650e-07
4.422826e-07
4.330831e-07
4.243529e-07
4.160782e-07
4.082456e-07
4.008414e-07
3.938525e-07
3.872657e-07
3.810679e-07
3.752462e-07
3.697878e-07
3.646802e-07
3.599110e-07
3.554678e-07
3.513385e-07
3.475112e-07
3.439741e-07
3.407157e-07
3.377245e-07
3.349894e-07
3.324993e-07
3.302434e-07
3.282111e-07
3.263919e-07
3.247757e-07
3.233523e-07
3.221120e-07
3.210452e-07
3.201425e-07
3.193946e-07
3.187927e-07
3.183278e-07
3.179916e-07
3.177756e-07
3.176717e-07
3.176720e-07
3.177688e-07
3.179547e-07
3.182223e-07
3.185646e-07
3.189748e-07
3.194462e-07
3.199724e-07
3.205472e-07
3.211646e-07
3.218188e-07
3.225042e-07
3.232155e-07
3.239473e-07
3.246949e-07
3.254533e-07
3.262180e-07
3.269845e-07
3.277488e-07
3.285066e-07
3.292543e-07
3.299882e-07
3.307048e-07
3.314008e-07
3.320731e-07
3.327188e-07
3.333350e-07
3.339192e-07
3.344689e-07
3.349819e-07
3.354559e-07
3.358891e-07
3.362795e-07
3.366255e-07
3.369256e-07
3.371783e-07
3.373824e-07
3.375367e-07
3.376402e-07
3.376921e-07
3.376915e-07
3.376378e-07
3.375305e-07
3.373692e-07
3.371535e-07
3.368832e-07
3.365582e-07
3.361785e-07
3.357441e-07
3.352553e-07
3.347122e-07
3.341151e-07
3.334645e-07
3.327609e-07
3.320048e-07
3.311969e-07
3.303377e-07
3.294281e-07
3.284688e-07
3.274607e-07
3.264048e-07
3.253019e-07
3.241531e-07
3.229595e-07
3.217220e-07
3.204419e-07
3.191203e-07
3.177584e-07
3.163573e-07
3.149184e-07
3.134430e-07
3.119322e-07
3.103874e-07
3.088100e-07
3.072012e-07
3.055624e-07
3.038950e-07
3.022003e-07
3.004797e-07
2.987346e-07
2.969663e-07
2.951763e-07
2.933658e-07
2.915362e-07
2.896890e-07
2.878254e-07
2.859468e-07
2.840545e-07
2.821498e-07
2.802341e-07
2.783086e-07
2.763747e-07
2.744334e-07
2.724862e-07
2.705342e-07
2.685785e-07
2.666205e-07
2.646612e-07
2.627017e-07
2.607432e-07
2.587868e-07
2.568334e-07
2.548842e-07
2.529401e-07
2.510022e-07
2.490712e-07
2.471483e-07
2.452342e-07
2.433299e-07
2.414361e-07
2.395537e-07
2.376835e-07
2.358261e-07
2.339824e-07
2.321530e-07
2.303385e-07
2.285397e-07
2.267570e-07
2.249912e-07
2.232426e-07
2.215119e-07
2.197995e-07
2.181059e-07
2.164315e-07
2.147767e-07
2.131419e-07
2.115275e-07
2.099337e-07
2.083608e-07
2.068092e-07
2.052790e-07
2.037705e-07
2.022839e-07
2.008193e-07
1.993769e-07
1.979568e-07
1.965592e-07
1.951840e-07
1.938314e-07
1.925013e-07
1.911938e-07
1.899090e-07
1.886467e-07
1.874069e-07
1.861895e-07
1.849946e-07
1.838219e-07
1.826714e-07
1.815429e-07
1.804364e-07
1.793515e-07
1.782883e-07
1.772464e-07
1.762257e-07
1.752259e-07
1.742469e-07
1.732884e-07
1.723502e-07
1.714320e-07
1.705335e-07
1.696545e-07
1.687947e-07
1.679538e-07
1.671315e-07
1.663275e-07
1.655414e-07
1.647731e-07
1.640221e-07
1.632881e-07
1.625709e-07
1.618700e-07
1.611851e-07
1.605159e-07
1.598621e-07
1.592232e-07
1.585991e-07
1.579892e-07
1.573933e-07
1.568109e-07
1.562419e-07
1.556858e-07
1.551422e-07
1.546108e-07
1.540913e-07
1.535834e-07
1.530866e-07
1.526006e-07
1.521252e-07
1.516599e-07
1.512045e-07
1.507586e-07
1.503218e-07
1.498939e-07
1.494746e-07
1.490634e-07
1.486602e-07
1.482646e-07
1.478762e-07
1.474949e-07
1.471203e-07
1.467521e-07
1.463900e-07
1.460338e-07
1.456832e-07
1.453379e-07
1.449977e-07
1.446622e-07
1.443313e-07
1.440047e-07
1.436822e-07
1.433634e-07
1.430483e-07
1.427366e-07
1.424280e-07
1.421223e-07
1.418194e-07
1.415190e-07
1.412209e-07
1.409250e-07
1.406311e-07
1.403389e-07
1.400484e-07
1.397593e-07
1.394715e-07
1.391848e-07
1.388991e-07
1.386142e-07
1.383300e-07
1.380464e-07
1.377632e-07
1.374804e-07
1.371977e-07
1.369150e-07
1.366324e-07
1.363495e-07
1.360665e-07
1.357831e-07
1.354992e-07
1.352149e-07
1.349300e-07
1.346443e-07
1.343580e-07
1.340708e-07
1.337827e-07
1.334937e-07
1.332036e-07
1.329125e-07
1.326203e-07
1.323270e-07
1.320324e-07
1.317366e-07
1.314395e-07
1.311411e-07
1.308414e-07
1.305403e-07
1.302378e-07
1.299339e-07
1.296286e-07
1.293218e-07
1.290135e-07
1.287038e-07
1.283926e-07
1.280798e-07
1.277656e-07
1.274499e-07
1.271327e-07
1.268139e-07
1.264937e-07
1.261719e-07
1.258487e-07
1.255240e-07
1.251978e-07
1.248702e-07
1.245410e-07
1.242105e-07
1.238785e-07
1.235451e-07
1.232104e-07
1.228742e-07
1.225367e-07
1.221978e-07
1.218577e-07
1.215162e-07
1.211735e-07
1.208295e-07
1.204843e-07
1.201378e-07
1.197902e-07
1.194415e-07
1.190916e-07
1.187406e-07
1.183885e-07
1.180354e-07
1.176813e-07
1.173261e-07
1.169700e-07
1.166130e-07
1.162550e-07
1.158962e-07
1.155365e-07
1.151760e-07
1.148146e-07
1.144525e-07
1.140897e-07
1.137261e-07
1.133619e-07
1.129970e-07
1.126314e-07
1.122653e-07
1.118986e-07
1.115314e-07
1.111636e-07
1.107953e-07
1.104266e-07
1.100575e-07
1.096880e-07
1.093180e-07
1.089478e-07
1.085772e-07
1.082063e-07
1.078351e-07
1.074637e-07
1.070921e-07
1.067203e-07
1.063483e-07
1.059762e-07
1.056040e-07
1.052317e-07
1.048594e-07
1.044870e-07
1.041146e-07
1.037422e-07
1.033699e-07
1.029976e-07
1.026254e-07
1.022533e-07
1.018814e-07
1.015096e-07
1.011380e-07
1.007666e-07
1.003955e-07
1.000246e-07
9.965395e-08
9.928363e-08
9.891363e-08
9.854398e-08
9.817470e-08
9.780580e-08
9.743732e-08
9.706927e-08
9.670168e-08
9.633457e-08
9.596795e-08
9.560185e-08
9.523630e-08
9.487131e-08
9.450690e-08
9.414310e-08
9.377992e-08
9.341738e-08
9.305552e-08
9.269434e-08
9.233387e-08
9.197412e-08
9.161512e-08
9.125689e-08
9.089945e-08
9.054281e-08
9.018700e-08
8.983204e-08
8.947794e-08
8.912473e-08
8.877242e-08
8.842103e-08
8.807059e-08
8.772111e-08
8.737260e-08
8.702510e-08
8.667861e-08
8.633316e-08
8.598876e-08
8.564544e-08
8.530320e-08
8.496207e-08
8.462207e-08
8.428322e-08
8.394552e-08
8.360900e-08
8.327368e-08
8.293957e-08
8.260670e-08
8.227507e-08
8.194470e-08
8.161561e-08
8.128782e-08
8.096135e-08
8.063620e-08
8.031240e-08
7.998996e-08
7.966890e-08
7.934923e-08
7.903097e-08
7.871413e-08
7.839872e-08
7.808477e-08
7.777229e-08
7.746129e-08
7.715178e-08
7.684378e-08
7.653731e-08
7.623237e-08
7.592898e-08
7.562716e-08
7.532691e-08
7.502825e-08
7.473119e-08
7.443574e-08
7.414192e-08
7.384973e-08
7.355920e-08
7.327032e-08
7.298312e-08
7.269759e-08
7.241376e-08
7.213163e-08
7.185122e-08
7.157252e-08
7.129556e-08
7.102034e-08
7.074687e-08
7.047516e-08
7.020521e-08
6.993704e-08
6.967066e-08
6.940606e-08
6.914327e-08
6.888228e-08
6.862310e-08
6.836575e-08
6.811021e-08
6.785651e-08
6.760465e-08
6.735463e-08
6.710646e-08
6.686014e-08
6.661568e-08
6.637308e-08
6.613235e-08
6.589348e-08
6.565649e-08
6.542137e-08
6.518814e-08
6.495678e-08
6.472731e-08
6.449973e-08
6.427403e-08
6.405022e-08
6.382829e-08
6.360826e-08
6.339012e-08
6.317387e-08
6.295951e-08
6.274704e-08
6.253646e-08
6.232777e-08
6.212096e-08
6.191604e-08
6.171300e-08
6.151184e-08
6.131256e-08
6.111515e-08
6.091961e-08
6.072594e-08
6.053413e-08
6.034418e-08
6.015608e-08
5.996983e-08
5.978542e-08
5.960285e-08
5.942211e-08
5.924319e-08
5.906609e-08
5.889080e-08
5.871731e-08
5.854562e-08
5.837572e-08
5.820759e-08
5.804123e-08
5.787663e-08
5.771378e-08
5.755267e-08
5.739329e-08
5.723562e-08
5.707967e-08
5.692541e-08
5.677283e-08
5.662193e-08
5.647268e-08
5.632509e-08
5.617912e-08
5.603477e-08
5.589203e-08
5.575088e-08
5.561131e-08
5.547329e-08
5.533683e-08
5.520189e-08
5.506846e-08
5.493653e-08
5.480609e-08
5.467710e-08
5.454956e-08
5.442345e-08
5.429874e-08
5.417543e-08
5.405349e-08
5.393290e-08
5.381364e-08
5.369570e-08
5.357905e-08
5.346367e-08
5.334954e-08
5.323664e-08
5.312496e-08
5.301446e-08
5.290513e-08
5.279694e-08
5.268987e-08
5.258390e-08
5.247901e-08
5.237517e-08
5.227236e-08
5.217056e-08
5.206974e-08
5.196988e-08
5.187096e-08
5.177295e-08
5.167583e-08
5.157957e-08
5.148415e-08
5.138954e-08
5.129573e-08
5.120268e-08
5.111037e-08
5.101878e-08
5.092788e-08
5.083765e-08
5.074806e-08
5.065909e-08
5.057071e-08
5.048290e-08
5.039564e-08
5.030889e-08
5.022265e-08
5.013687e-08
5.005155e-08
4.996665e-08
4.988215e-08
4.979802e-08
4.971426e-08
4.963082e-08
4.954770e-08
4.946486e-08
4.938229e-08
4.929996e-08
4.921785e-08
4.913594e-08
4.905422e-08
4.897265e-08
4.889123e-08
4.880992e-08
4.872872e-08
4.864760e-08
4.856654e-08
4.848553e-08
4.840456e-08
4.832359e-08
4.824262e-08
4.816163e-08
4.808061e-08
4.799953e-08
4.791840e-08
4.783719e-08
4.775589e-08
4.767448e-08
4.759297e-08
4.751132e-08
4.742955e-08
4.734762e-08
4.726555e-08
4.718330e-08
4.710089e-08
4.701830e-08
4.693552e-08
4.685256e-08
4.676939e-08
4.668602e-08
4.660245e-08
4.651867e-08
4.643467e-08
4.635046e-08
4.626604e-08
4.618139e-08
4.609653e-08
4.601146e-08
4.592617e-08
4.584066e-08
4.575494e-08
4.566902e-08
4.558289e-08
4.549656e-08
4.541003e-08
4.532332e-08
4.523641e-08
4.514933e-08
4.506208e-08
4.497467e-08
4.488710e-08
4.479938e-08
4.471153e-08
4.462354e-08
4.453544e-08
4.444723e-08
4.435893e-08
4.427054e-08
4.418207e-08
4.409354e-08
4.400497e-08
4.391636e-08
4.382772e-08
4.373908e-08
4.365044e-08
4.356181e-08
4.347322e-08
4.338468e-08
4.329619e-08
4.320779e-08
4.311947e-08
4.303126e-08
4.294317e-08
4.285522e-08
4.276741e-08
4.267978e-08
4.259233e-08
4.250508e-08
4.241804e-08
4.233123e-08
4.224466e-08
4.215835e-08
4.207232e-08
4.198658e-08
4.190114e-08
4.181602e-08
4.173123e-08
4.164680e-08
4.156272e-08
4.147903e-08
4.139572e-08
4.131282e-08
4.123033e-08
4.114827e-08
4.106665e-08
4.098549e-08
4.090480e-08
4.082458e-08
4.074485e-08
4.066562e-08
4.058691e-08
4.050871e-08
4.043104e-08
4.035391e-08
4.027732e-08
4.020130e-08
4.012583e-08
4.005094e-08
3.997663e-08
3.990290e-08
3.982976e-08
3.975722e-08
3.968527e-08
3.961394e-08
3.954321e-08
3.947310e-08
3.940361e-08
3.933473e-08
3.926648e-08
3.919885e-08
3.913184e-08
3.906547e-08
3.899972e-08
3.893459e-08
3.887009e-08
3.880622e-08
3.874297e-08
3.868034e-08
3.861833e-08
3.855694e-08
3.849617e-08
3.843601e-08
3.837645e-08
3.831750e-08
3.825915e-08
3.820139e-08
3.814422e-08
3.808763e-08
3.803163e-08
3.797619e-08
3.792133e-08
3.786702e-08
3.781327e-08
3.776006e-08
3.770739e-08
3.765525e-08
3.760364e-08
3.755255e-08
3.750196e-08
3.745187e-08
3.740228e-08
3.735317e-08
3.730454e-08
3.725637e-08
3.720866e-08
3.716141e-08
3.711459e-08
3.706821e-08
3.702226e-08
3.697672e-08
3.693158e-08
3.688685e-08
3.684251e-08
3.679855e-08
3.675496e-08
3.671174e-08
3.666887e-08
3.662636e-08
3.658418e-08
3.654234e-08
3.650082e-08
3.645962e-08
3.641873e-08
3.637815e-08
3.633785e-08
3.629785e-08
3.625813e-08
3.621868e-08
3.617950e-08
3.614058e-08
3.610192e-08
3.606351e-08
3.602534e-08
3.598741e-08
3.594971e-08
3.591224e-08
3.587499e-08
3.583796e-08
3.580114e-08
3.576453e-08
3.572812e-08
3.569192e-08
3.565591e-08
3.562009e-08
3.558446e-08
3.554902e-08
3.551376e-08
3.547867e-08
3.544377e-08
3.540903e-08
3.537447e-08
3.534008e-08
3.530585e-08
3.527178e-08
3.523788e-08
3.520413e-08
3.517054e-08
3.513711e-08
3.510383e-08
3.507069e-08
3.503771e-08
3.500487e-08
3.497218e-08
3.493963e-08
3.490723e-08
3.487496e-08
3.484283e-08
3.481083e-08
3.477897e-08
3.474724e-08
3.471564e-08
3.468416e-08
3.465281e-08
3.462158e-08
3.459047e-08
3.455947e-08
3.452859e-08
3.449782e-08
3.446716e-08
3.443660e-08
3.440613e-08
3.437577e-08
3.434550e-08
3.431531e-08
3.428521e-08
3.425518e-08
3.422523e-08
3.419534e-08
3.416552e-08
3.413576e-08
3.410604e-08
3.407637e-08
3.404674e-08
3.401714e-08
3.398756e-08
3.395799e-08
3.392844e-08
3.389889e-08
3.386933e-08
3.383975e-08
3.381014e-08
3.378051e-08
3.375082e-08
3.372109e-08
3.369129e-08
3.366141e-08
3.363145e-08
3.360140e-08
3.357123e-08
3.354095e-08
3.351054e-08
3.347998e-08
3.344927e-08
3.341840e-08
3.338734e-08
3.335609e-08
3.332464e-08
3.329297e-08
3.326106e-08
3.322891e-08
3.319650e-08
3.316381e-08
3.313084e-08
3.309757e-08
3.306398e-08
3.303005e-08
3.299579e-08
3.296116e-08
3.292616e-08
3.289077e-08
3.285498e-08
3.281877e-08
3.278213e-08
3.274504e-08
3.270749e-08
3.266947e-08
3.263095e-08
3.259194e-08
3.255240e-08
3.251233e-08
3.247172e-08
3.243055e-08
3.238881e-08
3.234648e-08
3.230355e-08
3.226002e-08
3.221586e-08
3.217107e-08
3.212564e-08
3.207954e-08
3.203278e-08
3.198535e-08
3.193722e-08
3.188840e-08
3.183887e-08
3.178863e-08
3.173767e-08
3.168597e-08
3.163354e-08
3.158037e-08
3.152644e-08
3.147176e-08
3.141632e-08
3.136011e-08
3.130314e-08
3.124540e-08
3.118688e-08
3.112759e-08
3.106752e-08
3.100668e-08
3.094506e-08
3.088266e-08
3.081950e-08
3.075556e-08
3.069085e-08
3.062539e-08
3.055916e-08
3.049218e-08
3.042446e-08
3.035600e-08
3.028680e-08
3.021688e-08
3.014625e-08
3.007492e-08
3.000289e-08
2.993018e-08
2.985681e-08
2.978278e-08
2.970810e-08
2.963281e-08
2.955690e-08
2.948040e-08
2.940333e-08
2.932569e-08
2.924752e-08
2.916883e-08
2.908963e-08
2.900996e-08
2.892984e-08
2.884928e-08
2.876830e-08
2.868695e-08
2.860523e-08
2.852317e-08
2.844080e-08
2.835815e-08
2.827524e-08
2.819211e-08
2.810877e-08
2.802526e-08
2.794161e-08
2.785785e-08
2.777401e-08
2.769012e-08
2.760622e-08
2.752233e-08
2.743849e-08
2.735473e-08
2.727108e-08
2.718759e-08
2.710428e-08
2.702118e-08
2.693835e-08
2.685580e-08
2.677358e-08
2.669172e-08
2.661025e-08
2.652923e-08
2.644867e-08
2.636862e-08
2.628912e-08
2.621020e-08
2.613189e-08
2.605425e-08
2.597730e-08
2.590108e-08
2.582563e-08
2.575099e-08
2.567719e-08
2.560427e-08
2.553227e-08
2.546122e-08
2.539117e-08
2.532214e-08
2.525418e-08
2.518731e-08
2.512159e-08
2.505703e-08
2.499369e-08
2.493158e-08
2.487075e-08
2.481123e-08
2.475306e-08
2.469626e-08
2.464087e-08
2.458692e-08
2.453445e-08
2.448348e-08
2.443405e-08
2.438618e-08
2.433991e-08
2.429526e-08
2.425227e-08
2.421095e-08
2.417134e-08
2.413346e-08
2.409734e-08
2.406300e-08
2.403047e-08
2.399976e-08
2.397091e-08
2.394393e-08
2.391884e-08
2.389567e-08
2.387443e-08
2.385514e-08
2.383782e-08
2.382249e-08
2.380915e-08
2.379783e-08
2.378854e-08
2.378128e-08
2.377609e-08
2.377295e-08
2.377189e-08
2.377292e-08
2.377603e-08
2.378125e-08
2.378857e-08
2.379800e-08
2.380954e-08
2.382321e-08
2.383899e-08
2.385690e-08
2.387693e-08
2.389908e-08
2.392336e-08
2.394975e-08
2.397826e-08
2.400888e-08
2.404161e-08
2.407644e-08
2.411337e-08
2.415238e-08
2.419346e-08
2.423662e-08
2.428183e-08
2.432910e-08
2.437839e-08
2.442971e-08
2.448304e-08
2.453836e-08
2.459565e-08
2.465491e-08
2.471612e-08
2.477925e-08
2.484429e-08
2.491122e-08
2.498002e-08
2.505067e-08
2.512315e-08
2.519743e-08
2.527350e-08
2.535133e-08
2.543090e-08
2.551218e-08
2.559514e-08
2.567977e-08
2.576604e-08
2.585391e-08
2.594337e-08
2.603438e-08
2.612692e-08
2.622096e-08
2.631647e-08
2.641342e-08
2.651178e-08
2.661153e-08
2.671262e-08
2.681503e-08
2.691874e-08
2.702370e-08
2.712989e-08
2.723728e-08
2.734583e-08
2.745551e-08
2.756629e-08
2.767814e-08
2.779102e-08
2.790490e-08
2.801975e-08
2.813554e-08
2.825223e-08
2.836978e-08
2.848818e-08
2.860738e-08
2.872734e-08
2.884805e-08
2.896945e-08
2.909153e-08
2.921424e-08
2.933756e-08
2.946145e-08
2.958588e-08
2.971081e-08
2.983621e-08
2.996206e-08
3.008831e-08
3.021493e-08
3.034190e-08
3.046918e-08
3.059674e-08
3.072454e-08
3.085256e-08
3.098076e-08
3.110911e-08
3.123759e-08
3.136615e-08
3.149478e-08
3.162343e-08
3.175209e-08
3.188071e-08
3.200928e-08
3.213775e-08
3.226611e-08
3.239432e-08
3.252235e-08
3.265017e-08
3.277777e-08
3.290510e-08
3.303215e-08
3.315888e-08
3.328526e-08
3.341128e-08
3.353690e-08
3.366210e-08
3.378684e-08
3.391112e-08
3.403489e-08
3.415814e-08
3.428084e-08
3.440296e-08
3.452448e-08
3.464538e-08
3.476563e-08
3.488521e-08
3.500410e-08
3.512227e-08
3.523969e-08
3.535636e-08
3.547224e-08
3.558731e-08
3.570155e-08
3.581494e-08
3.592746e-08
3.603909e-08
3.614980e-08
3.625958e-08
3.636840e-08
3.647625e-08
3.658310e-08
3.668894e-08
3.679375e-08
3.689751e-08
3.700020e-08
3.710180e-08
3.720229e-08
3.730166e-08
3.739989e-08
3.749696e-08
3.759286e-08
3.768756e-08
3.778105e-08
3.787332e-08
3.796435e-08
3.805413e-08
3.814263e-08
3.822985e-08
3.831577e-08
3.840037e-08
3.848365e-08
3.856558e-08
3.864617e-08
3.872538e-08
3.880322e-08
3.887966e-08
3.895470e-08
3.902833e-08
3.910053e-08
3.917129e-08
3.924061e-08
3.930847e-08
3.937487e-08
3.943979e-08
3.950324e-08
3.956519e-08
3.962564e-08
3.968458e-08
3.974202e-08
3.979794e-08
3.985233e-08
3.990519e-08
3.995652e-08
4.000631e-08
4.005456e-08
4.010126e-08
4.014642e-08
4.019002e-08
4.023207e-08
4.027257e-08
4.031152e-08
4.034891e-08
4.038475e-08
4.041903e-08
4.045177e-08
4.048295e-08
4.051259e-08
4.054069e-08
4.056725e-08
4.059228e-08
4.061578e-08
4.063775e-08
4.065821e-08
4.067716e-08
4.069460e-08
4.071056e-08
4.072503e-08
4.073802e-08
4.074954e-08
4.075962e-08
4.076824e-08
4.077544e-08
4.078122e-08
4.078559e-08
4.078856e-08
4.079016e-08
4.079039e-08
4.078928e-08
4.078683e-08
4.078307e-08
4.077800e-08
4.077166e-08
4.076405e-08
4.075520e-08
4.074512e-08
4.073383e-08
4.072136e-08
4.070772e-08
4.069294e-08
4.067703e-08
4.066002e-08
4.064194e-08
4.062280e-08
4.060263e-08
4.058145e-08
4.055928e-08
4.053616e-08
4.051209e-08
4.048712e-08
4.046127e-08
4.043455e-08
4.040700e-08
4.037865e-08
4.034951e-08
4.031962e-08
4.028900e-08
4.025769e-08
4.022569e-08
4.019306e-08
4.015980e-08
4.012596e-08
4.009155e-08
4.005660e-08
4.002115e-08
3.998521e-08
3.994883e-08
3.991202e-08
3.987481e-08
3.983723e-08
3.979931e-08
3.976108e-08
3.972256e-08
3.968377e-08
3.964476e-08
3.960553e-08
3.956613e-08
3.952657e-08
3.948689e-08
3.944711e-08
3.940724e-08
3.936733e-08
3.932739e-08
3.928746e-08
3.924754e-08
3.920767e-08
3.916788e-08
3.912818e-08
3.908860e-08
3.904916e-08
3.900988e-08
3.897079e-08
3.893190e-08
3.889324e-08
3.885483e-08
3.881669e-08
3.877884e-08
3.874129e-08
3.870407e-08
3.866719e-08
3.863068e-08
3.859455e-08
3.855882e-08
3.852350e-08
3.848861e-08
3.845416e-08
3.842018e-08
3.838668e-08
3.835367e-08
3.832116e-08
3.828917e-08
3.825771e-08
3.822680e-08
3.819645e-08
3.816666e-08
3.813746e-08
3.810885e-08
3.808084e-08
3.805345e-08
3.802668e-08
3.800055e-08
3.797506e-08
3.795022e-08
3.792605e-08
3.790255e-08
3.787973e-08
3.785761e-08
3.783618e-08
3.781545e-08
3.779544e-08
3.777615e-08
3.775760e-08
3.773978e-08
3.772270e-08
3.770638e-08
3.769082e-08
3.767603e-08
3.766202e-08
3.764878e-08
3.763634e-08
3.762470e-08
3.761387e-08
3.760385e-08
3.759465e-08
3.758628e-08
3.757876e-08
3.757208e-08
3.756626e-08
3.756131e-08
3.755723e-08
3.755404e-08
3.755174e-08
3.755035e-08
3.754987e-08
3.755032e-08
3.755171e-08
3.755405e-08
3.755735e-08
3.756163e-08
3.756689e-08
3.757315e-08
3.758043e-08
3.758873e-08
3.759808e-08
3.760848e-08
3.761996e-08
3.763253e-08
3.764620e-08
3.766099e-08
3.767692e-08
3.769401e-08
3.771227e-08
3.773173e-08
3.775240e-08
3.777430e-08
3.779745e-08
3.782188e-08
3.784760e-08
3.787464e-08
3.790301e-08
3.793274e-08
3.796385e-08
3.799637e-08
3.803032e-08
3.806571e-08
3.810259e-08
3.814096e-08
3.818086e-08
3.822230e-08
3.826532e-08
3.830994e-08
3.835618e-08
3.840408e-08
3.845365e-08
3.850492e-08
3.855792e-08
3.861267e-08
3.866920e-08
3.872754e-08
3.878771e-08
3.884974e-08
3.891365e-08
3.897947e-08
3.904722e-08
3.911693e-08
3.918862e-08
3.926233e-08
3.933806e-08
3.941585e-08
3.949572e-08
3.957769e-08
3.966178e-08
3.974803e-08
3.983643e-08
3.992703e-08
4.001983e-08
4.011486e-08
4.021213e-08
4.031166e-08
4.041348e-08
4.051758e-08
4.062400e-08
4.073274e-08
4.084381e-08
4.095724e-08
4.107302e-08
4.119116e-08
4.131169e-08
4.143459e-08
4.155989e-08
4.168757e-08
4.181766e-08
4.195014e-08
4.208502e-08
4.222230e-08
4.236197e-08
4.250404e-08
4.264849e-08
4.279532e-08
4.294452e-08
4.309608e-08
4.324999e-08
4.340624e-08
4.356481e-08
4.372568e-08
4.388883e-08
4.405425e-08
4.422191e-08
4.439179e-08
4.456387e-08
4.473811e-08
4.491449e-08
4.509298e-08
4.527355e-08
4.545615e-08
4.564076e-08
4.582734e-08
4.601584e-08
4.620623e-08
4.639846e-08
4.659249e-08
4.678827e-08
4.698576e-08
4.718490e-08
4.738564e-08
4.758792e-08
4.779170e-08
4.799692e-08
4.820352e-08
4.841143e-08
4.862060e-08
4.883096e-08
4.904245e-08
4.925501e-08
4.946856e-08
4.968304e-08
4.989838e-08
5.011450e-08
5.033134e-08
5.054882e-08
5.076686e-08
5.098539e-08
5.120433e-08
5.142360e-08
5.164313e-08
5.186284e-08
5.208263e-08
5.230244e-08
5.252218e-08
5.274176e-08
5.296111e-08
5.318013e-08
5.339875e-08
5.361688e-08
5.383442e-08
5.405130e-08
5.426744e-08
5.448273e-08
5.469710e-08
5.491046e-08
5.512273e-08
5.533381e-08
5.554362e-08
5.575207e-08
5.595908e-08
5.616456e-08
5.636843e-08
5.657060e-08
5.677098e-08
5.696950e-08
5.716607e-08
5.736061e-08
5.755303e-08
5.774326e-08
5.793121e-08
5.811681e-08
5.829997e-08
5.848063e-08
5.865870e-08
5.883411e-08
5.900679e-08
5.917667e-08
5.934367e-08
5.950773e-08
5.966877e-08
5.982674e-08
5.998157e-08
6.013319e-08
6.028155e-08
6.042658e-08
6.056823e-08
6.070644e-08
6.084116e-08
6.097233e-08
6.109990e-08
6.122384e-08
6.134408e-08
6.146059e-08
6.157333e-08
6.168225e-08
6.178731e-08
6.188849e-08
6.198574e-08
6.207904e-08
6.216836e-08
6.225367e-08
6.233494e-08
6.241216e-08
6.248530e-08
6.255434e-08
6.261928e-08
6.268009e-08
6.273677e-08
6.278930e-08
6.283769e-08
6.288192e-08
6.292200e-08
6.295792e-08
6.298969e-08
6.301731e-08
6.304080e-08
6.306015e-08
6.307539e-08
6.308652e-08
6.309357e-08
6.309654e-08
6.309547e-08
6.309037e-08
6.308127e-08
6.306819e-08
6.305117e-08
6.303023e-08
6.300541e-08
6.297674e-08
6.294425e-08
6.290800e-08
6.286801e-08
6.282433e-08
6.277700e-08
