1.408637e-05
1.407418e-05
1.405985e-05
1.404339e-05
1.402481e-05
1.400411e-05
1.398129e-05
1.395638e-05
1.392937e-05
1.390028e-05
1.386911e-05
1.383589e-05
1.380061e-05
1.376330e-05
1.372397e-05
1.368264e-05
1.363931e-05
1.359402e-05
1.354677e-05
1.349758e-05
1.344648e-05
1.339347e-05
1.333860e-05
1.328186e-05
1.322330e-05
1.316292e-05
1.310076e-05
1.303684e-05
1.297118e-05
1.290381e-05
1.283475e-05
1.276404e-05
1.269169e-05
1.261775e-05
1.254223e-05
1.246517e-05
1.238660e-05
1.230654e-05
1.222503e-05
1.214210e-05
1.205778e-05
1.197210e-05
1.188510e-05
1.179681e-05
1.170727e-05
1.161650e-05
1.152454e-05
1.143143e-05
1.133720e-05
1.124189e-05
1.114553e-05
1.104816e-05
1.094982e-05
1.085054e-05
1.075035e-05
1.064930e-05
1.054742e-05
1.044475e-05
1.034132e-05
1.023718e-05
1.013236e-05
1.002689e-05
9.920823e-06
9.814184e-06
9.707016e-06
9.599354e-06
9.491237e-06
9.382700e-06
9.273783e-06
9.164521e-06
9.054951e-06
8.945110e-06
8.835035e-06
8.724762e-06
8.614327e-06
8.503766e-06
8.393115e-06
8.282409e-06
8.171683e-06
8.060972e-06
7.950311e-06
7.839734e-06
7.729274e-06
7.618965e-06
7.508840e-06
7.398932e-06
7.289273e-06
7.179895e-06
7.070829e-06
6.962107e-06
6.853758e-06
6.745813e-06
6.638302e-06
6.531253e-06
6.424694e-06
6.318654e-06
6.213161e-06
6.108241e-06
6.003920e-06
5.900224e-06
5.797179e-06
5.694808e-06
5.593137e-06
5.492188e-06
5.391985e-06
5.292548e-06
5.193901e-06
5.096064e-06
4.999056e-06
4.902899e-06
4.807611e-06
4.713210e-06
4.619714e-06
4.527141e-06
4.435506e-06
4.344825e-06
4.255115e-06
4.166388e-06
4.078659e-06
3.991942e-06
3.906248e-06
3.821590e-06
3.737978e-06
3.655424e-06
3.573937e-06
3.493526e-06
3.414201e-06
3.335968e-06
3.258836e-06
3.182812e-06
3.107900e-06
3.034107e-06
2.961438e-06
2.889896e-06
2.819486e-06
2.750211e-06
2.682072e-06
2.615072e-06
2.549212e-06
2.484492e-06
2.420914e-06
2.358476e-06
2.297177e-06
2.237016e-06
2.177991e-06
2.120099e-06
2.063337e-06
2.007702e-06
1.953190e-06
1.899795e-06
1.847514e-06
1.796340e-06
1.746268e-06
1.697291e-06
1.649402e-06
1.602595e-06
1.556861e-06
1.512193e-06
1.468582e-06
1.426020e-06
1.384497e-06
1.344003e-06
1.304530e-06
1.266067e-06
1.228603e-06
1.192128e-06
1.156630e-06
1.122099e-06
1.088523e-06
1.055890e-06
1.024188e-06
9.934039e-07
9.635263e-07
9.345420e-07
9.064383e-07
8.792020e-07
8.528198e-07
8.272783e-07
8.025639e-07
7.786630e-07
7.555617e-07
7.332461e-07
7.117022e-07
6.909158e-07
6.708727e-07
6.515587e-07
6.329593e-07
6.150603e-07
5.978473e-07
5.813057e-07
5.654211e-07
5.501791e-07
5.355652e-07
5.215649e-07
5.081638e-07
4.953476e-07
4.831017e-07
4.714120e-07
4.602642e-07
4.496440e-07
4.395374e-07
4.299304e-07
4.208089e-07
4.121591e-07
4.039672e-07
3.962197e-07
3.889030e-07
3.820036e-07
3.755084e-07
3.694042e-07
3.636779e-07
3.583168e-07
3.533081e-07
3.486393e-07
3.442980e-07
3.402720e-07
3.365493e-07
3.331180e-07
3.299664e-07
3.270831e-07
3.244567e-07
3.220760e-07
3.199303e-07
3.180087e-07
3.163007e-07
3.147959e-07
3.134844e-07
3.123561e-07
3.114013e-07
3.106106e-07
3.099746e-07
3.094843e-07
3.091307e-07
3.089054e-07
3.087998e-07
3.088057e-07
3.089150e-07
3.091202e-07
3.094134e-07
3.097875e-07
3.102351e-07
3.107496e-07
3.113240e-07
3.119519e-07
3.126271e-07
3.133434e-07
3.140950e-07
3.148761e-07
3.156815e-07
3.165057e-07
3.173438e-07
3.181908e-07
3.190422e-07
3.198935e-07
3.207405e-07
3.215790e-07
3.224051e-07
3.232152e-07
3.240058e-07
3.247735e-07
3.255152e-07
3.262278e-07
3.269086e-07
3.275550e-07
3.281644e-07
3.287345e-07
3.292631e-07
3.297484e-07
3.301883e-07
3.305813e-07
3.309257e-07
3.312202e-07
3.314634e-07
3.316542e-07
3.317916e-07
3.318746e-07
3.319027e-07
3.318750e-07
3.317911e-07
3.316505e-07
3.314529e-07
3.311982e-07
3.308862e-07
3.305170e-07
3.300906e-07
3.296072e-07
3.290670e-07
3.284705e-07
3.278180e-07
3.271102e-07
3.263475e-07
3.255306e-07
3.246602e-07
3.237372e-07
3.227623e-07
3.217365e-07
3.206607e-07
3.195360e-07
3.183633e-07
3.171438e-07
3.158786e-07
3.145690e-07
3.132160e-07
3.118210e-07
3.103853e-07
3.089100e-07
3.073967e-07
3.058465e-07
3.042609e-07
3.026413e-07
3.009891e-07
2.993056e-07
2.975923e-07
2.958507e-07
2.940821e-07
2.922880e-07
2.904698e-07
2.886291e-07
2.867671e-07
2.848854e-07
2.829853e-07
2.810683e-07
2.791358e-07
2.771892e-07
2.752299e-07
2.732593e-07
2.712786e-07
2.692893e-07
2.672926e-07
2.652899e-07
2.632824e-07
2.612714e-07
2.592582e-07
2.572439e-07
2.552298e-07
2.532170e-07
2.512067e-07
2.491999e-07
2.471977e-07
2.452013e-07
2.432117e-07
2.412297e-07
2.392565e-07
2.372930e-07
2.353401e-07
2.333986e-07
2.314694e-07
2.295534e-07
2.276513e-07
2.257640e-07
2.238920e-07
2.220362e-07
2.201972e-07
2.183757e-07
2.165722e-07
2.147873e-07
2.130216e-07
2.112756e-07
2.095498e-07
2.078447e-07
2.061606e-07
2.044980e-07
2.028572e-07
2.012386e-07
1.996425e-07
1.980691e-07
1.965188e-07
1.949918e-07
1.934883e-07
1.920084e-07
1.905523e-07
1.891201e-07
1.877120e-07
1.863280e-07
1.849682e-07
1.836326e-07
1.823212e-07
1.810341e-07
1.797711e-07
1.785323e-07
1.773175e-07
1.761266e-07
1.749597e-07
1.738165e-07
1.726969e-07
1.716007e-07
1.705277e-07
1.694778e-07
1.684508e-07
1.674464e-07
1.664644e-07
1.655046e-07
1.645666e-07
1.636503e-07
1.627553e-07
1.618813e-07
1.610280e-07
1.601952e-07
1.593825e-07
1.585895e-07
1.578160e-07
1.570615e-07
1.563257e-07
1.556084e-07
1.549090e-07
1.542272e-07
1.535627e-07
1.529151e-07
1.522840e-07
1.516690e-07
1.510697e-07
1.504857e-07
1.499167e-07
1.493622e-07
1.488219e-07
1.482953e-07
1.477821e-07
1.472818e-07
1.467941e-07
1.463186e-07
1.458549e-07
1.454026e-07
1.449613e-07
1.445306e-07
1.441101e-07
1.436995e-07
1.432984e-07
1.429064e-07
1.425231e-07
1.421482e-07
1.417813e-07
1.414221e-07
1.410701e-07
1.407251e-07
1.403867e-07
1.400545e-07
1.397283e-07
1.394076e-07
1.390923e-07
1.387819e-07
1.384762e-07
1.381748e-07
1.378774e-07
1.375838e-07
1.372937e-07
1.370067e-07
1.367227e-07
1.364413e-07
1.361622e-07
1.358853e-07
1.356103e-07
1.353369e-07
1.350649e-07
1.347941e-07
1.345242e-07
1.342550e-07
1.339864e-07
1.337180e-07
1.334498e-07
1.331815e-07
1.329130e-07
1.326440e-07
1.323745e-07
1.321041e-07
1.318328e-07
1.315605e-07
1.312869e-07
1.310120e-07
1.307355e-07
1.304575e-07
1.301777e-07
1.298960e-07
1.296123e-07
1.293266e-07
1.290387e-07
1.287485e-07
1.284559e-07
1.281609e-07
1.278634e-07
1.275633e-07
1.272605e-07
1.269550e-07
1.266467e-07
1.263355e-07
1.260215e-07
1.257045e-07
1.253846e-07
1.250617e-07
1.247357e-07
1.244066e-07
1.240745e-07
1.237392e-07
1.234008e-07
1.230593e-07
1.227146e-07
1.223668e-07
1.220158e-07
1.216617e-07
1.213044e-07
1.209440e-07
1.205804e-07
1.202138e-07
1.198440e-07
1.194712e-07
1.190953e-07
1.187164e-07
1.183344e-07
1.179495e-07
1.175617e-07
1.171709e-07
1.167773e-07
1.163809e-07
1.159816e-07
1.155796e-07
1.151749e-07
1.147675e-07
1.143575e-07
1.139449e-07
1.135299e-07
1.131123e-07
1.126923e-07
1.122700e-07
1.118454e-07
1.114185e-07
1.109894e-07
1.105582e-07
1.101249e-07
1.096896e-07
1.092524e-07
1.088132e-07
1.083722e-07
1.079295e-07
1.074850e-07
1.070389e-07
1.065912e-07
1.061420e-07
1.056914e-07
1.052394e-07
1.047860e-07
1.043315e-07
1.038757e-07
1.034188e-07
1.029608e-07
1.025019e-07
1.020421e-07
1.015814e-07
1.011199e-07
1.006577e-07
1.001948e-07
9.973137e-08
9.926740e-08
9.880298e-08
9.833817e-08
9.787303e-08
9.740763e-08
9.694204e-08
9.647633e-08
9.601054e-08
9.554475e-08
9.507903e-08
9.461343e-08
9.414801e-08
9.368284e-08
9.321799e-08
9.275350e-08
9.228945e-08
9.182588e-08
9.136287e-08
9.090046e-08
9.043873e-08
8.997771e-08
8.951748e-08
8.905809e-08
8.859959e-08
8.814204e-08
8.768549e-08
8.722999e-08
8.677561e-08
8.632238e-08
8.587037e-08
8.541962e-08
8.497019e-08
8.452212e-08
8.407545e-08
8.363025e-08
8.318655e-08
8.274440e-08
8.230384e-08
8.186493e-08
8.142770e-08
8.099220e-08
8.055847e-08
8.012654e-08
7.969647e-08
7.926829e-08
7.884203e-08
7.841774e-08
7.799546e-08
7.757521e-08
7.715704e-08
7.674097e-08
7.632705e-08
7.591530e-08
7.550576e-08
7.509845e-08
7.469341e-08
7.429067e-08
7.389025e-08
7.349218e-08
7.309649e-08
7.270321e-08
7.231235e-08
7.192394e-08
7.153801e-08
7.115458e-08
7.077366e-08
7.039528e-08
7.001946e-08
6.964621e-08
6.927556e-08
6.890752e-08
6.854211e-08
6.817933e-08
6.781922e-08
6.746177e-08
6.710700e-08
6.675493e-08
6.640556e-08
6.605891e-08
6.571498e-08
6.537379e-08
6.503533e-08
6.469962e-08
6.436666e-08
6.403646e-08
6.370902e-08
6.338435e-08
6.306245e-08
6.274332e-08
6.242696e-08
6.211337e-08
6.180256e-08
6.149452e-08
6.118925e-08
6.088675e-08
6.058701e-08
6.029003e-08
5.999582e-08
5.970435e-08
5.941564e-08
5.912966e-08
5.884642e-08
5.856590e-08
5.828810e-08
5.801302e-08
5.774063e-08
5.747093e-08
5.720392e-08
5.693957e-08
5.667788e-08
5.641883e-08
5.616242e-08
5.590863e-08
5.565745e-08
5.540885e-08
5.516284e-08
5.491939e-08
5.467848e-08
5.444011e-08
5.420425e-08
5.397089e-08
5.374002e-08
5.351160e-08
5.328564e-08
5.306210e-08
5.284097e-08
5.262224e-08
5.240587e-08
5.219186e-08
5.198018e-08
5.177082e-08
5.156374e-08
5.135894e-08
5.115639e-08
5.095607e-08
5.075796e-08
5.056203e-08
5.036828e-08
5.017666e-08
4.998717e-08
4.979978e-08
4.961446e-08
4.943120e-08
4.924997e-08
4.907075e-08
4.889351e-08
4.871824e-08
4.854491e-08
4.837350e-08
4.820397e-08
4.803632e-08
4.787051e-08
4.770653e-08
4.754434e-08
4.738393e-08
4.722527e-08
4.706834e-08
4.691311e-08
4.675956e-08
4.660767e-08
4.645740e-08
4.630875e-08
4.616168e-08
4.601617e-08
4.587219e-08
4.572973e-08
4.558875e-08
4.544924e-08
4.531117e-08
4.517451e-08
4.503925e-08
4.490535e-08
4.477280e-08
4.464157e-08
4.451164e-08
4.438299e-08
4.425558e-08
4.412940e-08
4.400442e-08
4.388062e-08
4.375798e-08
4.363647e-08
4.351607e-08
4.339676e-08
4.327851e-08
4.316131e-08
4.304512e-08
4.292992e-08
4.281570e-08
4.270243e-08
4.259008e-08
4.247864e-08
4.236809e-08
4.225839e-08
4.214953e-08
4.204148e-08
4.193423e-08
4.182775e-08
4.172203e-08
4.161703e-08
4.151273e-08
4.140913e-08
4.130618e-08
4.120389e-08
4.110221e-08
4.100114e-08
4.090064e-08
4.080071e-08
4.070132e-08
4.060244e-08
4.050407e-08
4.040618e-08
4.030874e-08
4.021175e-08
4.011518e-08
4.001901e-08
3.992323e-08
3.982780e-08
3.973273e-08
3.963798e-08
3.954354e-08
3.944939e-08
3.935551e-08
3.926189e-08
3.916850e-08
3.907534e-08
3.898238e-08
3.888961e-08
3.879701e-08
3.870457e-08
3.861227e-08
3.852009e-08
3.842801e-08
3.833604e-08
3.824414e-08
3.815230e-08
3.806052e-08
3.796877e-08
3.787704e-08
3.778533e-08
3.769361e-08
3.760188e-08
3.751012e-08
3.741832e-08
3.732647e-08
3.723456e-08
3.714257e-08
3.705050e-08
3.695834e-08
3.686608e-08
3.677370e-08
3.668120e-08
3.658858e-08
3.649581e-08
3.640290e-08
3.630983e-08
3.621661e-08
3.612322e-08
3.602965e-08
3.593590e-08
3.584197e-08
3.574785e-08
3.565354e-08
3.555902e-08
3.546430e-08
3.536938e-08
3.527424e-08
3.517889e-08
3.508333e-08
3.498755e-08
3.489155e-08
3.479532e-08
3.469888e-08
3.460221e-08
3.450532e-08
3.440821e-08
3.431088e-08
3.421332e-08
3.411554e-08
3.401754e-08
3.391933e-08
3.382089e-08
3.372225e-08
3.362339e-08
3.352432e-08
3.342505e-08
3.332557e-08
3.322590e-08
3.312603e-08
3.302596e-08
3.292571e-08
3.282528e-08
3.272467e-08
3.262388e-08
3.252293e-08
3.242181e-08
3.232053e-08
3.221910e-08
3.211752e-08
3.201580e-08
3.191394e-08
3.181194e-08
3.170983e-08
3.160758e-08
3.150523e-08
3.140276e-08
3.130020e-08
3.119753e-08
3.109477e-08
3.099192e-08
3.088900e-08
3.078599e-08
3.068292e-08
3.057978e-08
3.047658e-08
3.037332e-08
3.027002e-08
3.016667e-08
3.006328e-08
2.995985e-08
2.985639e-08
2.975290e-08
2.964938e-08
2.954585e-08
2.944229e-08
2.933873e-08
2.923515e-08
2.913156e-08
2.902797e-08
2.892437e-08
2.882077e-08
2.871717e-08
2.861357e-08
2.850997e-08
2.840638e-08
2.830278e-08
2.819919e-08
2.809561e-08
2.799202e-08
2.788844e-08
2.778486e-08
2.768128e-08
2.757769e-08
2.747411e-08
2.737051e-08
2.726691e-08
2.716329e-08
2.705967e-08
2.695602e-08
2.685235e-08
2.674866e-08
2.664493e-08
2.654118e-08
2.643738e-08
2.633354e-08
2.622966e-08
2.612572e-08
2.602172e-08
2.591765e-08
2.581352e-08
2.570931e-08
2.560501e-08
2.550063e-08
2.539615e-08
2.529157e-08
2.518688e-08
2.508207e-08
2.497714e-08
2.487208e-08
2.476689e-08
2.466155e-08
2.455606e-08
2.445042e-08
2.434461e-08
2.423863e-08
2.413247e-08
2.402613e-08
2.391960e-08
2.381287e-08
2.370593e-08
2.359879e-08
2.349143e-08
2.338384e-08
2.327603e-08
2.316799e-08
2.305971e-08
2.295118e-08
2.284241e-08
2.273338e-08
2.262410e-08
2.251455e-08
2.240474e-08
2.229467e-08
2.218432e-08
2.207370e-08
2.196280e-08
2.185163e-08
2.174018e-08
2.162845e-08
2.151644e-08
2.140415e-08
2.129158e-08
2.117873e-08
2.106560e-08
2.095220e-08
2.083852e-08
2.072457e-08
2.061036e-08
2.049588e-08
2.038114e-08
2.026614e-08
2.015089e-08
2.003540e-08
1.991966e-08
1.980369e-08
1.968750e-08
1.957109e-08
1.945446e-08
1.933763e-08
1.922061e-08
1.910341e-08
1.898602e-08
1.886847e-08
1.875077e-08
1.863292e-08
1.851494e-08
1.839684e-08
1.827863e-08
1.816032e-08
1.804193e-08
1.792347e-08
1.780495e-08
1.768639e-08
1.756779e-08
1.744918e-08
1.733057e-08
1.721198e-08
1.709341e-08
1.697489e-08
1.685642e-08
1.673803e-08
1.661973e-08
1.650154e-08
1.638346e-08
1.626553e-08
1.614774e-08
1.603013e-08
1.591270e-08
1.579547e-08
1.567846e-08
1.556168e-08
1.544515e-08
1.532888e-08
1.521289e-08
1.509720e-08
1.498181e-08
1.486674e-08
1.475202e-08
1.463764e-08
1.452363e-08
1.441000e-08
1.429676e-08
1.418393e-08
1.407152e-08
1.395953e-08
1.384799e-08
1.373690e-08
1.362627e-08
1.351612e-08
1.340645e-08
1.329727e-08
1.318860e-08
1.308043e-08
1.297278e-08
1.286566e-08
1.275907e-08
1.265301e-08
1.254750e-08
1.244253e-08
1.233811e-08
1.223425e-08
1.213095e-08
1.202820e-08
1.192601e-08
1.182439e-08
1.172332e-08
1.162281e-08
1.152287e-08
1.142348e-08
1.132464e-08
1.122635e-08
1.112861e-08
1.103141e-08
1.093475e-08
1.083862e-08
1.074301e-08
1.064792e-08
1.055333e-08
1.045924e-08
1.036564e-08
1.027253e-08
1.017988e-08
1.008769e-08
9.995944e-09
9.904634e-09
9.813745e-09
9.723264e-09
9.633178e-09
9.543471e-09
9.454129e-09
9.365137e-09
9.276479e-09
9.188140e-09
9.100102e-09
9.012348e-09
8.924863e-09
8.837627e-09
8.750625e-09
8.663836e-09
8.577244e-09
8.490830e-09
8.404575e-09
8.318461e-09
8.232468e-09
8.146578e-09
8.060771e-09
7.975029e-09
7.889332e-09
7.803661e-09
7.717997e-09
7.632321e-09
7.546615e-09
7.460858e-09
7.375034e-09
7.289123e-09
7.203107e-09
7.116968e-09
7.030689e-09
6.944251e-09
6.857639e-09
6.770834e-09
6.683821e-09
6.596584e-09
6.509106e-09
6.421374e-09
6.333372e-09
6.245085e-09
6.156502e-09
6.067607e-09
5.978389e-09
5.888835e-09
5.798934e-09
5.708676e-09
5.618050e-09
5.527046e-09
5.435656e-09
5.343871e-09
5.251684e-09
5.159088e-09
5.066077e-09
4.972646e-09
4.878789e-09
4.784504e-09
4.689786e-09
4.594634e-09
4.499046e-09
4.403020e-09
4.306557e-09
4.209658e-09
4.112324e-09
4.014556e-09
3.916359e-09
3.817736e-09
3.718692e-09
3.619231e-09
3.519360e-09
3.419086e-09
3.318416e-09
3.217359e-09
3.115924e-09
3.014120e-09
2.911959e-09
2.809450e-09
2.706607e-09
2.603441e-09
2.499967e-09
2.396197e-09
2.292147e-09
2.187832e-09
2.083267e-09
1.978468e-09
1.873453e-09
1.768239e-09
1.662843e-09
1.557285e-09
1.451584e-09
1.345757e-09
1.239827e-09
1.133811e-09
1.027732e-09
9.216104e-10
8.154669e-10
7.093236e-10
6.032022e-10
4.971249e-10
3.911142e-10
2.851926e-10
1.793830e-10
7.370827e-11
-3.180844e-11
-1.371440e-10
-2.422750e-10
-3.471782e-10
-4.518302e-10
-5.562078e-10
-6.602874e-10
-7.640459e-10
-8.674599e-10
-9.705066e-10
-1.073163e-09
-1.175406e-09
-1.277212e-09
-1.378561e-09
-1.479429e-09
-1.579794e-09
-1.679635e-09
-1.778930e-09
-1.877658e-09
-1.975799e-09
-2.073331e-09
-2.170236e-09
-2.266493e-09
-2.362083e-09
-2.456988e-09
-2.551188e-09
-2.644667e-09
-2.737407e-09
-2.829391e-09
-2.920603e-09
-3.011026e-09
-3.100647e-09
-3.189449e-09
-3.277420e-09
-3.364546e-09
-3.450813e-09
-3.536209e-09
-3.620723e-09
-3.704344e-09
-3.787061e-09
-3.868865e-09
-3.949747e-09
-4.029697e-09
-4.108709e-09
-4.186775e-09
-4.263888e-09
-4.340044e-09
-4.415236e-09
-4.489461e-09
-4.562714e-09
-4.634992e-09
-4.706294e-09
-4.776616e-09
-4.845959e-09
-4.914321e-09
-4.981703e-09
-5.048105e-09
-5.113530e-09
-5.177979e-09
-5.241454e-09
-5.303960e-09
-5.365500e-09
-5.426078e-09
-5.485700e-09
-5.544372e-09
-5.602099e-09
-5.658889e-09
-5.714749e-09
-5.769687e-09
-5.823711e-09
-5.876830e-09
-5.929054e-09
-5.980392e-09
-6.030854e-09
-6.080452e-09
-6.129197e-09
-6.177100e-09
-6.224173e-09
-6.270429e-09
-6.315880e-09
-6.360539e-09
-6.404421e-09
-6.447537e-09
-6.489903e-09
-6.531533e-09
-6.572440e-09
-6.612641e-09
-6.652149e-09
-6.690980e-09
-6.729150e-09
-6.766673e-09
-6.803566e-09
-6.839843e-09
-6.875522e-09
-6.910617e-09
-6.945146e-09
-6.979123e-09
-7.012565e-09
-7.045488e-09
-7.077908e-09
-7.109842e-09
-7.141304e-09
-7.172312e-09
-7.202882e-09
-7.233028e-09
-7.262767e-09
-7.292114e-09
-7.321085e-09
-7.349695e-09
-7.377959e-09
-7.405893e-09
-7.433511e-09
-7.460827e-09
-7.487857e-09
-7.514614e-09
-7.541112e-09
-7.567366e-09
-7.593387e-09
-7.619190e-09
-7.644788e-09
-7.670192e-09
-7.695416e-09
-7.720472e-09
-7.745370e-09
-7.770123e-09
-7.794741e-09
-7.819236e-09
-7.843618e-09
-7.867896e-09
-7.892080e-09
-7.916181e-09
-7.940207e-09
-7.964166e-09
-7.988067e-09
-8.011919e-09
-8.035728e-09
-8.059502e-09
-8.083249e-09
-8.106974e-09
-8.130684e-09
-8.154386e-09
-8.178084e-09
-8.201784e-09
-8.225491e-09
-8.249210e-09
-8.272945e-09
-8.296700e-09
-8.320479e-09
-8.344286e-09
-8.368123e-09
-8.391994e-09
-8.415901e-09
-8.439848e-09
-8.463835e-09
-8.487866e-09
-8.511941e-09
-8.536063e-09
-8.560233e-09
-8.584452e-09
-8.608721e-09
-8.633041e-09
-8.657413e-09
-8.681838e-09
-8.706315e-09
-8.730847e-09
-8.755432e-09
-8.780072e-09
-8.804766e-09
-8.829515e-09
-8.854319e-09
-8.879179e-09
-8.904095e-09
-8.929066e-09
-8.954094e-09
-8.979179e-09
-9.004321e-09
-9.029522e-09
-9.054781e-09
-9.080100e-09
-9.105480e-09
-9.130922e-09
-9.156428e-09
-9.181998e-09
-9.207636e-09
-9.233343e-09
-9.259121e-09
-9.284973e-09
-9.310901e-09
-9.336910e-09
-9.363002e-09
-9.389182e-09
-9.415453e-09
-9.441819e-09
-9.468287e-09
-9.494860e-09
-9.521544e-09
-9.548346e-09
-9.575271e-09
-9.602327e-09
-9.629520e-09
-9.656858e-09
-9.684349e-09
-9.712002e-09
-9.739826e-09
-9.767829e-09
-9.796021e-09
-9.824414e-09
-9.853017e-09
-9.881841e-09
-9.910898e-09
-9.940201e-09
-9.969761e-09
-9.999592e-09
-1.002971e-08
-1.006012e-08
-1.009084e-08
-1.012189e-08
-1.015329e-08
-1.018504e-08
-1.021716e-08
-1.024967e-08
-1.028259e-08
-1.031593e-08
-1.034972e-08
-1.038396e-08
-1.041868e-08
-1.045389e-08
-1.048961e-08
-1.052587e-08
-1.056268e-08
-1.060007e-08
-1.063804e-08
-1.067662e-08
-1.071584e-08
-1.075571e-08
-1.079625e-08
-1.083748e-08
-1.087942e-08
-1.092210e-08
-1.096553e-08
-1.100973e-08
-1.105473e-08
-1.110055e-08
-1.114720e-08
-1.119471e-08
-1.124310e-08
-1.129238e-08
-1.134259e-08
-1.139372e-08
-1.144582e-08
-1.149888e-08
-1.155294e-08
-1.160802e-08
-1.166412e-08
-1.172127e-08
-1.177949e-08
-1.183878e-08
-1.189918e-08
-1.196068e-08
-1.202332e-08
-1.208709e-08
-1.215202e-08
-1.221812e-08
-1.228540e-08
-1.235387e-08
-1.242354e-08
-1.249443e-08
-1.256654e-08
-1.263987e-08
-1.271445e-08
-1.279026e-08
-1.286733e-08
-1.294565e-08
-1.302522e-08
-1.310605e-08
-1.318815e-08
-1.327150e-08
-1.335611e-08
-1.344198e-08
-1.352911e-08
-1.361748e-08
-1.370710e-08
-1.379796e-08
-1.389005e-08
-1.398336e-08
-1.407788e-08
-1.417360e-08
-1.427051e-08
-1.436859e-08
-1.446783e-08
-1.456822e-08
-1.466972e-08
-1.477233e-08
-1.487603e-08
-1.498080e-08
-1.508660e-08
-1.519342e-08
-1.530124e-08
-1.541002e-08
-1.551974e-08
-1.563037e-08
-1.574188e-08
-1.585425e-08
-1.596743e-08
-1.608139e-08
-1.619611e-08
-1.631154e-08
-1.642765e-08
-1.654440e-08
-1.666176e-08
-1.677967e-08
-1.689812e-08
-1.701704e-08
-1.713641e-08
-1.725617e-08
-1.737629e-08
-1.749672e-08
-1.761741e-08
-1.773832e-08
-1.785941e-08
-1.798062e-08
-1.810192e-08
-1.822324e-08
-1.834455e-08
-1.846579e-08
-1.858692e-08
-1.870788e-08
-1.882864e-08
-1.894913e-08
-1.906931e-08
-1.918913e-08
-1.930854e-08
-1.942749e-08
-1.954593e-08
-1.966381e-08
-1.978108e-08
-1.989770e-08
-2.001361e-08
-2.012878e-08
-2.024314e-08
-2.035665e-08
-2.046928e-08
-2.058096e-08
-2.069167e-08
-2.080134e-08
-2.090995e-08
-2.101745e-08
-2.112379e-08
-2.122893e-08
-2.133285e-08
-2.143549e-08
-2.153682e-08
-2.163681e-08
-2.173542e-08
-2.183262e-08
-2.192838e-08
-2.202266e-08
-2.211544e-08
-2.220669e-08
-2.229638e-08
-2.238450e-08
-2.247101e-08
-2.255590e-08
-2.263914e-08
-2.272073e-08
-2.280064e-08
-2.287886e-08
-2.295538e-08
-2.303019e-08
-2.310328e-08
-2.317465e-08
-2.324429e-08
-2.331219e-08
-2.337837e-08
-2.344281e-08
-2.350553e-08
-2.356653e-08
-2.362582e-08
-2.368341e-08
-2.373930e-08
-2.379353e-08
-2.384609e-08
-2.389701e-08
-2.394631e-08
-2.399402e-08
-2.404015e-08
-2.408473e-08
-2.412780e-08
-2.416938e-08
-2.420950e-08
-2.424820e-08
-2.428551e-08
-2.432148e-08
-2.435614e-08
-2.438954e-08
-2.442171e-08
-2.445271e-08
-2.448258e-08
-2.451137e-08
-2.453912e-08
-2.456591e-08
-2.459176e-08
-2.461675e-08
-2.464093e-08
-2.466435e-08
-2.468708e-08
-2.470917e-08
-2.473069e-08
-2.475170e-08
-2.477226e-08
-2.479244e-08
-2.481231e-08
-2.483193e-08
-2.485136e-08
-2.487069e-08
-2.488998e-08
-2.490929e-08
-2.492870e-08
-2.494828e-08
-2.496810e-08
-2.498823e-08
-2.500875e-08
-2.502973e-08
-2.505123e-08
-2.507334e-08
-2.509612e-08
-2.511965e-08
-2.514399e-08
-2.516923e-08
-2.519543e-08
-2.522267e-08
-2.525101e-08
-2.528052e-08
-2.531128e-08
-2.534336e-08
-2.537682e-08
-2.541172e-08
-2.544815e-08
-2.548616e-08
-2.552581e-08
-2.556718e-08
-2.561032e-08
-2.565529e-08
-2.570216e-08
-2.575098e-08
-2.580182e-08
-2.585472e-08
-2.590974e-08
-2.596693e-08
-2.602635e-08
-2.608805e-08
-2.615207e-08
-2.621845e-08
-2.628725e-08
-2.635850e-08
-2.643226e-08
-2.650854e-08
-2.658740e-08
-2.666886e-08
-2.675296e-08
-2.683973e-08
-2.692920e-08
-2.702139e-08
-2.711633e-08
-2.721404e-08
-2.731454e-08
-2.741785e-08
-2.752398e-08
-2.763295e-08
-2.774477e-08
-2.785945e-08
-2.797699e-08
-2.809740e-08
-2.822067e-08
-2.834682e-08
-2.847584e-08
-2.860773e-08
-2.874247e-08
-2.888005e-08
-2.902048e-08
-2.916373e-08
-2.930979e-08
-2.945864e-08
-2.961026e-08
-2.976463e-08
-2.992173e-08
-3.008153e-08
-3.024400e-08
-3.040911e-08
-3.057683e-08
-3.074714e-08
-3.091998e-08
-3.109533e-08
-3.127314e-08
-3.145338e-08
-3.163600e-08
-3.182096e-08
-3.200821e-08
-3.219770e-08
-3.238940e-08
-3.258323e-08
-3.277916e-08
-3.297713e-08
-3.317708e-08
-3.337897e-08
-3.358273e-08
-3.378830e-08
-3.399562e-08
-3.420464e-08
-3.441530e-08
-3.462752e-08
-3.484125e-08
-3.505642e-08
-3.527298e-08
-3.549084e-08
-3.570995e-08
-3.593024e-08
-3.615164e-08
-3.637408e-08
-3.659750e-08
-3.682183e-08
-3.704699e-08
-3.727291e-08
-3.749954e-08
-3.772679e-08
-3.795459e-08
-3.818289e-08
-3.841159e-08
-3.864065e-08
-3.886997e-08
-3.909951e-08
-3.932917e-08
-3.955890e-08
-3.978863e-08
-4.001827e-08
-4.024778e-08
-4.047707e-08
-4.070608e-08
-4.093474e-08
-4.116298e-08
-4.139074e-08
-4.161795e-08
-4.184454e-08
-4.207045e-08
-4.229562e-08
-4.251997e-08
-4.274345e-08
-4.296599e-08
-4.318753e-08
-4.340802e-08
-4.362738e-08
-4.384557e-08
-4.406251e-08
-4.427817e-08
-4.449246e-08
-4.470535e-08
-4.491678e-08
-4.512669e-08
-4.533503e-08
-4.554174e-08
-4.574678e-08
-4.595009e-08
-4.615163e-08
-4.635135e-08
-4.654919e-08
-4.674512e-08
-4.693908e-08
-4.713104e-08
-4.732094e-08
-4.750876e-08
-4.769444e-08
-4.787794e-08
-4.805923e-08
-4.823826e-08
-4.841501e-08
-4.858942e-08
-4.876148e-08
-4.893113e-08
-4.909836e-08
-4.926312e-08
-4.942538e-08
-4.958512e-08
-4.974230e-08
-4.989690e-08
-5.004888e-08
-5.019822e-08
-5.034490e-08
-5.048888e-08
-5.063014e-08
-5.076867e-08
-5.090443e-08
-5.103741e-08
-5.116759e-08
-5.129493e-08
-5.141943e-08
-5.154107e-08
-5.165982e-08
-5.177568e-08
-5.188862e-08
-5.199863e-08
-5.210569e-08
-5.220979e-08
-5.231092e-08
-5.240906e-08
-5.250420e-08
-5.259634e-08
-5.268545e-08
-5.277153e-08
-5.285458e-08
-5.293457e-08
-5.301151e-08
-5.308539e-08
-5.315619e-08
-5.322392e-08
-5.328857e-08
-5.335013e-08
-5.340859e-08
-5.346397e-08
-5.351624e-08
-5.356542e-08
-5.361149e-08
-5.365446e-08
-5.369432e-08
-5.373108e-08
-5.376473e-08
-5.379528e-08
-5.382273e-08
-5.384708e-08
-5.386832e-08
-5.388648e-08
-5.390154e-08
-5.391352e-08
-5.392241e-08
-5.392823e-08
-5.393097e-08
-5.393065e-08
-5.392728e-08
-5.392085e-08
-5.391138e-08
-5.389888e-08
-5.388335e-08
-5.386481e-08
