-1.840640e-08
-1.800886e-08
-1.752682e-08
-1.696061e-08
-1.631064e-08
-1.557739e-08
-1.476141e-08
-1.386331e-08
-1.288376e-08
-1.182352e-08
-1.068339e-08
-9.464238e-09
-8.167009e-09
-6.792701e-09
-5.342375e-09
-3.817155e-09
-2.218226e-09
-5.468286e-10
1.195734e-09
3.008104e-09
4.888868e-09
6.836554e-09
8.849642e-09
1.092656e-08
1.306567e-08
1.526531e-08
1.752375e-08
1.983922e-08
2.220991e-08
2.463396e-08
2.710946e-08
2.963449e-08
3.220705e-08
3.482514e-08
3.748670e-08
4.018965e-08
4.293188e-08
4.571123e-08
4.852555e-08
5.137263e-08
5.425024e-08
5.715616e-08
6.008810e-08
6.304380e-08
6.602094e-08
6.901723e-08
7.203034e-08
7.505793e-08
7.809767e-08
8.114720e-08
8.420418e-08
8.726625e-08
9.033105e-08
9.339625e-08
9.645948e-08
9.951841e-08
1.025707e-07
1.056141e-07
1.086461e-07
1.116647e-07
1.146674e-07
1.176519e-07
1.206162e-07
1.235578e-07
1.264747e-07
1.293647e-07
1.322256e-07
1.350553e-07
1.378518e-07
1.406128e-07
1.433366e-07
1.460210e-07
1.486641e-07
1.512641e-07
1.538190e-07
1.563270e-07
1.587864e-07
1.611954e-07
1.635522e-07
1.658554e-07
1.681032e-07
1.702942e-07
1.724268e-07
1.744995e-07
1.765111e-07
1.784601e-07
1.803453e-07
1.821655e-07
1.839194e-07
1.856060e-07
1.872242e-07
1.887730e-07
1.902515e-07
1.916587e-07
1.929940e-07
1.942564e-07
1.954454e-07
1.965602e-07
1.976003e-07
1.985652e-07
1.994545e-07
2.002677e-07
2.010045e-07
2.016646e-07
2.022479e-07
2.027542e-07
2.031833e-07
2.035354e-07
2.038104e-07
2.040084e-07
2.041295e-07
2.041740e-07
2.041422e-07
2.040344e-07
2.038510e-07
2.035924e-07
2.032591e-07
2.028516e-07
2.023707e-07
2.018169e-07
2.011910e-07
2.004938e-07
1.997259e-07
1.988884e-07
1.979822e-07
1.970081e-07
1.959673e-07
1.948606e-07
1.936894e-07
1.924546e-07
1.911575e-07
1.897993e-07
1.883813e-07
1.869046e-07
1.853708e-07
1.837810e-07
1.821368e-07
1.804395e-07
1.786907e-07
1.768917e-07
1.750441e-07
1.731495e-07
1.712093e-07
1.692253e-07
1.671989e-07
1.651318e-07
1.630256e-07
1.608820e-07
1.587026e-07
1.564892e-07
1.542434e-07
1.519669e-07
1.496615e-07
1.473287e-07
1.449705e-07
1.425884e-07
1.401842e-07
1.377596e-07
1.353164e-07
1.328562e-07
1.303809e-07
1.278920e-07
1.253912e-07
1.228804e-07
1.203611e-07
1.178351e-07
1.153040e-07
1.127693e-07
1.102329e-07
1.076962e-07
1.051609e-07
1.026286e-07
1.001008e-07
9.757896e-08
9.506471e-08
9.255950e-08
9.006479e-08
8.758202e-08
8.511260e-08
8.265792e-08
8.021933e-08
7.779816e-08
7.539571e-08
7.301323e-08
7.065197e-08
6.831313e-08
6.599787e-08
6.370732e-08
6.144260e-08
5.920477e-08
5.699485e-08
5.481385e-08
5.266271e-08
5.054237e-08
4.845370e-08
4.639756e-08
4.437476e-08
4.238607e-08
4.043222e-08
3.851391e-08
3.663179e-08
3.478650e-08
3.297861e-08
3.120865e-08
2.947715e-08
2.778456e-08
2.613131e-08
2.451779e-08
2.294436e-08
2.141133e-08
1.991897e-08
1.846753e-08
1.705721e-08
1.568817e-08
1.436056e-08
1.307445e-08
1.182992e-08
1.062698e-08
9.465634e-09
8.345827e-09
7.267485e-09
6.230501e-09
5.234731e-09
4.280003e-09
3.366112e-09
2.492824e-09
1.659874e-09
8.669695e-10
1.137894e-10
-6.000152e-10
-1.274820e-09
-1.911026e-09
-2.509059e-09
-3.069372e-09
-3.592438e-09
-4.078755e-09
-4.528842e-09
-4.943240e-09
-5.322510e-09
-5.667232e-09
-5.978004e-09
-6.255443e-09
-6.500184e-09
-6.712874e-09
-6.894180e-09
-7.044780e-09
-7.165366e-09
-7.256643e-09
-7.319328e-09
-7.354148e-09
-7.361840e-09
-7.343151e-09
-7.298836e-09
-7.229656e-09
-7.136381e-09
-7.019783e-09
-6.880643e-09
-6.719743e-09
-6.537870e-09
-6.335814e-09
-6.114363e-09
-5.874311e-09
-5.616448e-09
-5.341565e-09
-5.050452e-09
-4.743896e-09
-4.422683e-09
-4.087592e-09
-3.739402e-09
-3.378883e-09
-3.006804e-09
-2.623924e-09
-2.230997e-09
-1.828769e-09
-1.417980e-09
-9.993592e-10
-5.736275e-10
-1.414967e-10
2.963317e-10
7.391669e-10
1.186329e-09
1.637149e-09
2.090970e-09
2.547148e-09
3.005051e-09
3.464061e-09
3.923571e-09
4.382990e-09
4.841741e-09
5.299259e-09
5.754997e-09
6.208419e-09
6.659006e-09
7.106255e-09
7.549677e-09
7.988799e-09
8.423164e-09
8.852331e-09
9.275873e-09
9.693383e-09
1.010447e-08
1.050874e-08
1.090586e-08
1.129546e-08
1.167723e-08
1.205085e-08
1.241602e-08
1.277247e-08
1.311993e-08
1.345815e-08
1.378691e-08
1.410597e-08
1.441516e-08
1.471427e-08
1.500315e-08
1.528163e-08
1.554959e-08
1.580688e-08
1.605341e-08
1.628908e-08
1.651381e-08
1.672753e-08
1.693019e-08
1.712175e-08
1.730219e-08
1.747148e-08
1.762963e-08
1.777665e-08
1.791257e-08
1.803742e-08
1.815125e-08
1.825412e-08
1.834609e-08
1.842725e-08
1.849769e-08
1.855750e-08
1.860680e-08
1.864571e-08
1.867435e-08
1.869286e-08
1.870139e-08
1.870009e-08
1.868911e-08
1.866864e-08
1.863883e-08
1.859987e-08
1.855195e-08
1.849527e-08
1.843001e-08
1.835638e-08
1.827460e-08
1.818487e-08
1.808741e-08
1.798244e-08
1.787019e-08
1.775088e-08
1.762475e-08
1.749202e-08
1.735293e-08
1.720771e-08
1.705662e-08
1.689987e-08
1.673773e-08
1.657042e-08
1.639819e-08
1.622128e-08
1.603993e-08
1.585439e-08
1.566489e-08
1.547168e-08
1.527499e-08
1.507506e-08
1.487214e-08
1.466644e-08
1.445820e-08
1.424766e-08
1.403505e-08
1.382057e-08
1.360447e-08
1.338695e-08
1.316824e-08
1.294854e-08
1.272807e-08
1.250703e-08
1.228562e-08
1.206404e-08
1.184249e-08
1.162115e-08
1.140021e-08
1.117985e-08
1.096025e-08
1.074158e-08
1.052400e-08
1.030769e-08
1.009279e-08
9.879461e-09
9.667851e-09
9.458104e-09
9.250357e-09
9.044743e-09
8.841391e-09
8.640423e-09
8.441958e-09
8.246108e-09
8.052980e-09
7.862678e-09
7.675299e-09
7.490934e-09
7.309671e-09
7.131592e-09
6.956774e-09
6.785289e-09
6.617204e-09
6.452580e-09
6.291475e-09
6.133941e-09
5.980025e-09
5.829769e-09
5.683212e-09
5.540387e-09
5.401321e-09
5.266039e-09
5.134562e-09
5.006902e-09
4.883073e-09
4.763080e-09
4.646926e-09
4.534609e-09
4.426125e-09
4.321462e-09
4.220609e-09
4.123548e-09
4.030260e-09
3.940719e-09
3.854899e-09
3.772768e-09
3.694293e-09
3.619437e-09
3.548160e-09
3.480418e-09
3.416167e-09
3.355356e-09
3.297936e-09
3.243853e-09
3.193050e-09
3.145469e-09
3.101050e-09
3.059731e-09
3.021445e-09
2.986128e-09
2.953710e-09
2.924121e-09
2.897291e-09
2.873146e-09
2.851611e-09
2.832611e-09
2.816069e-09
2.801907e-09
2.790046e-09
2.780405e-09
2.772905e-09
2.767463e-09
2.763997e-09
2.762426e-09
2.762665e-09
2.764631e-09
2.768241e-09
2.773410e-09
2.780054e-09
2.788090e-09
2.797433e-09
2.807999e-09
2.819703e-09
2.832464e-09
2.846197e-09
2.860820e-09
2.876249e-09
2.892404e-09
2.909204e-09
2.926567e-09
2.944413e-09
2.962664e-09
2.981242e-09
3.000069e-09
3.019068e-09
3.038165e-09
3.057284e-09
3.076354e-09
3.095301e-09
3.114055e-09
3.132545e-09
3.150705e-09
3.168465e-09
3.185762e-09
3.202530e-09
3.218706e-09
3.234229e-09
3.249039e-09
3.263078e-09
3.276288e-09
3.288613e-09
3.300001e-09
3.310399e-09
3.319756e-09
3.328024e-09
3.335154e-09
3.341102e-09
3.345824e-09
3.349277e-09
3.351420e-09
3.352216e-09
3.351627e-09
3.349618e-09
3.346154e-09
3.341205e-09
3.334741e-09
3.326733e-09
3.317154e-09
3.305980e-09
3.293188e-09
3.278756e-09
3.262666e-09
3.244898e-09
3.225438e-09
3.204270e-09
3.181383e-09
3.156765e-09
3.130407e-09
3.102301e-09
3.072442e-09
3.040824e-09
3.007447e-09
2.972307e-09
2.935407e-09
2.896748e-09
2.856334e-09
2.814170e-09
2.770262e-09
2.724620e-09
2.677252e-09
2.628169e-09
2.577385e-09
2.524912e-09
2.470767e-09
2.414966e-09
2.357526e-09
2.298467e-09
2.237810e-09
2.175575e-09
2.111785e-09
2.046465e-09
1.979640e-09
1.911335e-09
1.841578e-09
1.770397e-09
1.697822e-09
1.623881e-09
1.548607e-09
1.472031e-09
1.394186e-09
1.315106e-09
1.234824e-09
1.153377e-09
1.070799e-09
9.871275e-10
9.023991e-10
8.166516e-10
7.299232e-10
6.422525e-10
5.536787e-10
4.642414e-10
3.739805e-10
2.829365e-10
1.911501e-10
9.866209e-11
5.513784e-12
-8.825342e-11
-1.825980e-10
-2.774781e-10
-3.728520e-10
-4.686778e-10
-5.649137e-10
-6.615176e-10
-7.584479e-10
-8.556627e-10
-9.531204e-10
-1.050779e-09
-1.148599e-09
-1.246537e-09
-1.344553e-09
-1.442608e-09
-1.540659e-09
-1.638669e-09
-1.736596e-09
-1.834402e-09
-1.932049e-09
-2.029498e-09
-2.126712e-09
-2.223653e-09
-2.320286e-09
-2.416573e-09
-2.512479e-09
-2.607970e-09
-2.703012e-09
-2.797571e-09
-2.891615e-09
-2.985110e-09
-3.078027e-09
-3.170334e-09
-3.262003e-09
-3.353002e-09
-3.443306e-09
-3.532886e-09
-3.621715e-09
-3.709769e-09
-3.797021e-09
-3.883449e-09
-3.969030e-09
-4.053740e-09
-4.137559e-09
-4.220467e-09
-4.302443e-09
-4.383470e-09
-4.463530e-09
-4.542605e-09
-4.620682e-09
-4.697743e-09
-4.773776e-09
-4.848767e-09
-4.922705e-09
-4.995578e-09
-5.067375e-09
-5.138088e-09
-5.207708e-09
-5.276228e-09
-5.343639e-09
-5.409938e-09
-5.475118e-09
-5.539176e-09
-5.602108e-09
-5.663911e-09
-5.724585e-09
-5.784127e-09
-5.842539e-09
-5.899820e-09
-5.955971e-09
-6.010996e-09
-6.064896e-09
-6.117676e-09
-6.169339e-09
-6.219890e-09
-6.269334e-09
-6.317678e-09
-6.364927e-09
-6.411090e-09
-6.456174e-09
-6.500186e-09
-6.543137e-09
-6.585033e-09
-6.625887e-09
-6.665706e-09
-6.704502e-09
-6.742285e-09
-6.779066e-09
-6.814857e-09
-6.849670e-09
-6.883515e-09
-6.916406e-09
-6.948355e-09
-6.979374e-09
-7.009476e-09
-7.038673e-09
-7.066979e-09
-7.094407e-09
-7.120970e-09
-7.146680e-09
-7.171552e-09
-7.195598e-09
-7.218831e-09
-7.241265e-09
-7.262911e-09
-7.283784e-09
-7.303896e-09
-7.323260e-09
-7.341888e-09
-7.359792e-09
-7.376984e-09
-7.393477e-09
-7.409282e-09
-7.424411e-09
-7.438875e-09
-7.452684e-09
-7.465849e-09
-7.478381e-09
-7.490290e-09
-7.501586e-09
-7.512277e-09
-7.522373e-09
-7.531883e-09
-7.540814e-09
-7.549176e-09
-7.556975e-09
-7.564220e-09
-7.570916e-09
-7.577070e-09
-7.582689e-09
-7.587779e-09
-7.592344e-09
-7.596390e-09
-7.599922e-09
-7.602943e-09
-7.605458e-09
-7.607470e-09
-7.608983e-09
-7.609999e-09
-7.610521e-09
-7.610552e-09
-7.610092e-09
-7.609144e-09
-7.607708e-09
-7.605786e-09
-7.603379e-09
-7.600487e-09
-7.597110e-09
-7.593247e-09
-7.588900e-09
-7.584066e-09
-7.578746e-09
-7.572938e-09
-7.566642e-09
-7.559856e-09
-7.552578e-09
-7.544809e-09
-7.536545e-09
-7.527785e-09
-7.518528e-09
-7.508772e-09
-7.498515e-09
-7.487755e-09
-7.476491e-09
-7.464721e-09
-7.452444e-09
-7.439657e-09
-7.426359e-09
-7.412550e-09
-7.398228e-09
-7.383391e-09
-7.368039e-09
-7.352172e-09
-7.335788e-09
-7.318888e-09
-7.301471e-09
-7.283538e-09
-7.265090e-09
-7.246126e-09
-7.226649e-09
-7.206660e-09
-7.186160e-09
-7.165151e-09
-7.143637e-09
-7.121620e-09
-7.099103e-09
-7.076091e-09
-7.052586e-09
-7.028594e-09
-7.004120e-09
-6.979169e-09
-6.953746e-09
-6.927859e-09
-6.901513e-09
-6.874717e-09
-6.847478e-09
-6.819803e-09
-6.791702e-09
-6.763184e-09
-6.734257e-09
-6.704934e-09
-6.675223e-09
-6.645136e-09
-6.614684e-09
-6.583880e-09
-6.552735e-09
-6.521263e-09
-6.489477e-09
-6.457391e-09
-6.425018e-09
-6.392374e-09
-6.359473e-09
-6.326331e-09
-6.292963e-09
-6.259387e-09
-6.225617e-09
-6.191672e-09
-6.157569e-09
-6.123324e-09
-6.088957e-09
-6.054484e-09
-6.019925e-09
-5.985299e-09
-5.950623e-09
-5.915917e-09
-5.881200e-09
-5.846493e-09
-5.811814e-09
-5.777183e-09
-5.742620e-09
-5.708145e-09
-5.673778e-09
-5.639540e-09
-5.605449e-09
-5.571527e-09
-5.537793e-09
-5.504268e-09
-5.470970e-09
-5.437921e-09
-5.405140e-09
-5.372646e-09
-5.340459e-09
-5.308599e-09
-5.277083e-09
-5.245932e-09
-5.215163e-09
-5.184795e-09
-5.154846e-09
-5.125334e-09
-5.096275e-09
-5.067688e-09
-5.039589e-09
-5.011994e-09
-4.984918e-09
-4.958378e-09
-4.932389e-09
-4.906964e-09
-4.882119e-09
-4.857866e-09
-4.834218e-09
-4.811190e-09
-4.788791e-09
-4.767035e-09
-4.745931e-09
-4.725491e-09
-4.705724e-09
-4.686640e-09
-4.668247e-09
-4.650554e-09
-4.633567e-09
-4.617295e-09
-4.601743e-09
-4.586917e-09
-4.572822e-09
-4.559464e-09
-4.546845e-09
-4.534969e-09
-4.523839e-09
-4.513458e-09
-4.503827e-09
-4.494946e-09
-4.486817e-09
-4.479439e-09
-4.472812e-09
-4.466934e-09
-4.461805e-09
-4.457420e-09
-4.453779e-09
-4.450877e-09
-4.448711e-09
-4.447277e-09
-4.446569e-09
-4.446584e-09
-4.447315e-09
-4.448757e-09
-4.450904e-09
-4.453748e-09
-4.457283e-09
-4.461501e-09
-4.466395e-09
-4.471958e-09
-4.478180e-09
-4.485054e-09
-4.492571e-09
-4.500722e-09
-4.509498e-09
-4.518891e-09
-4.528891e-09
-4.539489e-09
-4.550675e-09
-4.562441e-09
-4.574776e-09
-4.587671e-09
-4.601117e-09
-4.615105e-09
-4.629625e-09
-4.644668e-09
-4.660225e-09
-4.676287e-09
-4.692845e-09
-4.709891e-09
-4.727417e-09
-4.745413e-09
-4.763873e-09
-4.782789e-09
-4.802153e-09
-4.821958e-09
-4.842198e-09
-4.862866e-09
-4.883956e-09
-4.905463e-09
-4.927381e-09
-4.949706e-09
-4.972433e-09
-4.995558e-09
-5.019077e-09
-5.042988e-09
-5.067288e-09
-5.091975e-09
-5.117047e-09
-5.142502e-09
-5.168341e-09
-5.194564e-09
-5.221169e-09
-5.248159e-09
-5.275534e-09
-5.303297e-09
-5.331449e-09
-5.359994e-09
-5.388935e-09
-5.418276e-09
-5.448021e-09
-5.478175e-09
-5.508744e-09
-5.539733e-09
-5.571149e-09
-5.602997e-09
-5.635286e-09
-5.668023e-09
-5.701216e-09
-5.734874e-09
-5.769005e-09
-5.803618e-09
-5.838723e-09
-5.874330e-09
-5.910449e-09
-5.947091e-09
-5.984266e-09
-6.021985e-09
-6.060259e-09
-6.099101e-09
-6.138521e-09
-6.178532e-09
-6.219145e-09
-6.260372e-09
-6.302226e-09
-6.344719e-09
-6.387862e-09
-6.431669e-09
-6.476152e-09
-6.521322e-09
-6.567191e-09
-6.613773e-09
-6.661078e-09
-6.709118e-09
-6.757905e-09
-6.807450e-09
-6.857763e-09
-6.908857e-09
-6.960741e-09
-7.013425e-09
-7.066920e-09
-7.121234e-09
-7.176376e-09
-7.232355e-09
-7.289179e-09
-7.346856e-09
-7.405392e-09
-7.464794e-09
-7.525068e-09
-7.586219e-09
-7.648252e-09
-7.711171e-09
-7.774979e-09
-7.839679e-09
-7.905273e-09
-7.971762e-09
-8.039147e-09
-8.107428e-09
-8.176603e-09
-8.246670e-09
-8.317628e-09
-8.389472e-09
-8.462199e-09
-8.535802e-09
-8.610278e-09
-8.685617e-09
-8.761813e-09
-8.838858e-09
-8.916741e-09
-8.995452e-09
-9.074980e-09
-9.155313e-09
-9.236438e-09
-9.318341e-09
-9.401007e-09
-9.484420e-09
-9.568563e-09
-9.653420e-09
-9.738971e-09
-9.825198e-09
-9.912079e-09
-9.999595e-09
-1.008772e-08
-1.017644e-08
-1.026572e-08
-1.035555e-08
-1.044589e-08
-1.053673e-08
-1.062802e-08
-1.071976e-08
-1.081190e-08
-1.090442e-08
-1.099729e-08
-1.109048e-08
-1.118396e-08
-1.127770e-08
-1.137166e-08
-1.146582e-08
-1.156013e-08
-1.165457e-08
-1.174911e-08
-1.184370e-08
-1.193831e-08
-1.203291e-08
-1.212746e-08
-1.222192e-08
-1.231626e-08
-1.241044e-08
-1.250442e-08
-1.259817e-08
-1.269165e-08
-1.278482e-08
-1.287765e-08
-1.297008e-08
-1.306210e-08
-1.315365e-08
-1.324470e-08
-1.333522e-08
-1.342515e-08
-1.351448e-08
-1.360315e-08
-1.369113e-08
-1.377839e-08
-1.386488e-08
-1.395057e-08
-1.403541e-08
-1.411938e-08
-1.420244e-08
-1.428455e-08
-1.436568e-08
-1.444578e-08
-1.452483e-08
-1.460279e-08
-1.467963e-08
-1.475530e-08
-1.482979e-08
-1.490306e-08
-1.497507e-08
-1.504579e-08
-1.511520e-08
-1.518325e-08
-1.524993e-08
-1.531521e-08
-1.537905e-08
-1.544142e-08
-1.550231e-08
-1.556168e-08
-1.561951e-08
-1.567578e-08
-1.573045e-08
-1.578351e-08
-1.583494e-08
-1.588471e-08
-1.593279e-08
-1.597918e-08
-1.602386e-08
-1.606679e-08
-1.610797e-08
-1.614738e-08
-1.618501e-08
-1.622083e-08
-1.625483e-08
-1.628700e-08
-1.631733e-08
-1.634581e-08
-1.637242e-08
-1.639715e-08
-1.642000e-08
-1.644096e-08
-1.646001e-08
-1.647716e-08
-1.649239e-08
-1.650570e-08
-1.651709e-08
-1.652655e-08
-1.653408e-08
-1.653968e-08
-1.654335e-08
-1.654509e-08
-1.654489e-08
-1.654276e-08
-1.653871e-08
-1.653272e-08
-1.652482e-08
-1.651500e-08
-1.650327e-08
-1.648963e-08
-1.647409e-08
-1.645666e-08
-1.643735e-08
-1.641616e-08
-1.639311e-08
-1.636821e-08
-1.634146e-08
-1.631287e-08
-1.628247e-08
-1.625026e-08
-1.621627e-08
-1.618049e-08
-1.614295e-08
-1.610366e-08
-1.606264e-08
-1.601991e-08
-1.597549e-08
-1.592938e-08
-1.588162e-08
-1.583222e-08
-1.578119e-08
-1.572858e-08
-1.567438e-08
-1.561863e-08
-1.556134e-08
-1.550255e-08
-1.544227e-08
-1.538053e-08
-1.531735e-08
-1.525276e-08
-1.518679e-08
-1.511945e-08
-1.505079e-08
-1.498081e-08
-1.490956e-08
-1.483707e-08
-1.476335e-08
-1.468844e-08
-1.461237e-08
-1.453518e-08
-1.445688e-08
-1.437752e-08
-1.429712e-08
-1.421572e-08
-1.413336e-08
-1.405005e-08
-1.396585e-08
-1.388078e-08
-1.379488e-08
-1.370818e-08
-1.362071e-08
-1.353253e-08
-1.344366e-08
-1.335413e-08
-1.326400e-08
-1.317329e-08
-1.308204e-08
-1.299030e-08
-1.289809e-08
-1.280547e-08
-1.271247e-08
-1.261913e-08
-1.252550e-08
-1.243160e-08
-1.233750e-08
-1.224322e-08
-1.214881e-08
-1.205431e-08
-1.195976e-08
-1.186521e-08
-1.177070e-08
-1.167628e-08
-1.158198e-08
-1.148785e-08
-1.139394e-08
-1.130029e-08
-1.120694e-08
-1.111395e-08
-1.102134e-08
-1.092917e-08
-1.083749e-08
-1.074633e-08
-1.065575e-08
-1.056578e-08
-1.047648e-08
-1.038789e-08
-1.030004e-08
-1.021300e-08
-1.012680e-08
-1.004148e-08
-9.957101e-09
-9.873694e-09
-9.791306e-09
-9.709982e-09
-9.629766e-09
-9.550700e-09
-9.472827e-09
-9.396190e-09
-9.320832e-09
-9.246794e-09
-9.174117e-09
-9.102842e-09
-9.033010e-09
-8.964661e-09
-8.897834e-09
-8.832567e-09
-8.768899e-09
-8.706868e-09
-8.646509e-09
-8.587859e-09
-8.530953e-09
-8.475826e-09
-8.422512e-09
-8.371042e-09
-8.321450e-09
-8.273767e-09
-8.228022e-09
-8.184244e-09
-8.142463e-09
-8.102705e-09
-8.064996e-09
-8.029361e-09
-7.995825e-09
-7.964410e-09
-7.935139e-09
-7.908031e-09
-7.883105e-09
-7.860381e-09
-7.839875e-09
-7.821602e-09
-7.805578e-09
-7.791814e-09
-7.780323e-09
-7.771115e-09
-7.764199e-09
-7.759583e-09
-7.757272e-09
-7.757273e-09
-7.759587e-09
-7.764218e-09
-7.771166e-09
-7.780429e-09
-7.792006e-09
-7.805892e-09
-7.822083e-09
-7.840571e-09
-7.861349e-09
-7.884406e-09
-7.909732e-09
-7.937313e-09
-7.967135e-09
-7.999183e-09
-8.033440e-09
-8.069887e-09
-8.108503e-09
-8.149268e-09
-8.192158e-09
-8.237149e-09
-8.284215e-09
-8.333329e-09
-8.384462e-09
-8.437584e-09
-8.492664e-09
-8.549669e-09
-8.608564e-09
-8.669316e-09
-8.731885e-09
-8.796236e-09
-8.862328e-09
-8.930122e-09
-8.999575e-09
-9.070645e-09
-9.143289e-09
-9.217460e-09
-9.293113e-09
-9.370201e-09
-9.448676e-09
-9.528489e-09
-9.609589e-09
-9.691925e-09
-9.775447e-09
-9.860100e-09
-9.945832e-09
-1.003259e-08
-1.012031e-08
-1.020895e-08
-1.029845e-08
-1.038874e-08
-1.047978e-08
-1.057151e-08
-1.066385e-08
-1.075677e-08
-1.085019e-08
-1.094406e-08
-1.103832e-08
-1.113290e-08
-1.122775e-08
-1.132281e-08
-1.141801e-08
-1.151329e-08
-1.160859e-08
-1.170385e-08
-1.179901e-08
-1.189401e-08
-1.198878e-08
-1.208327e-08
-1.217741e-08
-1.227114e-08
-1.236441e-08
-1.245714e-08
-1.254929e-08
-1.264079e-08
-1.273158e-08
-1.282161e-08
-1.291081e-08
-1.299912e-08
-1.308650e-08
-1.317288e-08
-1.325821e-08
-1.334243e-08
-1.342548e-08
-1.350732e-08
-1.358788e-08
-1.366713e-08
-1.374499e-08
-1.382143e-08
-1.389639e-08
-1.396983e-08
-1.404169e-08
-1.411192e-08
-1.418049e-08
-1.424734e-08
-1.431244e-08
-1.437573e-08
-1.443718e-08
-1.449674e-08
-1.455437e-08
-1.461004e-08
-1.466370e-08
-1.471532e-08
-1.476487e-08
-1.481230e-08
-1.485759e-08
-1.490070e-08
-1.494161e-08
-1.498028e-08
-1.501668e-08
-1.505079e-08
-1.508258e-08
-1.511202e-08
-1.513910e-08
-1.516379e-08
-1.518607e-08
-1.520592e-08
-1.522332e-08
-1.523826e-08
-1.525071e-08
-1.526068e-08
-1.526813e-08
-1.527307e-08
-1.527548e-08
-1.527535e-08
-1.527267e-08
-1.526744e-08
-1.525965e-08
-1.524930e-08
-1.523639e-08
-1.522092e-08
-1.520288e-08
-1.518227e-08
-1.515911e-08
-1.513339e-08
-1.510511e-08
-1.507429e-08
-1.504094e-08
-1.500506e-08
-1.496665e-08
-1.492574e-08
-1.488234e-08
-1.483646e-08
-1.478810e-08
-1.473730e-08
-1.468407e-08
-1.462842e-08
-1.457038e-08
-1.450996e-08
-1.444719e-08
-1.438209e-08
-1.431468e-08
-1.424499e-08
-1.417304e-08
-1.409886e-08
-1.402248e-08
-1.394393e-08
-1.386323e-08
-1.378042e-08
-1.369553e-08
-1.360859e-08
-1.351963e-08
-1.342868e-08
-1.333579e-08
-1.324098e-08
-1.314430e-08
-1.304578e-08
-1.294545e-08
-1.284336e-08
-1.273954e-08
-1.263404e-08
-1.252689e-08
-1.241814e-08
-1.230782e-08
-1.219598e-08
-1.208266e-08
-1.196791e-08
-1.185176e-08
-1.173426e-08
-1.161545e-08
-1.149538e-08
-1.137410e-08
-1.125164e-08
-1.112806e-08
-1.100339e-08
-1.087769e-08
-1.075100e-08
-1.062337e-08
-1.049484e-08
-1.036546e-08
-1.023527e-08
-1.010432e-08
-9.972663e-09
-9.840338e-09
-9.707394e-09
-9.573876e-09
-9.439830e-09
-9.305302e-09
-9.170338e-09
-9.034983e-09
-8.899282e-09
-8.763280e-09
-8.627022e-09
-8.490553e-09
-8.353914e-09
-8.217151e-09
-8.080306e-09
-7.943421e-09
-7.806539e-09
-7.669701e-09
-7.532948e-09
-7.396320e-09
-7.259856e-09
-7.123597e-09
-6.987579e-09
-6.851841e-09
-6.716420e-09
-6.581351e-09
-6.446671e-09
-6.312412e-09
-6.178610e-09
-6.045297e-09
-5.912505e-09
-5.780264e-09
-5.648605e-09
-5.517556e-09
-5.387147e-09
-5.257404e-09
-5.128352e-09
-5.000017e-09
-4.872423e-09
-4.745593e-09
-4.619548e-09
-4.494309e-09
-4.369896e-09
-4.246326e-09
-4.123618e-09
-4.001786e-09
-3.880846e-09
-3.760812e-09
-3.641695e-09
-3.523508e-09
-3.406259e-09
-3.289958e-09
-3.174613e-09
-3.060229e-09
-2.946813e-09
-2.834367e-09
-2.722894e-09
-2.612396e-09
-2.502873e-09
-2.394325e-09
-2.286748e-09
-2.180139e-09
-2.074494e-09
-1.969807e-09
-1.866072e-09
-1.763279e-09
-1.661419e-09
-1.560484e-09
-1.460459e-09
-1.361334e-09
-1.263095e-09
-1.165726e-09
-1.069212e-09
-9.735365e-10
-8.786815e-10
-7.846284e-10
-6.913575e-10
-5.988483e-10
-5.070794e-10
-4.160287e-10
-3.256730e-10
-2.359886e-10
-1.469510e-10
-5.853477e-11
2.928584e-11
1.165374e-10
2.032471e-10
2.894425e-10
3.751519e-10
4.604040e-10
5.452277e-10
6.296527e-10
7.137086e-10
7.974256e-10
8.808340e-10
9.639645e-10
1.046848e-09
1.129515e-09
1.211996e-09
1.294322e-09
1.376525e-09
1.458635e-09
1.540683e-09
1.622699e-09
1.704713e-09
1.786756e-09
1.868857e-09
1.951046e-09
2.033351e-09
2.115801e-09
2.198424e-09
2.281246e-09
2.364296e-09
2.447598e-09
2.531178e-09
2.615062e-09
2.699271e-09
2.783831e-09
2.868762e-09
2.954085e-09
3.039822e-09
3.125990e-09
3.212608e-09
3.299694e-09
3.387262e-09
3.475328e-09
3.563905e-09
3.653004e-09
3.742638e-09
3.832816e-09
3.923545e-09
4.014833e-09
4.106685e-09
4.199105e-09
4.292095e-09
4.385658e-09
4.479791e-09
4.574494e-09
4.669763e-09
4.765592e-09
4.861974e-09
4.958903e-09
5.056367e-09
5.154355e-09
5.252854e-09
5.351849e-09
5.451324e-09
5.551260e-09
5.651638e-09
5.752437e-09
5.853633e-09
5.955202e-09
6.057117e-09
6.159351e-09
6.261874e-09
6.364654e-09
6.467660e-09
6.570857e-09
6.674209e-09
6.777678e-09
6.881226e-09
6.984813e-09
7.088397e-09
7.191934e-09
7.295379e-09
7.398688e-09
7.501813e-09
7.604704e-09
7.707313e-09
7.809588e-09
7.911478e-09
8.012927e-09
8.113883e-09
8.214290e-09
8.314092e-09
8.413230e-09
8.511647e-09
8.609284e-09
8.706080e-09
8.801976e-09
8.896909e-09
8.990819e-09
9.083642e-09
9.175316e-09
9.265778e-09
9.354963e-09
9.442807e-09
9.529247e-09
9.614218e-09
9.697655e-09
9.779494e-09
9.859669e-09
9.938118e-09
1.001477e-08
1.008958e-08
1.016246e-08
1.023336e-08
1.030221e-08
1.036895e-08
1.043353e-08
1.049587e-08
1.055592e-08
1.061361e-08
1.066890e-08
1.072171e-08
1.077200e-08
1.081971e-08
1.086478e-08
1.090715e-08
1.094679e-08
1.098362e-08
1.101762e-08
1.104872e-08
1.107687e-08
1.110205e-08
1.112419e-08
1.114326e-08
1.115922e-08
1.117203e-08
1.118165e-08
1.118805e-08
1.119120e-08
1.119105e-08
1.118760e-08
1.118080e-08
1.117063e-08
1.115708e-08
1.114012e-08
1.111973e-08
1.109589e-08
1.106861e-08
1.103785e-08
1.100362e-08
1.096590e-08
1.092470e-08
1.088002e-08
1.083185e-08
1.078019e-08
1.072506e-08
1.066647e-08
1.060441e-08
1.053892e-08
1.047000e-08
1.039768e-08
1.032197e-08
1.024291e-08
1.016051e-08
1.007481e-08
9.985835e-09
9.893628e-09
9.798222e-09
9.699658e-09
9.597977e-09
9.493226e-09
9.385451e-09
9.274702e-09
9.161033e-09
9.044497e-09
8.925152e-09
8.803057e-09
8.678276e-09
8.550871e-09
8.420910e-09
8.288461e-09
8.153596e-09
8.016386e-09
7.876908e-09
7.735239e-09
7.591458e-09
7.445645e-09
7.297885e-09
7.148261e-09
6.996861e-09
6.843772e-09
6.689084e-09
6.532890e-09
6.375281e-09
6.216352e-09
6.056199e-09
5.894919e-09
5.732610e-09
5.569372e-09
5.405304e-09
5.240509e-09
5.075088e-09
4.909145e-09
4.742784e-09
4.576108e-09
4.409224e-09
4.242238e-09
4.075254e-09
3.908380e-09
3.741722e-09
3.575386e-09
3.409481e-09
3.244113e-09
3.079388e-09
2.915413e-09
2.752295e-09
2.590139e-09
2.429051e-09
2.269137e-09
2.110500e-09
1.953244e-09
1.797472e-09
1.643287e-09
1.490788e-09
1.340077e-09
1.191253e-09
1.044412e-09
8.996512e-10
7.570661e-10
6.167500e-10
4.787950e-10
3.432916e-10
2.103286e-10
7.999289e-11
-4.763020e-11
-1.724574e-10
-2.944074e-10
-4.134010e-10
-5.293609e-10
-6.422121e-10
-7.518820e-10
-8.582999e-10
-9.613980e-10
-1.061110e-09
-1.157374e-09
-1.250128e-09
-1.339314e-09
-1.424878e-09
-1.506765e-09
-1.584926e-09
-1.659314e-09
-1.729884e-09
-1.796595e-09
-1.859407e-09
-1.918285e-09
-1.973195e-09
-2.024108e-09
-2.070997e-09
-2.113837e-09
-2.152608e-09
-2.187291e-09
-2.217871e-09
-2.244337e-09
-2.266680e-09
-2.284893e-09
-2.298975e-09
-2.308926e-09
-2.314748e-09
-2.316449e-09
-2.314038e-09
-2.307528e-09
-2.296934e-09
-2.282274e-09
-2.263571e-09
-2.240849e-09
