1.841404e-08
1.801239e-08
1.752641e-08
1.695645e-08
1.630291e-08
1.556627e-08
1.474708e-08
1.384595e-08
1.286355e-08
1.180064e-08
1.065802e-08
9.436566e-09
8.137207e-09
6.760946e-09
5.308844e-09
3.782022e-09
2.181663e-09
5.090082e-10
-1.234643e-09
-3.047935e-09
-4.929455e-09
-6.877737e-09
-8.891259e-09
-1.096845e-08
-1.310769e-08
-1.530730e-08
-1.756556e-08
-1.988071e-08
-2.225093e-08
-2.467437e-08
-2.714914e-08
-2.967329e-08
-3.224485e-08
-3.486182e-08
-3.752213e-08
-4.022373e-08
-4.296448e-08
-4.574226e-08
-4.855489e-08
-5.140019e-08
-5.427593e-08
-5.717987e-08
-6.010976e-08
-6.306332e-08
-6.603826e-08
-6.903227e-08
-7.204302e-08
-7.506820e-08
-7.810547e-08
-8.115248e-08
-8.420688e-08
-8.726634e-08
-9.032849e-08
-9.339100e-08
-9.645152e-08
-9.950772e-08
-1.025573e-07
-1.055979e-07
-1.086272e-07
-1.116429e-07
-1.146428e-07
-1.176246e-07
-1.205861e-07
-1.235250e-07
-1.264392e-07
-1.293265e-07
-1.321848e-07
-1.350118e-07
-1.378057e-07
-1.405642e-07
-1.432855e-07
-1.459675e-07
-1.486082e-07
-1.512059e-07
-1.537585e-07
-1.562644e-07
-1.587217e-07
-1.611286e-07
-1.634836e-07
-1.657849e-07
-1.680310e-07
-1.702203e-07
-1.723514e-07
-1.744227e-07
-1.764330e-07
-1.783808e-07
-1.802649e-07
-1.820841e-07
-1.838372e-07
-1.855230e-07
-1.871407e-07
-1.886890e-07
-1.901672e-07
-1.915743e-07
-1.929095e-07
-1.941720e-07
-1.953613e-07
-1.964765e-07
-1.975172e-07
-1.984829e-07
-1.993730e-07
-2.001873e-07
-2.009253e-07
-2.015868e-07
-2.021717e-07
-2.026796e-07
-2.031107e-07
-2.034648e-07
-2.037420e-07
-2.039424e-07
-2.040662e-07
-2.041135e-07
-2.040847e-07
-2.039800e-07
-2.037998e-07
-2.035447e-07
-2.032151e-07
-2.028116e-07
-2.023347e-07
-2.017851e-07
-2.011636e-07
-2.004710e-07
-1.997079e-07
-1.988754e-07
-1.979743e-07
-1.970056e-07
-1.959702e-07
-1.948693e-07
-1.937039e-07
-1.924752e-07
-1.911843e-07
-1.898326e-07
-1.884211e-07
-1.869512e-07
-1.854243e-07
-1.838416e-07
-1.822047e-07
-1.805149e-07
-1.787736e-07
-1.769824e-07
-1.751428e-07
-1.732563e-07
-1.713244e-07
-1.693487e-07
-1.673308e-07
-1.652724e-07
-1.631751e-07
-1.610405e-07
-1.588702e-07
-1.566661e-07
-1.544297e-07
-1.521627e-07
-1.498669e-07
-1.475439e-07
-1.451955e-07
-1.428234e-07
-1.404293e-07
-1.380149e-07
-1.355820e-07
-1.331322e-07
-1.306673e-07
-1.281889e-07
-1.256988e-07
-1.231987e-07
-1.206902e-07
-1.181750e-07
-1.156547e-07
-1.131310e-07
-1.106056e-07
-1.080799e-07
-1.055557e-07
-1.030345e-07
-1.005177e-07
-9.800705e-08
-9.550393e-08
-9.300986e-08
-9.052629e-08
-8.805465e-08
-8.559634e-08
-8.315275e-08
-8.072522e-08
-7.831507e-08
-7.592359e-08
-7.355205e-08
-7.120166e-08
-6.887362e-08
-6.656910e-08
-6.428922e-08
-6.203508e-08
-5.980773e-08
-5.760820e-08
-5.543747e-08
-5.329650e-08
-5.118620e-08
-4.910745e-08
-4.706109e-08
-4.504793e-08
-4.306872e-08
-4.112420e-08
-3.921505e-08
-3.734194e-08
-3.550545e-08
-3.370619e-08
-3.194467e-08
-3.022140e-08
-2.853683e-08
-2.689139e-08
-2.528547e-08
-2.371939e-08
-2.219348e-08
-2.070801e-08
-1.926320e-08
-1.785926e-08
-1.649634e-08
-1.517457e-08
-1.389403e-08
-1.265479e-08
-1.145685e-08
-1.030021e-08
-9.184812e-09
-8.110573e-09
-7.077380e-09
-6.085085e-09
-5.133509e-09
-4.222443e-09
-3.351648e-09
-2.520854e-09
-1.729763e-09
-9.780501e-10
-2.653618e-10
4.086817e-10
1.044486e-09
1.642481e-09
2.203122e-09
2.726886e-09
3.214275e-09
3.665811e-09
4.082038e-09
4.463518e-09
4.810835e-09
5.124589e-09
5.405399e-09
5.653901e-09
5.870746e-09
6.056599e-09
6.212141e-09
6.338065e-09
6.435076e-09
6.503892e-09
6.545240e-09
6.559856e-09
6.548489e-09
6.511890e-09
6.450823e-09
6.366053e-09
6.258355e-09
6.128506e-09
5.977287e-09
5.805482e-09
5.613880e-09
5.403267e-09
5.174432e-09
4.928165e-09
4.665252e-09
4.386480e-09
4.092634e-09
3.784493e-09
3.462836e-09
3.128434e-09
2.782056e-09
2.424464e-09
2.056412e-09
1.678651e-09
1.291921e-09
8.969562e-10
4.944800e-10
8.520814e-11
-3.301537e-10
-7.509102e-10
-1.176377e-09
-1.605879e-09
-2.038756e-09
-2.474357e-09
-2.912044e-09
-3.351193e-09
-3.791192e-09
-4.231442e-09
-4.671360e-09
-5.110374e-09
-5.547929e-09
-5.983483e-09
-6.416510e-09
-6.846499e-09
-7.272952e-09
-7.695391e-09
-8.113348e-09
-8.526376e-09
-8.934040e-09
-9.335924e-09
-9.731625e-09
-1.012076e-08
-1.050296e-08
-1.087787e-08
-1.124515e-08
-1.160448e-08
-1.195557e-08
-1.229812e-08
-1.263186e-08
-1.295653e-08
-1.327189e-08
-1.357773e-08
-1.387382e-08
-1.415999e-08
-1.443605e-08
-1.470183e-08
-1.495721e-08
-1.520203e-08
-1.543618e-08
-1.565957e-08
-1.587210e-08
-1.607370e-08
-1.626431e-08
-1.644389e-08
-1.661239e-08
-1.676980e-08
-1.691612e-08
-1.705134e-08
-1.717550e-08
-1.728860e-08
-1.739071e-08
-1.748186e-08
-1.756213e-08
-1.763158e-08
-1.769031e-08
-1.773841e-08
-1.777598e-08
-1.780314e-08
-1.782001e-08
-1.782673e-08
-1.782343e-08
-1.781026e-08
-1.778738e-08
-1.775495e-08
-1.771315e-08
-1.766214e-08
-1.760213e-08
-1.753329e-08
-1.745582e-08
-1.736992e-08
-1.727580e-08
-1.717367e-08
-1.706374e-08
-1.694624e-08
-1.682138e-08
-1.668939e-08
-1.655050e-08
-1.640495e-08
-1.625296e-08
-1.609478e-08
-1.593064e-08
-1.576078e-08
-1.558545e-08
-1.540487e-08
-1.521931e-08
-1.502899e-08
-1.483417e-08
-1.463509e-08
-1.443198e-08
-1.422510e-08
-1.401468e-08
-1.380096e-08
-1.358418e-08
-1.336458e-08
-1.314239e-08
-1.291785e-08
-1.269119e-08
-1.246263e-08
-1.223240e-08
-1.200073e-08
-1.176784e-08
-1.153394e-08
-1.129925e-08
-1.106398e-08
-1.082834e-08
-1.059252e-08
-1.035673e-08
-1.012117e-08
-9.886030e-09
-9.651491e-09
-9.417741e-09
-9.184958e-09
-8.953318e-09
-8.722989e-09
-8.494139e-09
-8.266927e-09
-8.041511e-09
-7.818041e-09
-7.596664e-09
-7.377523e-09
-7.160754e-09
-6.946490e-09
-6.734857e-09
-6.525977e-09
-6.319969e-09
-6.116943e-09
-5.917008e-09
-5.720266e-09
-5.526813e-09
-5.336743e-09
-5.150143e-09
-4.967096e-09
-4.787679e-09
-4.611964e-09
-4.440021e-09
-4.271912e-09
-4.107695e-09
-3.947425e-09
-3.791151e-09
-3.638916e-09
-3.490762e-09
-3.346724e-09
-3.206833e-09
-3.071115e-09
-2.939593e-09
-2.812286e-09
-2.689208e-09
-2.570368e-09
-2.455773e-09
-2.345425e-09
-2.239322e-09
-2.137459e-09
-2.039826e-09
-1.946412e-09
-1.857200e-09
-1.772170e-09
-1.691299e-09
-1.614561e-09
-1.541927e-09
-1.473365e-09
-1.408838e-09
-1.348309e-09
-1.291736e-09
-1.239076e-09
-1.190283e-09
-1.145307e-09
-1.104096e-09
-1.066598e-09
-1.032756e-09
-1.002512e-09
-9.758063e-10
-9.525756e-10
-9.327563e-10
-9.162823e-10
-9.030859e-10
-8.930979e-10
-8.862472e-10
-8.824615e-10
-8.816669e-10
-8.837885e-10
-8.887499e-10
-8.964736e-10
-9.068810e-10
-9.198928e-10
-9.354283e-10
-9.534064e-10
-9.737450e-10
-9.963614e-10
-1.021172e-09
-1.048094e-09
-1.077042e-09
-1.107931e-09
-1.140676e-09
-1.175193e-09
-1.211395e-09
-1.249198e-09
-1.288514e-09
-1.329258e-09
-1.371345e-09
-1.414689e-09
-1.459204e-09
-1.504805e-09
-1.551408e-09
-1.598927e-09
-1.647278e-09
-1.696378e-09
-1.746143e-09
-1.796489e-09
-1.847336e-09
-1.898601e-09
-1.950203e-09
-2.002061e-09
-2.054098e-09
-2.106232e-09
-2.158388e-09
-2.210487e-09
-2.262453e-09
-2.314212e-09
-2.365689e-09
-2.416811e-09
-2.467506e-09
-2.517702e-09
-2.567329e-09
-2.616320e-09
-2.664605e-09
-2.712120e-09
-2.758797e-09
-2.804574e-09
-2.849388e-09
-2.893177e-09
-2.935880e-09
-2.977441e-09
-3.017799e-09
-3.056901e-09
-3.094691e-09
-3.131115e-09
-3.166123e-09
-3.199663e-09
-3.231687e-09
-3.262148e-09
-3.290998e-09
-3.318195e-09
-3.343695e-09
-3.367457e-09
-3.389441e-09
-3.409608e-09
-3.427921e-09
-3.444347e-09
-3.458850e-09
-3.471399e-09
-3.481964e-09
-3.490515e-09
-3.497025e-09
-3.501469e-09
-3.503821e-09
-3.504061e-09
-3.502166e-09
-3.498117e-09
-3.491896e-09
-3.483488e-09
-3.472876e-09
-3.460050e-09
-3.444996e-09
-3.427704e-09
-3.408167e-09
-3.386377e-09
-3.362329e-09
-3.336019e-09
-3.307445e-09
-3.276606e-09
-3.243503e-09
-3.208137e-09
-3.170512e-09
-3.130634e-09
-3.088509e-09
-3.044144e-09
-2.997549e-09
-2.948735e-09
-2.897714e-09
-2.844499e-09
-2.789105e-09
-2.731548e-09
-2.671846e-09
-2.610016e-09
-2.546079e-09
-2.480056e-09
-2.411969e-09
-2.341842e-09
-2.269699e-09
-2.195567e-09
-2.119471e-09
-2.041440e-09
-1.961503e-09
-1.879690e-09
-1.796031e-09
-1.710560e-09
-1.623308e-09
-1.534310e-09
-1.443600e-09
-1.351214e-09
-1.257188e-09
-1.161560e-09
-1.064367e-09
-9.656484e-10
-8.654430e-10
-7.637911e-10
-6.607332e-10
-5.563108e-10
-4.505656e-10
-3.435400e-10
-2.352769e-10
-1.258197e-10
-1.521209e-11
9.650162e-11
2.092769e-10
3.230688e-10
4.378321e-10
5.535212e-10
6.700906e-10
7.874940e-10
9.056855e-10
1.024619e-09
1.144247e-09
1.264525e-09
1.385404e-09
1.506840e-09
1.628785e-09
1.751192e-09
1.874015e-09
1.997209e-09
2.120726e-09
2.244521e-09
2.368547e-09
2.492760e-09
2.617113e-09
2.741562e-09
2.866062e-09
2.990568e-09
3.115037e-09
3.239423e-09
3.363684e-09
3.487778e-09
3.611661e-09
3.735291e-09
3.858627e-09
3.981628e-09
4.104253e-09
4.226462e-09
4.348217e-09
4.469477e-09
4.590205e-09
4.710364e-09
4.829915e-09
4.948824e-09
5.067054e-09
5.184570e-09
5.301339e-09
5.417326e-09
5.532499e-09
5.646825e-09
5.760273e-09
5.872813e-09
5.984415e-09
6.095049e-09
6.204687e-09
6.313301e-09
6.420865e-09
6.527353e-09
6.632740e-09
6.737000e-09
6.840110e-09
6.942048e-09
7.042791e-09
7.142318e-09
7.240608e-09
7.337642e-09
7.433400e-09
7.527866e-09
7.621020e-09
7.712847e-09
7.803330e-09
7.892455e-09
7.980208e-09
8.066574e-09
8.151542e-09
8.235098e-09
8.317232e-09
8.397933e-09
8.477191e-09
8.554997e-09
8.631343e-09
8.706220e-09
8.779622e-09
8.851542e-09
8.921975e-09
8.990915e-09
9.058358e-09
9.124300e-09
9.188738e-09
9.251669e-09
9.313091e-09
9.373002e-09
9.431403e-09
9.488292e-09
9.543669e-09
9.597536e-09
9.649894e-09
9.700744e-09
9.750089e-09
9.797932e-09
9.844275e-09
9.889123e-09
9.932480e-09
9.974349e-09
1.001474e-08
1.005365e-08
1.009109e-08
1.012707e-08
1.016158e-08
1.019465e-08
1.022628e-08
1.025647e-08
1.028523e-08
1.031257e-08
1.033850e-08
1.036303e-08
1.038616e-08
1.040792e-08
1.042830e-08
1.044731e-08
1.046498e-08
1.048130e-08
1.049629e-08
1.050996e-08
1.052232e-08
1.053338e-08
1.054316e-08
1.055167e-08
1.055891e-08
1.056490e-08
1.056966e-08
1.057320e-08
1.057552e-08
1.057665e-08
1.057659e-08
1.057536e-08
1.057298e-08
1.056945e-08
1.056480e-08
1.055903e-08
1.055215e-08
1.054420e-08
1.053517e-08
1.052509e-08
1.051396e-08
1.050181e-08
1.048864e-08
1.047449e-08
1.045935e-08
1.044325e-08
1.042619e-08
1.040821e-08
1.038931e-08
1.036951e-08
1.034883e-08
1.032727e-08
1.030487e-08
1.028164e-08
1.025758e-08
1.023273e-08
1.020710e-08
1.018069e-08
1.015355e-08
1.012567e-08
1.009707e-08
1.006779e-08
1.003782e-08
1.000720e-08
9.975934e-09
9.944047e-09
9.911556e-09
9.878479e-09
9.844835e-09
9.810642e-09
9.775919e-09
9.740686e-09
9.704960e-09
9.668762e-09
9.632111e-09
9.595025e-09
9.557524e-09
9.519627e-09
9.481355e-09
9.442725e-09
9.403759e-09
9.364475e-09
9.324893e-09
9.285033e-09
9.244915e-09
9.204559e-09
9.163984e-09
9.123210e-09
9.082257e-09
9.041145e-09
8.999893e-09
8.958522e-09
8.917051e-09
8.875500e-09
8.833888e-09
8.792235e-09
8.750562e-09
8.708886e-09
8.667228e-09
8.625606e-09
8.584041e-09
8.542551e-09
8.501156e-09
8.459873e-09
8.418722e-09
8.377721e-09
8.336889e-09
8.296243e-09
8.255803e-09
8.215585e-09
8.175607e-09
8.135887e-09
8.096442e-09
8.057289e-09
8.018444e-09
7.979924e-09
7.941745e-09
7.903923e-09
7.866473e-09
7.829411e-09
7.792752e-09
7.756510e-09
7.720699e-09
7.685335e-09
7.650429e-09
7.615997e-09
7.582049e-09
7.548600e-09
7.515661e-09
7.483244e-09
7.451360e-09
7.420021e-09
7.389236e-09
7.359016e-09
7.329372e-09
7.300311e-09
7.271844e-09
7.243978e-09
7.216721e-09
7.190082e-09
7.164066e-09
7.138682e-09
7.113935e-09
7.089831e-09
7.066375e-09
7.043572e-09
7.021427e-09
6.999944e-09
6.979126e-09
6.958976e-09
6.939497e-09
6.920692e-09
6.902562e-09
6.885108e-09
6.868331e-09
6.852232e-09
6.836812e-09
6.822069e-09
6.808003e-09
6.794612e-09
6.781896e-09
6.769853e-09
6.758479e-09
6.747774e-09
6.737732e-09
6.728352e-09
6.719630e-09
6.711561e-09
6.704141e-09
6.697367e-09
6.691232e-09
6.685731e-09
6.680860e-09
6.676613e-09
6.672984e-09
6.669966e-09
6.667553e-09
6.665739e-09
6.664518e-09
6.663882e-09
6.663824e-09
6.664337e-09
6.665414e-09
6.667048e-09
6.669231e-09
6.671955e-09
6.675214e-09
6.679000e-09
6.683304e-09
6.688120e-09
6.693440e-09
6.699256e-09
6.705560e-09
6.712346e-09
6.719606e-09
6.727333e-09
6.735519e-09
6.744157e-09
6.753241e-09
6.762763e-09
6.772718e-09
6.783098e-09
6.793897e-09
6.805110e-09
6.816730e-09
6.828752e-09
6.841171e-09
6.853981e-09
6.867178e-09
6.880757e-09
6.894713e-09
6.909044e-09
6.923744e-09
6.938812e-09
6.954243e-09
6.970035e-09
6.986185e-09
7.002692e-09
7.019554e-09
7.036770e-09
7.054338e-09
7.072257e-09
7.090528e-09
7.109151e-09
7.128126e-09
7.147454e-09
7.167136e-09
7.187174e-09
7.207569e-09
7.228323e-09
7.249440e-09
7.270923e-09
7.292774e-09
7.314997e-09
7.337597e-09
7.360577e-09
7.383942e-09
7.407698e-09
7.431850e-09
7.456403e-09
7.481362e-09
7.506735e-09
7.532528e-09
7.558747e-09
7.585400e-09
7.612493e-09
7.640035e-09
7.668032e-09
7.696492e-09
7.725424e-09
7.754836e-09
7.784736e-09
7.815132e-09
7.846034e-09
7.877449e-09
7.909388e-09
7.941857e-09
7.974867e-09
8.008427e-09
8.042545e-09
8.077230e-09
8.112492e-09
8.148339e-09
8.184780e-09
8.221825e-09
8.259481e-09
8.297757e-09
8.336662e-09
8.376204e-09
8.416391e-09
8.457232e-09
8.498733e-09
8.540903e-09
8.583749e-09
8.627278e-09
8.671496e-09
8.716411e-09
8.762028e-09
8.808353e-09
8.855391e-09
8.903149e-09
8.951629e-09
9.000838e-09
9.050778e-09
9.101454e-09
9.152867e-09
9.205022e-09
9.257919e-09
9.311562e-09
9.365950e-09
9.421084e-09
9.476965e-09
9.533592e-09
9.590965e-09
9.649081e-09
9.707938e-09
9.767535e-09
9.827867e-09
9.888931e-09
9.950723e-09
1.001324e-08
1.007647e-08
1.014041e-08
1.020506e-08
1.027040e-08
1.033643e-08
1.040314e-08
1.047052e-08
1.053856e-08
1.060725e-08
1.067658e-08
1.074653e-08
1.081710e-08
1.088827e-08
1.096003e-08
1.103236e-08
1.110525e-08
1.117868e-08
1.125264e-08
1.132711e-08
1.140207e-08
1.147750e-08
1.155339e-08
1.162971e-08
1.170646e-08
1.178360e-08
1.186111e-08
1.193898e-08
1.201719e-08
1.209570e-08
1.217450e-08
1.225357e-08
1.233287e-08
1.241240e-08
1.249211e-08
1.257199e-08
1.265202e-08
1.273215e-08
1.281238e-08
1.289267e-08
1.297299e-08
1.305333e-08
1.313364e-08
1.321390e-08
1.329409e-08
1.337417e-08
1.345411e-08
1.353389e-08
1.361348e-08
1.369285e-08
1.377196e-08
1.385079e-08
1.392931e-08
1.400748e-08
1.408528e-08
1.416268e-08
1.423964e-08
1.431613e-08
1.439212e-08
1.446759e-08
1.454249e-08
1.461680e-08
1.469049e-08
1.476353e-08
1.483588e-08
1.490752e-08
1.497841e-08
1.504851e-08
1.511782e-08
1.518628e-08
1.525386e-08
1.532055e-08
1.538631e-08
1.545110e-08
1.551489e-08
1.557767e-08
1.563939e-08
1.570003e-08
1.575955e-08
1.581794e-08
1.587515e-08
1.593116e-08
1.598595e-08
1.603947e-08
1.609171e-08
1.614264e-08
1.619223e-08
1.624046e-08
1.628728e-08
1.633269e-08
1.637665e-08
1.641914e-08
1.646013e-08
1.649960e-08
1.653753e-08
1.657388e-08
1.660863e-08
1.664177e-08
1.667327e-08
1.670310e-08
1.673125e-08
1.675769e-08
1.678241e-08
1.680537e-08
1.682657e-08
1.684598e-08
1.686358e-08
1.687936e-08
1.689330e-08
1.690538e-08
1.691558e-08
1.692389e-08
1.693028e-08
1.693476e-08
1.693730e-08
1.693789e-08
1.693651e-08
1.693316e-08
1.692782e-08
1.692049e-08
1.691114e-08
1.689977e-08
1.688638e-08
1.687095e-08
1.685348e-08
1.683396e-08
1.681238e-08
1.678874e-08
1.676304e-08
1.673526e-08
1.670542e-08
1.667350e-08
1.663951e-08
1.660344e-08
1.656530e-08
1.652508e-08
1.648279e-08
1.643844e-08
1.639202e-08
1.634355e-08
1.629302e-08
1.624044e-08
1.618583e-08
1.612919e-08
1.607052e-08
1.600985e-08
1.594719e-08
1.588253e-08
1.581591e-08
1.574733e-08
1.567681e-08
1.560436e-08
1.553001e-08
1.545377e-08
1.537566e-08
1.529571e-08
1.521393e-08
1.513035e-08
1.504499e-08
1.495788e-08
1.486904e-08
1.477850e-08
1.468629e-08
1.459244e-08
1.449698e-08
1.439993e-08
1.430134e-08
1.420124e-08
1.409966e-08
1.399663e-08
1.389220e-08
1.378640e-08
1.367928e-08
1.357086e-08
1.346119e-08
1.335032e-08
1.323829e-08
1.312514e-08
1.301091e-08
1.289566e-08
1.277943e-08
1.266227e-08
1.254422e-08
1.242534e-08
1.230568e-08
1.218529e-08
1.206422e-08
1.194252e-08
1.182026e-08
1.169748e-08
1.157424e-08
1.145060e-08
1.132661e-08
1.120234e-08
1.107784e-08
1.095316e-08
1.082838e-08
1.070355e-08
1.057873e-08
1.045399e-08
1.032938e-08
1.020497e-08
1.008083e-08
9.957004e-09
9.833569e-09
9.710587e-09
9.588122e-09
9.466238e-09
9.345000e-09
9.224472e-09
9.104720e-09
8.985808e-09
8.867802e-09
8.750767e-09
8.634767e-09
8.519866e-09
8.406131e-09
8.293625e-09
8.182412e-09
8.072557e-09
7.964123e-09
7.857172e-09
7.751769e-09
7.647974e-09
7.545850e-09
7.445459e-09
7.346860e-09
7.250114e-09
7.155279e-09
7.062415e-09
6.971579e-09
6.882828e-09
6.796217e-09
6.711803e-09
6.629638e-09
6.549776e-09
6.472269e-09
6.397168e-09
6.324522e-09
6.254381e-09
6.186791e-09
6.121798e-09
6.059447e-09
5.999782e-09
5.942844e-09
5.888675e-09
5.837312e-09
5.788795e-09
5.743159e-09
5.700438e-09
5.660665e-09
5.623873e-09
5.590090e-09
5.559344e-09
5.531663e-09
5.507069e-09
5.485587e-09
5.467238e-09
5.452040e-09
5.440010e-09
5.431166e-09
5.425519e-09
5.423083e-09
5.423866e-09
5.427878e-09
5.435124e-09
5.445608e-09
5.459333e-09
5.476299e-09
5.496504e-09
5.519945e-09
5.546616e-09
5.576511e-09
5.609618e-09
5.645928e-09
5.685426e-09
5.728098e-09
5.773925e-09
5.822890e-09
5.874971e-09
5.930144e-09
5.988385e-09
6.049668e-09
6.113963e-09
6.181240e-09
6.251467e-09
6.324609e-09
6.400630e-09
6.479494e-09
6.561159e-09
6.645586e-09
6.732730e-09
6.822548e-09
6.914993e-09
7.010018e-09
7.107572e-09
7.207605e-09
7.310064e-09
7.414896e-09
7.522044e-09
7.631453e-09
7.743063e-09
7.856815e-09
7.972648e-09
8.090500e-09
8.210307e-09
8.332006e-09
8.455529e-09
8.580811e-09
8.707784e-09
8.836378e-09
8.966524e-09
9.098151e-09
9.231187e-09
9.365560e-09
9.501197e-09
9.638023e-09
9.775964e-09
9.914945e-09
1.005489e-08
1.019572e-08
1.033736e-08
1.047974e-08
1.062277e-08
1.076638e-08
1.091048e-08
1.105501e-08
1.119987e-08
1.134500e-08
1.149031e-08
1.163572e-08
1.178116e-08
1.192654e-08
1.207179e-08
1.221682e-08
1.236156e-08
1.250593e-08
1.264985e-08
1.279325e-08
1.293603e-08
1.307814e-08
1.321948e-08
1.335999e-08
1.349959e-08
1.363820e-08
1.377574e-08
1.391216e-08
1.404736e-08
1.418128e-08
1.431384e-08
1.444498e-08
1.457463e-08
1.470271e-08
1.482916e-08
1.495391e-08
1.507689e-08
1.519804e-08
1.531729e-08
1.543458e-08
1.554985e-08
1.566304e-08
1.577408e-08
1.588292e-08
1.598951e-08
1.609377e-08
1.619567e-08
1.629515e-08
1.639214e-08
1.648662e-08
1.657851e-08
1.666778e-08
1.675438e-08
1.683827e-08
1.691939e-08
1.699771e-08
1.707319e-08
1.714579e-08
1.721547e-08
1.728219e-08
1.734592e-08
1.740663e-08
1.746428e-08
1.751884e-08
1.757029e-08
1.761861e-08
1.766375e-08
1.770571e-08
1.774445e-08
1.777996e-08
1.781222e-08
1.784121e-08
1.786692e-08
1.788934e-08
1.790844e-08
1.792422e-08
1.793668e-08
1.794579e-08
1.795157e-08
1.795399e-08
1.795307e-08
1.794880e-08
1.794118e-08
1.793021e-08
1.791589e-08
1.789824e-08
1.787725e-08
1.785294e-08
1.782531e-08
1.779438e-08
1.776016e-08
1.772266e-08
1.768190e-08
1.763790e-08
1.759067e-08
1.754024e-08
1.748662e-08
1.742984e-08
1.736992e-08
1.730689e-08
1.724077e-08
1.717160e-08
1.709939e-08
1.702418e-08
1.694601e-08
1.686489e-08
1.678088e-08
1.669400e-08
1.660429e-08
1.651178e-08
1.641651e-08
1.631853e-08
1.621787e-08
1.611457e-08
1.600867e-08
1.590023e-08
1.578927e-08
1.567585e-08
1.556000e-08
1.544178e-08
1.532124e-08
1.519841e-08
1.507335e-08
1.494610e-08
1.481672e-08
1.468524e-08
1.455174e-08
1.441624e-08
1.427881e-08
1.413950e-08
1.399836e-08
1.385543e-08
1.371077e-08
1.356444e-08
1.341649e-08
1.326697e-08
1.311592e-08
1.296342e-08
1.280950e-08
1.265423e-08
1.249766e-08
1.233983e-08
1.218081e-08
1.202064e-08
1.185938e-08
1.169708e-08
1.153380e-08
1.136958e-08
1.120448e-08
1.103856e-08
1.087185e-08
1.070442e-08
1.053632e-08
1.036759e-08
1.019828e-08
1.002845e-08
9.858147e-09
9.687412e-09
9.516297e-09
9.344849e-09
9.173114e-09
9.001139e-09
8.828969e-09
8.656649e-09
8.484223e-09
8.311733e-09
8.139223e-09
7.966733e-09
7.794306e-09
7.621980e-09
7.449795e-09
7.277790e-09
7.106002e-09
6.934467e-09
6.763221e-09
6.592299e-09
6.421735e-09
6.251561e-09
6.081809e-09
5.912511e-09
5.743697e-09
5.575394e-09
5.407633e-09
5.240438e-09
5.073837e-09
4.907855e-09
4.742515e-09
4.577841e-09
4.413854e-09
4.250576e-09
4.088026e-09
3.926224e-09
3.765187e-09
3.604933e-09
3.445478e-09
3.286836e-09
3.129022e-09
2.972049e-09
2.815929e-09
2.660674e-09
2.506292e-09
2.352795e-09
2.200190e-09
2.048486e-09
1.897688e-09
1.747802e-09
1.598835e-09
1.450789e-09
1.303669e-09
1.157476e-09
1.012214e-09
8.678821e-10
7.244820e-10
5.820131e-10
4.404745e-10
2.998647e-10
1.601814e-10
2.142193e-11
-1.164171e-10
-2.533395e-10
-3.893496e-10
-5.244523e-10
-6.586530e-10
-7.919573e-10
-9.243714e-10
-1.055902e-09
-1.186555e-09
-1.316339e-09
-1.445260e-09
-1.573326e-09
-1.700546e-09
-1.826926e-09
-1.952476e-09
-2.077204e-09
-2.201117e-09
-2.324225e-09
-2.446536e-09
-2.568058e-09
-2.688800e-09
-2.808771e-09
-2.927977e-09
-3.046429e-09
-3.164132e-09
-3.281097e-09
-3.397329e-09
-3.512836e-09
-3.627626e-09
-3.741704e-09
-3.855078e-09
-3.967754e-09
-4.079737e-09
-4.191032e-09
-4.301644e-09
-4.411577e-09
-4.520837e-09
-4.629424e-09
-4.737344e-09
-4.844597e-09
-4.951186e-09
-5.057111e-09
-5.162374e-09
-5.266973e-09
-5.370908e-09
-5.474179e-09
-5.576781e-09
-5.678713e-09
-5.779971e-09
-5.880551e-09
-5.980447e-09
-6.079654e-09
-6.178165e-09
-6.275973e-09
-6.373070e-09
-6.469447e-09
-6.565095e-09
-6.660001e-09
-6.754157e-09
-6.847549e-09
-6.940164e-09
-7.031990e-09
-7.123010e-09
-7.213211e-09
-7.302577e-09
-7.391089e-09
-7.478732e-09
-7.565485e-09
-7.651331e-09
-7.736250e-09
-7.820220e-09
-7.903220e-09
-7.985229e-09
-8.066223e-09
-8.146179e-09
-8.225073e-09
-8.302881e-09
-8.379575e-09
-8.455132e-09
-8.529523e-09
-8.602722e-09
-8.674701e-09
-8.745432e-09
-8.814885e-09
-8.883032e-09
-8.949843e-09
-9.015287e-09
-9.079335e-09
-9.141954e-09
-9.203115e-09
-9.262785e-09
-9.320933e-09
-9.377526e-09
-9.432532e-09
-9.485919e-09
-9.537654e-09
-9.587705e-09
-9.636038e-09
-9.682622e-09
-9.727422e-09
-9.770407e-09
-9.811543e-09
-9.850798e-09
-9.888140e-09
-9.923537e-09
-9.956956e-09
-9.988366e-09
-1.001774e-08
-1.004503e-08
-1.007023e-08
-1.009329e-08
-1.011419e-08
-1.013290e-08
-1.014939e-08
-1.016363e-08
-1.017560e-08
-1.018526e-08
-1.019259e-08
-1.019757e-08
-1.020017e-08
-1.020037e-08
-1.019815e-08
-1.019348e-08
-1.018634e-08
-1.017671e-08
-1.016457e-08
-1.014991e-08
-1.013271e-08
-1.011295e-08
-1.009063e-08
-1.006571e-08
-1.003820e-08
-1.000808e-08
-9.975341e-09
-9.939978e-09
-9.901982e-09
-9.861349e-09
-9.818073e-09
-9.772152e-09
-9.723586e-09
-9.672374e-09
-9.618519e-09
-9.562023e-09
-9.502892e-09
-9.441133e-09
-9.376753e-09
-9.309762e-09
-9.240172e-09
-9.167996e-09
-9.093249e-09
-9.015947e-09
-8.936108e-09
-8.853752e-09
-8.768900e-09
-8.681577e-09
-8.591806e-09
-8.499616e-09
-8.405033e-09
-8.308090e-09
-8.208816e-09
-8.107247e-09
-8.003418e-09
-7.897366e-09
-7.789130e-09
-7.678751e-09
-7.566270e-09
-7.451733e-09
-7.335185e-09
-7.216673e-09
-7.096247e-09
-6.973958e-09
-6.849857e-09
-6.723999e-09
-6.596440e-09
-6.467237e-09
-6.336449e-09
-6.204135e-09
-6.070358e-09
-5.935181e-09
-5.798669e-09
-5.660887e-09
-5.521904e-09
-5.381787e-09
-5.240607e-09
-5.098436e-09
-4.955345e-09
-4.811409e-09
-4.666703e-09
-4.521301e-09
-4.375282e-09
-4.228724e-09
-4.081704e-09
-3.934304e-09
-3.786603e-09
-3.638684e-09
-3.490628e-09
-3.342519e-09
-3.194439e-09
-3.046474e-09
-2.898708e-09
-2.751225e-09
-2.604112e-09
-2.457454e-09
-2.311338e-09
-2.165850e-09
-2.021076e-09
-1.877103e-09
-1.734018e-09
-1.591908e-09
-1.450859e-09
-1.310958e-09
-1.172290e-09
-1.034942e-09
-8.989992e-10
-7.645468e-10
-6.316693e-10
-5.004509e-10
-3.709750e-10
-2.433245e-10
-1.175812e-10
6.173666e-12
1.278597e-10
2.473978e-10
3.647094e-10
4.797175e-10
5.923460e-10
7.025201e-10
8.101662e-10
9.152122e-10
1.017587e-09
1.117222e-09
1.214049e-09
1.308003e-09
1.399017e-09
1.487031e-09
1.571982e-09
1.653812e-09
1.732463e-09
1.807881e-09
1.880011e-09
1.948803e-09
2.014207e-09
2.076177e-09
2.134668e-09
2.189637e-09
2.241044e-09
2.288851e-09
2.333022e-09
2.373525e-09
2.410329e-09
2.443404e-09
2.472727e-09
2.498273e-09
2.520022e-09
2.537956e-09
2.552060e-09
2.562321e-09
2.568729e-09
2.571276e-09
2.569957e-09
2.564772e-09
2.555721e-09
2.542806e-09
2.526035e-09
2.505416e-09
2.480961e-09
2.452684e-09
2.420603e-09
2.384737e-09
2.345110e-09
2.301745e-09
