1.408119e-05
1.406895e-05
1.405458e-05
1.403809e-05
1.401946e-05
1.399872e-05
1.397587e-05
1.395092e-05
1.392387e-05
1.389474e-05
1.386353e-05
1.383027e-05
1.379496e-05
1.375761e-05
1.371825e-05
1.367687e-05
1.363351e-05
1.358818e-05
1.354089e-05
1.349167e-05
1.344053e-05
1.338749e-05
1.333258e-05
1.327581e-05
1.321721e-05
1.315680e-05
1.309461e-05
1.303065e-05
1.296496e-05
1.289756e-05
1.282847e-05
1.275773e-05
1.268535e-05
1.261138e-05
1.253583e-05
1.245874e-05
1.238013e-05
1.230005e-05
1.221851e-05
1.213555e-05
1.205120e-05
1.196550e-05
1.187847e-05
1.179016e-05
1.170059e-05
1.160980e-05
1.151781e-05
1.142468e-05
1.133043e-05
1.123510e-05
1.113872e-05
1.104133e-05
1.094296e-05
1.084366e-05
1.074345e-05
1.064238e-05
1.054049e-05
1.043780e-05
1.033435e-05
1.023020e-05
1.012536e-05
1.001988e-05
9.913793e-06
9.807141e-06
9.699959e-06
9.592285e-06
9.484156e-06
9.375609e-06
9.266681e-06
9.157409e-06
9.047830e-06
8.937981e-06
8.827898e-06
8.717618e-06
8.607177e-06
8.496610e-06
8.385954e-06
8.275244e-06
8.164514e-06
8.053800e-06
7.943137e-06
7.832557e-06
7.722096e-06
7.611787e-06
7.501662e-06
7.391755e-06
7.282097e-06
7.172721e-06
7.063657e-06
6.954938e-06
6.846593e-06
6.738652e-06
6.631146e-06
6.524102e-06
6.417549e-06
6.311516e-06
6.206029e-06
6.101116e-06
5.996803e-06
5.893116e-06
5.790079e-06
5.687718e-06
5.586056e-06
5.485118e-06
5.384924e-06
5.285499e-06
5.186863e-06
5.089037e-06
4.992042e-06
4.895897e-06
4.800621e-06
4.706233e-06
4.612751e-06
4.520190e-06
4.428569e-06
4.337903e-06
4.248206e-06
4.159494e-06
4.071779e-06
3.985076e-06
3.899397e-06
3.814754e-06
3.731157e-06
3.648617e-06
3.567145e-06
3.486750e-06
3.407439e-06
3.329222e-06
3.252105e-06
3.176095e-06
3.101199e-06
3.027421e-06
2.954766e-06
2.883239e-06
2.812844e-06
2.743582e-06
2.675457e-06
2.608471e-06
2.542625e-06
2.477919e-06
2.414353e-06
2.351928e-06
2.290641e-06
2.230493e-06
2.171479e-06
2.113599e-06
2.056849e-06
2.001224e-06
1.946722e-06
1.893338e-06
1.841066e-06
1.789901e-06
1.739837e-06
1.690869e-06
1.642988e-06
1.596187e-06
1.550460e-06
1.505798e-06
1.462193e-06
1.419635e-06
1.378116e-06
1.337627e-06
1.298157e-06
1.259696e-06
1.222234e-06
1.185761e-06
1.150264e-06
1.115733e-06
1.082156e-06
1.049522e-06
1.017818e-06
9.870315e-07
9.571507e-07
9.281628e-07
9.000546e-07
8.728131e-07
8.464252e-07
8.208772e-07
7.961558e-07
7.722472e-07
7.491375e-07
7.268128e-07
7.052592e-07
6.844624e-07
6.644083e-07
6.450826e-07
6.264710e-07
6.085592e-07
5.913326e-07
5.747769e-07
5.588776e-07
5.436203e-07
5.289905e-07
5.149737e-07
5.015556e-07
4.887218e-07
4.764579e-07
4.647496e-07
4.535827e-07
4.429429e-07
4.328163e-07
4.231887e-07
4.140462e-07
4.053751e-07
3.971615e-07
3.893918e-07
3.820526e-07
3.751304e-07
3.686120e-07
3.624843e-07
3.567343e-07
3.513492e-07
3.463162e-07
3.416230e-07
3.372570e-07
3.332062e-07
3.294586e-07
3.260022e-07
3.228255e-07
3.199169e-07
3.172652e-07
3.148593e-07
3.126882e-07
3.107414e-07
3.090082e-07
3.074784e-07
3.061418e-07
3.049887e-07
3.040092e-07
3.031940e-07
3.025337e-07
3.020194e-07
3.016421e-07
3.013933e-07
3.012645e-07
3.012476e-07
3.013346e-07
3.015178e-07
3.017895e-07
3.021424e-07
3.025695e-07
3.030638e-07
3.036187e-07
3.042276e-07
3.048844e-07
3.055829e-07
3.063173e-07
3.070820e-07
3.078715e-07
3.086807e-07
3.095044e-07
3.103379e-07
3.111765e-07
3.120158e-07
3.128515e-07
3.136796e-07
3.144963e-07
3.152978e-07
3.160807e-07
3.168416e-07
3.175774e-07
3.182852e-07
3.189621e-07
3.196055e-07
3.202130e-07
3.207822e-07
3.213111e-07
3.217975e-07
3.222398e-07
3.226361e-07
3.229849e-07
3.232849e-07
3.235347e-07
3.237333e-07
3.238796e-07
3.239727e-07
3.240119e-07
3.239965e-07
3.239261e-07
3.238001e-07
3.236184e-07
3.233807e-07
3.230868e-07
3.227369e-07
3.223309e-07
3.218692e-07
3.213519e-07
3.207794e-07
3.201521e-07
3.194706e-07
3.187354e-07
3.179471e-07
3.171066e-07
3.162145e-07
3.152717e-07
3.142792e-07
3.132378e-07
3.121485e-07
3.110124e-07
3.098306e-07
3.086043e-07
3.073344e-07
3.060224e-07
3.046694e-07
3.032766e-07
3.018454e-07
3.003770e-07
2.988729e-07
2.973343e-07
2.957626e-07
2.941592e-07
2.925255e-07
2.908629e-07
2.891729e-07
2.874567e-07
2.857159e-07
2.839518e-07
2.821659e-07
2.803596e-07
2.785343e-07
2.766914e-07
2.748323e-07
2.729584e-07
2.710710e-07
2.691716e-07
2.672614e-07
2.653418e-07
2.634140e-07
2.614795e-07
2.595395e-07
2.575952e-07
2.556479e-07
2.536987e-07
2.517489e-07
2.497996e-07
2.478520e-07
2.459072e-07
2.439663e-07
2.420302e-07
2.401002e-07
2.381771e-07
2.362620e-07
2.343557e-07
2.324593e-07
2.305735e-07
2.286993e-07
2.268375e-07
2.249889e-07
2.231542e-07
2.213342e-07
2.195295e-07
2.177410e-07
2.159691e-07
2.142146e-07
2.124780e-07
2.107598e-07
2.090607e-07
2.073809e-07
2.057212e-07
2.040818e-07
2.024632e-07
2.008657e-07
1.992897e-07
1.977356e-07
1.962035e-07
1.946938e-07
1.932068e-07
1.917425e-07
1.903013e-07
1.888832e-07
1.874885e-07
1.861171e-07
1.847692e-07
1.834449e-07
1.821442e-07
1.808672e-07
1.796137e-07
1.783838e-07
1.771774e-07
1.759946e-07
1.748351e-07
1.736989e-07
1.725859e-07
1.714959e-07
1.704288e-07
1.693844e-07
1.683625e-07
1.673630e-07
1.663855e-07
1.654299e-07
1.644959e-07
1.635833e-07
1.626919e-07
1.618212e-07
1.609711e-07
1.601412e-07
1.593313e-07
1.585410e-07
1.577700e-07
1.570179e-07
1.562845e-07
1.555693e-07
1.548721e-07
1.541925e-07
1.535300e-07
1.528844e-07
1.522553e-07
1.516423e-07
1.510450e-07
1.504630e-07
1.498960e-07
1.493436e-07
1.488054e-07
1.482810e-07
1.477700e-07
1.472721e-07
1.467868e-07
1.463138e-07
1.458527e-07
1.454031e-07
1.449647e-07
1.445370e-07
1.441197e-07
1.437124e-07
1.433148e-07
1.429265e-07
1.425471e-07
1.421763e-07
1.418137e-07
1.414590e-07
1.411118e-07
1.407718e-07
1.404387e-07
1.401121e-07
1.397917e-07
1.394772e-07
1.391683e-07
1.388647e-07
1.385661e-07
1.382722e-07
1.379827e-07
1.376972e-07
1.374157e-07
1.371377e-07
1.368631e-07
1.365915e-07
1.363227e-07
1.360566e-07
1.357927e-07
1.355310e-07
1.352712e-07
1.350131e-07
1.347564e-07
1.345010e-07
1.342467e-07
1.339933e-07
1.337405e-07
1.334884e-07
1.332365e-07
1.329849e-07
1.327334e-07
1.324817e-07
1.322299e-07
1.319776e-07
1.317248e-07
1.314714e-07
1.312173e-07
1.309623e-07
1.307063e-07
1.304493e-07
1.301911e-07
1.299317e-07
1.296709e-07
1.294087e-07
1.291451e-07
1.288799e-07
1.286131e-07
1.283446e-07
1.280744e-07
1.278024e-07
1.275286e-07
1.272530e-07
1.269754e-07
1.266960e-07
1.264146e-07
1.261312e-07
1.258459e-07
1.255585e-07
1.252692e-07
1.249778e-07
1.246844e-07
1.243889e-07
1.240915e-07
1.237920e-07
1.234905e-07
1.231870e-07
1.228815e-07
1.225741e-07
1.222647e-07
1.219533e-07
1.216401e-07
1.213250e-07
1.210080e-07
1.206892e-07
1.203685e-07
1.200462e-07
1.197220e-07
1.193962e-07
1.190688e-07
1.187397e-07
1.184090e-07
1.180768e-07
1.177431e-07
1.174080e-07
1.170714e-07
1.167335e-07
1.163942e-07
1.160537e-07
1.157120e-07
1.153690e-07
1.150250e-07
1.146798e-07
1.143336e-07
1.139865e-07
1.136384e-07
1.132893e-07
1.129395e-07
1.125889e-07
1.122375e-07
1.118854e-07
1.115327e-07
1.111794e-07
1.108255e-07
1.104712e-07
1.101164e-07
1.097612e-07
1.094056e-07
1.090498e-07
1.086936e-07
1.083373e-07
1.079808e-07
1.076242e-07
1.072675e-07
1.069108e-07
1.065540e-07
1.061974e-07
1.058408e-07
1.054844e-07
1.051282e-07
1.047722e-07
1.044165e-07
1.040611e-07
1.037060e-07
1.033513e-07
1.029971e-07
1.026433e-07
1.022900e-07
1.019373e-07
1.015852e-07
1.012336e-07
1.008827e-07
1.005325e-07
1.001830e-07
9.983431e-08
9.948637e-08
9.913924e-08
9.879297e-08
9.844758e-08
9.810310e-08
9.775957e-08
9.741701e-08
9.707546e-08
9.673494e-08
9.639549e-08
9.605712e-08
9.571987e-08
9.538377e-08
9.504885e-08
9.471512e-08
9.438262e-08
9.405137e-08
9.372139e-08
9.339272e-08
9.306537e-08
9.273938e-08
9.241476e-08
9.209154e-08
9.176974e-08
9.144938e-08
9.113049e-08
9.081309e-08
9.049720e-08
9.018285e-08
8.987005e-08
8.955882e-08
8.924919e-08
8.894118e-08
8.863481e-08
8.833009e-08
8.802705e-08
8.772571e-08
8.742608e-08
8.712819e-08
8.683205e-08
8.653768e-08
8.624511e-08
8.595434e-08
8.566540e-08
8.537830e-08
8.509307e-08
8.480971e-08
8.452824e-08
8.424869e-08
8.397106e-08
8.369537e-08
8.342165e-08
8.314989e-08
8.288012e-08
8.261235e-08
8.234660e-08
8.208288e-08
8.182120e-08
8.156157e-08
8.130402e-08
8.104855e-08
8.079516e-08
8.054389e-08
8.029473e-08
8.004769e-08
7.980279e-08
7.956004e-08
7.931944e-08
7.908100e-08
7.884474e-08
7.861066e-08
7.837876e-08
7.814906e-08
7.792156e-08
7.769627e-08
7.747319e-08
7.725232e-08
7.703368e-08
7.681725e-08
7.660306e-08
7.639109e-08
7.618135e-08
7.597385e-08
7.576858e-08
7.556553e-08
7.536472e-08
7.516614e-08
7.496978e-08
7.477565e-08
7.458374e-08
7.439404e-08
7.420656e-08
7.402128e-08
7.383820e-08
7.365731e-08
7.347860e-08
7.330207e-08
7.312770e-08
7.295549e-08
7.278543e-08
7.261750e-08
7.245169e-08
7.228798e-08
7.212638e-08
7.196685e-08
7.180939e-08
7.165398e-08
7.150060e-08
7.134924e-08
7.119987e-08
7.105249e-08
7.090706e-08
7.076358e-08
7.062202e-08
7.048235e-08
7.034456e-08
7.020863e-08
7.007452e-08
6.994223e-08
6.981171e-08
6.968296e-08
6.955593e-08
6.943062e-08
6.930698e-08
6.918500e-08
6.906464e-08
6.894588e-08
6.882868e-08
6.871303e-08
6.859889e-08
6.848623e-08
6.837501e-08
6.826522e-08
6.815681e-08
6.804977e-08
6.794404e-08
6.783962e-08
6.773645e-08
6.763451e-08
6.753377e-08
6.743419e-08
6.733574e-08
6.723839e-08
6.714210e-08
6.704685e-08
6.695259e-08
6.685929e-08
6.676692e-08
6.667545e-08
6.658484e-08
6.649506e-08
6.640607e-08
6.631785e-08
6.623035e-08
6.614355e-08
6.605741e-08
6.597190e-08
6.588699e-08
6.580263e-08
6.571881e-08
6.563549e-08
6.555263e-08
6.547021e-08
6.538820e-08
6.530656e-08
6.522526e-08
6.514427e-08
6.506356e-08
6.498311e-08
6.490288e-08
6.482285e-08
6.474299e-08
6.466327e-08
6.458366e-08
6.450413e-08
6.442467e-08
6.434524e-08
6.426582e-08
6.418639e-08
6.410692e-08
6.402739e-08
6.394778e-08
6.386805e-08
6.378821e-08
6.370821e-08
6.362804e-08
6.354769e-08
6.346713e-08
6.338635e-08
6.330532e-08
6.322404e-08
6.314248e-08
6.306063e-08
6.297847e-08
6.289600e-08
6.281319e-08
6.273003e-08
6.264652e-08
6.256264e-08
6.247838e-08
6.239373e-08
6.230869e-08
6.222323e-08
6.213737e-08
6.205108e-08
6.196436e-08
6.187721e-08
6.178961e-08
6.170158e-08
6.161310e-08
6.152417e-08
6.143478e-08
6.134494e-08
6.125465e-08
6.116390e-08
6.107270e-08
6.098104e-08
6.088893e-08
6.079636e-08
6.070335e-08
6.060989e-08
6.051599e-08
6.042166e-08
6.032689e-08
6.023170e-08
6.013608e-08
6.004005e-08
5.994361e-08
5.984677e-08
5.974954e-08
5.965193e-08
5.955394e-08
5.945559e-08
5.935688e-08
5.925783e-08
5.915844e-08
5.905873e-08
5.895870e-08
5.885837e-08
5.875776e-08
5.865687e-08
5.855571e-08
5.845430e-08
5.835266e-08
5.825079e-08
5.814870e-08
5.804642e-08
5.794396e-08
5.784133e-08
5.773855e-08
5.763562e-08
5.753257e-08
5.742941e-08
5.732616e-08
5.722282e-08
5.711942e-08
5.701598e-08
5.691249e-08
5.680899e-08
5.670548e-08
5.660199e-08
5.649852e-08
5.639510e-08
5.629173e-08
5.618844e-08
5.608523e-08
5.598212e-08
5.587914e-08
5.577628e-08
5.567357e-08
5.557103e-08
5.546866e-08
5.536647e-08
5.526450e-08
5.516273e-08
5.506120e-08
5.495991e-08
5.485888e-08
5.475812e-08
5.465764e-08
5.455745e-08
5.445756e-08
5.435800e-08
5.425876e-08
5.415986e-08
5.406130e-08
5.396311e-08
5.386528e-08
5.376783e-08
5.367077e-08
5.357410e-08
5.347783e-08
5.338197e-08
5.328653e-08
5.319151e-08
5.309692e-08
5.300277e-08
5.290906e-08
5.281579e-08
5.272298e-08
5.263061e-08
5.253871e-08
5.244726e-08
5.235628e-08
5.226576e-08
5.217571e-08
5.208612e-08
5.199700e-08
5.190834e-08
5.182015e-08
5.173243e-08
5.164517e-08
5.155836e-08
5.147202e-08
5.138613e-08
5.130070e-08
5.121571e-08
5.113116e-08
5.104705e-08
5.096337e-08
5.088012e-08
5.079729e-08
5.071487e-08
5.063285e-08
5.055123e-08
5.047000e-08
5.038915e-08
5.030866e-08
5.022854e-08
5.014878e-08
5.006935e-08
4.999025e-08
4.991147e-08
4.983300e-08
4.975482e-08
4.967693e-08
4.959931e-08
4.952194e-08
4.944483e-08
4.936794e-08
4.929128e-08
4.921482e-08
4.913855e-08
4.906247e-08
4.898654e-08
4.891077e-08
4.883513e-08
4.875961e-08
4.868419e-08
4.860887e-08
4.853362e-08
4.845844e-08
4.838330e-08
4.830819e-08
4.823310e-08
4.815801e-08
4.808291e-08
4.800778e-08
4.793261e-08
4.785739e-08
4.778209e-08
4.770671e-08
4.763123e-08
4.755564e-08
4.747992e-08
4.740407e-08
4.732806e-08
4.725188e-08
4.717553e-08
4.709899e-08
4.702224e-08
4.694529e-08
4.686810e-08
4.679069e-08
4.671302e-08
4.663511e-08
4.655692e-08
4.647846e-08
4.639972e-08
4.632069e-08
4.624135e-08
4.616171e-08
4.608176e-08
4.600149e-08
4.592089e-08
4.583995e-08
4.575869e-08
4.567708e-08
4.559513e-08
4.551283e-08
4.543018e-08
4.534717e-08
4.526382e-08
4.518010e-08
4.509604e-08
4.501162e-08
4.492684e-08
4.484171e-08
4.475622e-08
4.467039e-08
4.458421e-08
4.449769e-08
4.441083e-08
4.432363e-08
4.423610e-08
4.414825e-08
4.406008e-08
4.397160e-08
4.388281e-08
4.379372e-08
4.370435e-08
4.361469e-08
4.352475e-08
4.343456e-08
4.334411e-08
4.325341e-08
4.316248e-08
4.307133e-08
4.297996e-08
4.288839e-08
4.279664e-08
4.270470e-08
4.261260e-08
4.252034e-08
4.242794e-08
4.233542e-08
4.224278e-08
4.215003e-08
4.205720e-08
4.196429e-08
4.187131e-08
4.177829e-08
4.168523e-08
4.159215e-08
4.149906e-08
4.140597e-08
4.131290e-08
4.121986e-08
4.112686e-08
4.103392e-08
4.094105e-08
4.084826e-08
4.075556e-08
4.066297e-08
4.057050e-08
4.047815e-08
4.038595e-08
4.029390e-08
4.020201e-08
4.011030e-08
4.001876e-08
3.992742e-08
3.983628e-08
3.974535e-08
3.965464e-08
3.956416e-08
3.947390e-08
3.938389e-08
3.929412e-08
3.920461e-08
3.911535e-08
3.902635e-08
3.893762e-08
3.884916e-08
3.876097e-08
3.867305e-08
3.858541e-08
3.849805e-08
3.841097e-08
3.832416e-08
3.823763e-08
3.815137e-08
3.806539e-08
3.797968e-08
3.789424e-08
3.780906e-08
3.772414e-08
3.763948e-08
3.755506e-08
3.747089e-08
3.738696e-08
3.730325e-08
3.721977e-08
3.713650e-08
3.705343e-08
3.697056e-08
3.688787e-08
3.680536e-08
3.672301e-08
3.664082e-08
3.655876e-08
3.647683e-08
3.639502e-08
3.631331e-08
3.623169e-08
3.615014e-08
3.606866e-08
3.598722e-08
3.590582e-08
3.582444e-08
3.574306e-08
3.566166e-08
3.558025e-08
3.549878e-08
3.541726e-08
3.533567e-08
3.525399e-08
3.517220e-08
3.509030e-08
3.500825e-08
3.492606e-08
3.484370e-08
3.476116e-08
3.467842e-08
3.459547e-08
3.451229e-08
3.442887e-08
3.434520e-08
3.426126e-08
3.417704e-08
3.409252e-08
3.400770e-08
3.392256e-08
3.383708e-08
3.375126e-08
3.366509e-08
3.357856e-08
3.349165e-08
3.340436e-08
3.331668e-08
3.322860e-08
3.314012e-08
3.305122e-08
3.296191e-08
3.287217e-08
3.278201e-08
3.269141e-08
3.260038e-08
3.250892e-08
3.241702e-08
3.232468e-08
3.223191e-08
3.213870e-08
3.204506e-08
3.195099e-08
3.185649e-08
3.176158e-08
3.166625e-08
3.157050e-08
3.147436e-08
3.137783e-08
3.128091e-08
3.118362e-08
3.108596e-08
3.098795e-08
3.088961e-08
3.079095e-08
3.069197e-08
3.059270e-08
3.049315e-08
3.039334e-08
3.029329e-08
3.019301e-08
3.009253e-08
2.999187e-08
2.989104e-08
2.979007e-08
2.968899e-08
2.958780e-08
2.948655e-08
2.938525e-08
2.928393e-08
2.918261e-08
2.908132e-08
2.898009e-08
2.887895e-08
2.877792e-08
2.867703e-08
2.857632e-08
2.847580e-08
2.837551e-08
2.827549e-08
2.817575e-08
2.807634e-08
2.797728e-08
2.787860e-08
2.778034e-08
2.768253e-08
2.758519e-08
2.748837e-08
2.739208e-08
2.729637e-08
2.720127e-08
2.710680e-08
2.701301e-08
2.691991e-08
2.682755e-08
2.673595e-08
2.664514e-08
2.655516e-08
2.646603e-08
2.637778e-08
2.629046e-08
2.620407e-08
2.611866e-08
2.603424e-08
2.595086e-08
2.586852e-08
2.578727e-08
2.570713e-08
2.562812e-08
2.555027e-08
2.547360e-08
2.539813e-08
2.532389e-08
2.525089e-08
2.517917e-08
2.510873e-08
2.503961e-08
2.497180e-08
2.490534e-08
2.484024e-08
2.477652e-08
2.471418e-08
2.465325e-08
2.459374e-08
2.453565e-08
2.447899e-08
2.442379e-08
2.437004e-08
2.431775e-08
2.426693e-08
2.421758e-08
2.416972e-08
2.412333e-08
2.407842e-08
2.403500e-08
2.399307e-08
2.395261e-08
2.391364e-08
2.387614e-08
2.384011e-08
2.380555e-08
2.377245e-08
2.374079e-08
2.371059e-08
2.368181e-08
2.365445e-08
2.362851e-08
2.360396e-08
2.358079e-08
2.355899e-08
2.353854e-08
2.351943e-08
2.350163e-08
2.348513e-08
2.346991e-08
2.345595e-08
2.344322e-08
2.343171e-08
2.342139e-08
2.341224e-08
2.340423e-08
2.339733e-08
2.339153e-08
2.338679e-08
2.338310e-08
2.338041e-08
2.337870e-08
2.337794e-08
2.337811e-08
2.337917e-08
2.338109e-08
2.338384e-08
2.338739e-08
2.339171e-08
2.339676e-08
2.340252e-08
2.340894e-08
2.341600e-08
2.342367e-08
2.343190e-08
2.344067e-08
2.344994e-08
2.345968e-08
2.346985e-08
2.348042e-08
2.349136e-08
2.350263e-08
2.351419e-08
2.352602e-08
2.353807e-08
2.355032e-08
2.356273e-08
2.357527e-08
2.358790e-08
2.360060e-08
2.361332e-08
2.362603e-08
2.363871e-08
2.365132e-08
2.366383e-08
2.367620e-08
2.368841e-08
2.370043e-08
2.371222e-08
2.372376e-08
2.373502e-08
2.374596e-08
2.375657e-08
2.376680e-08
2.377664e-08
2.378606e-08
2.379503e-08
2.380352e-08
2.381152e-08
2.381899e-08
2.382591e-08
2.383226e-08
2.383802e-08
2.384316e-08
2.384767e-08
2.385151e-08
2.385468e-08
2.385715e-08
2.385890e-08
2.385992e-08
2.386018e-08
2.385967e-08
2.385837e-08
2.385627e-08
2.385335e-08
2.384960e-08
2.384500e-08
2.383954e-08
2.383321e-08
2.382599e-08
2.381787e-08
2.380885e-08
2.379890e-08
2.378803e-08
2.377622e-08
2.376346e-08
2.374975e-08
2.373507e-08
2.371942e-08
2.370280e-08
2.368519e-08
2.366660e-08
2.364701e-08
2.362642e-08
2.360483e-08
2.358223e-08
2.355862e-08
2.353399e-08
2.350835e-08
2.348169e-08
2.345401e-08
2.342530e-08
2.339557e-08
2.336481e-08
2.333303e-08
2.330022e-08
2.326638e-08
2.323152e-08
2.319563e-08
2.315871e-08
2.312076e-08
2.308179e-08
2.304180e-08
2.300078e-08
2.295874e-08
2.291568e-08
2.287160e-08
2.282650e-08
2.278039e-08
2.273326e-08
2.268512e-08
2.263597e-08
2.258582e-08
2.253465e-08
2.248248e-08
2.242931e-08
2.237514e-08
2.231997e-08
2.226380e-08
2.220664e-08
2.214848e-08
2.208934e-08
2.202921e-08
2.196808e-08
2.190598e-08
2.184289e-08
2.177881e-08
2.171376e-08
2.164773e-08
2.158072e-08
2.151273e-08
2.144377e-08
2.137383e-08
2.130292e-08
2.123104e-08
2.115819e-08
2.108436e-08
2.100957e-08
2.093381e-08
2.085708e-08
2.077938e-08
2.070071e-08
2.062108e-08
2.054048e-08
2.045892e-08
2.037639e-08
2.029290e-08
2.020844e-08
2.012301e-08
2.003662e-08
1.994927e-08
1.986095e-08
1.977167e-08
1.968143e-08
1.959022e-08
1.949805e-08
1.940492e-08
1.931083e-08
1.921578e-08
1.911977e-08
1.902280e-08
1.892487e-08
1.882599e-08
1.872615e-08
1.862536e-08
1.852362e-08
1.842092e-08
1.831728e-08
1.821270e-08
1.810717e-08
1.800070e-08
1.789330e-08
1.778496e-08
1.767570e-08
1.756550e-08
1.745439e-08
1.734236e-08
1.722942e-08
1.711557e-08
1.700082e-08
1.688518e-08
1.676865e-08
1.665124e-08
1.653295e-08
1.641380e-08
1.629379e-08
1.617293e-08
1.605123e-08
1.592870e-08
1.580535e-08
1.568119e-08
1.555623e-08
1.543049e-08
1.530396e-08
1.517667e-08
1.504864e-08
1.491986e-08
1.479036e-08
1.466016e-08
1.452926e-08
1.439768e-08
1.426545e-08
1.413256e-08
1.399905e-08
1.386493e-08
1.373022e-08
1.359494e-08
1.345911e-08
1.332274e-08
1.318585e-08
1.304848e-08
1.291064e-08
1.277234e-08
1.263362e-08
1.249450e-08
1.235500e-08
1.221515e-08
1.207496e-08
1.193446e-08
1.179369e-08
1.165265e-08
1.151139e-08
1.136993e-08
1.122829e-08
1.108650e-08
1.094458e-08
1.080258e-08
1.066051e-08
1.051840e-08
1.037628e-08
1.023418e-08
1.009213e-08
9.950164e-09
9.808303e-09
9.666581e-09
9.525027e-09
9.383670e-09
9.242542e-09
9.101672e-09
8.961091e-09
8.820828e-09
8.680913e-09
8.541378e-09
8.402251e-09
8.263563e-09
8.125343e-09
7.987622e-09
7.850428e-09
7.713792e-09
7.577741e-09
7.442305e-09
7.307511e-09
7.173389e-09
7.039966e-09
6.907270e-09
6.775326e-09
6.644163e-09
6.513805e-09
6.384278e-09
6.255608e-09
6.127818e-09
6.000933e-09
5.874976e-09
5.749970e-09
5.625935e-09
5.502895e-09
5.380868e-09
5.259875e-09
5.139936e-09
5.021067e-09
4.903287e-09
4.786612e-09
4.671058e-09
4.556639e-09
4.443370e-09
4.331263e-09
4.220331e-09
4.110585e-09
4.002035e-09
3.894690e-09
3.788558e-09
3.683646e-09
3.579961e-09
3.477507e-09
3.376289e-09
3.276310e-09
3.177572e-09
3.080075e-09
2.983819e-09
2.888804e-09
2.795026e-09
2.702483e-09
2.611170e-09
2.521082e-09
2.432211e-09
2.344551e-09
2.258093e-09
2.172827e-09
2.088743e-09
2.005828e-09
1.924070e-09
1.843455e-09
1.763969e-09
1.685597e-09
1.608320e-09
1.532123e-09
1.456987e-09
1.382892e-09
1.309819e-09
1.237747e-09
1.166655e-09
1.096519e-09
1.027318e-09
9.590265e-10
8.916215e-10
8.250777e-10
7.593697e-10
6.944713e-10
6.303562e-10
5.669975e-10
5.043678e-10
4.424395e-10
3.811847e-10
3.205750e-10
2.605822e-10
2.011775e-10
1.423323e-10
8.401789e-11
2.620543e-11
-3.113378e-11
-8.802835e-11
-1.445068e-10
-2.005973e-10
-2.563279e-10
-3.117263e-10
-3.668197e-10
-4.216351e-10
-4.761988e-10
-5.305367e-10
-5.846740e-10
-6.386352e-10
-6.924442e-10
-7.461241e-10
-7.996971e-10
-8.531845e-10
-9.066068e-10
-9.599833e-10
-1.013332e-09
-1.066671e-09
-1.120016e-09
-1.173381e-09
-1.226781e-09
-1.280227e-09
-1.333730e-09
-1.387300e-09
-1.440945e-09
-1.494670e-09
-1.548481e-09
-1.602381e-09
-1.656372e-09
-1.710453e-09
-1.764622e-09
-1.818876e-09
-1.873209e-09
-1.927614e-09
-1.982081e-09
-2.036599e-09
-2.091155e-09
-2.145734e-09
-2.200319e-09
-2.254890e-09
-2.309427e-09
-2.363905e-09
-2.418300e-09
-2.472584e-09
-2.526727e-09
-2.580698e-09
-2.634463e-09
-2.687986e-09
-2.741228e-09
-2.794150e-09
-2.846709e-09
-2.898861e-09
-2.950559e-09
-3.001755e-09
-3.052398e-09
-3.102434e-09
-3.151811e-09
-3.200469e-09
-3.248352e-09
-3.295398e-09
-3.341545e-09
-3.386729e-09
-3.430882e-09
-3.473937e-09
-3.515825e-09
-3.556474e-09
-3.595810e-09
-3.633760e-09
-3.670247e-09
-3.705194e-09
-3.738521e-09
-3.770148e-09
-3.799994e-09
-3.827976e-09
-3.854010e-09
-3.878012e-09
-3.899895e-09
-3.919573e-09
-3.936958e-09
-3.951963e-09
-3.964498e-09
-3.974474e-09
-3.981802e-09
-3.986391e-09
-3.988152e-09
-3.986994e-09
-3.982826e-09
-3.975559e-09
-3.965102e-09
-3.951365e-09
-3.934258e-09
-3.913694e-09
-3.889583e-09
-3.861837e-09
-3.830371e-09
-3.795097e-09
-3.755932e-09
-3.712790e-09
-3.665591e-09
-3.614252e-09
-3.558695e-09
-3.498840e-09
-3.434612e-09
-3.365937e-09
-3.292741e-09
-3.214955e-09
-3.132509e-09
-3.045339e-09
-2.953379e-09
-2.856569e-09
-2.754849e-09
-2.648165e-09
-2.536463e-09
-2.419692e-09
-2.297805e-09
-2.170757e-09
-2.038508e-09
-1.901020e-09
-1.758257e-09
-1.610190e-09
-1.456789e-09
-1.298032e-09
-1.133898e-09
-9.643708e-10
-7.894369e-10
-6.090878e-10
-4.233187e-10
-2.321287e-10
-3.552093e-11
1.664971e-10
3.739139e-10
5.867137e-10
8.048763e-10
1.028377e-09
1.257188e-09
1.491275e-09
1.730601e-09
1.975124e-09
2.224797e-09
2.479570e-09
2.739386e-09
3.004186e-09
3.273905e-09
3.548475e-09
3.827821e-09
4.111866e-09
4.400527e-09
4.693717e-09
4.991346e-09
5.293316e-09
5.599529e-09
5.909879e-09
6.224258e-09
6.542553e-09
6.864646e-09
7.190417e-09
7.519740e-09
7.852486e-09
8.188521e-09
8.527708e-09
8.869906e-09
9.214971e-09
9.562755e-09
9.913105e-09
1.026587e-08
1.062088e-08
1.097799e-08
1.133702e-08
1.169781e-08
1.206019e-08
1.242398e-08
1.278901e-08
1.315509e-08
1.352206e-08
1.388972e-08
1.425789e-08
1.462638e-08
1.499500e-08
1.536356e-08
1.573187e-08
1.609973e-08
1.646695e-08
1.683333e-08
1.719867e-08
1.756278e-08
1.792545e-08
1.828649e-08
1.864569e-08
1.900285e-08
1.935778e-08
1.971028e-08
2.006013e-08
2.040715e-08
2.075114e-08
2.109188e-08
2.142920e-08
2.176289e-08
2.209275e-08
2.241860e-08
2.274024e-08
2.305747e-08
2.337011e-08
2.367798e-08
2.398089e-08
2.427865e-08
2.457108e-08
2.485802e-08
2.513927e-08
2.541468e-08
2.568407e-08
2.594728e-08
2.620414e-08
2.645450e-08
2.669820e-08
2.693509e-08
2.716502e-08
2.738784e-08
2.760342e-08
2.781163e-08
2.801233e-08
2.820539e-08
2.839069e-08
2.856811e-08
2.873755e-08
2.889889e-08
2.905203e-08
2.919687e-08
2.933332e-08
2.946129e-08
2.958069e-08
2.969146e-08
2.979351e-08
2.988678e-08
2.997121e-08
3.004675e-08
3.011333e-08
3.017093e-08
3.021949e-08
3.025899e-08
