    0.000000E+00   0.624836E+02   0.000000E+00   0.623139E+02   0.623139E+02   0.000000E+00   0.622827E+02

   0.100000E-01   0.624822E+02   0.188668E-04   0.623125E+02   0.623125E+02  -0.537129E-04   0.622813E+02

   0.200000E-01   0.624807E+02   0.377327E-04   0.623110E+02   0.623110E+02  -0.107423E-03   0.622798E+02

   0.300000E-01   0.624793E+02   0.565977E-04   0.623095E+02   0.623095E+02  -0.161131E-03   0.622784E+02

   0.400000E-01   0.624778E+02   0.754618E-04   0.623081E+02   0.623081E+02  -0.214837E-03   0.622769E+02

   0.500000E-01   0.624764E+02   0.943251E-04   0.623066E+02   0.623066E+02  -0.268539E-03   0.622754E+02

   0.600000E-01   0.624749E+02   0.113187E-03   0.623052E+02   0.623052E+02  -0.322240E-03   0.622740E+02

   0.700000E-01   0.624735E+02   0.132049E-03   0.623037E+02   0.623037E+02  -0.375938E-03   0.622725E+02

   0.800000E-01   0.624720E+02   0.150910E-03   0.623023E+02   0.623023E+02  -0.429633E-03   0.622711E+02

   0.900000E-01   0.624706E+02   0.169769E-03   0.623008E+02   0.623008E+02  -0.483326E-03   0.622696E+02

   0.100000E+00   0.624691E+02   0.188628E-03   0.622993E+02   0.622993E+02  -0.537016E-03   0.622682E+02

   0.110000E+00   0.624676E+02   0.207486E-03   0.622979E+02   0.622979E+02  -0.590704E-03   0.622667E+02

   0.120000E+00   0.624662E+02   0.226343E-03   0.622964E+02   0.622964E+02  -0.644389E-03   0.622652E+02

   0.130000E+00   0.624647E+02   0.245199E-03   0.622950E+02   0.622950E+02  -0.698072E-03   0.622638E+02

   0.140000E+00   0.624633E+02   0.264055E-03   0.622935E+02   0.622935E+02  -0.751753E-03   0.622623E+02

   0.150000E+00   0.624618E+02   0.282909E-03   0.622921E+02   0.622921E+02  -0.805430E-03   0.622609E+02

   0.160000E+00   0.624604E+02   0.301763E-03   0.622906E+02   0.622906E+02  -0.859106E-03   0.622594E+02

   0.170000E+00   0.624589E+02   0.320616E-03   0.622892E+02   0.622892E+02  -0.912779E-03   0.622580E+02

   0.180000E+00   0.624575E+02   0.339467E-03   0.622877E+02   0.622877E+02  -0.966449E-03   0.622565E+02

   0.190000E+00   0.624560E+02   0.358318E-03   0.622863E+02   0.622863E+02  -0.102012E-02   0.622551E+02

   0.200000E+00   0.624545E+02   0.377168E-03   0.622848E+02   0.622848E+02  -0.107378E-02   0.622536E+02

   0.210000E+00   0.624531E+02   0.396018E-03   0.622833E+02   0.622833E+02  -0.112745E-02   0.622522E+02

   0.220000E+00   0.624516E+02   0.414866E-03   0.622819E+02   0.622819E+02  -0.118111E-02   0.622507E+02

   0.230000E+00   0.624502E+02   0.433713E-03   0.622804E+02   0.622804E+02  -0.123476E-02   0.622492E+02

   0.240000E+00   0.624487E+02   0.452560E-03   0.622790E+02   0.622790E+02  -0.128842E-02   0.622478E+02

   0.250000E+00   0.624473E+02   0.471406E-03   0.622775E+02   0.622775E+02  -0.134207E-02   0.622463E+02

   0.260000E+00   0.624429E+02   0.527958E-03   0.622732E+02   0.622732E+02  -0.150305E-02   0.622420E+02

   0.270000E+00   0.624385E+02   0.584503E-03   0.622688E+02   0.622688E+02  -0.166401E-02   0.622376E+02

   0.280000E+00   0.624342E+02   0.641040E-03   0.622644E+02   0.622644E+02  -0.182495E-02   0.622332E+02

   0.290000E+00   0.624298E+02   0.697569E-03   0.622601E+02   0.622601E+02  -0.198586E-02   0.622289E+02

   0.300000E+00   0.624254E+02   0.754091E-03   0.622557E+02   0.622557E+02  -0.214676E-02   0.622245E+02

   0.310000E+00   0.624211E+02   0.810604E-03   0.622513E+02   0.622513E+02  -0.230763E-02   0.622201E+02

   0.320000E+00   0.624167E+02   0.867109E-03   0.622470E+02   0.622470E+02  -0.246847E-02   0.622158E+02

   0.330000E+00   0.624124E+02   0.923607E-03   0.622426E+02   0.622426E+02  -0.262930E-02   0.622114E+02

   0.340000E+00   0.624080E+02   0.980096E-03   0.622382E+02   0.622382E+02  -0.279010E-02   0.622070E+02

   0.350000E+00   0.624036E+02   0.103658E-02   0.622339E+02   0.622339E+02  -0.295088E-02   0.622027E+02

   0.360000E+00   0.623993E+02   0.109305E-02   0.622295E+02   0.622295E+02  -0.311164E-02   0.621983E+02

   0.370000E+00   0.623949E+02   0.114952E-02   0.622252E+02   0.622252E+02  -0.327237E-02   0.621940E+02

   0.380000E+00   0.623905E+02   0.120598E-02   0.622208E+02   0.622208E+02  -0.343308E-02   0.621896E+02

   0.390000E+00   0.623862E+02   0.126243E-02   0.622164E+02   0.622164E+02  -0.359377E-02   0.621852E+02

   0.400000E+00   0.623818E+02   0.131887E-02   0.622121E+02   0.622121E+02  -0.375444E-02   0.621809E+02

   0.410000E+00   0.623775E+02   0.137530E-02   0.622077E+02   0.622077E+02  -0.391509E-02   0.621765E+02

   0.420000E+00   0.623731E+02   0.143173E-02   0.622034E+02   0.622034E+02  -0.407571E-02   0.621721E+02

   0.430000E+00   0.623688E+02   0.148815E-02   0.621990E+02   0.621990E+02  -0.423631E-02   0.621678E+02

   0.440000E+00   0.623644E+02   0.154456E-02   0.621946E+02   0.621946E+02  -0.439688E-02   0.621634E+02

   0.450000E+00   0.623600E+02   0.160096E-02   0.621903E+02   0.621903E+02  -0.455744E-02   0.621591E+02

   0.460000E+00   0.623557E+02   0.165736E-02   0.621859E+02   0.621859E+02  -0.471797E-02   0.621547E+02

   0.470000E+00   0.623513E+02   0.171374E-02   0.621816E+02   0.621816E+02  -0.487848E-02   0.621503E+02

   0.480000E+00   0.623470E+02   0.177012E-02   0.621772E+02   0.621772E+02  -0.503897E-02   0.621460E+02

   0.490000E+00   0.623426E+02   0.182649E-02   0.621728E+02   0.621728E+02  -0.519943E-02   0.621416E+02

   0.500000E+00   0.623382E+02   0.188286E-02   0.621685E+02   0.621685E+02  -0.535988E-02   0.621373E+02

   0.510000E+00   0.623310E+02   0.197685E-02   0.621612E+02   0.621612E+02  -0.562736E-02   0.621300E+02

   0.520000E+00   0.623237E+02   0.207082E-02   0.621540E+02   0.621540E+02  -0.589478E-02   0.621227E+02

   0.530000E+00   0.623165E+02   0.216476E-02   0.621467E+02   0.621467E+02  -0.616214E-02   0.621155E+02

   0.540000E+00   0.623092E+02   0.225869E-02   0.621394E+02   0.621394E+02  -0.642943E-02   0.621082E+02

   0.550000E+00   0.623019E+02   0.235259E-02   0.621322E+02   0.621322E+02  -0.669667E-02   0.621010E+02

   0.560000E+00   0.622947E+02   0.244647E-02   0.621249E+02   0.621249E+02  -0.696384E-02   0.620937E+02

   0.570000E+00   0.622874E+02   0.254033E-02   0.621177E+02   0.621177E+02  -0.723095E-02   0.620864E+02

   0.580000E+00   0.622802E+02   0.263417E-02   0.621104E+02   0.621104E+02  -0.749799E-02   0.620792E+02

   0.590000E+00   0.622729E+02   0.272799E-02   0.621031E+02   0.621031E+02  -0.776498E-02   0.620719E+02

   0.600000E+00   0.622657E+02   0.282178E-02   0.620959E+02   0.620959E+02  -0.803190E-02   0.620647E+02

   0.610000E+00   0.622584E+02   0.291555E-02   0.620886E+02   0.620886E+02  -0.829876E-02   0.620574E+02

   0.620000E+00   0.622511E+02   0.300930E-02   0.620814E+02   0.620814E+02  -0.856556E-02   0.620501E+02

   0.630000E+00   0.622439E+02   0.310303E-02   0.620741E+02   0.620741E+02  -0.883229E-02   0.620429E+02

   0.640000E+00   0.622366E+02   0.319674E-02   0.620669E+02   0.620669E+02  -0.909896E-02   0.620356E+02

   0.650000E+00   0.622294E+02   0.329042E-02   0.620596E+02   0.620596E+02  -0.936557E-02   0.620284E+02

   0.660000E+00   0.622221E+02   0.338409E-02   0.620524E+02   0.620524E+02  -0.963212E-02   0.620211E+02

   0.670000E+00   0.622149E+02   0.347773E-02   0.620451E+02   0.620451E+02  -0.989861E-02   0.620139E+02

   0.680000E+00   0.622076E+02   0.357135E-02   0.620379E+02   0.620379E+02  -0.101650E-01   0.620066E+02

   0.690000E+00   0.622004E+02   0.366494E-02   0.620306E+02   0.620306E+02  -0.104314E-01   0.619994E+02

   0.700000E+00   0.621931E+02   0.375852E-02   0.620234E+02   0.620234E+02  -0.106977E-01   0.619921E+02

   0.710000E+00   0.621859E+02   0.385207E-02   0.620161E+02   0.620161E+02  -0.109639E-01   0.619849E+02

   0.720000E+00   0.621787E+02   0.394561E-02   0.620089E+02   0.620089E+02  -0.112301E-01   0.619776E+02

   0.730000E+00   0.621714E+02   0.403911E-02   0.620016E+02   0.620016E+02  -0.114962E-01   0.619704E+02

   0.740000E+00   0.621642E+02   0.413260E-02   0.619944E+02   0.619944E+02  -0.117623E-01   0.619631E+02

   0.750000E+00   0.621569E+02   0.422607E-02   0.619871E+02   0.619871E+02  -0.120283E-01   0.619559E+02

   0.760000E+00   0.621468E+02   0.435703E-02   0.619770E+02   0.619770E+02  -0.124008E-01   0.619458E+02

   0.770000E+00   0.621367E+02   0.448795E-02   0.619669E+02   0.619669E+02  -0.127732E-01   0.619356E+02

   0.780000E+00   0.621265E+02   0.461883E-02   0.619567E+02   0.619567E+02  -0.131455E-01   0.619255E+02

   0.790000E+00   0.621164E+02   0.474966E-02   0.619466E+02   0.619466E+02  -0.135177E-01   0.619153E+02

   0.800000E+00   0.621062E+02   0.488045E-02   0.619364E+02   0.619364E+02  -0.138898E-01   0.619052E+02

   0.810000E+00   0.620961E+02   0.501120E-02   0.619263E+02   0.619263E+02  -0.142617E-01   0.618951E+02

   0.820000E+00   0.620860E+02   0.514191E-02   0.619162E+02   0.619162E+02  -0.146335E-01   0.618849E+02

   0.830000E+00   0.620759E+02   0.527257E-02   0.619061E+02   0.619061E+02  -0.150052E-01   0.618748E+02

   0.840000E+00   0.620657E+02   0.540319E-02   0.618959E+02   0.618959E+02  -0.153768E-01   0.618647E+02

   0.850000E+00   0.620556E+02   0.553377E-02   0.618858E+02   0.618858E+02  -0.157483E-01   0.618545E+02

   0.860000E+00   0.620455E+02   0.566430E-02   0.618757E+02   0.618757E+02  -0.161196E-01   0.618444E+02

   0.870000E+00   0.620354E+02   0.579479E-02   0.618655E+02   0.618655E+02  -0.164908E-01   0.618343E+02

   0.880000E+00   0.620252E+02   0.592524E-02   0.618554E+02   0.618554E+02  -0.168619E-01   0.618241E+02

   0.890000E+00   0.620151E+02   0.605565E-02   0.618453E+02   0.618453E+02  -0.172329E-01   0.618140E+02

   0.900000E+00   0.620050E+02   0.618601E-02   0.618352E+02   0.618352E+02  -0.176037E-01   0.618039E+02

   0.910000E+00   0.619949E+02   0.631633E-02   0.618251E+02   0.618251E+02  -0.179744E-01   0.617938E+02

   0.920000E+00   0.619848E+02   0.644661E-02   0.618150E+02   0.618149E+02  -0.183450E-01   0.617837E+02

   0.930000E+00   0.619747E+02   0.657685E-02   0.618048E+02   0.618048E+02  -0.187155E-01   0.617736E+02

   0.940000E+00   0.619645E+02   0.670704E-02   0.617947E+02   0.617947E+02  -0.190859E-01   0.617634E+02

   0.950000E+00   0.619544E+02   0.683719E-02   0.617846E+02   0.617846E+02  -0.194561E-01   0.617533E+02

   0.960000E+00   0.619443E+02   0.696730E-02   0.617745E+02   0.617745E+02  -0.198262E-01   0.617432E+02

   0.970000E+00   0.619342E+02   0.709736E-02   0.617644E+02   0.617644E+02  -0.201962E-01   0.617331E+02

   0.980000E+00   0.619241E+02   0.722739E-02   0.617543E+02   0.617543E+02  -0.205661E-01   0.617230E+02

   0.990000E+00   0.619140E+02   0.735736E-02   0.617442E+02   0.617442E+02  -0.209358E-01   0.617129E+02

   0.100000E+01   0.619039E+02   0.748730E-02   0.617341E+02   0.617341E+02  -0.213055E-01   0.617028E+02

   0.101000E+01   0.618909E+02   0.765455E-02   0.617211E+02   0.617211E+02  -0.217810E-01   0.616898E+02

   0.102000E+01   0.618779E+02   0.782173E-02   0.617081E+02   0.617081E+02  -0.222563E-01   0.616768E+02

   0.103000E+01   0.618649E+02   0.798884E-02   0.616951E+02   0.616951E+02  -0.227314E-01   0.616638E+02

   0.104000E+01   0.618520E+02   0.815588E-02   0.616821E+02   0.616821E+02  -0.232063E-01   0.616508E+02

   0.105000E+01   0.618390E+02   0.832285E-02   0.616692E+02   0.616691E+02  -0.236811E-01   0.616378E+02

   0.106000E+01   0.618260E+02   0.848974E-02   0.616562E+02   0.616562E+02  -0.241556E-01   0.616249E+02

   0.107000E+01   0.618130E+02   0.865657E-02   0.616432E+02   0.616432E+02  -0.246299E-01   0.616119E+02

   0.108000E+01   0.618001E+02   0.882333E-02   0.616302E+02   0.616302E+02  -0.251040E-01   0.615989E+02

   0.109000E+01   0.617871E+02   0.899001E-02   0.616173E+02   0.616173E+02  -0.255779E-01   0.615859E+02

   0.110000E+01   0.617741E+02   0.915663E-02   0.616043E+02   0.616043E+02  -0.260517E-01   0.615730E+02

   0.111000E+01   0.617612E+02   0.932317E-02   0.615913E+02   0.615913E+02  -0.265252E-01   0.615600E+02

   0.112000E+01   0.617482E+02   0.948965E-02   0.615784E+02   0.615784E+02  -0.269985E-01   0.615470E+02

   0.113000E+01   0.617353E+02   0.965605E-02   0.615654E+02   0.615654E+02  -0.274716E-01   0.615341E+02

   0.114000E+01   0.617223E+02   0.982239E-02   0.615525E+02   0.615525E+02  -0.279445E-01   0.615211E+02

   0.115000E+01   0.617094E+02   0.998865E-02   0.615395E+02   0.615395E+02  -0.284172E-01   0.615082E+02

   0.116000E+01   0.616964E+02   0.101548E-01   0.615266E+02   0.615266E+02  -0.288898E-01   0.614952E+02

   0.117000E+01   0.616835E+02   0.103210E-01   0.615136E+02   0.615136E+02  -0.293621E-01   0.614823E+02

   0.118000E+01   0.616705E+02   0.104870E-01   0.615007E+02   0.615007E+02  -0.298342E-01   0.614693E+02

   0.119000E+01   0.616576E+02   0.106530E-01   0.614877E+02   0.614877E+02  -0.303061E-01   0.614564E+02

   0.120000E+01   0.616446E+02   0.108189E-01   0.614748E+02   0.614748E+02  -0.307779E-01   0.614434E+02

   0.121000E+01   0.616317E+02   0.109848E-01   0.614618E+02   0.614618E+02  -0.312494E-01   0.614305E+02

   0.122000E+01   0.616188E+02   0.111505E-01   0.614489E+02   0.614489E+02  -0.317207E-01   0.614175E+02

   0.123000E+01   0.616058E+02   0.113162E-01   0.614360E+02   0.614360E+02  -0.321918E-01   0.614046E+02

   0.124000E+01   0.615929E+02   0.114819E-01   0.614230E+02   0.614230E+02  -0.326627E-01   0.613917E+02

   0.125000E+01   0.615800E+02   0.116474E-01   0.614101E+02   0.614101E+02  -0.331335E-01   0.613787E+02

   0.126000E+01   0.615642E+02   0.118501E-01   0.613943E+02   0.613943E+02  -0.337092E-01   0.613629E+02

   0.127000E+01   0.615484E+02   0.120526E-01   0.613785E+02   0.613785E+02  -0.342847E-01   0.613471E+02

   0.128000E+01   0.615326E+02   0.122550E-01   0.613627E+02   0.613627E+02  -0.348599E-01   0.613313E+02

   0.129000E+01   0.615168E+02   0.124574E-01   0.613469E+02   0.613469E+02  -0.354347E-01   0.613155E+02

   0.130000E+01   0.615010E+02   0.126596E-01   0.613312E+02   0.613312E+02  -0.360093E-01   0.612998E+02

   0.131000E+01   0.614853E+02   0.128617E-01   0.613154E+02   0.613154E+02  -0.365836E-01   0.612840E+02

   0.132000E+01   0.614695E+02   0.130637E-01   0.612996E+02   0.612996E+02  -0.371575E-01   0.612682E+02

   0.133000E+01   0.614537E+02   0.132656E-01   0.612838E+02   0.612838E+02  -0.377312E-01   0.612524E+02

   0.134000E+01   0.614379E+02   0.134674E-01   0.612681E+02   0.612680E+02  -0.383046E-01   0.612366E+02

   0.135000E+01   0.614222E+02   0.136691E-01   0.612523E+02   0.612523E+02  -0.388777E-01   0.612209E+02

   0.136000E+01   0.614064E+02   0.138707E-01   0.612365E+02   0.612365E+02  -0.394505E-01   0.612051E+02

   0.137000E+01   0.613907E+02   0.140722E-01   0.612208E+02   0.612208E+02  -0.400230E-01   0.611894E+02

   0.138000E+01   0.613749E+02   0.142736E-01   0.612050E+02   0.612050E+02  -0.405952E-01   0.611736E+02

   0.139000E+01   0.613592E+02   0.144749E-01   0.611893E+02   0.611893E+02  -0.411671E-01   0.611578E+02

   0.140000E+01   0.613434E+02   0.146761E-01   0.611735E+02   0.611735E+02  -0.417387E-01   0.611421E+02

   0.141000E+01   0.613277E+02   0.148771E-01   0.611578E+02   0.611578E+02  -0.423100E-01   0.611264E+02

   0.142000E+01   0.613120E+02   0.150781E-01   0.611421E+02   0.611420E+02  -0.428810E-01   0.611106E+02

   0.143000E+01   0.612962E+02   0.152790E-01   0.611263E+02   0.611263E+02  -0.434517E-01   0.610949E+02

   0.144000E+01   0.612805E+02   0.154797E-01   0.611106E+02   0.611106E+02  -0.440221E-01   0.610791E+02

   0.145000E+01   0.612648E+02   0.156804E-01   0.610949E+02   0.610948E+02  -0.445922E-01   0.610634E+02

   0.146000E+01   0.612491E+02   0.158809E-01   0.610792E+02   0.610791E+02  -0.451621E-01   0.610477E+02

   0.147000E+01   0.612333E+02   0.160814E-01   0.610634E+02   0.610634E+02  -0.457316E-01   0.610320E+02

   0.148000E+01   0.612176E+02   0.162817E-01   0.610477E+02   0.610477E+02  -0.463008E-01   0.610163E+02

   0.149000E+01   0.612019E+02   0.164820E-01   0.610320E+02   0.610320E+02  -0.468698E-01   0.610005E+02

   0.150000E+01   0.611862E+02   0.166821E-01   0.610163E+02   0.610163E+02  -0.474384E-01   0.609848E+02

   0.151000E+01   0.611677E+02   0.169190E-01   0.609977E+02   0.609977E+02  -0.481110E-01   0.609663E+02

   0.152000E+01   0.611491E+02   0.171558E-01   0.609792E+02   0.609792E+02  -0.487833E-01   0.609477E+02

   0.153000E+01   0.611306E+02   0.173924E-01   0.609606E+02   0.609606E+02  -0.494551E-01   0.609291E+02

   0.154000E+01   0.611120E+02   0.176289E-01   0.609421E+02   0.609421E+02  -0.501265E-01   0.609106E+02

   0.155000E+01   0.610935E+02   0.178653E-01   0.609235E+02   0.609235E+02  -0.507975E-01   0.608920E+02

   0.156000E+01   0.610749E+02   0.181015E-01   0.609050E+02   0.609050E+02  -0.514681E-01   0.608735E+02

   0.157000E+01   0.610564E+02   0.183375E-01   0.608865E+02   0.608864E+02  -0.521382E-01   0.608550E+02

   0.158000E+01   0.610379E+02   0.185734E-01   0.608680E+02   0.608679E+02  -0.528080E-01   0.608364E+02

   0.159000E+01   0.610194E+02   0.188092E-01   0.608494E+02   0.608494E+02  -0.534773E-01   0.608179E+02

   0.160000E+01   0.610009E+02   0.190448E-01   0.608309E+02   0.608309E+02  -0.541462E-01   0.607994E+02

   0.161000E+01   0.609823E+02   0.192803E-01   0.608124E+02   0.608124E+02  -0.548148E-01   0.607809E+02

   0.162000E+01   0.609639E+02   0.195156E-01   0.607939E+02   0.607939E+02  -0.554829E-01   0.607624E+02

   0.163000E+01   0.609454E+02   0.197508E-01   0.607754E+02   0.607754E+02  -0.561506E-01   0.607439E+02

   0.164000E+01   0.609269E+02   0.199859E-01   0.607569E+02   0.607569E+02  -0.568179E-01   0.607254E+02

   0.165000E+01   0.609084E+02   0.202208E-01   0.607384E+02   0.607384E+02  -0.574847E-01   0.607069E+02

   0.166000E+01   0.608899E+02   0.204555E-01   0.607200E+02   0.607199E+02  -0.581512E-01   0.606884E+02

   0.167000E+01   0.608714E+02   0.206901E-01   0.607015E+02   0.607014E+02  -0.588173E-01   0.606699E+02

   0.168000E+01   0.608530E+02   0.209246E-01   0.606830E+02   0.606830E+02  -0.594829E-01   0.606515E+02

   0.169000E+01   0.608345E+02   0.211589E-01   0.606645E+02   0.606645E+02  -0.601482E-01   0.606330E+02

   0.170000E+01   0.608161E+02   0.213931E-01   0.606461E+02   0.606461E+02  -0.608130E-01   0.606145E+02

   0.171000E+01   0.607976E+02   0.216271E-01   0.606276E+02   0.606276E+02  -0.614774E-01   0.605961E+02

   0.172000E+01   0.607792E+02   0.218610E-01   0.606092E+02   0.606092E+02  -0.621414E-01   0.605776E+02

   0.173000E+01   0.607607E+02   0.220947E-01   0.605908E+02   0.605907E+02  -0.628050E-01   0.605592E+02

   0.174000E+01   0.607423E+02   0.223283E-01   0.605723E+02   0.605723E+02  -0.634682E-01   0.605407E+02

   0.175000E+01   0.607239E+02   0.225618E-01   0.605539E+02   0.605538E+02  -0.641310E-01   0.605223E+02

   0.176000E+01   0.607026E+02   0.228317E-01   0.605326E+02   0.605326E+02  -0.648966E-01   0.605010E+02

   0.177000E+01   0.606813E+02   0.231014E-01   0.605113E+02   0.605113E+02  -0.656616E-01   0.604798E+02

   0.178000E+01   0.606601E+02   0.233710E-01   0.604901E+02   0.604901E+02  -0.664261E-01   0.604585E+02

   0.179000E+01   0.606388E+02   0.236403E-01   0.604688E+02   0.604688E+02  -0.671900E-01   0.604373E+02

   0.180000E+01   0.606176E+02   0.239094E-01   0.604476E+02   0.604476E+02  -0.679534E-01   0.604160E+02

   0.181000E+01   0.605964E+02   0.241784E-01   0.604264E+02   0.604263E+02  -0.687162E-01   0.603948E+02

   0.182000E+01   0.605751E+02   0.244471E-01   0.604051E+02   0.604051E+02  -0.694785E-01   0.603735E+02

   0.183000E+01   0.605539E+02   0.247157E-01   0.603839E+02   0.603839E+02  -0.702403E-01   0.603523E+02

   0.184000E+01   0.605327E+02   0.249841E-01   0.603627E+02   0.603627E+02  -0.710015E-01   0.603311E+02

   0.185000E+01   0.605115E+02   0.252523E-01   0.603415E+02   0.603415E+02  -0.717622E-01   0.603099E+02

   0.186000E+01   0.604903E+02   0.255203E-01   0.603203E+02   0.603203E+02  -0.725223E-01   0.602887E+02

   0.187000E+01   0.604691E+02   0.257881E-01   0.602991E+02   0.602991E+02  -0.732819E-01   0.602675E+02

   0.188000E+01   0.604480E+02   0.260557E-01   0.602779E+02   0.602779E+02  -0.740409E-01   0.602463E+02

   0.189000E+01   0.604268E+02   0.263231E-01   0.602568E+02   0.602567E+02  -0.747994E-01   0.602251E+02

   0.190000E+01   0.604056E+02   0.265903E-01   0.602356E+02   0.602355E+02  -0.755574E-01   0.602039E+02

   0.191000E+01   0.603845E+02   0.268574E-01   0.602144E+02   0.602144E+02  -0.763148E-01   0.601828E+02

   0.192000E+01   0.603633E+02   0.271242E-01   0.601933E+02   0.601932E+02  -0.770717E-01   0.601616E+02

   0.193000E+01   0.603422E+02   0.273909E-01   0.601721E+02   0.601721E+02  -0.778280E-01   0.601405E+02

   0.194000E+01   0.603210E+02   0.276573E-01   0.601510E+02   0.601509E+02  -0.785838E-01   0.601193E+02

   0.195000E+01   0.602999E+02   0.279236E-01   0.601299E+02   0.601298E+02  -0.793391E-01   0.600982E+02

   0.196000E+01   0.602788E+02   0.281897E-01   0.601087E+02   0.601087E+02  -0.800938E-01   0.600771E+02

   0.197000E+01   0.602577E+02   0.284556E-01   0.600876E+02   0.600876E+02  -0.808480E-01   0.600559E+02

   0.198000E+01   0.602366E+02   0.287213E-01   0.600665E+02   0.600665E+02  -0.816017E-01   0.600348E+02

   0.199000E+01   0.602155E+02   0.289869E-01   0.600454E+02   0.600454E+02  -0.823548E-01   0.600137E+02

   0.200000E+01   0.601944E+02   0.292522E-01   0.600243E+02   0.600243E+02  -0.831074E-01   0.599926E+02

   0.205000E+01   0.600749E+02   0.307567E-01   0.599049E+02   0.599048E+02  -0.873702E-01   0.598731E+02

   0.210000E+01   0.599557E+02   0.322552E-01   0.597856E+02   0.597855E+02  -0.916158E-01   0.597539E+02

   0.215000E+01   0.598367E+02   0.337475E-01   0.596666E+02   0.596665E+02  -0.958441E-01   0.596348E+02

   0.220000E+01   0.597180E+02   0.352338E-01   0.595479E+02   0.595478E+02  -0.100055E+00   0.595160E+02

   0.225000E+01   0.595995E+02   0.367141E-01   0.594293E+02   0.594292E+02  -0.104249E+00   0.593975E+02

   0.230000E+01   0.594672E+02   0.383671E-01   0.592970E+02   0.592969E+02  -0.108927E+00   0.592652E+02

   0.235000E+01   0.593352E+02   0.400126E-01   0.591650E+02   0.591649E+02  -0.113584E+00   0.591331E+02

   0.240000E+01   0.592035E+02   0.416506E-01   0.590333E+02   0.590332E+02  -0.118219E+00   0.590014E+02

   0.245000E+01   0.590721E+02   0.432811E-01   0.589019E+02   0.589018E+02  -0.122833E+00   0.588699E+02

   0.250000E+01   0.589410E+02   0.449041E-01   0.587708E+02   0.587707E+02  -0.127426E+00   0.587388E+02

   0.255000E+01   0.587963E+02   0.466963E-01   0.586261E+02   0.586259E+02  -0.132491E+00   0.585940E+02

   0.260000E+01   0.586520E+02   0.484794E-01   0.584817E+02   0.584815E+02  -0.137530E+00   0.584496E+02

   0.265000E+01   0.585080E+02   0.502534E-01   0.583377E+02   0.583375E+02  -0.142544E+00   0.583056E+02

   0.270000E+01   0.583644E+02   0.520184E-01   0.581941E+02   0.581939E+02  -0.147532E+00   0.581619E+02

   0.275000E+01   0.582211E+02   0.537745E-01   0.580508E+02   0.580506E+02  -0.152495E+00   0.580185E+02

   0.280000E+01   0.580644E+02   0.556957E-01   0.578941E+02   0.578938E+02  -0.157916E+00   0.578618E+02

   0.285000E+01   0.579082E+02   0.576062E-01   0.577378E+02   0.577375E+02  -0.163307E+00   0.577055E+02

   0.290000E+01   0.577524E+02   0.595059E-01   0.575819E+02   0.575817E+02  -0.168668E+00   0.575496E+02

   0.295000E+01   0.575970E+02   0.613951E-01   0.574265E+02   0.574262E+02  -0.173999E+00   0.573941E+02

   0.300000E+01   0.574420E+02   0.632736E-01   0.572715E+02   0.572712E+02  -0.179300E+00   0.572391E+02

   0.305000E+01   0.572738E+02   0.653130E-01   0.571033E+02   0.571030E+02  -0.185045E+00   0.570708E+02

   0.310000E+01   0.571061E+02   0.673399E-01   0.569356E+02   0.569353E+02  -0.190755E+00   0.569030E+02

   0.315000E+01   0.569389E+02   0.693544E-01   0.567684E+02   0.567680E+02  -0.196431E+00   0.567358E+02

   0.320000E+01   0.567722E+02   0.713565E-01   0.566017E+02   0.566013E+02  -0.202071E+00   0.565690E+02

   0.325000E+01   0.566060E+02   0.733463E-01   0.564354E+02   0.564350E+02  -0.207677E+00   0.564027E+02

   0.330000E+01   0.564269E+02   0.754924E-01   0.562562E+02   0.562558E+02  -0.213712E+00   0.562235E+02

   0.335000E+01   0.562483E+02   0.776242E-01   0.560776E+02   0.560772E+02  -0.219707E+00   0.560448E+02

   0.340000E+01   0.560703E+02   0.797417E-01   0.558996E+02   0.558991E+02  -0.225662E+00   0.558667E+02

   0.345000E+01   0.558928E+02   0.818451E-01   0.557221E+02   0.557216E+02  -0.231577E+00   0.556892E+02

   0.350000E+01   0.557159E+02   0.839343E-01   0.555452E+02   0.555446E+02  -0.237452E+00   0.555122E+02

   0.355000E+01   0.555263E+02   0.861750E-01   0.553555E+02   0.553549E+02  -0.243742E+00   0.553224E+02

   0.360000E+01   0.553373E+02   0.883995E-01   0.551665E+02   0.551659E+02  -0.249985E+00   0.551334E+02

   0.365000E+01   0.551490E+02   0.906078E-01   0.549782E+02   0.549775E+02  -0.256183E+00   0.549450E+02

   0.370000E+01   0.549613E+02   0.928001E-01   0.547904E+02   0.547898E+02  -0.262337E+00   0.547572E+02

   0.375000E+01   0.547743E+02   0.949764E-01   0.546034E+02   0.546027E+02  -0.268445E+00   0.545701E+02

   0.380000E+01   0.545748E+02   0.972991E-01   0.544038E+02   0.544031E+02  -0.274951E+00   0.543705E+02

   0.385000E+01   0.543760E+02   0.996035E-01   0.542050E+02   0.542042E+02  -0.281405E+00   0.541716E+02

   0.390000E+01   0.541780E+02   0.101890E+00   0.540070E+02   0.540061E+02  -0.287809E+00   0.539734E+02

   0.395000E+01   0.539806E+02   0.104158E+00   0.538096E+02   0.538087E+02  -0.294163E+00   0.537760E+02

   0.400000E+01   0.537840E+02   0.106409E+00   0.536130E+02   0.536121E+02  -0.300466E+00   0.535793E+02

   0.405000E+01   0.535752E+02   0.108800E+00   0.534041E+02   0.534032E+02  -0.307150E+00   0.533704E+02

   0.410000E+01   0.533673E+02   0.111172E+00   0.531961E+02   0.531951E+02  -0.313777E+00   0.531623E+02

   0.415000E+01   0.531601E+02   0.113523E+00   0.529889E+02   0.529879E+02  -0.320348E+00   0.529550E+02

   0.420000E+01   0.529537E+02   0.115855E+00   0.527825E+02   0.527814E+02  -0.326863E+00   0.527485E+02

   0.425000E+01   0.527482E+02   0.118166E+00   0.525769E+02   0.525758E+02  -0.333323E+00   0.525429E+02

   0.430000E+01   0.525307E+02   0.120613E+00   0.523594E+02   0.523582E+02  -0.340145E+00   0.523253E+02

   0.435000E+01   0.523141E+02   0.123038E+00   0.521428E+02   0.521416E+02  -0.346905E+00   0.521086E+02

   0.440000E+01   0.520984E+02   0.125441E+00   0.519271E+02   0.519258E+02  -0.353604E+00   0.518928E+02

   0.445000E+01   0.518837E+02   0.127822E+00   0.517123E+02   0.517109E+02  -0.360241E+00   0.516779E+02

   0.450000E+01   0.516698E+02   0.130181E+00   0.514983E+02   0.514969E+02  -0.366818E+00   0.514638E+02

   0.455000E+01   0.514442E+02   0.132669E+00   0.512728E+02   0.512713E+02  -0.373738E+00   0.512382E+02

   0.460000E+01   0.512197E+02   0.135134E+00   0.510482E+02   0.510467E+02  -0.380592E+00   0.510135E+02

   0.465000E+01   0.509962E+02   0.137574E+00   0.508246E+02   0.508230E+02  -0.387378E+00   0.507898E+02

   0.470000E+01   0.507736E+02   0.139991E+00   0.506020E+02   0.506003E+02  -0.394097E+00   0.505671E+02

   0.475000E+01   0.505520E+02   0.142384E+00   0.503804E+02   0.503786E+02  -0.400751E+00   0.503454E+02

   0.480000E+01   0.503191E+02   0.144901E+00   0.501474E+02   0.501456E+02  -0.407730E+00   0.501124E+02

   0.485000E+01   0.500873E+02   0.147391E+00   0.499155E+02   0.499137E+02  -0.414635E+00   0.498804E+02

   0.490000E+01   0.498565E+02   0.149855E+00   0.496847E+02   0.496828E+02  -0.421469E+00   0.496494E+02

   0.495000E+01   0.496268E+02   0.152294E+00   0.494550E+02   0.494530E+02  -0.428231E+00   0.494196E+02

   0.500000E+01   0.493982E+02   0.154706E+00   0.492263E+02   0.492242E+02  -0.434921E+00   0.491908E+02

   0.510000E+01   0.489201E+02   0.159739E+00   0.487481E+02   0.487459E+02  -0.448836E+00   0.487124E+02

   0.520000E+01   0.484466E+02   0.164659E+00   0.482745E+02   0.482721E+02  -0.462440E+00   0.482386E+02

   0.530000E+01   0.479659E+02   0.169608E+00   0.477937E+02   0.477912E+02  -0.476101E+00   0.477576E+02

   0.540000E+01   0.474782E+02   0.174578E+00   0.473060E+02   0.473032E+02  -0.489799E+00   0.472696E+02

   0.550000E+01   0.469956E+02   0.179430E+00   0.468232E+02   0.468203E+02  -0.503169E+00   0.467866E+02

   0.560000E+01   0.464948E+02   0.184429E+00   0.463223E+02   0.463192E+02  -0.516903E+00   0.462855E+02

   0.570000E+01   0.459994E+02   0.189301E+00   0.458268E+02   0.458235E+02  -0.530287E+00   0.457897E+02

   0.580000E+01   0.454979E+02   0.194178E+00   0.453252E+02   0.453217E+02  -0.543660E+00   0.452878E+02

   0.590000E+01   0.449907E+02   0.199052E+00   0.448179E+02   0.448141E+02  -0.557001E+00   0.447802E+02

   0.600000E+01   0.444891E+02   0.203793E+00   0.443162E+02   0.443123E+02  -0.569977E+00   0.442783E+02

   0.610000E+01   0.439712E+02   0.208649E+00   0.437981E+02   0.437940E+02  -0.583219E+00   0.437600E+02

   0.620000E+01   0.434592E+02   0.213365E+00   0.432861E+02   0.432817E+02  -0.596075E+00   0.432477E+02

   0.630000E+01   0.429425E+02   0.218061E+00   0.427692E+02   0.427646E+02  -0.608854E+00   0.427305E+02

   0.640000E+01   0.424212E+02   0.222731E+00   0.422478E+02   0.422429E+02  -0.621537E+00   0.422088E+02

   0.650000E+01   0.419062E+02   0.227255E+00   0.417328E+02   0.417276E+02  -0.633822E+00   0.416934E+02

   0.660000E+01   0.413766E+02   0.231862E+00   0.412030E+02   0.411975E+02  -0.646278E+00   0.411633E+02

   0.670000E+01   0.408537E+02   0.236315E+00   0.406800E+02   0.406742E+02  -0.658318E+00   0.406400E+02

   0.680000E+01   0.403271E+02   0.240727E+00   0.401533E+02   0.401472E+02  -0.670219E+00   0.401130E+02

   0.690000E+01   0.397972E+02   0.245091E+00   0.396232E+02   0.396169E+02  -0.681963E+00   0.395826E+02

   0.700000E+01   0.392743E+02   0.249298E+00   0.391002E+02   0.390936E+02  -0.693283E+00   0.390592E+02

   0.710000E+01   0.387384E+02   0.253555E+00   0.385642E+02   0.385572E+02  -0.704684E+00   0.385229E+02

   0.720000E+01   0.382099E+02   0.257649E+00   0.380355E+02   0.380282E+02  -0.715644E+00   0.379938E+02

   0.730000E+01   0.376789E+02   0.261681E+00   0.375043E+02   0.374967E+02  -0.726410E+00   0.374623E+02

   0.740000E+01   0.371457E+02   0.265645E+00   0.369710E+02   0.369630E+02  -0.736965E+00   0.369286E+02

   0.750000E+01   0.366200E+02   0.269444E+00   0.364452E+02   0.364369E+02  -0.747077E+00   0.364025E+02

   0.760000E+01   0.360832E+02   0.273261E+00   0.359082E+02   0.358995E+02  -0.757183E+00   0.358651E+02

   0.770000E+01   0.355542E+02   0.276908E+00   0.353791E+02   0.353700E+02  -0.766833E+00   0.353356E+02

   0.780000E+01   0.350238E+02   0.280473E+00   0.348486E+02   0.348392E+02  -0.776240E+00   0.348048E+02

   0.790000E+01   0.344925E+02   0.283953E+00   0.343171E+02   0.343072E+02  -0.785389E+00   0.342728E+02

   0.800000E+01   0.339691E+02   0.287262E+00   0.337936E+02   0.337834E+02  -0.794082E+00   0.337490E+02

   0.810000E+01   0.334363E+02   0.290559E+00   0.332606E+02   0.332500E+02  -0.802693E+00   0.332156E+02

   0.820000E+01   0.329118E+02   0.293681E+00   0.327360E+02   0.327250E+02  -0.810839E+00   0.326906E+02

   0.830000E+01   0.323871E+02   0.296707E+00   0.322110E+02   0.321996E+02  -0.818700E+00   0.321653E+02

   0.840000E+01   0.318623E+02   0.299629E+00   0.316861E+02   0.316743E+02  -0.826266E+00   0.316400E+02

   0.850000E+01   0.313461E+02   0.302380E+00   0.311698E+02   0.311575E+02  -0.833371E+00   0.311232E+02

   0.860000E+01   0.308219E+02   0.305090E+00   0.306454E+02   0.306328E+02  -0.840325E+00   0.305985E+02

   0.870000E+01   0.303065E+02   0.307624E+00   0.301299E+02   0.301168E+02  -0.846814E+00   0.300825E+02

   0.880000E+01   0.297919E+02   0.310048E+00   0.296151E+02   0.296016E+02  -0.852986E+00   0.295673E+02

   0.890000E+01   0.292782E+02   0.312356E+00   0.291012E+02   0.290873E+02  -0.858832E+00   0.290531E+02

   0.900000E+01   0.287734E+02   0.314492E+00   0.285963E+02   0.285819E+02  -0.864223E+00   0.285478E+02

   0.910000E+01   0.282623E+02   0.316561E+00   0.280850E+02   0.280701E+02  -0.869402E+00   0.280360E+02

   0.920000E+01   0.277602E+02   0.318458E+00   0.275828E+02   0.275675E+02  -0.874125E+00   0.275334E+02

   0.930000E+01   0.272598E+02   0.320233E+00   0.270822E+02   0.270664E+02  -0.878508E+00   0.270324E+02

   0.940000E+01   0.267613E+02   0.321881E+00   0.265835E+02   0.265673E+02  -0.882543E+00   0.265333E+02

   0.950000E+01   0.262719E+02   0.323362E+00   0.260940E+02   0.260773E+02  -0.886138E+00   0.260434E+02

   0.960000E+01   0.257777E+02   0.324754E+00   0.255995E+02   0.255823E+02  -0.889470E+00   0.255485E+02

   0.970000E+01   0.252927E+02   0.325978E+00   0.251144E+02   0.250968E+02  -0.892363E+00   0.250630E+02

   0.980000E+01   0.248103E+02   0.327071E+00   0.246318E+02   0.246137E+02  -0.894902E+00   0.245800E+02

   0.990000E+01   0.243305E+02   0.328032E+00   0.241518E+02   0.241332E+02  -0.897082E+00   0.240996E+02

   0.100000E+02   0.238600E+02   0.328832E+00   0.236812E+02   0.236621E+02  -0.898843E+00   0.236286E+02

   0.105000E+02   0.215536E+02   0.330819E+00   0.213739E+02   0.213525E+02  -0.902289E+00   0.213195E+02

   0.110000E+02   0.193664E+02   0.329316E+00   0.191858E+02   0.191621E+02  -0.896644E+00   0.191296E+02

   0.115000E+02   0.173091E+02   0.324395E+00   0.171276E+02   0.171016E+02  -0.882282E+00   0.170698E+02

   0.120000E+02   0.153901E+02   0.316194E+00   0.152077E+02   0.151795E+02  -0.859759E+00   0.151485E+02

   0.125000E+02   0.136150E+02   0.304920E+00   0.134318E+02   0.134016E+02  -0.829799E+00   0.133714E+02

   0.130000E+02   0.119871E+02   0.290837E+00   0.118030E+02   0.117711E+02  -0.793255E+00   0.117418E+02

   0.135000E+02   0.105072E+02   0.274260E+00   0.103224E+02   0.102889E+02  -0.751095E+00   0.102606E+02

   0.140000E+02   0.917409E+01   0.255546E+00   0.898849E+01   0.895386E+01  -0.704358E+00   0.892659E+01

   0.145000E+02   0.798445E+01   0.235079E+00   0.779814E+01   0.776263E+01  -0.654129E+00   0.773645E+01

   0.150000E+02   0.693328E+01   0.213267E+00   0.674632E+01   0.671027E+01  -0.601510E+00   0.668522E+01

   0.160000E+02   0.521913E+01   0.167282E+00   0.503103E+01   0.499500E+01  -0.493398E+00   0.497226E+01

   0.170000E+02   0.396638E+01   0.120877E+00   0.377738E+01   0.374276E+01  -0.388052E+00   0.372234E+01

   0.180000E+02   0.309824E+01   0.770487E-01   0.290855E+01   0.287659E+01  -0.292125E+00   0.285841E+01

   0.190000E+02   0.253409E+01   0.382672E-01   0.234392E+01   0.231557E+01  -0.210417E+00   0.229948E+01

   0.200000E+02   0.219607E+01   0.631331E-02   0.200556E+01   0.198141E+01  -0.145660E+00   0.196722E+01

   0.210000E+02   0.201414E+01  -0.177946E-01   0.182335E+01   0.180359E+01  -0.985752E-01   0.179110E+01

   0.220000E+02   0.192938E+01  -0.337902E-01   0.173833E+01   0.172275E+01  -0.681303E-01   0.171175E+01

   0.230000E+02   0.189566E+01  -0.420751E-01   0.170427E+01   0.169233E+01  -0.519652E-01   0.168262E+01

   0.240000E+02   0.187975E+01  -0.435792E-01   0.168790E+01   0.167880E+01  -0.468897E-01   0.167024E+01

   0.250000E+02   0.186027E+01  -0.395898E-01   0.166778E+01   0.166059E+01  -0.493897E-01   0.165306E+01

   0.260000E+02   0.182583E+01  -0.315717E-01   0.163249E+01   0.162623E+01  -0.560762E-01   0.161968E+01

   0.270000E+02   0.177268E+01  -0.210006E-01   0.157826E+01   0.157203E+01  -0.640319E-01   0.156645E+01

   0.280000E+02   0.170233E+01  -0.922599E-02   0.150662E+01   0.149965E+01  -0.710328E-01   0.149506E+01

   0.290000E+02   0.161932E+01   0.262502E-02   0.142214E+01   0.141389E+01  -0.756373E-01   0.141034E+01

   0.300000E+02   0.152941E+01   0.137005E-01   0.133062E+01   0.132076E+01  -0.771615E-01   0.131831E+01

   0.310000E+02   0.143824E+01   0.234345E-01   0.123774E+01   0.122617E+01  -0.755654E-01   0.122487E+01

   0.320000E+02   0.135040E+01   0.315239E-01   0.114818E+01   0.113498E+01  -0.712839E-01   0.113488E+01

   0.330000E+02   0.126912E+01   0.378810E-01   0.106524E+01   0.105061E+01  -0.650382E-01   0.105175E+01

   0.340000E+02   0.119616E+01   0.425749E-01   0.990717E+00   0.974947E+00  -0.576569E-01   0.977353E+00

   0.350000E+02   0.113202E+01   0.457706E-01   0.925186E+00   0.908583E+00  -0.499286E-01   0.912273E+00

   0.360000E+02   0.107626E+01   0.476758E-01   0.868265E+00   0.851111E+00  -0.424994E-01   0.856102E+00

   0.370000E+02   0.102791E+01   0.485010E-01   0.819011E+00   0.801527E+00  -0.358185E-01   0.807842E+00

   0.380000E+02   0.985788E+00   0.484343E-01   0.776254E+00   0.758581E+00  -0.301273E-01   0.766262E+00

   0.390000E+02   0.948741E+00   0.476310E-01   0.738851E+00   0.721042E+00  -0.254820E-01   0.730155E+00

   0.400000E+02   0.915834E+00   0.462145E-01   0.705855E+00   0.687884E+00  -0.217983E-01   0.698523E+00

   0.410000E+02   0.886407E+00   0.442853E-01   0.676578E+00   0.658355E+00  -0.189045E-01   0.670646E+00

   0.420000E+02   0.860067E+00   0.419323E-01   0.650589E+00   0.631981E+00  -0.165933E-01   0.646074E+00

   0.430000E+02   0.836623E+00   0.392436E-01   0.627651E+00   0.608505E+00  -0.146641E-01   0.624570E+00

   0.440000E+02   0.816006E+00   0.363140E-01   0.607643E+00   0.587805E+00  -0.129528E-01   0.606016E+00

   0.450000E+02   0.798173E+00   0.332470E-01   0.590470E+00   0.569803E+00  -0.113464E-01   0.590327E+00

   0.460000E+02   0.783039E+00   0.301530E-01   0.575994E+00   0.554390E+00  -0.978663E-02   0.577372E+00

   0.470000E+02   0.770427E+00   0.271434E-01   0.563991E+00   0.541379E+00  -0.826301E-02   0.566927E+00

   0.480000E+02   0.760044E+00   0.243236E-01   0.554131E+00   0.530474E+00  -0.680137E-02   0.558650E+00

   0.490000E+02   0.751490E+00   0.217853E-01   0.545984E+00   0.521281E+00  -0.544953E-02   0.552092E+00

   0.500000E+02   0.744280E+00   0.196010E-01   0.539046E+00   0.513326E+00  -0.426363E-02   0.546722E+00

   0.510000E+02   0.737880E+00   0.178211E-01   0.532773E+00   0.506090E+00  -0.329663E-02   0.541966E+00

   0.520000E+02   0.731749E+00   0.164733E-01   0.526625E+00   0.499050E+00  -0.258962E-02   0.537252E+00

   0.530000E+02   0.725378E+00   0.155652E-01   0.520101E+00   0.491713E+00  -0.216615E-02   0.532054E+00

   0.540000E+02   0.718327E+00   0.150871E-01   0.512773E+00   0.483657E+00  -0.202921E-02   0.525922E+00

   0.550000E+02   0.710247E+00   0.150166E-01   0.504309E+00   0.474546E+00  -0.216036E-02   0.518516E+00

   0.560000E+02   0.700897E+00   0.153222E-01   0.494487E+00   0.464149E+00  -0.252074E-02   0.509610E+00

   0.570000E+02   0.690151E+00   0.159650E-01   0.483199E+00   0.452345E+00  -0.305364E-02   0.499107E+00

   0.580000E+02   0.677998E+00   0.169008E-01   0.470446E+00   0.439119E+00  -0.368842E-02   0.487027E+00

   0.590000E+02   0.664525E+00   0.180794E-01   0.456330E+00   0.424555E+00  -0.434583E-02   0.473494E+00

   0.600000E+02   0.649912E+00   0.194444E-01   0.441037E+00   0.408819E+00  -0.494439E-02   0.458724E+00

   0.610000E+02   0.634404E+00   0.209328E-01   0.424819E+00   0.392141E+00  -0.540749E-02   0.442997E+00

   0.620000E+02   0.618293E+00   0.224756E-01   0.407972E+00   0.374797E+00  -0.567067E-02   0.426635E+00

   0.630000E+02   0.601893E+00   0.240001E-01   0.390811E+00   0.357089E+00  -0.568816E-02   0.409978E+00

   0.640000E+02   0.585519E+00   0.254333E-01   0.373655E+00   0.339318E+00  -0.543801E-02   0.393364E+00

   0.650000E+02   0.569467E+00   0.267071E-01   0.356799E+00   0.321775E+00  -0.492481E-02   0.377101E+00

   0.660000E+02   0.553994E+00   0.277645E-01   0.340507E+00   0.304714E+00  -0.417964E-02   0.361459E+00

   0.670000E+02   0.539307E+00   0.285651E-01   0.324989E+00   0.288351E+00  -0.325690E-02   0.346651E+00

   0.680000E+02   0.525557E+00   0.290904E-01   0.310404E+00   0.272844E+00  -0.222825E-02   0.332829E+00

   0.690000E+02   0.512832E+00   0.293469E-01   0.296848E+00   0.258299E+00  -0.117427E-02   0.320081E+00

   0.700000E+02   0.501163E+00   0.293666E-01   0.284361E+00   0.244765E+00  -0.174923E-03   0.308432E+00

   0.710000E+02   0.490531E+00   0.292048E-01   0.272931E+00   0.232244E+00   0.700129E-03   0.297857E+00

   0.720000E+02   0.480877E+00   0.289351E-01   0.262504E+00   0.220693E+00   0.140005E-02   0.288286E+00

   0.730000E+02   0.472112E+00   0.286423E-01   0.252995E+00   0.210040E+00   0.189907E-02   0.279617E+00

   0.740000E+02   0.464132E+00   0.284136E-01   0.244301E+00   0.200195E+00   0.219971E-02   0.271734E+00

   0.750000E+02   0.456829E+00   0.283292E-01   0.236310E+00   0.191056E+00   0.233251E-02   0.264514E+00

   0.760000E+02   0.450099E+00   0.284545E-01   0.228914E+00   0.182524E+00   0.235245E-02   0.257840E+00

   0.770000E+02   0.443852E+00   0.288325E-01   0.222013E+00   0.174510E+00   0.233248E-02   0.251609E+00

   0.780000E+02   0.438014E+00   0.294801E-01   0.215523E+00   0.166937E+00   0.235505E-02   0.245737E+00

   0.790000E+02   0.432528E+00   0.303860E-01   0.209379E+00   0.159744E+00   0.250276E-02   0.240157E+00

   0.800000E+02   0.427354E+00   0.315130E-01   0.203528E+00   0.152883E+00   0.284923E-02   0.234827E+00

   0.810000E+02   0.422462E+00   0.328015E-01   0.197935E+00   0.146322E+00   0.345136E-02   0.229716E+00

   0.820000E+02   0.417833E+00   0.341763E-01   0.192576E+00   0.140037E+00   0.434374E-02   0.224807E+00

   0.830000E+02   0.413450E+00   0.355543E-01   0.187434E+00   0.134007E+00   0.553577E-02   0.220092E+00

   0.840000E+02   0.409297E+00   0.368524E-01   0.182496E+00   0.128217E+00   0.701175E-02   0.215564E+00

   0.850000E+02   0.405356E+00   0.379954E-01   0.177749E+00   0.122648E+00   0.873357E-02   0.211216E+00

   0.860000E+02   0.401605E+00   0.389224E-01   0.173182E+00   0.117278E+00   0.106457E-01   0.207038E+00

   0.870000E+02   0.398019E+00   0.395915E-01   0.168780E+00   0.112084E+00   0.126818E-01   0.203019E+00

   0.880000E+02   0.394570E+00   0.399821E-01   0.164530E+00   0.107038E+00   0.147713E-01   0.199142E+00

   0.890000E+02   0.391233E+00   0.400951E-01   0.160416E+00   0.102115E+00   0.168468E-01   0.195394E+00

   0.900000E+02   0.387985E+00   0.399511E-01   0.156425E+00   0.972898E-01   0.188499E-01   0.191758E+00

   0.910000E+02   0.384811E+00   0.395868E-01   0.152548E+00   0.925418E-01   0.207352E-01   0.188223E+00

   0.920000E+02   0.381700E+00   0.390499E-01   0.148777E+00   0.878580E-01   0.224731E-01   0.184783E+00

   0.930000E+02   0.378654E+00   0.383942E-01   0.145111E+00   0.832333E-01   0.240502E-01   0.181439E+00

   0.940000E+02   0.375682E+00   0.376736E-01   0.141551E+00   0.786713E-01   0.254678E-01   0.178196E+00

   0.950000E+02   0.372800E+00   0.369375E-01   0.138106E+00   0.741835E-01   0.267394E-01   0.175067E+00

   0.960000E+02   0.370030E+00   0.362265E-01   0.134781E+00   0.697878E-01   0.278861E-01   0.172065E+00

   0.970000E+02   0.367393E+00   0.355701E-01   0.131584E+00   0.655058E-01   0.289331E-01   0.169207E+00

   0.980000E+02   0.364910E+00   0.349845E-01   0.128522E+00   0.613594E-01   0.299046E-01   0.166504E+00

   0.990000E+02   0.362597E+00   0.344732E-01   0.125596E+00   0.573679E-01   0.308206E-01   0.163963E+00

   0.100000E+03   0.360461E+00   0.340272E-01   0.122802E+00   0.535444E-01   0.316937E-01   0.161581E+00

   0.101000E+03   0.358498E+00   0.336282E-01   0.120130E+00   0.498931E-01   0.325279E-01   0.159347E+00

   0.102000E+03   0.356693E+00   0.332502E-01   0.117563E+00   0.464076E-01   0.333178E-01   0.157234E+00

   0.103000E+03   0.355020E+00   0.328631E-01   0.115078E+00   0.430704E-01   0.340497E-01   0.155208E+00

   0.104000E+03   0.353447E+00   0.324362E-01   0.112650E+00   0.398527E-01   0.347035E-01   0.153225E+00

   0.105000E+03   0.351930E+00   0.319404E-01   0.110249E+00   0.367165E-01   0.352550E-01   0.151232E+00

   0.106000E+03   0.350426E+00   0.313512E-01   0.107849E+00   0.336171E-01   0.356788E-01   0.149175E+00

   0.107000E+03   0.348892E+00   0.306505E-01   0.105423E+00   0.305062E-01   0.359514E-01   0.147000E+00

   0.108000E+03   0.347289E+00   0.298279E-01   0.102953E+00   0.273361E-01   0.360535E-01   0.144659E+00

   0.109000E+03   0.345586E+00   0.288814E-01   0.100427E+00   0.240633E-01   0.359719E-01   0.142113E+00

   0.110000E+03   0.343765E+00   0.278173E-01   0.978431E-01   0.206524E-01   0.357008E-01   0.139336E+00

   0.111000E+03   0.341818E+00   0.266495E-01   0.952080E-01   0.170785E-01   0.352422E-01   0.136318E+00

   0.112000E+03   0.339753E+00   0.253985E-01   0.925381E-01   0.133301E-01   0.346051E-01   0.133063E+00

   0.113000E+03   0.337588E+00   0.240903E-01   0.898583E-01   0.940983E-02   0.338047E-01   0.129593E+00

   0.114000E+03   0.335355E+00   0.227548E-01   0.871998E-01   0.533415E-02   0.328607E-01   0.125946E+00

   0.115000E+03   0.333093E+00   0.214239E-01   0.845985E-01   0.113261E-02   0.317954E-01   0.122172E+00

   0.116000E+03   0.330848E+00   0.201304E-01   0.820926E-01  -0.315446E-02   0.306318E-01   0.118329E+00

   0.117000E+03   0.328669E+00   0.189062E-01   0.797199E-01  -0.747873E-02   0.293918E-01   0.114481E+00

   0.118000E+03   0.326601E+00   0.177811E-01   0.775158E-01  -0.117871E-01   0.280951E-01   0.110695E+00

   0.119000E+03   0.324688E+00   0.167818E-01   0.755118E-01  -0.160251E-01   0.267583E-01   0.107033E+00

   0.120000E+03   0.322967E+00   0.159309E-01   0.737343E-01  -0.201402E-01   0.253942E-01   0.103550E+00

   0.121000E+03   0.321466E+00   0.152462E-01   0.722037E-01  -0.240844E-01   0.240124E-01   0.100292E+00

   0.122000E+03   0.320205E+00   0.147400E-01   0.709348E-01  -0.278167E-01   0.226199E-01   0.972938E-01

   0.123000E+03   0.319193E+00   0.144192E-01   0.699372E-01  -0.313043E-01   0.212214E-01   0.945745E-01

   0.124000E+03   0.318430E+00   0.142849E-01   0.692160E-01  -0.345230E-01   0.198207E-01   0.921403E-01

   0.125000E+03   0.317907E+00   0.143323E-01   0.687731E-01  -0.374573E-01   0.184215E-01   0.899828E-01

   0.126000E+03   0.317607E+00   0.145510E-01   0.686083E-01  -0.400997E-01   0.170277E-01   0.880811E-01

   0.127000E+03   0.317508E+00   0.149255E-01   0.687200E-01  -0.424493E-01   0.156444E-01   0.864024E-01

   0.128000E+03   0.317581E+00   0.154355E-01   0.691059E-01  -0.445103E-01   0.142775E-01   0.849043E-01

   0.129000E+03   0.317794E+00   0.160565E-01   0.697635E-01  -0.462913E-01   0.129333E-01   0.835368E-01

   0.130000E+03   0.318114E+00   0.167606E-01   0.706897E-01  -0.478033E-01   0.116182E-01   0.822443E-01

   0.131000E+03   0.318504E+00   0.175174E-01   0.718806E-01  -0.490601E-01   0.103374E-01   0.809673E-01

   0.132000E+03   0.318927E+00   0.182950E-01   0.733303E-01  -0.500774E-01   0.909440E-02   0.796446E-01

   0.133000E+03   0.319346E+00   0.190612E-01   0.750304E-01  -0.508734E-01   0.788998E-02   0.782148E-01

   0.134000E+03   0.319726E+00   0.197843E-01   0.769693E-01  -0.514699E-01   0.672161E-02   0.766183E-01

   0.135000E+03   0.320034E+00   0.204343E-01   0.791311E-01  -0.518930E-01   0.558329E-02   0.747988E-01

   0.136000E+03   0.320239E+00   0.209842E-01   0.814957E-01  -0.521739E-01   0.446584E-02   0.727051E-01

   0.137000E+03   0.320318E+00   0.214107E-01   0.840395E-01  -0.523505E-01   0.335767E-02   0.702932E-01

   0.138000E+03   0.320253E+00   0.216953E-01   0.867356E-01  -0.524668E-01   0.224601E-02   0.675282E-01

   0.139000E+03   0.320035E+00   0.218250E-01   0.895560E-01  -0.525732E-01   0.111860E-02   0.643862E-01

   0.140000E+03   0.319669E+00   0.217925E-01   0.924731E-01  -0.527250E-01  -0.344579E-04   0.608568E-01

   0.141000E+03   0.319168E+00   0.215969E-01   0.954623E-01  -0.529800E-01  -0.121888E-02   0.569444E-01

   0.142000E+03   0.318563E+00   0.212431E-01   0.985039E-01  -0.533964E-01  -0.243454E-02   0.526692E-01

   0.143000E+03   0.317896E+00   0.207417E-01   0.101585E+00  -0.540288E-01  -0.367436E-02   0.480682E-01

   0.144000E+03   0.317222E+00   0.201083E-01   0.104702E+00  -0.549249E-01  -0.492391E-02   0.431937E-01

   0.145000E+03   0.316607E+00   0.193618E-01   0.107859E+00  -0.561222E-01  -0.616187E-02   0.381121E-01

   0.146000E+03   0.316125E+00   0.185236E-01   0.111066E+00  -0.576447E-01  -0.736154E-02   0.329003E-01

   0.147000E+03   0.315848E+00   0.176155E-01   0.114341E+00  -0.595017E-01  -0.849316E-02   0.276413E-01

   0.148000E+03   0.315850E+00   0.166578E-01   0.117703E+00  -0.616868E-01  -0.952712E-02   0.224195E-01

   0.149000E+03   0.316191E+00   0.156678E-01   0.121169E+00  -0.641789E-01  -0.104376E-01   0.173148E-01

   0.150000E+03   0.316919E+00   0.146578E-01   0.124748E+00  -0.669450E-01  -0.112062E-01   0.123976E-01

   0.151000E+03   0.318062E+00   0.136343E-01   0.128441E+00  -0.699438E-01  -0.118256E-01   0.772467E-02

   0.152000E+03   0.319630E+00   0.125969E-01   0.132230E+00  -0.731309E-01  -0.123017E-01   0.333656E-02

   0.153000E+03   0.321611E+00   0.115388E-01   0.136085E+00  -0.764642E-01  -0.126549E-01  -0.742368E-03

   0.154000E+03   0.323979E+00   0.104473E-01   0.139954E+00  -0.799100E-01  -0.129198E-01  -0.450118E-02

   0.155000E+03   0.326698E+00   0.930604E-02   0.143776E+00  -0.834477E-01  -0.131426E-01  -0.793676E-02

   0.156000E+03   0.329735E+00   0.809704E-02   0.147476E+00  -0.870740E-01  -0.133767E-01  -0.110455E-01

   0.157000E+03   0.333071E+00   0.680412E-02   0.150982E+00  -0.908052E-01  -0.136774E-01  -0.138135E-01

   0.158000E+03   0.336713E+00   0.541617E-02   0.154225E+00  -0.946770E-01  -0.140946E-01  -0.162055E-01

   0.159000E+03   0.340708E+00   0.393053E-02   0.157155E+00  -0.987429E-01  -0.146656E-01  -0.181548E-01

   0.160000E+03   0.345148E+00   0.235580E-02   0.159748E+00  -0.103070E+00  -0.154087E-01  -0.195563E-01

   0.161000E+03   0.350179E+00   0.713836E-03   0.162015E+00  -0.107732E+00  -0.163172E-01  -0.202620E-01

   0.162000E+03   0.355998E+00  -0.959619E-03   0.164003E+00  -0.112804E+00  -0.173570E-01  -0.200838E-01

   0.163000E+03   0.362840E+00  -0.261570E-02   0.165800E+00  -0.118352E+00  -0.184660E-01  -0.188008E-01

   0.164000E+03   0.370965E+00  -0.419489E-02   0.167527E+00  -0.124424E+00  -0.195573E-01  -0.161749E-01

   0.165000E+03   0.380633E+00  -0.563104E-02   0.169332E+00  -0.131048E+00  -0.205255E-01  -0.119711E-01

   0.166000E+03   0.392073E+00  -0.685666E-02   0.171375E+00  -0.138219E+00  -0.212565E-01  -0.598315E-02

   0.167000E+03   0.405450E+00  -0.780910E-02   0.173810E+00  -0.145898E+00  -0.216384E-01   0.193794E-02

   0.168000E+03   0.420835E+00  -0.843697E-02   0.176767E+00  -0.154013E+00  -0.215746E-01   0.118566E-01

   0.169000E+03   0.438172E+00  -0.870615E-02   0.180340E+00  -0.162454E+00  -0.209954E-01   0.237278E-01

   0.170000E+03   0.457261E+00  -0.860472E-02   0.184560E+00  -0.171081E+00  -0.198690E-01   0.373793E-01

   0.171000E+03   0.477745E+00  -0.814613E-02   0.189396E+00  -0.179725E+00  -0.182086E-01   0.525028E-01

   0.172000E+03   0.499112E+00  -0.737013E-02   0.194741E+00  -0.188200E+00  -0.160754E-01   0.686562E-01

   0.173000E+03   0.520714E+00  -0.634129E-02   0.200422E+00  -0.196306E+00  -0.135774E-01   0.852793E-01

   0.174000E+03   0.541794E+00  -0.514492E-02   0.206203E+00  -0.203840E+00  -0.108626E-01   0.101719E+00

   0.175000E+03   0.561533E+00  -0.388085E-02   0.211806E+00  -0.210605E+00  -0.810793E-02   0.117270E+00

   0.176000E+03   0.579101E+00  -0.265543E-02   0.216932E+00  -0.216419E+00  -0.550472E-02   0.131215E+00

   0.176250E+03   0.583060E+00  -0.236749E-02   0.218104E+00  -0.217704E+00  -0.490003E-02   0.134370E+00

   0.176500E+03   0.586823E+00  -0.209005E-02   0.219224E+00  -0.218918E+00  -0.431953E-02   0.137371E+00

   0.176750E+03   0.590378E+00  -0.182463E-02   0.220287E+00  -0.220057E+00  -0.376595E-02   0.140211E+00

   0.177000E+03   0.593714E+00  -0.157264E-02   0.221288E+00  -0.221121E+00  -0.324192E-02   0.142878E+00

   0.177250E+03   0.596823E+00  -0.133544E-02   0.222225E+00  -0.222106E+00  -0.274992E-02   0.145366E+00

   0.177500E+03   0.599693E+00  -0.111431E-02   0.223094E+00  -0.223012E+00  -0.229231E-02   0.147666E+00

   0.177750E+03   0.602318E+00  -0.910453E-03   0.223890E+00  -0.223836E+00  -0.187129E-02   0.149770E+00

   0.178000E+03   0.604689E+00  -0.724967E-03   0.224612E+00  -0.224578E+00  -0.148889E-02   0.151672E+00

   0.178250E+03   0.606799E+00  -0.558857E-03   0.225256E+00  -0.225235E+00  -0.114696E-02   0.153365E+00

   0.178500E+03   0.608640E+00  -0.413024E-03   0.225819E+00  -0.225808E+00  -0.847170E-03   0.154844E+00

   0.178750E+03   0.610208E+00  -0.288260E-03   0.226299E+00  -0.226294E+00  -0.590971E-03   0.156104E+00

   0.179000E+03   0.611498E+00  -0.185242E-03   0.226695E+00  -0.226693E+00  -0.379619E-03   0.157141E+00

   0.179250E+03   0.612505E+00  -0.104531E-03   0.227004E+00  -0.227004E+00  -0.214149E-03   0.157951E+00

   0.179500E+03   0.613227E+00  -0.465635E-04   0.227226E+00  -0.227226E+00  -0.953726E-04   0.158531E+00

   0.179750E+03   0.613661E+00  -0.116567E-04   0.227360E+00  -0.227360E+00  -0.238725E-04   0.158880E+00

   0.180000E+03   0.613805E+00   0.000000E+00   0.227405E+00  -0.227405E+00   0.000000E+00   0.158996E+00