0	58.1309755	1.19E-16	57.98261925	57.98261925	5.32E-17	57.98306494
0.25	58.09978269	-7.59E-05	57.95142587	57.95142586	0.001067869	57.95184738
0.5	58.00629719	-0.00030268	57.85793861	57.85793845	0.004265321	57.8582876
0.75	57.85079729	-0.00067779	57.70243569	57.70243488	0.009573929	57.70266391
1	57.63374544	-0.001196929	57.48537947	57.48537689	0.016963113	57.48543877
1.25	57.35578615	-0.001854148	57.2074143	57.20740802	0.026390343	57.2072567
1.5	57.01774315	-0.0026419	56.8693637	56.86935074	0.037801404	56.86894144
1.75	56.62061566	-0.003551106	56.47222667	56.47220278	0.051130757	56.47149227
2	56.16557398	-0.004571243	56.01717322	56.01713271	0.066301955	56.01607953
2.25	55.65395425	-0.005690447	55.50553917	55.50547474	0.083228134	55.50403947
2.5	55.08725257	-0.006895622	54.93882028	54.93872285	0.101812578	54.9368683
2.75	54.46711836	-0.00817257	54.31866558	54.31852415	0.121949331	54.31621562
3	53.79534712	-0.009506119	53.64687016	53.64667175	0.143523879	53.64387715
3.25	53.07387259	-0.010880275	52.92536729	52.92509682	0.166413875	52.92178691
3.5	52.30475827	-0.012278369	52.15622001	52.15586027	0.19048992	52.15200876
3.75	51.49018853	-0.013683219	51.3416122	51.34114379	0.215616378	51.33672753
4	50.6324592	-0.015077295	50.48383916	50.48324054	0.24165223	50.47823956
4.25	49.73396772	-0.016442883	49.5852978	49.58454528	0.268451959	49.57894294
4.5	48.79720299	-0.017762256	48.64847646	48.6475443	0.295866453	48.6413273
4.75	47.82473485	-0.019017844	47.67594444	47.67480493	0.32374393	47.66796337
5	46.8192034	-0.020192404	46.67034127	46.66896481	0.351930873	46.66149224
5.25	45.78330804	-0.021269181	45.63436577	45.63272107	0.380272965	45.62461444
5.5	44.71979643	-0.022232075	44.57076503	44.56881928	0.408616028	44.56007891
5.75	43.63145337	-0.023065789	43.48232329	43.48004231	0.436806942	43.47067188
6	42.52108965	-0.023755985	42.37185078	42.36919929	0.464694563	42.35920572
6.25	41.39153094	-0.024289417	41.24217264	41.23911448	0.492130609	41.22850786
6.5	40.24560686	-0.024654064	40.09611794	40.09261633	0.518970519	40.08140981
6.75	39.08614004	-0.024839246	38.93650881	38.93252665	0.545074287	38.92073627
7	37.91593557	-0.024835732	37.76614984	37.76164999	0.570307251	37.74929455
7.25	36.73777057	-0.02463583	36.5878177	36.58276328	0.594540835	36.56986419
7.5	35.55438418	-0.02423347	35.40425107	35.39860579	0.617653258	35.38518684
7.75	34.36846778	-0.023624265	34.21814097	34.21186942	0.639530171	34.19795662
8	33.18265575	-0.022805562	33.03212139	33.02518939	0.660065253	33.01081073
8.25	31.99951659	-0.021776473	31.8487605	31.84113542	0.679160743	31.82632068
8.5	30.8215445	-0.020537896	30.67055224	30.66220329	0.696727906	30.64698377
8.75	29.65115156	-0.019092515	29.49990841	29.49080699	0.71268744	29.47521531
9	28.49066035	-0.017444783	28.33915144	28.32927142	0.726969815	28.31334124
9.25	27.34229725	-0.015600899	27.19050752	27.17982554	0.73951554	27.16359135
9.5	26.20818622	-0.013568754	26.05610054	26.04459628	0.750275366	26.02809312
9.75	25.0903433	-0.011357877	24.9379465	24.92560292	0.759210422	24.90886618
10	23.99067168	-0.008979355	23.8379486	23.8247522	0.766292275	23.80781732
10.25	22.91095742	-0.00644575	22.75789295	22.74383398	0.771502924	22.72673624
10.5	21.85286584	-0.003770993	21.69944498	21.68451763	0.774834737	21.66729192
10.75	20.81793849	-0.000970273	20.66414645	20.64834897	0.776290305	20.63102956
11	19.8075909	0.001940086	19.65341311	19.63674801	0.775882248	19.61936829
11.25	18.82311088	0.004942763	18.66853304	18.65100712	0.773632954	18.63359948
11.5	17.86565743	0.008019574	17.7106656	17.69229009	0.769574261	17.67488564
11.75	16.93626041	0.011151631	16.78084105	16.76163158	0.763747082	16.74426
12	16.0358207	0.014319486	15.87996071	15.85993736	0.756200985	15.84262675
12.25	15.16511099	0.017503298	15.00879779	14.98798504	0.746993722	14.97076173
12.5	14.32477719	0.020682993	14.16799874	14.14642542	0.736190713	14.12931386
12.75	13.51534032	0.023838423	13.3580852	13.33578438	0.7238645	13.318807
13	12.73719897	0.026949536	12.5794564	12.55646528	0.710094157	12.53964241
13.25	11.99063226	0.029996531	11.83239216	11.80875189	0.69496468	11.79210165
13.5	11.2758032	0.032960026	11.11705622	11.09281174	0.678566347	11.07634998
13.75	10.59276257	0.035821201	10.43350015	10.40869992	0.660994061	10.39244018
14	9.941453145	0.03856196	9.78166753	9.756363323	0.642346681	9.740316802
14.25	9.32171427	0.041165062	9.161398545	9.135645169	0.622726337	9.119820699
14.5	8.733286804	0.043614266	8.572434927	8.546289916	0.602237749	8.530693982
14.75	8.175818315	0.04589445	8.014425139	7.987948442	0.580987543	7.972585197
15	7.648868539	0.047991727	7.486929832	7.460183471	0.559083571	7.445054784
15.25	7.151915047	0.049893554	6.989427507	6.962475225	0.536634238	6.947580734
15.5	6.68435908	0.051588822	6.521320349	6.494227241	0.513747854	6.479564429
15.75	6.245531528	0.053067936	6.081940199	6.054772332	0.490531992	6.040336614
16	5.834698999	0.054322884	5.670554615	5.643378641	0.467092874	5.62916347
16.25	5.451069948	0.055347293	5.286373002	5.259255764	0.443534786	5.245252747
16.5	5.093800831	0.056136464	4.92855276	4.901560897	0.419959511	4.887759923
16.75	4.762002252	0.056687405	4.596205427	4.569404976	0.396465809	4.555794358
17	4.454745062	0.05699884	4.288402767	4.261858776	0.373148919	4.248425398
17.25	4.171066381	0.05707121	4.004182798	3.977958935	0.350100106	3.964688416
17.5	3.909975521	0.056906655	3.742555701	3.71671388	0.327406246	3.703590737
17.75	3.670459764	0.056508987	3.5025096	3.477109613	0.305149449	3.464117437
18	3.45148999	0.055883651	3.283016182	3.258115348	0.283406727	3.245236979
18.25	3.252026108	0.055037666	3.083036126	3.058688957	0.262249706	3.045906669
18.5	3.071022293	0.053979564	2.901524334	2.877782217	0.241744381	2.865077899
18.75	2.907431977	0.052719309	2.737434921	2.714345823	0.221950914	2.701701168
19	2.760212613	0.051268211	2.589725973	2.567334168	0.202923478	2.554730854
19.25	2.628330164	0.049638831	2.457364034	2.435709851	0.184710144	2.423129729
19.5	2.51076332	0.04784487	2.33932832	2.318447922	0.167352813	2.305873194
19.75	2.406507431	0.045901063	2.234614649	2.214539838	0.15088719	2.201953236
20	2.314578146	0.043823051	2.142239077	2.122997123	0.135342793	2.11038208
20.25	2.234014743	0.041627264	2.061241228	2.04285473	0.120743012	2.030195551
20.5	2.163883164	0.039330785	1.990687323	1.973174102	0.107105198	1.960456115
20.75	2.103278731	0.036951221	1.929672901	1.913045913	0.094440789	1.90025563
21	2.051328557	0.034506565	1.877325225	1.861592517	0.082755472	1.848717771
21.25	2.007193657	0.032015063	1.832805392	1.817970077	0.072049373	1.805000156
21.5	1.970070744	0.029495078	1.795310128	1.781370397	0.062317282	1.768296169
21.75	1.939193735	0.026964954	1.7640733	1.751022457	0.053548893	1.737836478
22	1.913834962	0.024442885	1.738367121	1.726193649	0.045729077	1.712890269
22.25	1.893306105	0.021946785	1.717503087	1.706190744	0.038838176	1.692766188
22.5	1.876958846	0.019494167	1.700832633	1.690360566	0.032852306	1.676813017
22.75	1.864185268	0.017102021	1.687747531	1.678090426	0.027743683	1.664420082
23	1.854417998	0.014786699	1.677680037	1.668808286	0.023480958	1.655017412
23.25	1.847130122	0.012563814	1.670102811	1.661982697	0.020029562	1.648075665
23.5	1.841834872	0.010448137	1.6645286	1.657122514	0.017352058	1.643105821
23.75	1.838085105	0.008453509	1.660509728	1.653776396	0.015408492	1.639658676
24	1.835472598	0.006592756	1.657637389	1.651532118	0.014156753	1.637324139
24.25	1.833627159	0.004877621	1.655540766	1.650015703	0.013552927	1.635730352
24.5	1.832215583	0.003318695	1.653885985	1.648890397	0.013551645	1.634542646
24.75	1.83094046	0.00192537	1.652374937	1.647855491	0.014106428	1.63346236
25	1.829538862	0.000705789	1.650743959	1.64664502	0.015170027	1.632225521
25.25	1.827780914	-0.000333182	1.648762418	1.645026349	0.016694743	1.630601418
25.5	1.825468271	-0.001185979	1.646231189	1.642798659	0.018632744	1.62839108
25.75	1.822432517	-0.001848355	1.642981061	1.639791355	0.020936365	1.62542567
26	1.8185335	-0.002317382	1.638871075	1.635862405	0.023558389	1.621564818
26.25	1.813657616	-0.002591443	1.633786816	1.630896633	0.026452322	1.616694898
26.5	1.80771606	-0.002670218	1.627638669	1.624803971	0.029572636	1.610727275
26.75	1.80064306	-0.002554663	1.620360054	1.617517691	0.032875004	1.603596529
27	1.79239409	-0.00224697	1.611905656	1.608992627	0.036316513	1.595258667
27.25	1.782944108	-0.001750529	1.602249651	1.599203398	0.039855857	1.585689342
27.5	1.772285786	-0.001069883	1.591383959	1.588142649	0.043453507	1.574882085
27.75	1.760427787	-0.000210665	1.579316515	1.575819313	0.047071866	1.562846562
28	1.747393068	0.000820455	1.566069576	1.562256907	0.050675399	1.54960687
28.25	1.733217224	0.002015847	1.551678082	1.547491878	0.054230744	1.535199875
28.5	1.717946897	0.003366986	1.536188055	1.531571994	0.057706804	1.519673601
28.75	1.701638235	0.004864531	1.519655071	1.514554798	0.061074816	1.503085682
29	1.68435542	0.006498406	1.502142789	1.496506121	0.064308409	1.48550188
29.25	1.666169271	0.008257885	1.483721559	1.477498678	0.067383633	1.46699467
29.5	1.647155917	0.010131672	1.464467095	1.457610722	0.070278976	1.447641907
29.75	1.627395551	0.012107993	1.444459239	1.436924791	0.072975365	1.427525565
30	1.606971272	0.014174678	1.423780797	1.415526531	0.075456147	1.40673057
30.25	1.585968002	0.016319257	1.402516462	1.393503598	0.077707061	1.3853437
30.5	1.564471492	0.018529036	1.380751825	1.370944652	0.07971619	1.363452589
30.75	1.542567418	0.020791194	1.358572463	1.347938433	0.081473905	1.341144801
31	1.520340554	0.023092859	1.336063125	1.32457292	0.082972793	1.318507003
31.25	1.497874036	0.025421192	1.313306983	1.300934577	0.084207581	1.295624213
31.5	1.475248708	0.027763469	1.290384989	1.277107683	0.085175041	1.272579137
31.75	1.452542544	0.030107154	1.267375288	1.253173737	0.085873899	1.249451585
32	1.429830157	0.032439971	1.244352731	1.229210948	0.086304729	1.226317971
32.25	1.407182377	0.034749972	1.221388451	1.205293801	0.08646984	1.203250881
32.5	1.384665908	0.037025603	1.198549511	1.181492689	0.086373167	1.180318723
32.75	1.362343045	0.039255761	1.175898627	1.15787362	0.086020148	1.157585441
33	1.340271466	0.041429848	1.153493954	1.13449799	0.08541761	1.135110298
33.25	1.318504081	0.043537822	1.131388929	1.111422413	0.084573639	1.11294772
33.5	1.297088936	0.045570239	1.109632172	1.088698612	0.083497465	1.091147197
33.75	1.276069174	0.047518291	1.088267444	1.066373364	0.082199336	1.069753238
34	1.255483043	0.049373844	1.067333652	1.04448849	0.0806904	1.048805376
34.25	1.235363944	0.051129459	1.046864888	1.023080892	0.078982583	1.028338217
34.5	1.21574053	0.05277842	1.026890523	1.002182631	0.077088474	1.008381526
34.75	1.196636824	0.05431475	1.007435324	0.981821039	0.075021214	0.988960357
35	1.178072381	0.055733222	0.988519608	0.962018864	0.072794384	0.970095204
35.25	1.160062474	0.057029367	0.970159416	0.942794439	0.070421901	0.951802188
35.5	1.142618298	0.058199477	0.952366724	0.924161881	0.067917917	0.934093262
35.75	1.125747196	0.059240602	0.935149652	0.906131303	0.065296725	0.916976439
36	1.109452903	0.060150547	0.918512705	0.888709045	0.062572666	0.90045603
36.25	1.093735795	0.060927854	0.902457022	0.871897918	0.059760049	0.884532899
36.5	1.078593155	0.061571794	0.886980623	0.855697456	0.056873067	0.869204729
36.75	1.064019432	0.062082347	0.87207868	0.840104171	0.053925727	0.854466282
37	1.050006517	0.062460177	0.857743769	0.825111818	0.050931778	0.840309675
37.25	1.036544004	0.062706612	0.843966142	0.810711656	0.047904655	0.826724646
37.5	1.023619461	0.062823614	0.83073398	0.796892707	0.044857418	0.813698823
37.75	1.011218686	0.062813748	0.818033654	0.78364201	0.041802705	0.801217988
38	0.999325964	0.062680154	0.805849969	0.770944876	0.038752684	0.789266329
38.25	0.987924308	0.062426507	0.794166411	0.758785127	0.035719013	0.777826693
38.5	0.976995697	0.062056983	0.782965372	0.747145331	0.032712808	0.766880816
38.75	0.966521299	0.061576226	0.772228373	0.736007024	0.029744612	0.756409558
39	0.956481681	0.060989304	0.761936275	0.725350925	0.026824368	0.746393109
39.25	0.946857007	0.060301672	0.75206947	0.715157134	0.023961403	0.736811199
39.5	0.937627225	0.059519132	0.74260807	0.705405317	0.021164406	0.727643278
39.75	0.928772234	0.058647795	0.733532069	0.696074888	0.018441421	0.718868692
40	0.920272041	0.057694036	0.724821504	0.687145161	0.015799835	0.710466846
40.25	0.912106905	0.056664458	0.716456594	0.678595504	0.013246374	0.702417342
40.5	0.904257457	0.055565851	0.708417865	0.670405468	0.010787101	0.694700115
40.75	0.89670482	0.05440515	0.700686268	0.662554911	0.008427418	0.687295546
41	0.889430701	0.053189401	0.693243274	0.655024104	0.006172068	0.680184563
41.25	0.882417476	0.051925718	0.686070964	0.647793821	0.004025145	0.67334873
41.5	0.875648265	0.050621247	0.679152097	0.640845428	0.001990099	0.666770324
41.75	0.869106986	0.049283135	0.67247018	0.634160946	6.97E-05	0.660432393
42	0.862778401	0.047918485	0.666009508	0.627723114	-0.001733711	0.654318807
42.25	0.856648151	0.046534334	0.659755208	0.621515432	-0.003418681	0.648414298
42.5	0.850702783	0.04513761	0.653693266	0.6155222	-0.004984155	0.642704487
42.75	0.844929756	0.043735109	0.647810545	0.609728548	-0.006429699	0.6371759
43	0.839317453	0.042333462	0.642094793	0.604120449	-0.007755427	0.631815977
43.25	0.833855169	0.040939108	0.636534644	0.598684732	-0.008961989	0.626613074
43.5	0.828533104	0.039558269	0.631119613	0.593409086	-0.010050542	0.621556448
43.75	0.823342343	0.038196924	0.625840079	0.588282053	-0.011022734	0.616636252
44	0.818274827	0.036860786	0.62068727	0.58329302	-0.011880679	0.611843504
44.25	0.813323324	0.035555286	0.615653233	0.578432201	-0.012626932	0.607170066
44.5	0.808481394	0.034285546	0.610730805	0.573690616	-0.013264465	0.602608608
44.75	0.803743347	0.03305637	0.605913583	0.569060066	-0.013796644	0.598152576
45	0.799104199	0.031872222	0.601195879	0.564533107	-0.014227202	0.593796149
45.25	0.79455963	0.030737218	0.596572685	0.560103011	-0.01456021	0.589534198
45.5	0.790105928	0.029655111	0.59203963	0.555763738	-0.014800055	0.585362244
45.75	0.785739948	0.02862928	0.587592931	0.551509895	-0.014951411	0.581276407
46	0.781459053	0.027662727	0.583229352	0.547336698	-0.015019209	0.577273359
46.25	0.777261067	0.026758068	0.578946153	0.543239932	-0.015008613	0.573350282
46.5	0.773144224	0.025917526	0.574741045	0.539215912	-0.014924989	0.569504811
46.75	0.769107112	0.025142936	0.570612145	0.535261436	-0.014773878	0.565734991
47	0.76514863	0.024435737	0.566557923	0.53137375	-0.014560968	0.562039231
47.25	0.761267931	0.023796978	0.562577162	0.527550504	-0.014292063	0.55841625
47.5	0.757464381	0.023227317	0.55866891	0.523789707	-0.013973058	0.554865039
47.75	0.753737509	0.02272703	0.554832434	0.520089693	-0.013609906	0.551384812
48	0.750086966	0.022296016	0.551067183	0.516449078	-0.013208594	0.547974968
48.25	0.746512481	0.021933803	0.547372744	0.51286672	-0.012775112	0.544635046
48.5	0.743013824	0.02163956	0.543748803	0.509341687	-0.012315427	0.541364689
48.75	0.739590768	0.021412106	0.540195109	0.505873214	-0.011835454	0.538163607
49	0.736243056	0.021249926	0.536711441	0.502460676	-0.011341029	0.535031547
49.25	0.732970373	0.021151182	0.533297573	0.49910355	-0.010837884	0.531968255
49.5	0.729772313	0.02111373	0.529953249	0.495801388	-0.01033162	0.528973455
49.75	0.726648358	0.021135136	0.526678152	0.492553786	-0.009827684	0.526046816
50	0.723597857	0.021212693	0.523471878	0.489360359	-0.009331344	0.523187934
50.25	0.720620003	0.021343444	0.520333921	0.486220712	-0.008847665	0.52039631
50.5	0.717713824	0.021524197	0.517263647	0.483134425	-0.008381489	0.517671328
50.75	0.714878163	0.021751549	0.51426028	0.480101023	-0.007937414	0.515012249
51	0.712111676	0.022021908	0.511322891	0.477119968	-0.007519776	0.512418186
51.25	0.70941282	0.022331512	0.50845038	0.474190631	-0.007132626	0.509888106
51.5	0.706779852	0.022676457	0.505641473	0.47131229	-0.006779724	0.507420814
51.75	0.704210827	0.023052716	0.502894714	0.468484108	-0.006464514	0.505014952
52	0.701703601	0.023456166	0.500208461	0.46570513	-0.006190117	0.502668994
52.25	0.699255832	0.023882612	0.497580885	0.462974272	-0.005959318	0.500381248
52.5	0.69686499	0.024327808	0.495009969	0.460290317	-0.005774559	0.498149856
52.75	0.694528364	0.024787485	0.492493517	0.457651909	-0.005637927	0.495972798
53	0.692243073	0.025257373	0.490029151	0.455057555	-0.005551153	0.493847896
53.25	0.690006079	0.025733224	0.487614325	0.452505625	-0.005515607	0.491772828
53.5	0.6878142	0.02621084	0.485246331	0.449994351	-0.005532296	0.489745126
53.75	0.685664129	0.026686088	0.482922313	0.447521833	-0.005601863	0.487762198
54	0.683552446	0.027154931	0.480639273	0.445086046	-0.005724594	0.485821331
54.25	0.681475642	0.027613441	0.478394092	0.442684844	-0.005900417	0.483919711
54.5	0.679430135	0.028057826	0.476183542	0.440315971	-0.00612891	0.48205443
54.75	0.677412287	0.028484448	0.474004301	0.437977072	-0.006409313	0.480222507
55	0.675418432	0.028889838	0.471852972	0.4356657	-0.006740531	0.478420902
55.25	0.673444891	0.029270718	0.469726101	0.43337933	-0.007121151	0.476646528
55.5	0.671487993	0.029624013	0.467620195	0.431115375	-0.007549453	0.474896276
55.75	0.669544099	0.029946869	0.465531742	0.428871195	-0.008023424	0.473167021
56	0.667609617	0.030236664	0.463457227	0.426644113	-0.008540779	0.471455649
56.25	0.66568103	0.03049102	0.461393156	0.424431433	-0.009098972	0.469759065
56.5	0.663754907	0.030707813	0.459336071	0.42223045	-0.009695221	0.468074215
56.75	0.661827926	0.030885183	0.457282572	0.420038469	-0.010326525	0.466398099
57	0.659896892	0.031021539	0.455229333	0.417852817	-0.010989684	0.464727789
57.25	0.657958751	0.031115563	0.453173124	0.415670862	-0.011681324	0.463060437
57.5	0.656010606	0.031166219	0.451110821	0.413490025	-0.012397919	0.461393299
57.75	0.654049731	0.031172748	0.449039429	0.411307795	-0.013135811	0.459723738
58	0.652073585	0.031134671	0.446956097	0.409121744	-0.013891238	0.45804924
58.25	0.65007982	0.03105179	0.444858126	0.406929537	-0.014660356	0.456367426
58.5	0.648066289	0.030924181	0.442742988	0.404728948	-0.015439262	0.454676058
58.75	0.64603106	0.03075219	0.440608337	0.402517869	-0.016224019	0.452973048
59	0.643972412	0.030536429	0.438452016	0.40029432	-0.01701068	0.451256466
59.25	0.641888849	0.030277765	0.436272068	0.398056461	-0.017795309	0.449524545
59.5	0.639779093	0.029977313	0.434066743	0.395802596	-0.018574008	0.447775683
59.75	0.63764209	0.029636426	0.431834504	0.393531183	-0.019342937	0.446008446
60	0.635477007	0.029256681	0.42957403	0.391240837	-0.020098334	0.444221572
60.25	0.633283228	0.028839866	0.427284218	0.388930336	-0.020836539	0.442413966
60.5	0.63106035	0.028387969	0.424964185	0.386598624	-0.02155401	0.440584703
60.75	0.628808179	0.02790316	0.422613269	0.384244808	-0.022247345	0.43873302
61	0.626526715	0.027387779	0.42023102	0.381868165	-0.022913297	0.436858316
61.25	0.624216153	0.026844312	0.417817204	0.379468133	-0.023548792	0.434960144
61.5	0.621876862	0.026275384	0.415371794	0.377044317	-0.024150942	0.433038207
61.75	0.619509383	0.025683733	0.41289496	0.374596475	-0.024717059	0.431092345
62	0.61711441	0.025072197	0.41038707	0.372124523	-0.025244665	0.429122533
62.25	0.614692779	0.024443692	0.40784867	0.369628521	-0.025731507	0.427128868
62.5	0.612245452	0.023801197	0.405280482	0.36710867	-0.02617556	0.425111561
62.75	0.609773507	0.023147735	0.40268339	0.364565302	-0.026575039	0.423070924
63	0.607278117	0.022486353	0.400058425	0.361998871	-0.0269284	0.421007359
63.25	0.60476054	0.021820104	0.397406757	0.359409946	-0.027234348	0.418921351
63.5	0.602222099	0.021152033	0.394729679	0.356799195	-0.027491836	0.416813452
63.75	0.59966417	0.020485156	0.392028592	0.354167381	-0.027700066	0.414684272
64	0.597088166	0.019822445	0.389304993	0.351515344	-0.027858491	0.412534465
64.25	0.594495522	0.01916681	0.38656046	0.348843994	-0.027966811	0.410364721
64.5	0.591887682	0.018521088	0.383796636	0.346154299	-0.028024966	0.408175754
64.75	0.589266083	0.017888024	0.381015217	0.34344727	-0.028033135	0.405968289
65	0.586632145	0.01727026	0.378217934	0.340723954	-0.02799173	0.403743059
65.25	0.583987259	0.016670324	0.375406544	0.337985419	-0.027901382	0.401500785
65.5	0.581332776	0.016090613	0.372582812	0.335232746	-0.027762939	0.39924218
65.75	0.578669994	0.015533389	0.369748501	0.332467015	-0.027577451	0.396967931
66	0.576000156	0.015000767	0.366905358	0.329689299	-0.027346163	0.394678698
66.25	0.573324436	0.014494705	0.364055105	0.326900652	-0.027070498	0.392375107
66.5	0.570643938	0.014017	0.361199424	0.324102102	-0.026752049	0.390057745
66.75	0.567959689	0.013569283	0.358339951	0.321294643	-0.026392561	0.387727155
67	0.565272637	0.01315301	0.355478266	0.318479227	-0.02599392	0.385383837
67.25	0.562583647	0.012769466	0.352615885	0.315656759	-0.025558139	0.383028243
67.5	0.559893501	0.012419755	0.349754252	0.312828094	-0.025087341	0.380660777
67.75	0.5572029	0.012104805	0.346894737	0.309994029	-0.024583742	0.378281797
68	0.554512464	0.011825368	0.344038628	0.307155303	-0.024049641	0.375891616
68.25	0.551822738	0.011582018	0.34118713	0.304312595	-0.0234874	0.373490503
68.5	0.549134191	0.011375156	0.338341359	0.301466523	-0.022899431	0.371078689
68.75	0.546447227	0.011205017	0.335502347	0.298617642	-0.022288181	0.368656371
69	0.543762187	0.011071668	0.332671037	0.295766448	-0.021656115	0.366223713
69.25	0.541079358	0.010975019	0.329848283	0.292913378	-0.021005704	0.363780857
69.5	0.53839898	0.010914827	0.327034858	0.290058816	-0.020339409	0.361327929
69.75	0.535721257	0.010890706	0.324231449	0.287203092	-0.01965967	0.358865042
70	0.533046361	0.010902132	0.32143867	0.284346489	-0.018968892	0.356392306
70.25	0.530374448	0.010948453	0.318657055	0.28148925	-0.018269431	0.353909835
70.5	0.527705661	0.011028901	0.315887075	0.27863158	-0.017563586	0.351417758
70.75	0.525040144	0.011142598	0.313129134	0.275773654	-0.016853587	0.34891622
71	0.522378053	0.011288567	0.310383583	0.272915625	-0.016141586	0.346405399
71.25	0.519719561	0.011465746	0.307650721	0.270057628	-0.015429647	0.343885504
71.5	0.517064873	0.011672996	0.304930807	0.267199789	-0.01471974	0.341356791
71.75	0.51441423	0.011909111	0.302224064	0.264342234	-0.014013734	0.338819565
72	0.511767925	0.012172831	0.299530688	0.261485091	-0.013313391	0.33627419
72.25	0.509126302	0.012462855	0.296850855	0.258628503	-0.012620362	0.333721094
72.5	0.506489772	0.012777848	0.294184731	0.255772632	-0.011936185	0.331160772
72.75	0.503858816	0.013116452	0.291532478	0.252917668	-0.011262277	0.328593798
73	0.50123399	0.013477301	0.28889426	0.25006383	-0.01059994	0.32602082
73.25	0.498615933	0.013859025	0.286270253	0.247211381	-0.009950356	0.323442572
73.5	0.496005371	0.014260266	0.283660651	0.244360626	-0.00931459	0.32085987
73.75	0.493403118	0.014679681	0.28106567	0.24151192	-0.008693587	0.31827362
74	0.490810079	0.015115957	0.278485559	0.238665673	-0.008088182	0.315684811
74.25	0.488227253	0.015567812	0.275920601	0.235822353	-0.007499097	0.313094522
74.5	0.485655731	0.01603401	0.27337112	0.232982487	-0.006926947	0.310503916
74.75	0.483096694	0.016513363	0.270837482	0.230146669	-0.006372246	0.307914241
75	0.480551416	0.017004737	0.268320105	0.227315554	-0.005835411	0.305326823
75.25	0.478021254	0.017507061	0.265819456	0.224489866	-0.005316772	0.302743067
75.5	0.475507648	0.018019325	0.263336055	0.221670392	-0.004816571	0.300164449
75.75	0.473012115	0.018540593	0.260870477	0.218857985	-0.004334977	0.297592509
76	0.470536243	0.019069995	0.25842335	0.216053562	-0.00387209	0.295028848
76.25	0.468081683	0.019606739	0.255995361	0.213258098	-0.003427948	0.292475119
76.5	0.465650142	0.020150106	0.253587246	0.210472628	-0.003002538	0.289933019
76.75	0.463243373	0.020699451	0.251199798	0.20769824	-0.002595802	0.287404279
77	0.46086317	0.021254205	0.248833857	0.204936071	-0.002207645	0.284890659
77.25	0.458511352	0.021813874	0.246490311	0.202187304	-0.001837946	0.282393936
77.5	0.456189757	0.022378032	0.24417009	0.199453158	-0.001486561	0.279915895
77.75	0.45390023	0.022946325	0.241874166	0.196734886	-0.001153337	0.277458317
78	0.451644614	0.023518463	0.239603542	0.194033768	-0.000838114	0.275022973
78.25	0.449424734	0.024094219	0.237359253	0.1913511	-0.000540737	0.272611611
78.5	0.447242391	0.024673422	0.235142353	0.188688193	-0.00026106	0.270225948
78.75	0.445099349	0.025255953	0.232953916	0.18604636	1.05E-06	0.267867659
79	0.442997322	0.02584174	0.230795024	0.183426912	0.000245698	0.265538367
79.25	0.440937965	0.026430751	0.228666764	0.180831149	0.000472969	0.263239635
79.5	0.438922864	0.027022989	0.226570216	0.178260352	0.000682913	0.260972956
79.75	0.436953523	0.027618484	0.224506452	0.175715774	0.000875544	0.258739747
80	0.435031359	0.028217286	0.222476521	0.173198638	0.00105084	0.256541339
80.25	0.433157688	0.02881946	0.220481449	0.170710123	0.001208738	0.254378971
80.5	0.431333716	0.029425077	0.218522225	0.16825136	0.001349131	0.252253783
80.75	0.429560537	0.030034209	0.216599799	0.165823427	0.001471871	0.25016681
81	0.427839119	0.030646919	0.214715068	0.163427339	0.001576766	0.24811898
81.25	0.426170302	0.031263258	0.212868878	0.161064044	0.001663582	0.246111105
81.5	0.424554791	0.031883255	0.211062007	0.158734419	0.001732044	0.244143885
81.75	0.422993149	0.032506913	0.209295165	0.156439262	0.00178184	0.242217896
82	0.421485798	0.033134203	0.207568986	0.154179288	0.001812622	0.240333597
82.25	0.420033009	0.033765057	0.205884022	0.151955129	0.001824011	0.238491326
82.5	0.418634907	0.034399362	0.204240734	0.149767325	0.0018156	0.236691299
82.75	0.417291465	0.03503696	0.202639495	0.147616327	0.001786961	0.234933614
83	0.416002507	0.035677639	0.201080576	0.145502489	0.001737651	0.233218248
83.25	0.414767703	0.036321132	0.199564148	0.143426073	0.001667212	0.231545066
83.5	0.413586577	0.036967115	0.198090277	0.141387242	0.001575188	0.229913819
83.75	0.412458505	0.037615201	0.196658922	0.139386064	0.001461123	0.228324151
84	0.41138272	0.038264944	0.195269929	0.13742251	0.001324571	0.226775601
84.25	0.410358313	0.038915834	0.193923033	0.135496457	0.001165104	0.22526761
84.5	0.409384242	0.039567299	0.192617856	0.133607687	0.000982319	0.223799526
84.75	0.408459331	0.040218703	0.191353906	0.131755891	0.000775847	0.222370611
85	0.407582283	0.040869353	0.190130579	0.129940671	0.000545356	0.220980045
85.25	0.406751679	0.041518494	0.188947154	0.128161542	0.000290563	0.219626935
85.5	0.40596599	0.042165317	0.187802804	0.126417935	1.12E-05	0.218310321
85.75	0.405223584	0.042808961	0.186696589	0.124709203	-0.000292782	0.217029182
86	0.404522729	0.043448516	0.185627465	0.123034622	-0.000621601	0.215782445
86.25	0.403861606	0.044083027	0.184594283	0.1213934	-0.000975246	0.214568991
86.5	0.403238316	0.044711502	0.183595795	0.119784675	-0.001353662	0.213387661
86.75	0.402650886	0.045332917	0.182630661	0.118207525	-0.001756714	0.212237266
87	0.402097283	0.045946219	0.181697447	0.116660972	-0.002184175	0.211116591
87.25	0.401575416	0.046550335	0.180794638	0.115143986	-0.002635729	0.210024403
87.5	0.40108315	0.047144179	0.179920639	0.11365549	-0.003110964	0.208959454
87.75	0.400618312	0.047726658	0.179073786	0.112194368	-0.003609373	0.207920492
88	0.400178701	0.048296682	0.178252346	0.110759467	-0.004130348	0.206906263
88.25	0.399762096	0.048853164	0.177454532	0.109349604	-0.004673187	0.205915517
88.5	0.399366264	0.049395037	0.176678505	0.107963571	-0.005237086	0.204947011
88.75	0.398988971	0.049921254	0.175922386	0.106600142	-0.005821149	0.203999517
89	0.398627987	0.0504308	0.17518426	0.105258072	-0.006424383	0.203071823
89.25	0.398281093	0.050922696	0.174462189	0.103936113	-0.007045708	0.202162734
89.5	0.397946093	0.051396006	0.173754216	0.102633006	-0.007683954	0.20127108
89.75	0.397620816	0.051849845	0.173058377	0.101347496	-0.008337871	0.200395714
90	0.397303127	0.052283386	0.17237271	0.100078332	-0.009006135	0.199535516
90.25	0.396990931	0.052695861	0.17169526	0.09882427	-0.009687349	0.198689393
90.5	0.396682179	0.053086572	0.171024093	0.097584082	-0.010380057	0.197856279
90.75	0.396374876	0.053454892	0.1703573	0.096356556	-0.011082747	0.19703514
91	0.396067083	0.05380027	0.16969301	0.095140499	-0.011793862	0.196224968
91.25	0.395756925	0.054122234	0.169029395	0.093934746	-0.012511807	0.195424783
91.5	0.395442595	0.054420394	0.16836468	0.092738158	-0.013234961	0.194633635
91.75	0.395122354	0.054694445	0.167697152	0.091549626	-0.013961682	0.193850599
92	0.394794541	0.054944167	0.167025163	0.090368078	-0.014690323	0.193074777
92.25	0.394457572	0.055169424	0.166347146	0.089192475	-0.015419237	0.192305294
92.5	0.394109945	0.055370169	0.165661613	0.08802182	-0.016146788	0.191541299
92.75	0.393750239	0.055546437	0.164967166	0.086855156	-0.016871366	0.190781962
93	0.393377123	0.055698347	0.164262505	0.085691571	-0.017591388	0.190026473
93.25	0.392989349	0.0558261	0.163546428	0.084530197	-0.018305316	0.189274041
93.5	0.392585761	0.055929973	0.162817841	0.083370215	-0.019011662	0.188523889
93.75	0.392165292	0.056010317	0.162075762	0.082210855	-0.019708998	0.187775257
94	0.391726966	0.056067554	0.16131932	0.081051396	-0.020395964	0.187027399
94.25	0.391269896	0.056102169	0.160547766	0.07989117	-0.021071277	0.186279581
94.5	0.390793291	0.05611471	0.159760468	0.078729562	-0.021733738	0.185531081
94.75	0.390296445	0.056105773	0.15895692	0.077566009	-0.022382237	0.184781187
95	0.389778747	0.056076007	0.158136735	0.076400004	-0.02301576	0.184029199
95.25	0.389239674	0.0560261	0.157299653	0.075231096	-0.023633393	0.183274426
95.5	0.388678793	0.055956772	0.156445539	0.074058888	-0.024234326	0.182516187
95.75	0.388095757	0.055868774	0.155574378	0.072883039	-0.024817859	0.181753812
96	0.387490307	0.055762874	0.154686278	0.071703265	-0.025383396	0.180986642
96.25	0.386862267	0.055639855	0.153781465	0.070519338	-0.025930456	0.18021403
96.5	0.386211545	0.055500507	0.152860283	0.069331086	-0.026458664	0.179435344
96.75	0.385538129	0.055345618	0.151923186	0.068138391	-0.026967758	0.178649966
97	0.384842085	0.055175968	0.150970738	0.066941192	-0.027457578	0.177857295
97.25	0.384123558	0.054992326	0.150003603	0.065739481	-0.02792807	0.177056748
97.5	0.383382762	0.054795439	0.149022547	0.064533305	-0.028379281	0.176247765
97.75	0.382619986	0.054586031	0.148028422	0.063322763	-0.02881135	0.175429811
98	0.381835584	0.054364796	0.14702217	0.062108005	-0.029224507	0.174602375
98.25	0.381029979	0.05413239	0.146004806	0.060889231	-0.029619063	0.173764979
98.5	0.380203652	0.053889435	0.144977418	0.059666689	-0.029995404	0.172917177
98.75	0.379357144	0.053636507	0.143941154	0.058440675	-0.030353984	0.172058557
99	0.378491055	0.053374142	0.142897218	0.057211529	-0.030695316	0.171188749
99.25	0.377606034	0.053102826	0.141846857	0.055979632	-0.031019962	0.170307425
99.5	0.376702779	0.052822998	0.140791356	0.054745407	-0.031328525	0.169414301
99.75	0.375782036	0.052535049	0.139732028	0.053509315	-0.031621638	0.168509144
100	0.374844591	0.052239323	0.138670204	0.052271851	-0.031899957	0.167591772
100.25	0.373891269	0.051936116	0.137607225	0.051033542	-0.032164149	0.166662055
100.5	0.372922931	0.051625679	0.136544434	0.049794943	-0.032414883	0.165719922
100.75	0.371940467	0.051308219	0.135483164	0.048556639	-0.03265282	0.164765362
101	0.370944797	0.050983903	0.134424734	0.047319233	-0.032878606	0.163798423
101.25	0.369936864	0.050652862	0.133370437	0.04608335	-0.033092858	0.162819216
101.5	0.368917632	0.050315194	0.132321533	0.044849629	-0.033296163	0.161827917
101.75	0.367888081	0.049970968	0.131279242	0.043618722	-0.033489065	0.160824764
102	0.366849207	0.049620232	0.130244737	0.042391288	-0.033672058	0.159810063
102.25	0.365802012	0.049263013	0.129219135	0.041167992	-0.033845584	0.158784184
102.5	0.364747507	0.048899331	0.128203493	0.039949497	-0.03401002	0.15774756
102.75	0.363686708	0.048529194	0.127198803	0.038736466	-0.034165683	0.156700689
103	0.362620627	0.048152615	0.126205983	0.037529552	-0.034312816	0.15564413
103.25	0.361550276	0.04776961	0.125225876	0.036329398	-0.034451593	0.154578504
103.5	0.360476659	0.047380208	0.124259248	0.035136631	-0.034582114	0.153504486
103.75	0.359400772	0.046984457	0.123306778	0.033951862	-0.034704404	0.152422808
104	0.3583236	0.046582427	0.122369063	0.032775678	-0.034818415	0.151334254
104.25	0.357246111	0.046174219	0.121446613	0.031608639	-0.034924026	0.150239654
104.5	0.356169258	0.045759968	0.120539852	0.03045128	-0.035021045	0.14913988
104.75	0.355093974	0.045339849	0.119649113	0.0293041	-0.035109213	0.148035846
105	0.354021172	0.044914081	0.118774646	0.028167566	-0.035188211	0.146928495
105.25	0.352951739	0.044482928	0.117916614	0.027042105	-0.035257658	0.145818803
105.5	0.351886538	0.044046708	0.117075096	0.025928105	-0.035317126	0.144707766
105.75	0.350826406	0.043605789	0.116250094	0.024825912	-0.035366139	0.143596396
106	0.349772149	0.043160598	0.115441527	0.023735827	-0.035404186	0.142485719
106.25	0.348724546	0.042711613	0.114649246	0.022658105	-0.035430726	0.141376763
106.5	0.347684344	0.042259373	0.113873032	0.021592954	-0.035445199	0.140270556
106.75	0.346652257	0.04180447	0.113112599	0.020540535	-0.035447033	0.139168117
107	0.345628967	0.041347551	0.112367609	0.019500959	-0.035435653	0.138070453
107.25	0.344615124	0.040889318	0.111637665	0.018474286	-0.035410495	0.13697855
107.5	0.343611343	0.04043052	0.110922329	0.017460531	-0.035371009	0.135893366
107.75	0.342618205	0.039971954	0.110221121	0.016459658	-0.035316675	0.134815832
108	0.341636258	0.03951446	0.109533529	0.015471582	-0.035247008	0.133746836
108.25	0.340666014	0.039058914	0.108859014	0.014496172	-0.03516157	0.132687226
108.5	0.339707952	0.038606224	0.108197019	0.013533252	-0.035059977	0.131637802
108.75	0.338762519	0.038157324	0.107546974	0.012582601	-0.034941909	0.130599313
109	0.337830126	0.037713169	0.106908303	0.011643956	-0.034807118	0.129572447
109.25	0.336911153	0.037274724	0.106280432	0.010717017	-0.034655435	0.128557838
109.5	0.336005948	0.03684296	0.105662796	0.009801442	-0.034486773	0.127556051
109.75	0.335114827	0.036418844	0.105054843	0.00889686	-0.03430114	0.126567587
110	0.334238075	0.036003334	0.104456039	0.008002864	-0.034098636	0.12559288
110.25	0.33337595	0.035597369	0.10386588	0.007119023	-0.033879464	0.124632293
110.5	0.332528678	0.035201859	0.103283889	0.006244879	-0.033643926	0.123686117
110.75	0.331696459	0.034817683	0.102709627	0.005379953	-0.033392431	0.122754573
111	0.330879468	0.034445675	0.102142693	0.004523751	-0.033125492	0.12183781
111.25	0.330077852	0.03408662	0.101582731	0.003675764	-0.032843724	0.120935909
111.5	0.329291735	0.033741244	0.10102943	0.002835474	-0.032547849	0.120048878
111.75	0.328521218	0.033410213	0.100482531	0.002002356	-0.032238687	0.119176662
112	0.327766379	0.033094118	0.099941821	0.001175886	-0.031917155	0.118319139
112.25	0.327027278	0.032793475	0.099407146	0.000355541	-0.031584265	0.117476125
112.5	0.326303953	0.03250872	0.098878399	-0.000459196	-0.031241113	0.11664738
112.75	0.325596423	0.032240203	0.098355529	-0.00126883	-0.030888875	0.11583261
113	0.324904693	0.031988181	0.097838539	-0.002073855	-0.030528803	0.115031468
113.25	0.324228749	0.031752822	0.097327482	-0.002874746	-0.03016221	0.114243565
113.5	0.323568565	0.031534197	0.096822462	-0.003671957	-0.029790468	0.113468472
113.75	0.322924098	0.031332281	0.096323629	-0.004465917	-0.029414992	0.112705725
114	0.322295295	0.031146953	0.095831181	-0.00525703	-0.029037238	0.111954831
114.25	0.321682092	0.030977996	0.095345357	-0.006045669	-0.028658683	0.111215276
114.5	0.321084414	0.030825095	0.094866436	-0.006832174	-0.028280822	0.110486525
114.75	0.320502176	0.030687847	0.094394731	-0.00761685	-0.027905153	0.109768037
115	0.319935285	0.030565753	0.093930587	-0.008399966	-0.027533169	0.109059262
115.25	0.319383644	0.030458234	0.093474374	-0.009181752	-0.027166342	0.108359654
115.5	0.318847146	0.030364624	0.093026485	-0.009962397	-0.026806119	0.107668672
115.75	0.318325681	0.030284184	0.092587331	-0.01074205	-0.026453905	0.10698579
116	0.317819136	0.030216102	0.092157336	-0.011520817	-0.026111055	0.106310497
116.25	0.317327393	0.030159505	0.09173693	-0.012298762	-0.025778866	0.105642309
116.5	0.316850334	0.03011346	0.091326548	-0.013075904	-0.025458565	0.104980769
116.75	0.31638784	0.030076988	0.090926622	-0.013852223	-0.025151302	0.104325451
117	0.315939789	0.030049064	0.090537579	-0.014627654	-0.02485814	0.103675969
117.25	0.315506064	0.030028634	0.090159835	-0.015402091	-0.024580051	0.103031977
117.5	0.315086546	0.030014618	0.089793791	-0.016175389	-0.024317904	0.102393171
117.75	0.314681123	0.030005919	0.089439833	-0.01694736	-0.024072468	0.101759297
118	0.314289682	0.030001434	0.08909832	-0.017717784	-0.023844398	0.101130148
118.25	0.313912117	0.03000006	0.088769592	-0.0184864	-0.023634239	0.100505567
118.5	0.313548327	0.030000703	0.088453956	-0.019252916	-0.023442418	0.09988545
118.75	0.313198214	0.030002289	0.088151695	-0.020017009	-0.023269245	0.099269742
119	0.312861691	0.030003769	0.087863055	-0.020778328	-0.023114915	0.098658442
119.25	0.312538673	0.030004126	0.087588254	-0.021536493	-0.022979501	0.098051599
119.5	0.312229086	0.030002387	0.087327471	-0.022291105	-0.022862962	0.097449312
119.75	0.311932863	0.029997624	0.087080856	-0.023041741	-0.022765144	0.096851726
120	0.311649944	0.029988963	0.08684852	-0.023787965	-0.022685781	0.096259032
120.25	0.311380278	0.02997559	0.086630543	-0.024529327	-0.0226245	0.095671462
120.5	0.311123824	0.029956753	0.086426969	-0.025265364	-0.022580827	0.095089287
120.75	0.310880547	0.02993177	0.086237813	-0.025995611	-0.022554193	0.09451281
121	0.310650424	0.029900031	0.086063058	-0.026719597	-0.022543938	0.093942367
121.25	0.310433437	0.029860997	0.085902658	-0.027436852	-0.022549318	0.093378315
121.5	0.310229577	0.029814209	0.085756541	-0.02814691	-0.022569516	0.092821034
121.75	0.310038842	0.029759283	0.085624612	-0.028849313	-0.022603646	0.092270914
122	0.309861237	0.029695913	0.085506754	-0.029543614	-0.022650763	0.091728357
122.25	0.309696772	0.029623869	0.085402832	-0.030229378	-0.022709869	0.091193765
122.5	0.309545463	0.029543001	0.085312695	-0.030906189	-0.022779927	0.090667534
122.75	0.309407328	0.029453228	0.085236182	-0.031573651	-0.022859862	0.090150055
123	0.309282387	0.029354545	0.085173121	-0.03223139	-0.022948578	0.089641696
123.25	0.309170661	0.029247012	0.085123334	-0.032879059	-0.023044959	0.089142808
123.5	0.309072169	0.029130758	0.085086642	-0.033516337	-0.023147883	0.088653711
123.75	0.308986929	0.029005969	0.085062864	-0.034142936	-0.023256224	0.088174688
124	0.308914951	0.028872888	0.085051823	-0.034758599	-0.023368868	0.087705986
124.25	0.308856238	0.02873181	0.085053349	-0.035363104	-0.023484713	0.087247803
124.5	0.308810786	0.028583073	0.085067277	-0.035956262	-0.023602678	0.086800287
124.75	0.308778575	0.028427057	0.085093454	-0.036537925	-0.023721714	0.086363532
125	0.308759572	0.028264174	0.085131738	-0.037107981	-0.023840801	0.08593757
125.25	0.308753727	0.028094863	0.085182001	-0.037666356	-0.023958961	0.085522371
125.5	0.308760969	0.027919587	0.08524413	-0.038213015	-0.024075258	0.085117837
125.75	0.308781204	0.02773882	0.085318026	-0.038747964	-0.024188806	0.084723802
126	0.308814312	0.027553048	0.085403607	-0.039271246	-0.024298766	0.084340027
126.25	0.308860145	0.02736276	0.085500805	-0.039782942	-0.024404357	0.083966201
126.5	0.308918524	0.027168441	0.085609571	-0.040283173	-0.024504849	0.083601938
126.75	0.308989234	0.026970568	0.085729867	-0.040772093	-0.024599571	0.08324678
127	0.309072026	0.026769604	0.085861672	-0.041249895	-0.024687909	0.082900193
127.25	0.30916661	0.026565997	0.086004975	-0.041716801	-0.024769306	0.082561572
127.5	0.309272654	0.026360167	0.086159777	-0.042173069	-0.024843261	0.08223024
127.75	0.309389783	0.026152511	0.086326088	-0.042618983	-0.024909329	0.081905453
128	0.309517576	0.025943394	0.086503923	-0.043054854	-0.024967118	0.081586401
128.25	0.309655566	0.025733149	0.086693304	-0.043481021	-0.025016289	0.081272213
128.5	0.309803235	0.025522071	0.086894249	-0.04389784	-0.02505655	0.080961958
128.75	0.309960014	0.025310418	0.08710678	-0.044305689	-0.025087656	0.080654656
129	0.310125287	0.025098408	0.087330911	-0.044704959	-0.025109406	0.080349278
129.25	0.310298382	0.02488622	0.087566648	-0.045096054	-0.025121636	0.080044754
129.5	0.310478579	0.02467399	0.087813989	-0.045479389	-0.025124218	0.079739977
129.75	0.310665104	0.024461815	0.088072915	-0.045855383	-0.025117055	0.079433813
130	0.310857133	0.024249749	0.088343393	-0.046224456	-0.02510008	0.079125106
130.25	0.311053795	0.024037809	0.088625367	-0.046587028	-0.025073247	0.078812683
130.5	0.311254168	0.023825973	0.088918762	-0.046943516	-0.025036528	0.078495367
130.75	0.311457284	0.023614185	0.089223475	-0.047294326	-0.024989915	0.078171978
131	0.311662135	0.023402352	0.089539377	-0.047639856	-0.024933408	0.077841344
131.25	0.311867668	0.023190353	0.08986631	-0.047980487	-0.024867015	0.077502308
131.5	0.312072795	0.022978036	0.090204084	-0.048316585	-0.02479075	0.077153737
131.75	0.312276396	0.022765227	0.090552476	-0.048648494	-0.024704626	0.076794526
132	0.312477318	0.022551726	0.090911232	-0.048976537	-0.024608655	0.076423605
132.25	0.312674388	0.022337319	0.09128006	-0.049301011	-0.024502845	0.076039951
132.5	0.312866409	0.022121774	0.091658637	-0.049622186	-0.024387195	0.075642588
132.75	0.313052174	0.02190485	0.092046604	-0.049940305	-0.024261697	0.075230598
133	0.313230464	0.021686297	0.092443569	-0.050255579	-0.024126328	0.074803124
133.25	0.313400061	0.021465863	0.092849108	-0.050568187	-0.023981056	0.074359377
133.5	0.313559748	0.021243295	0.093262765	-0.050878276	-0.023825835	0.073898636
133.75	0.313708321	0.021018342	0.093684056	-0.051185962	-0.023660602	0.07342026
134	0.313844593	0.020790762	0.094112469	-0.051491326	-0.023485283	0.072923685
134.25	0.313967401	0.02056032	0.094547469	-0.051794417	-0.023299785	0.07240843
134.5	0.314075612	0.020326795	0.0949885	-0.052095253	-0.023104005	0.071874096
134.75	0.314168135	0.020089983	0.095434987	-0.052393818	-0.022897822	0.071320371
135	0.314243921	0.019849695	0.095886344	-0.05269007	-0.022681104	0.07074703
135.25	0.314301975	0.019605762	0.096341973	-0.052983937	-0.022453707	0.070153933
135.5	0.314341363	0.019358039	0.096801272	-0.053275322	-0.022215475	0.069541027
135.75	0.314361217	0.019106402	0.097263636	-0.053564105	-0.021966245	0.068908343
136	0.31436074	0.018850752	0.097728465	-0.053850144	-0.021705845	0.068255993
136.25	0.314339218	0.018591015	0.098195169	-0.054133282	-0.021434097	0.067584173
136.5	0.314296021	0.018327145	0.098663169	-0.054413346	-0.021150823	0.066893151
136.75	0.31423061	0.01805912	0.099131904	-0.054690154	-0.020855841	0.06618327
137	0.314142545	0.017786943	0.099600838	-0.054963517	-0.020548971	0.065454943
137.25	0.314031485	0.017510646	0.100069461	-0.055233243	-0.020230037	0.064708644
137.5	0.313897199	0.017230285	0.100537297	-0.055499144	-0.019898868	0.063944908
137.75	0.313739564	0.016945938	0.101003905	-0.055761035	-0.019555301	0.063164319
138	0.313558571	0.01665771	0.101468888	-0.056018746	-0.019199186	0.062367511
138.25	0.31335433	0.016365725	0.101931892	-0.056272117	-0.018830383	0.061555156
138.5	0.313127066	0.016070129	0.102392614	-0.056521013	-0.018448769	0.060727963
138.75	0.312877128	0.015771087	0.102850803	-0.056765318	-0.018054238	0.059886663
139	0.312604986	0.01546878	0.103306264	-0.057004949	-0.017646704	0.059032013
139.25	0.312311231	0.015163404	0.103758861	-0.057239852	-0.017226102	0.058164778
139.5	0.311996576	0.014855169	0.104208518	-0.057470011	-0.016792391	0.057285735
139.75	0.311661855	0.014544297	0.104655224	-0.057695453	-0.016345556	0.056395656
140	0.311308019	0.014231017	0.105099031	-0.057916244	-0.01588561	0.055495312
140.25	0.310936137	0.013915566	0.105540058	-0.058132503	-0.015412592	0.054585458
140.5	0.31054739	0.013598186	0.105978488	-0.058344395	-0.014926574	0.053666832
140.75	0.310143069	0.013279123	0.106414573	-0.058552141	-0.01442766	0.052740149
141	0.309724571	0.012958622	0.106848629	-0.058756015	-0.013915986	0.051806092
141.25	0.309293389	0.012636928	0.107281038	-0.058956349	-0.013391722	0.050865315
141.5	0.308851113	0.012314286	0.107712246	-0.059153533	-0.012855075	0.04991843
141.75	0.30839942	0.011990933	0.108142759	-0.059348016	-0.012306285	0.04896601
142	0.307940067	0.011667104	0.108573145	-0.059540306	-0.011745633	0.048008582
142.25	0.307474885	0.011343024	0.109004028	-0.059730972	-0.011173434	0.047046629
142.5	0.307005769	0.011018912	0.109436084	-0.059920638	-0.010590044	0.046080581
142.75	0.306534673	0.010694978	0.10987004	-0.060109988	-0.009995855	0.04511082
143	0.306063598	0.010371421	0.11030667	-0.060299761	-0.009391299	0.044137677
143.25	0.305594583	0.010048431	0.110746789	-0.060490748	-0.008776848	0.043161432
143.5	0.305129697	0.009726186	0.111191246	-0.060683791	-0.008153012	0.042182314
143.75	0.304671029	0.009404852	0.111640926	-0.06087978	-0.007520339	0.041200501
144	0.304220678	0.009084584	0.112096736	-0.061079647	-0.006879417	0.040216128
144.25	0.303780741	0.008765527	0.112559606	-0.061284363	-0.006230873	0.039229279
144.5	0.303353305	0.008447812	0.113030479	-0.061494934	-0.00557537	0.038239999
144.75	0.302940436	0.008131559	0.113510307	-0.061712394	-0.00491361	0.037248291
145	0.302544167	0.007816879	0.114000044	-0.061937802	-0.004246332	0.036254124
145.25	0.302166491	0.007503871	0.114500638	-0.062172234	-0.003574308	0.035257435
145.5	0.301809346	0.007192625	0.115013028	-0.062416779	-0.002898346	0.034258132
145.75	0.301474611	0.00688322	0.115538132	-0.06267253	-0.002219288	0.033256101
146	0.301164091	0.006575728	0.116076844	-0.062940579	-0.001538006	0.032251211
146.25	0.30087951	0.006270214	0.116630027	-0.063222011	-0.000855404	0.031243316
146.5	0.3006225	0.005966735	0.117198505	-0.063517897	-0.00017241	0.030232266
146.75	0.300394594	0.005665341	0.117783056	-0.063829284	0.000510017	0.029217906
147	0.300197219	0.00536608	0.118384405	-0.064157193	0.001190898	0.028200086
147.25	0.300031682	0.005068992	0.119003221	-0.064502608	0.001869231	0.027178665
147.5	0.299899171	0.004774116	0.119640103	-0.064866474	0.002543998	0.026153515
147.75	0.299800741	0.004481489	0.120295582	-0.065249686	0.003214163	0.025124529
148	0.299737314	0.004191144	0.12097011	-0.065653083	0.003878679	0.024091623
148.25	0.299709668	0.003903117	0.121664056	-0.066077446	0.004536493	0.023054744
148.5	0.299718437	0.00361744	0.122377698	-0.066523489	0.005186544	0.022013873
148.75	0.299764107	0.003334148	0.123111221	-0.066991854	0.005827771	0.020969031
149	0.299847009	0.003053278	0.123864711	-0.067483107	0.006459118	0.019920279
149.25	0.299967322	0.002774867	0.124638149	-0.067997735	0.007079535	0.018867728
149.5	0.30012507	0.002498956	0.125431408	-0.068536137	0.007687985	0.017811539
149.75	0.300320121	0.002225589	0.126244253	-0.069098627	0.008283447	0.016751925
150	0.300552191	0.001954814	0.12707633	-0.069685428	0.008864924	0.015689159
150.25	0.300820842	0.001686682	0.127927173	-0.070296669	0.009431443	0.014623571
150.5	0.301125488	0.001421248	0.128796193	-0.070932387	0.009982063	0.013555553
150.75	0.3014654	0.001158574	0.129682685	-0.071592523	0.010515881	0.012485561
151	0.301839707	0.000898722	0.130585821	-0.072276923	0.011032036	0.011414116
151.25	0.302247408	0.000641764	0.131504655	-0.07298534	0.011529711	0.010341805
151.5	0.302687375	0.000387773	0.132438121	-0.073717432	0.012008143	0.009269281
151.75	0.303158363	0.000136828	0.133385034	-0.074472768	0.012466626	0.008197267
152	0.303659021	-0.000110986	0.134344096	-0.075250828	0.012904514	0.007126553
152.25	0.3041879	-0.000355581	0.135313898	-0.076051008	0.013321226	0.006057997
152.5	0.304743469	-0.000596865	0.13629292	-0.076872624	0.013716254	0.004992524
152.75	0.305324122	-0.000834739	0.137279544	-0.077714915	0.014089161	0.003931128
153	0.305928196	-0.001069101	0.138272051	-0.078577052	0.014439589	0.002874869
153.25	0.306553985	-0.001299847	0.139268634	-0.079458142	0.014767261	0.001824874
153.5	0.307199754	-0.001526867	0.140267406	-0.080357232	0.015071985	0.000782332
153.75	0.307863757	-0.001750048	0.141266403	-0.081273324	0.015353652	-0.0002515
154	0.30854425	-0.001969275	0.142263598	-0.082205376	0.015612245	-0.001275306
154.25	0.309239516	-0.002184429	0.14325691	-0.083152311	0.015847833	-0.002287705
154.5	0.309947875	-0.002395389	0.144244215	-0.084113031	0.016060578	-0.00328726
154.75	0.310667706	-0.002602031	0.145223359	-0.08508642	0.016250732	-0.004272474
155	0.311397468	-0.002804232	0.146192168	-0.086071358	0.016418636	-0.005241793
155.25	0.312135714	-0.003001864	0.147148464	-0.087066727	0.016564721	-0.006193608
155.5	0.312881116	-0.0031948	0.148090077	-0.088071425	0.016689506	-0.007126259
155.75	0.313632477	-0.003382912	0.149014863	-0.089084373	0.016793592	-0.008038034
156	0.314388757	-0.00356607	0.149920713	-0.090104527	0.016877667	-0.008927171
156.25	0.315149086	-0.003744147	0.150805575	-0.091130888	0.016942492	-0.009791862
156.5	0.315912785	-0.003917014	0.151667467	-0.09216251	0.016988906	-0.010630255
156.75	0.316679382	-0.004084543	0.152504491	-0.093198514	0.017017815	-0.011440455
157	0.317448631	-0.004246608	0.153314854	-0.094238095	0.017030188	-0.012220529
157.25	0.318220523	-0.004403083	0.15409688	-0.095280532	0.017027052	-0.012968505
157.5	0.318995306	-0.004553845	0.15484903	-0.096325197	0.017009485	-0.013682379
157.75	0.319773495	-0.004698772	0.155569914	-0.097371566	0.016978606	-0.014360116
158	0.320555885	-0.004837746	0.156258309	-0.098419225	0.016935572	-0.014999655
158.25	0.321343563	-0.004970651	0.156913176	-0.099467876	0.016881564	-0.015598909
158.5	0.322137915	-0.005097375	0.15753367	-0.100517348	0.016817785	-0.016155775
158.75	0.322940633	-0.005217809	0.158119158	-0.101567601	0.016745446	-0.016668133
159	0.323753722	-0.005331848	0.158669231	-0.102618733	0.016665759	-0.017133854
159.25	0.324579502	-0.005439393	0.159183713	-0.103670983	0.016579927	-0.017550804
159.5	0.32542061	-0.005540348	0.159662678	-0.104724734	0.016489138	-0.017916849
159.75	0.326279997	-0.005634626	0.160106454	-0.105780519	0.016394551	-0.018229863
160	0.327160927	-0.005722141	0.160515634	-0.106839022	0.016297288	-0.018487731
160.25	0.328066968	-0.005802818	0.160891082	-0.107901075	0.016198428	-0.018688358
160.5	0.329001989	-0.005876586	0.161233939	-0.108967661	0.016098996	-0.018829675
160.75	0.329970142	-0.005943383	0.161545624	-0.110039915	0.015999952	-0.01890965
161	0.330975855	-0.006003153	0.16182784	-0.111119115	0.01590219	-0.01892629
161.25	0.332023813	-0.00605585	0.162082568	-0.112206682	0.015806522	-0.018877654
161.5	0.33311894	-0.006101435	0.16231207	-0.113304175	0.015713676	-0.01876186
161.75	0.334266379	-0.00613988	0.16251888	-0.114413284	0.01562429	-0.018577092
162	0.335471467	-0.006171165	0.162705802	-0.115535822	0.015538903	-0.018321616
162.25	0.336739713	-0.006195281	0.162875898	-0.116673718	0.015457953	-0.01799378
162.5	0.338076765	-0.006212229	0.163032477	-0.117829005	0.015381771	-0.017592031
162.75	0.339488385	-0.00622202	0.163179087	-0.119003811	0.015310579	-0.017114924
163	0.340980412	-0.006224678	0.163319493	-0.120200345	0.015244487	-0.016561129
163.25	0.342558733	-0.006220237	0.163457665	-0.121420886	0.015183492	-0.015929442
163.5	0.344229241	-0.006208743	0.163597757	-0.122667766	0.015127479	-0.015218797
163.75	0.345997804	-0.006190254	0.163744085	-0.123943357	0.015076216	-0.014428276
164	0.347870222	-0.00616484	0.163901107	-0.125250054	0.015029365	-0.013557115
164.25	0.349852188	-0.006132585	0.164073394	-0.126590257	0.014986476	-0.012604717
164.5	0.351949248	-0.006093585	0.164265606	-0.127966356	0.014946996	-0.011570662
164.75	0.354166757	-0.006047946	0.164482465	-0.129380708	0.01491027	-0.010454711
165	0.356509839	-0.00599579	0.164728722	-0.130835625	0.014875551	-0.009256822
165.25	0.358983345	-0.00593725	0.165009132	-0.132333348	0.014842004	-0.00797715
165.5	0.361591809	-0.005872473	0.165328414	-0.133876029	0.014808712	-0.006616058
165.75	0.364339406	-0.005801617	0.165691229	-0.135465713	0.01477469	-0.005174127
166	0.367229913	-0.005724854	0.166102137	-0.137104317	0.014738886	-0.003652154
166.25	0.370266666	-0.005642367	0.166565572	-0.13879361	0.0147002	-0.002051164
166.5	0.37345252	-0.005554351	0.167085801	-0.14053519	0.014657488	-0.000372411
166.75	0.376789815	-0.005461014	0.167666897	-0.142330472	0.014609575	0.001382618
167	0.380280338	-0.005362572	0.168312701	-0.144180661	0.01455527	0.003212202
167.25	0.383925287	-0.005259255	0.169026793	-0.146086738	0.014493371	0.005114381
167.5	0.387725242	-0.005151301	0.169812457	-0.14804944	0.014422685	0.007086961
167.75	0.391680134	-0.005038961	0.170672652	-0.150069245	0.014342035	0.00912751
168	0.395789221	-0.004922491	0.171609985	-0.152146356	0.014250276	0.011233363
168.25	0.40005106	-0.004802158	0.172626676	-0.154280685	0.014146304	0.013401623
168.5	0.404463491	-0.004678237	0.173724542	-0.156471838	0.014029072	0.015629165
168.75	0.409023621	-0.004551009	0.174904963	-0.15871911	0.0138976	0.017912645
169	0.413727806	-0.004420764	0.176168868	-0.161021465	0.013750988	0.020248499
169.25	0.418571647	-0.004287794	0.17751671	-0.163377533	0.013588425	0.022632959
169.5	0.42354998	-0.0041524	0.178948455	-0.165785605	0.013409201	0.025062053
169.75	0.428656878	-0.004014884	0.180463562	-0.168243619	0.013212718	0.027531619
170	0.433885654	-0.003875553	0.182060976	-0.170749166	0.012998498	0.030037316
170.25	0.439228867	-0.003734717	0.183739119	-0.173299484	0.01276619	0.032574631
170.5	0.444678331	-0.003592688	0.185495888	-0.175891459	0.01251558	0.035138894
170.75	0.450225135	-0.003449777	0.187328647	-0.178521628	0.012246594	0.037725291
171	0.45585966	-0.003306297	0.189234238	-0.181186186	0.011959305	0.040328876
171.25	0.461571606	-0.00316256	0.191208978	-0.183880991	0.011653937	0.042944584
171.5	0.467350016	-0.003018878	0.193248677	-0.186601574	0.011330867	0.045567249
171.75	0.473183311	-0.002875558	0.19534864	-0.189343149	0.010990626	0.048191616
172	0.479059328	-0.002732908	0.197503694	-0.192100632	0.0106339	0.050812358
172.25	0.484965356	-0.002591228	0.199708199	-0.194868651	0.010261528	0.053424094
172.5	0.490888184	-0.002450818	0.201956073	-0.197641565	0.009874497	0.056021399
172.75	0.496814146	-0.00231197	0.204240823	-0.200413488	0.009473945	0.058598826
173	0.502729171	-0.002174973	0.206555564	-0.203178306	0.009061148	0.061150922
173.25	0.508618838	-0.002040107	0.20889306	-0.205929704	0.008637517	0.063672239
173.5	0.514468431	-0.001907649	0.211245753	-0.208661187	0.008204591	0.066157358
173.75	0.520262999	-0.001777866	0.213605806	-0.211366113	0.007764026	0.068600899
174	0.525987416	-0.001651019	0.215965134	-0.214037716	0.007317586	0.07099754
174.25	0.531626444	-0.001527358	0.218315454	-0.21666914	0.006867133	0.073342034
174.5	0.537164795	-0.001407129	0.220648323	-0.219253463	0.006414612	0.07562922
174.75	0.542587199	-0.001290567	0.222955186	-0.221783738	0.005962041	0.077854042
175	0.54787847	-0.001177896	0.225227422	-0.224253016	0.005511495	0.080011563
175.25	0.55302357	-0.001069333	0.227456389	-0.226654387	0.005065093	0.082096976
175.5	0.558007678	-0.000965085	0.229633475	-0.228981005	0.004624984	0.084105623
175.75	0.562816257	-0.000865349	0.231750144	-0.231226131	0.004193329	0.086033003
176	0.567435113	-0.00077031	0.233797986	-0.233383157	0.003772288	0.087874788
176.25	0.571850471	-0.000680145	0.235768765	-0.235445644	0.003364004	0.089626833
176.5	0.576049027	-0.00059502	0.237654464	-0.237407354	0.002970585	0.091285189
176.75	0.580018016	-0.000515091	0.239447336	-0.239262283	0.002594091	0.092846109
177	0.583745269	-0.000440501	0.241139944	-0.241004687	0.002236517	0.094306065
177.25	0.587219271	-0.000371386	0.24272521	-0.242629119	0.00189978	0.095661752
177.5	0.590429214	-0.000307867	0.244196453	-0.244130451	0.001585702	0.096910098
177.75	0.593365047	-0.000250059	0.24554743	-0.245503904	0.001295997	0.098048272
178	0.596017528	-0.000198063	0.246772372	-0.246745075	0.001032261	0.099073692
178.25	0.598378263	-0.00015197	0.247866021	-0.247849956	0.000795953	0.099984028
178.5	0.600439747	-0.00011186	0.248823661	-0.248814959	0.000588392	0.100777215
178.75	0.602195403	-7.78E-05	0.249641143	-0.249636934	0.00041074	0.101451449
179	0.60363961	-4.99E-05	0.250314915	-0.250313186	0.000263997	0.102005197
179.25	0.604767733	-2.81E-05	0.250842039	-0.250841491	0.000148992	0.102437202
179.5	0.605576143	-1.25E-05	0.251220214	-0.251220105	6.64E-05	0.10274648
179.75	0.606062234	-3.12E-06	0.251447783	-0.251447777	1.66E-05	0.102932329
180	0.606224439	-5.51E-19	0.251523751	-0.251523751	1.01E-19	0.102994326
