1.425619e-05
1.425497e-05
1.425134e-05
1.424528e-05
1.423680e-05
1.422590e-05
1.421259e-05
1.419688e-05
1.417877e-05
1.415828e-05
1.413540e-05
1.411016e-05
1.408256e-05
1.405261e-05
1.402034e-05
1.398576e-05
1.394887e-05
1.390971e-05
1.386828e-05
1.382461e-05
1.377872e-05
1.373063e-05
1.368036e-05
1.362794e-05
1.357339e-05
1.351673e-05
1.345799e-05
1.339720e-05
1.333438e-05
1.326957e-05
1.320280e-05
1.313409e-05
1.306347e-05
1.299099e-05
1.291666e-05
1.284054e-05
1.276264e-05
1.268300e-05
1.260167e-05
1.251867e-05
1.243404e-05
1.234783e-05
1.226007e-05
1.217079e-05
1.208004e-05
1.198786e-05
1.189428e-05
1.179935e-05
1.170311e-05
1.160560e-05
1.150686e-05
1.140693e-05
1.130586e-05
1.120368e-05
1.110045e-05
1.099620e-05
1.089098e-05
1.078484e-05
1.067780e-05
1.056992e-05
1.046125e-05
1.035182e-05
1.024168e-05
1.013088e-05
1.001945e-05
9.907440e-06
9.794897e-06
9.681863e-06
9.568380e-06
9.454493e-06
9.340244e-06
9.225676e-06
9.110831e-06
8.995753e-06
8.880483e-06
8.765064e-06
8.649536e-06
8.533941e-06
8.418319e-06
8.302712e-06
8.187159e-06
8.071699e-06
7.956372e-06
7.841216e-06
7.726270e-06
7.611570e-06
7.497155e-06
7.383060e-06
7.269322e-06
7.155976e-06
7.043056e-06
6.930598e-06
6.818633e-06
6.707196e-06
6.596319e-06
6.486032e-06
6.376368e-06
6.267355e-06
6.159024e-06
6.051404e-06
5.944521e-06
5.838404e-06
5.733080e-06
5.628573e-06
5.524909e-06
5.422113e-06
5.320207e-06
5.219214e-06
5.119157e-06
5.020056e-06
4.921933e-06
4.824805e-06
4.728693e-06
4.633613e-06
4.539584e-06
4.446622e-06
4.354742e-06
4.263959e-06
4.174286e-06
4.085738e-06
3.998326e-06
3.912063e-06
3.826958e-06
3.743023e-06
3.660265e-06
3.578695e-06
3.498318e-06
3.419144e-06
3.341177e-06
3.264423e-06
3.188886e-06
3.114572e-06
3.041483e-06
2.969622e-06
2.898990e-06
2.829589e-06
2.761420e-06
2.694482e-06
2.628774e-06
2.564295e-06
2.501043e-06
2.439014e-06
2.378207e-06
2.318617e-06
2.260238e-06
2.203068e-06
2.147098e-06
2.092324e-06
2.038739e-06
1.986335e-06
1.935105e-06
1.885040e-06
1.836132e-06
1.788371e-06
1.741748e-06
1.696253e-06
1.651876e-06
1.608605e-06
1.566430e-06
1.525338e-06
1.485318e-06
1.446357e-06
1.408443e-06
1.371563e-06
1.335703e-06
1.300851e-06
1.266991e-06
1.234111e-06
1.202196e-06
1.171232e-06
1.141203e-06
1.112095e-06
1.083893e-06
1.056581e-06
1.030145e-06
1.004568e-06
9.798357e-07
9.559317e-07
9.328402e-07
9.105454e-07
8.890313e-07
8.682820e-07
8.482813e-07
8.290132e-07
8.104617e-07
7.926105e-07
7.754437e-07
7.589451e-07
7.430988e-07
7.278887e-07
7.132989e-07
6.993136e-07
6.859170e-07
6.730933e-07
6.608269e-07
6.491024e-07
6.379043e-07
6.272174e-07
6.170265e-07
6.073167e-07
5.980729e-07
5.892807e-07
5.809253e-07
5.729925e-07
5.654680e-07
5.583378e-07
5.515882e-07
5.452053e-07
5.391759e-07
5.334866e-07
5.281245e-07
5.230767e-07
5.183306e-07
5.138738e-07
5.096943e-07
5.057800e-07
5.021192e-07
4.987006e-07
4.955129e-07
4.925451e-07
4.897864e-07
4.872264e-07
4.848548e-07
4.826616e-07
4.806370e-07
4.787715e-07
4.770559e-07
4.754810e-07
4.740382e-07
4.727189e-07
4.715147e-07
4.704178e-07
4.694202e-07
4.685145e-07
4.676932e-07
4.669495e-07
4.662763e-07
4.656672e-07
4.651158e-07
4.646159e-07
4.641617e-07
4.637476e-07
4.633680e-07
4.630177e-07
4.626919e-07
4.623856e-07
4.620944e-07
4.618138e-07
4.615398e-07
4.612684e-07
4.609959e-07
4.607186e-07
4.604333e-07
4.601369e-07
4.598262e-07
4.594986e-07
4.591513e-07
4.587820e-07
4.583884e-07
4.579683e-07
4.575198e-07
4.570411e-07
4.565306e-07
4.559867e-07
4.554081e-07
4.547936e-07
4.541420e-07
4.534524e-07
4.527241e-07
4.519562e-07
4.511482e-07
4.502996e-07
4.494101e-07
4.484793e-07
4.475071e-07
4.464935e-07
4.454384e-07
4.443419e-07
4.432043e-07
4.420258e-07
4.408068e-07
4.395477e-07
4.382489e-07
4.369110e-07
4.355347e-07
4.341206e-07
4.326694e-07
4.311819e-07
4.296589e-07
4.281013e-07
4.265099e-07
4.248858e-07
4.232298e-07
4.215430e-07
4.198265e-07
4.180812e-07
4.163082e-07
4.145087e-07
4.126837e-07
4.108344e-07
4.089619e-07
4.070674e-07
4.051519e-07
4.032168e-07
4.012630e-07
3.992919e-07
3.973044e-07
3.953019e-07
3.932854e-07
3.912561e-07
3.892151e-07
3.871636e-07
3.851026e-07
3.830333e-07
3.809567e-07
3.788740e-07
3.767861e-07
3.746940e-07
3.725989e-07
3.705017e-07
3.684034e-07
3.663049e-07
3.642072e-07
3.621112e-07
3.600177e-07
3.579276e-07
3.558418e-07
3.537611e-07
3.516862e-07
3.496179e-07
3.475569e-07
3.455040e-07
3.434599e-07
3.414251e-07
3.394003e-07
3.373862e-07
3.353832e-07
3.333920e-07
3.314130e-07
3.294469e-07
3.274939e-07
3.255546e-07
3.236295e-07
3.217188e-07
3.198229e-07
3.179423e-07
3.160772e-07
3.142280e-07
3.123948e-07
3.105780e-07
3.087778e-07
3.069944e-07
3.052279e-07
3.034786e-07
3.017466e-07
3.000320e-07
2.983350e-07
2.966555e-07
2.949937e-07
2.933497e-07
2.917234e-07
2.901149e-07
2.885243e-07
2.869513e-07
2.853962e-07
2.838588e-07
2.823390e-07
2.808369e-07
2.793523e-07
2.778851e-07
2.764352e-07
2.750026e-07
2.735871e-07
2.721886e-07
2.708069e-07
2.694419e-07
2.680935e-07
2.667615e-07
2.654457e-07
2.641459e-07
2.628621e-07
2.615939e-07
2.603412e-07
2.591039e-07
2.578817e-07
2.566744e-07
2.554819e-07
2.543039e-07
2.531403e-07
2.519907e-07
2.508551e-07
2.497332e-07
2.486248e-07
2.475297e-07
2.464478e-07
2.453787e-07
2.443223e-07
2.432784e-07
2.422467e-07
2.412272e-07
2.402196e-07
2.392236e-07
2.382391e-07
2.372660e-07
2.363039e-07
2.353528e-07
2.344125e-07
2.334827e-07
2.325633e-07
2.316542e-07
2.307550e-07
2.298658e-07
2.289863e-07
2.281164e-07
2.272559e-07
2.264046e-07
2.255625e-07
2.247293e-07
2.239050e-07
2.230893e-07
2.222822e-07
2.214836e-07
2.206933e-07
2.199111e-07
2.191371e-07
2.183710e-07
2.176128e-07
2.168623e-07
2.161194e-07
2.153842e-07
2.146564e-07
2.139359e-07
2.132228e-07
2.125168e-07
2.118180e-07
2.111262e-07
2.104413e-07
2.097634e-07
2.090923e-07
2.084279e-07
2.077702e-07
2.071192e-07
2.064747e-07
2.058368e-07
2.052053e-07
2.045803e-07
2.039616e-07
2.033492e-07
2.027431e-07
2.021432e-07
2.015495e-07
2.009620e-07
2.003805e-07
1.998051e-07
1.992357e-07
1.986724e-07
1.981149e-07
1.975634e-07
1.970178e-07
1.964781e-07
1.959441e-07
1.954160e-07
1.948936e-07
1.943769e-07
1.938659e-07
1.933606e-07
1.928610e-07
1.923669e-07
1.918785e-07
1.913955e-07
1.909181e-07
1.904462e-07
1.899797e-07
1.895187e-07
1.890630e-07
1.886128e-07
1.881678e-07
1.877281e-07
1.872938e-07
1.868646e-07
1.864407e-07
1.860219e-07
1.856082e-07
1.851996e-07
1.847961e-07
1.843976e-07
1.840041e-07
1.836155e-07
1.832318e-07
1.828530e-07
1.824790e-07
1.821098e-07
1.817453e-07
1.813855e-07
1.810304e-07
1.806799e-07
1.803339e-07
1.799924e-07
1.796553e-07
1.793227e-07
1.789945e-07
1.786705e-07
1.783509e-07
1.780354e-07
1.777241e-07
1.774169e-07
1.771137e-07
1.768145e-07
1.765193e-07
1.762279e-07
1.759404e-07
1.756567e-07
1.753766e-07
1.751002e-07
1.748275e-07
1.745582e-07
1.742924e-07
1.740301e-07
1.737711e-07
1.735154e-07
1.732629e-07
1.730136e-07
1.727674e-07
1.725242e-07
1.722841e-07
1.720468e-07
1.718125e-07
1.715809e-07
1.713520e-07
1.711258e-07
1.709023e-07
1.706812e-07
1.704627e-07
1.702465e-07
1.700327e-07
1.698212e-07
1.696119e-07
1.694048e-07
1.691998e-07
1.689968e-07
1.687958e-07
1.685966e-07
1.683993e-07
1.682038e-07
1.680100e-07
1.678179e-07
1.676274e-07
1.674384e-07
1.672508e-07
1.670647e-07
1.668799e-07
1.666964e-07
1.665141e-07
1.663329e-07
1.661529e-07
1.659739e-07
1.657960e-07
1.656189e-07
1.654427e-07
1.652673e-07
1.650927e-07
1.649188e-07
1.647455e-07
1.645728e-07
1.644007e-07
1.642290e-07
1.640577e-07
1.638868e-07
1.637163e-07
1.635459e-07
1.633759e-07
1.632059e-07
1.630361e-07
1.628663e-07
1.626966e-07
1.625268e-07
1.623569e-07
1.621869e-07
1.620167e-07
1.618463e-07
1.616756e-07
1.615046e-07
1.613333e-07
1.611615e-07
1.609893e-07
1.608166e-07
1.606433e-07
1.604695e-07
1.602951e-07
1.601200e-07
1.599442e-07
1.597677e-07
1.595904e-07
1.594124e-07
1.592334e-07
1.590536e-07
1.588729e-07
1.586913e-07
1.585086e-07
1.583250e-07
1.581403e-07
1.579545e-07
1.577676e-07
1.575796e-07
1.573905e-07
1.572001e-07
1.570086e-07
1.568158e-07
1.566217e-07
1.564263e-07
1.562296e-07
1.560316e-07
1.558322e-07
1.556315e-07
1.554293e-07
1.552257e-07
1.550207e-07
1.548142e-07
1.546063e-07
1.543968e-07
1.541859e-07
1.539734e-07
1.537594e-07
1.535439e-07
1.533268e-07
1.531081e-07
1.528879e-07
1.526660e-07
1.524426e-07
1.522176e-07
1.519909e-07
1.517627e-07
1.515328e-07
1.513013e-07
1.510682e-07
1.508335e-07
1.505971e-07
1.503591e-07
1.501195e-07
1.498783e-07
1.496354e-07
1.493909e-07
1.491449e-07
1.488972e-07
1.486479e-07
1.483970e-07
1.481446e-07
1.478905e-07
1.476349e-07
1.473778e-07
1.471191e-07
1.468589e-07
1.465972e-07
1.463340e-07
1.460693e-07
1.458031e-07
1.455355e-07
1.452665e-07
1.449960e-07
1.447242e-07
1.444510e-07
1.441764e-07
1.439005e-07
1.436233e-07
1.433448e-07
1.430651e-07
1.427841e-07
1.425020e-07
1.422186e-07
1.419341e-07
1.416485e-07
1.413618e-07
1.410740e-07
1.407852e-07
1.404954e-07
1.402046e-07
1.399129e-07
1.396202e-07
1.393267e-07
1.390324e-07
1.387372e-07
1.384413e-07
1.381446e-07
1.378472e-07
1.375492e-07
1.372505e-07
1.369512e-07
1.366514e-07
1.363511e-07
1.360503e-07
1.357490e-07
1.354473e-07
1.351453e-07
1.348429e-07
1.345403e-07
1.342374e-07
1.339343e-07
1.336310e-07
1.333276e-07
1.330241e-07
1.327206e-07
1.324170e-07
1.321135e-07
1.318100e-07
1.315067e-07
1.312034e-07
1.309004e-07
1.305976e-07
1.302951e-07
1.299929e-07
1.296911e-07
1.293896e-07
1.290885e-07
1.287880e-07
1.284879e-07
1.281883e-07
1.278894e-07
1.275910e-07
1.272933e-07
1.269963e-07
1.267001e-07
1.264046e-07
1.261099e-07
1.258160e-07
1.255230e-07
1.252309e-07
1.249397e-07
1.246496e-07
1.243604e-07
1.240723e-07
1.237852e-07
1.234992e-07
1.232144e-07
1.229308e-07
1.226483e-07
1.223671e-07
1.220871e-07
1.218084e-07
1.215310e-07
1.212549e-07
1.209802e-07
1.207069e-07
1.204350e-07
1.201645e-07
1.198955e-07
1.196280e-07
1.193620e-07
1.190975e-07
1.188346e-07
1.185732e-07
1.183134e-07
1.180552e-07
1.177986e-07
1.175437e-07
1.172905e-07
1.170389e-07
1.167890e-07
1.165408e-07
1.162943e-07
1.160496e-07
1.158065e-07
1.155653e-07
1.153258e-07
1.150881e-07
1.148522e-07
1.146180e-07
1.143857e-07
1.141552e-07
1.139265e-07
1.136996e-07
1.134745e-07
1.132513e-07
1.130299e-07
1.128104e-07
1.125927e-07
1.123768e-07
1.121628e-07
1.119507e-07
1.117404e-07
1.115319e-07
1.113253e-07
1.111206e-07
1.109177e-07
1.107166e-07
1.105174e-07
1.103201e-07
1.101245e-07
1.099308e-07
1.097390e-07
1.095490e-07
1.093607e-07
1.091743e-07
1.089898e-07
1.088070e-07
1.086260e-07
1.084468e-07
1.082693e-07
1.080937e-07
1.079198e-07
1.077477e-07
1.075773e-07
1.074086e-07
1.072417e-07
1.070765e-07
1.069130e-07
1.067512e-07
1.065911e-07
1.064326e-07
1.062759e-07
1.061208e-07
1.059673e-07
1.058154e-07
1.056652e-07
1.055166e-07
1.053695e-07
1.052241e-07
1.050802e-07
1.049379e-07
1.047971e-07
1.046579e-07
1.045201e-07
1.043839e-07
1.042492e-07
1.041159e-07
1.039841e-07
1.038538e-07
1.037249e-07
1.035974e-07
1.034713e-07
1.033466e-07
1.032233e-07
1.031014e-07
1.029808e-07
1.028615e-07
1.027436e-07
1.026270e-07
1.025116e-07
1.023976e-07
1.022848e-07
1.021733e-07
1.020630e-07
1.019539e-07
1.018461e-07
1.017394e-07
1.016339e-07
1.015296e-07
1.014264e-07
1.013244e-07
1.012234e-07
1.011236e-07
1.010249e-07
1.009272e-07
1.008306e-07
1.007350e-07
1.006405e-07
1.005470e-07
1.004545e-07
1.003629e-07
1.002723e-07
1.001827e-07
1.000940e-07
1.000062e-07
9.991938e-08
9.983340e-08
9.974830e-08
9.966405e-08
9.958064e-08
9.949806e-08
9.941629e-08
9.933532e-08
9.925512e-08
9.917568e-08
9.909699e-08
9.901902e-08
9.894177e-08
9.886522e-08
9.878934e-08
9.871413e-08
9.863956e-08
9.856562e-08
9.849230e-08
9.841957e-08
9.834742e-08
9.827584e-08
9.820480e-08
9.813428e-08
9.806428e-08
9.799478e-08
9.792574e-08
9.785717e-08
9.778904e-08
9.772134e-08
9.765404e-08
9.758714e-08
9.752060e-08
9.745442e-08
9.738858e-08
9.732306e-08
9.725785e-08
9.719291e-08
9.712825e-08
9.706383e-08
9.699965e-08
9.693569e-08
9.687192e-08
9.680834e-08
9.674491e-08
9.668164e-08
9.661849e-08
9.655546e-08
9.649252e-08
9.642966e-08
9.636686e-08
9.630411e-08
9.624138e-08
9.617867e-08
9.611595e-08
9.605321e-08
9.599044e-08
9.592761e-08
9.586472e-08
9.580174e-08
9.573867e-08
9.567548e-08
9.561216e-08
9.554870e-08
9.548508e-08
9.542129e-08
9.535732e-08
9.529314e-08
9.522876e-08
9.516415e-08
9.509930e-08
9.503421e-08
9.496885e-08
9.490322e-08
9.483730e-08
9.477109e-08
9.470457e-08
9.463773e-08
9.457057e-08
9.450307e-08
9.443523e-08
9.436703e-08
9.429847e-08
9.422954e-08
9.416023e-08
9.409053e-08
9.402045e-08
9.394997e-08
9.387908e-08
9.380779e-08
9.373608e-08
9.366395e-08
9.359141e-08
9.351844e-08
9.344504e-08
9.337121e-08
9.329694e-08
9.322225e-08
9.314711e-08
9.307155e-08
9.299554e-08
9.291911e-08
9.284223e-08
9.276493e-08
9.268719e-08
9.260902e-08
9.253043e-08
9.245142e-08
9.237198e-08
9.229213e-08
9.221187e-08
9.213120e-08
9.205013e-08
9.196867e-08
9.188682e-08
9.180459e-08
9.172198e-08
9.163901e-08
9.155568e-08
9.147200e-08
9.138798e-08
9.130362e-08
9.121894e-08
9.113395e-08
9.104865e-08
9.096306e-08
9.087719e-08
9.079105e-08
9.070465e-08
9.061800e-08
9.053111e-08
9.044400e-08
9.035668e-08
9.026916e-08
9.018145e-08
9.009357e-08
9.000553e-08
8.991734e-08
8.982901e-08
8.974057e-08
8.965202e-08
8.956337e-08
8.947465e-08
8.938586e-08
8.929703e-08
8.920815e-08
8.911925e-08
8.903034e-08
8.894144e-08
8.885255e-08
8.876370e-08
8.867490e-08
8.858615e-08
8.849748e-08
8.840890e-08
8.832042e-08
8.823206e-08
8.814382e-08
8.805572e-08
8.796778e-08
8.788001e-08
8.779242e-08
8.770501e-08
8.761782e-08
8.753084e-08
8.744408e-08
8.735757e-08
8.727130e-08
8.718530e-08
8.709957e-08
8.701412e-08
8.692897e-08
8.684411e-08
8.675957e-08
8.667535e-08
8.659145e-08
8.650790e-08
8.642469e-08
8.634183e-08
8.625934e-08
8.617721e-08
8.609545e-08
8.601408e-08
8.593309e-08
8.585249e-08
8.577229e-08
8.569249e-08
8.561310e-08
8.553412e-08
8.545555e-08
8.537739e-08
8.529966e-08
8.522235e-08
8.514546e-08
8.506900e-08
8.499296e-08
8.491736e-08
8.484218e-08
8.476743e-08
8.469311e-08
8.461922e-08
8.454576e-08
8.447272e-08
8.440011e-08
8.432792e-08
8.425616e-08
8.418481e-08
8.411388e-08
8.404337e-08
8.397327e-08
8.390357e-08
8.383428e-08
8.376539e-08
8.369689e-08
8.362879e-08
8.356107e-08
8.349374e-08
8.342678e-08
8.336020e-08
8.329399e-08
8.322813e-08
8.316263e-08
8.309749e-08
8.303269e-08
8.296822e-08
8.290410e-08
8.284029e-08
8.277681e-08
8.271365e-08
8.265079e-08
8.258824e-08
8.252598e-08
8.246401e-08
8.240233e-08
8.234092e-08
8.227979e-08
8.221892e-08
8.215831e-08
8.209795e-08
8.203784e-08
8.197797e-08
8.191834e-08
8.185894e-08
8.179976e-08
8.174080e-08
8.168206e-08
8.162352e-08
8.156519e-08
8.150706e-08
8.144912e-08
8.139137e-08
8.133380e-08
8.127642e-08
8.121922e-08
8.116219e-08
8.110533e-08
8.104863e-08
8.099210e-08
8.093573e-08
8.087952e-08
8.082347e-08
8.076757e-08
8.071182e-08
8.065622e-08
8.060078e-08
8.054548e-08
8.049033e-08
8.043532e-08
8.038046e-08
8.032575e-08
8.027118e-08
8.021676e-08
8.016249e-08
8.010836e-08
8.005439e-08
8.000056e-08
7.994689e-08
7.989337e-08
7.984001e-08
7.978680e-08
7.973376e-08
7.968088e-08
7.962817e-08
7.957563e-08
7.952326e-08
7.947107e-08
7.941906e-08
7.936724e-08
7.931561e-08
7.926417e-08
7.921293e-08
7.916190e-08
7.911107e-08
7.906046e-08
7.901007e-08
7.895991e-08
7.890997e-08
7.886028e-08
7.881082e-08
7.876162e-08
7.871266e-08
7.866398e-08
7.861556e-08
7.856741e-08
7.851955e-08
7.847197e-08
7.842469e-08
7.837771e-08
7.833104e-08
7.828468e-08
7.823865e-08
7.819295e-08
7.814758e-08
7.810256e-08
7.805789e-08
7.801358e-08
7.796964e-08
7.792607e-08
7.788288e-08
7.784007e-08
7.779766e-08
7.775566e-08
7.771406e-08
7.767288e-08
7.763213e-08
7.759180e-08
7.755191e-08
7.751247e-08
7.747347e-08
7.743494e-08
7.739687e-08
7.735927e-08
7.732215e-08
7.728551e-08
7.724937e-08
7.721372e-08
7.717858e-08
7.714394e-08
7.710982e-08
7.707622e-08
7.704315e-08
7.701062e-08
7.697862e-08
7.694716e-08
7.691626e-08
7.688590e-08
7.685611e-08
7.682688e-08
7.679822e-08
7.677014e-08
7.674263e-08
7.671571e-08
7.668937e-08
7.666362e-08
7.663847e-08
7.661392e-08
7.658997e-08
7.656662e-08
7.654389e-08
7.652176e-08
7.650026e-08
7.647937e-08
7.645910e-08
7.643945e-08
7.642043e-08
7.640204e-08
7.638428e-08
7.636715e-08
7.635066e-08
7.633480e-08
7.631957e-08
7.630499e-08
7.629104e-08
7.627774e-08
7.626508e-08
7.625305e-08
7.624167e-08
7.623093e-08
7.622084e-08
7.621138e-08
7.620257e-08
7.619440e-08
7.618686e-08
7.617997e-08
7.617372e-08
7.616810e-08
7.616312e-08
7.615877e-08
7.615506e-08
7.615198e-08
7.614952e-08
7.614769e-08
7.614648e-08
7.614589e-08
7.614592e-08
7.614656e-08
7.614782e-08
7.614968e-08
7.615214e-08
7.615520e-08
7.615885e-08
7.616309e-08
7.616792e-08
7.617333e-08
7.617931e-08
7.618586e-08
7.619298e-08
7.620065e-08
7.620887e-08
7.621763e-08
7.622693e-08
7.623677e-08
7.624712e-08
7.625800e-08
7.626937e-08
7.628125e-08
7.629363e-08
7.630648e-08
7.631981e-08
7.633361e-08
7.634786e-08
7.636255e-08
7.637769e-08
7.639325e-08
7.640923e-08
7.642561e-08
7.644238e-08
7.645955e-08
7.647708e-08
7.649497e-08
7.651321e-08
7.653179e-08
7.655069e-08
7.656991e-08
7.658942e-08
7.660921e-08
7.662928e-08
7.664961e-08
7.667018e-08
7.669097e-08
7.671199e-08
7.673320e-08
7.675460e-08
7.677617e-08
7.679790e-08
7.681976e-08
7.684175e-08
7.686384e-08
7.688603e-08
7.690829e-08
7.693061e-08
7.695297e-08
7.697536e-08
7.699776e-08
7.702014e-08
7.704250e-08
7.706482e-08
7.708707e-08
7.710925e-08
7.713133e-08
7.715329e-08
7.717512e-08
7.719680e-08
7.721831e-08
7.723964e-08
7.726075e-08
7.728165e-08
7.730230e-08
7.732270e-08
7.734282e-08
7.736264e-08
7.738214e-08
7.740132e-08
7.742014e-08
7.743860e-08
7.745667e-08
7.747434e-08
7.749159e-08
7.750840e-08
7.752476e-08
7.754064e-08
7.755603e-08
7.757092e-08
7.758528e-08
7.759911e-08
7.761238e-08
7.762508e-08
7.763720e-08
7.764871e-08
7.765961e-08
7.766988e-08
7.767951e-08
7.768847e-08
7.769677e-08
7.770438e-08
7.771129e-08
7.771750e-08
7.772298e-08
7.772773e-08
7.773174e-08
7.773499e-08
7.773747e-08
7.773919e-08
7.774012e-08
7.774026e-08
7.773960e-08
7.773813e-08
7.773585e-08
7.773275e-08
7.772882e-08
7.772406e-08
7.771847e-08
7.771204e-08
7.770476e-08
7.769664e-08
7.768767e-08
7.767785e-08
7.766717e-08
7.765565e-08
7.764328e-08
7.763006e-08
7.761599e-08
7.760107e-08
7.758531e-08
7.756871e-08
7.755128e-08
7.753302e-08
7.751393e-08
7.749403e-08
7.747331e-08
7.745179e-08
7.742948e-08
7.740638e-08
7.738251e-08
7.735787e-08
7.733248e-08
7.730634e-08
7.727948e-08
7.725189e-08
7.722360e-08
7.719463e-08
7.716497e-08
7.713466e-08
7.710371e-08
7.707213e-08
7.703994e-08
7.700715e-08
7.697380e-08
7.693989e-08
7.690545e-08
7.687049e-08
7.683505e-08
7.679912e-08
7.676275e-08
7.672595e-08
7.668874e-08
7.665115e-08
7.661321e-08
7.657492e-08
7.653633e-08
7.649744e-08
7.645830e-08
7.641892e-08
7.637933e-08
7.633956e-08
7.629963e-08
7.625956e-08
7.621939e-08
7.617915e-08
7.613885e-08
7.609854e-08
7.605822e-08
7.601795e-08
7.597773e-08
7.593760e-08
7.589759e-08
7.585772e-08
7.581803e-08
7.577854e-08
7.573928e-08
7.570028e-08
7.566157e-08
7.562317e-08
7.558512e-08
7.554744e-08
7.551016e-08
7.547330e-08
7.543690e-08
7.540098e-08
7.536557e-08
7.533070e-08
7.529639e-08
7.526267e-08
7.522956e-08
7.519710e-08
7.516530e-08
7.513419e-08
7.510380e-08
7.507415e-08
7.504527e-08
7.501717e-08
7.498988e-08
7.496343e-08
7.493783e-08
7.491311e-08
7.488928e-08
7.486638e-08
7.484441e-08
7.482340e-08
7.480336e-08
7.478432e-08
7.476630e-08
7.474930e-08
7.473334e-08
7.471845e-08
7.470463e-08
7.469190e-08
7.468027e-08
7.466976e-08
7.466038e-08
7.465214e-08
7.464504e-08
7.463911e-08
7.463435e-08
7.463077e-08
7.462838e-08
7.462717e-08
7.462717e-08
7.462838e-08
7.463079e-08
7.463442e-08
7.463927e-08
7.464534e-08
7.465264e-08
7.466115e-08
7.467090e-08
7.468187e-08
7.469406e-08
7.470748e-08
7.472211e-08
7.473796e-08
7.475503e-08
7.477331e-08
7.479279e-08
7.481347e-08
7.483535e-08
7.485841e-08
7.488264e-08
7.490805e-08
7.493462e-08
7.496235e-08
7.499121e-08
7.502121e-08
7.505233e-08
7.508457e-08
7.511790e-08
7.515232e-08
7.518781e-08
7.522437e-08
7.526198e-08
7.530062e-08
7.534028e-08
7.538095e-08
7.542261e-08
7.546525e-08
7.550886e-08
7.555341e-08
7.559889e-08
7.564529e-08
7.569260e-08
7.574079e-08
7.578985e-08
7.583977e-08
7.589053e-08
7.594212e-08
7.599451e-08
7.604770e-08
7.610167e-08
7.615641e-08
7.621189e-08
7.626811e-08
7.632506e-08
7.638271e-08
7.644106e-08
7.650009e-08
7.655979e-08
7.662015e-08
7.668116e-08
7.674280e-08
7.680508e-08
7.686797e-08
7.693146e-08
7.699556e-08
7.706025e-08
7.712552e-08
7.719138e-08
7.725781e-08
7.732481e-08
7.739238e-08
7.746051e-08
7.752920e-08
7.759846e-08
7.766828e-08
7.773867e-08
7.780963e-08
7.788115e-08
7.795326e-08
7.802594e-08
7.809922e-08
7.817310e-08
7.824758e-08
7.832268e-08
7.839842e-08
7.847480e-08
7.855184e-08
7.862955e-08
7.870796e-08
7.878709e-08
7.886694e-08
7.894755e-08
7.902894e-08
7.911114e-08
7.919416e-08
7.927803e-08
7.936280e-08
7.944848e-08
7.953510e-08
7.962271e-08
7.971134e-08
7.980101e-08
7.989178e-08
7.998367e-08
8.007674e-08
8.017102e-08
8.026655e-08
8.036338e-08
8.046156e-08
8.056113e-08
8.066215e-08
8.076466e-08
8.086871e-08
8.097437e-08
8.108168e-08
8.119069e-08
8.130148e-08
8.141408e-08
8.152857e-08
8.164501e-08
8.176345e-08
8.188395e-08
8.200659e-08
8.213143e-08
8.225852e-08
8.238795e-08
8.251977e-08
8.265405e-08
8.279087e-08
8.293029e-08
8.307238e-08
8.321721e-08
8.336486e-08
8.351540e-08
8.366889e-08
8.382542e-08
8.398505e-08
8.414786e-08
8.431392e-08
8.448330e-08
8.465608e-08
8.483234e-08
8.501213e-08
8.519555e-08
8.538265e-08
8.557351e-08
8.576822e-08
8.596682e-08
8.616940e-08
8.637603e-08
8.658678e-08
8.680171e-08
8.702090e-08
8.724440e-08
8.747229e-08
8.770463e-08
8.794148e-08
8.818290e-08
8.842897e-08
8.867972e-08
8.893523e-08
8.919554e-08
8.946072e-08
8.973081e-08
9.000586e-08
9.028592e-08
9.057104e-08
9.086126e-08
9.115663e-08
9.145717e-08
9.176293e-08
9.207395e-08
9.239025e-08
9.271187e-08
9.303882e-08
9.337114e-08
9.370883e-08
9.405193e-08
9.440045e-08
9.475439e-08
9.511376e-08
9.547857e-08
9.584882e-08
9.622451e-08
9.660563e-08
9.699217e-08
9.738413e-08
9.778147e-08
9.818419e-08
9.859227e-08
9.900566e-08
9.942434e-08
9.984828e-08
1.002774e-07
1.007118e-07
1.011512e-07
1.015958e-07
1.020453e-07
1.024998e-07
1.029592e-07
1.034235e-07
1.038925e-07
1.043661e-07
1.048444e-07
1.053272e-07
1.058144e-07
1.063060e-07
1.068018e-07
1.073018e-07
1.078057e-07
1.083136e-07
1.088253e-07
1.093407e-07
1.098597e-07
1.103821e-07
1.109079e-07
1.114368e-07
1.119688e-07
1.125037e-07
1.130413e-07
1.135816e-07
1.141243e-07
1.146693e-07
1.152165e-07
1.157656e-07
1.163166e-07
1.168692e-07
1.174232e-07
1.179786e-07
1.185351e-07
1.190925e-07
1.196507e-07
1.202094e-07
1.207685e-07
1.213278e-07
1.218870e-07
1.224460e-07
1.230046e-07
1.235626e-07
1.241198e-07
1.246759e-07
1.252308e-07
1.257842e-07
1.263359e-07
1.268858e-07
1.274336e-07
1.279790e-07
1.285219e-07
1.290621e-07
1.295993e-07
1.301334e-07
1.306640e-07
1.311910e-07
1.317142e-07
1.322333e-07
1.327481e-07
1.332584e-07
1.337640e-07
1.342646e-07
1.347601e-07
1.352502e-07
1.357347e-07
1.362134e-07
1.366860e-07
1.371525e-07
1.376125e-07
1.380658e-07
1.385123e-07
1.389517e-07
1.393838e-07
1.398085e-07
1.402255e-07
1.406347e-07
1.410358e-07
1.414287e-07
1.418131e-07
1.421889e-07
1.425560e-07
1.429141e-07
1.432630e-07
1.436027e-07
1.439329e-07
1.442534e-07
1.445642e-07
1.448651e-07
1.451559e-07
1.454364e-07
1.457066e-07
1.459663e-07
1.462154e-07
1.464538e-07
1.466813e-07
1.468978e-07
1.471032e-07
1.472975e-07
1.474804e-07
1.476521e-07
1.478122e-07
1.479608e-07
1.480978e-07
1.482231e-07
1.483367e-07
1.484385e-07
1.485284e-07
1.486064e-07
1.486725e-07
1.487266e-07
1.487687e-07
1.487988e-07
1.488169e-07
1.488229e-07
