-2.592455e-13
3.776326e-12
1.588420e-11
3.606086e-11
6.430044e-11
1.005947e-10
1.449331e-10
1.973025e-10
2.576877e-10
3.260708e-10
4.024315e-10
4.867471e-10
5.789923e-10
6.791392e-10
7.871574e-10
9.030139e-10
1.026673e-09
1.158096e-09
1.297242e-09
1.444067e-09
1.598523e-09
1.760562e-09
1.930130e-09
2.107172e-09
2.291628e-09
2.483436e-09
2.682531e-09
2.888844e-09
3.102304e-09
3.322835e-09
3.550358e-09
3.784790e-09
4.026047e-09
4.274038e-09
4.528670e-09
4.789845e-09
5.057464e-09
5.331421e-09
5.611608e-09
5.897912e-09
6.190217e-09
6.488401e-09
6.792340e-09
7.101905e-09
7.416962e-09
7.737376e-09
8.063003e-09
8.393698e-09
8.729311e-09
9.069689e-09
9.414671e-09
9.764095e-09
1.011779e-08
1.047560e-08
1.083733e-08
1.120281e-08
1.157185e-08
1.194426e-08
1.231986e-08
1.269844e-08
1.307981e-08
1.346376e-08
1.385008e-08
1.423856e-08
1.462898e-08
1.502113e-08
1.541477e-08
1.580968e-08
1.620563e-08
1.660239e-08
1.699972e-08
1.739738e-08
1.779512e-08
1.819270e-08
1.858988e-08
1.898639e-08
1.938199e-08
1.977642e-08
2.016943e-08
2.056074e-08
2.095011e-08
2.133727e-08
2.172195e-08
2.210390e-08
2.248284e-08
2.285850e-08
2.323063e-08
2.359895e-08
2.396320e-08
2.432311e-08
2.467841e-08
2.502884e-08
2.537413e-08
2.571402e-08
2.604825e-08
2.637655e-08
2.669868e-08
2.701436e-08
2.732335e-08
2.762540e-08
2.792025e-08
2.820767e-08
2.848741e-08
2.875923e-08
2.902290e-08
2.927819e-08
2.952487e-08
2.976273e-08
2.999154e-08
3.021111e-08
3.042121e-08
3.062166e-08
3.081226e-08
3.099282e-08
3.116317e-08
3.132313e-08
3.147253e-08
3.161121e-08
3.173902e-08
3.185581e-08
3.196145e-08
3.205581e-08
3.213877e-08
3.221021e-08
3.227003e-08
3.231813e-08
3.235442e-08
3.237883e-08
3.239129e-08
3.239173e-08
3.238011e-08
3.235639e-08
3.232052e-08
3.227249e-08
3.221229e-08
3.213991e-08
3.205537e-08
3.195866e-08
3.184984e-08
3.172891e-08
3.159595e-08
3.145099e-08
3.129412e-08
3.112539e-08
3.094491e-08
3.075276e-08
3.054905e-08
3.033390e-08
3.010743e-08
2.986978e-08
2.962109e-08
2.936151e-08
2.909122e-08
2.881037e-08
2.851915e-08
2.821776e-08
2.790639e-08
2.758525e-08
2.725456e-08
2.691454e-08
2.656542e-08
2.620744e-08
2.584086e-08
2.546592e-08
2.508290e-08
2.469205e-08
2.429366e-08
2.388802e-08
2.347540e-08
2.305611e-08
2.263044e-08
2.219871e-08
2.176122e-08
2.131829e-08
2.087024e-08
2.041739e-08
1.996008e-08
1.949864e-08
1.903340e-08
1.856471e-08
1.809290e-08
1.761831e-08
1.714130e-08
1.666221e-08
1.618139e-08
1.569919e-08
1.521596e-08
1.473205e-08
1.424781e-08
1.376360e-08
1.327976e-08
1.279663e-08
1.231458e-08
1.183394e-08
1.135506e-08
1.087827e-08
1.040393e-08
9.932358e-09
9.463893e-09
8.998864e-09
8.537595e-09
8.080409e-09
7.627620e-09
7.179541e-09
6.736479e-09
6.298735e-09
5.866604e-09
5.440378e-09
5.020338e-09
4.606764e-09
4.199925e-09
3.800086e-09
3.407505e-09
3.022429e-09
2.645103e-09
2.275761e-09
1.914628e-09
1.561925e-09
1.217862e-09
8.826399e-10
5.564537e-10
2.394881e-10
-6.808062e-11
-3.660851e-10
-6.543669e-10
-9.327769e-10
-1.201175e-09
-1.459430e-09
-1.707421e-09
-1.945035e-09
-2.172170e-09
-2.388733e-09
-2.594639e-09
-2.789816e-09
-2.974197e-09
-3.147728e-09
-3.310364e-09
-3.462067e-09
-3.602812e-09
-3.732580e-09
-3.851364e-09
-3.959164e-09
-4.055992e-09
-4.141866e-09
-4.216816e-09
-4.280878e-09
-4.334099e-09
-4.376533e-09
-4.408244e-09
-4.429304e-09
-4.439793e-09
-4.439799e-09
-4.429419e-09
-4.408755e-09
-4.377921e-09
-4.337034e-09
-4.286222e-09
-4.225617e-09
-4.155360e-09
-4.075597e-09
-3.986483e-09
-3.888176e-09
-3.780843e-09
-3.664654e-09
-3.539787e-09
-3.406424e-09
-3.264753e-09
-3.114965e-09
-2.957259e-09
-2.791835e-09
-2.618899e-09
-2.438660e-09
-2.251333e-09
-2.057133e-09
-1.856280e-09
-1.648997e-09
-1.435509e-09
-1.216045e-09
-9.908348e-10
-7.601098e-10
-5.241040e-10
-2.830528e-10
-3.719262e-11
2.132392e-10
4.680045e-10
7.268646e-10
9.895804e-10
1.255913e-09
1.525624e-09
1.798474e-09
2.074226e-09
2.352643e-09
2.633490e-09
2.916530e-09
3.201532e-09
3.488264e-09
3.776495e-09
4.066000e-09
4.356552e-09
4.647928e-09
4.939908e-09
5.232274e-09
5.524812e-09
5.817311e-09
6.109561e-09
6.401358e-09
6.692500e-09
6.982790e-09
7.272034e-09
7.560040e-09
7.846624e-09
8.131602e-09
8.414798e-09
8.696037e-09
8.975151e-09
9.251975e-09
9.526348e-09
9.798116e-09
1.006713e-08
1.033324e-08
1.059630e-08
1.085618e-08
1.111276e-08
1.136589e-08
1.161547e-08
1.186137e-08
1.210348e-08
1.234169e-08
1.257591e-08
1.280604e-08
1.303198e-08
1.325365e-08
1.347097e-08
1.368385e-08
1.389224e-08
1.409606e-08
1.429524e-08
1.448974e-08
1.467950e-08
1.486447e-08
1.504461e-08
1.521988e-08
1.539025e-08
1.555568e-08
1.571616e-08
1.587165e-08
1.602215e-08
1.616765e-08
1.630812e-08
1.644358e-08
1.657402e-08
1.669944e-08
1.681986e-08
1.693528e-08
1.704571e-08
1.715118e-08
1.725171e-08
1.734732e-08
1.743805e-08
1.752391e-08
1.760496e-08
1.768122e-08
1.775273e-08
1.781954e-08
1.788169e-08
1.793924e-08
1.799223e-08
1.804071e-08
1.808474e-08
1.812437e-08
1.815967e-08
1.819070e-08
1.821752e-08
1.824019e-08
1.825878e-08
1.827336e-08
1.828399e-08
1.829075e-08
1.829371e-08
1.829294e-08
1.828852e-08
1.828052e-08
1.826901e-08
1.825407e-08
1.823579e-08
1.821423e-08
1.818947e-08
1.816160e-08
1.813069e-08
1.809683e-08
1.806009e-08
1.802055e-08
1.797830e-08
1.793341e-08
1.788596e-08
1.783604e-08
1.778372e-08
1.772909e-08
1.767221e-08
1.761318e-08
1.755207e-08
1.748896e-08
1.742393e-08
1.735706e-08
1.728841e-08
1.721808e-08
1.714612e-08
1.707263e-08
1.699767e-08
1.692132e-08
1.684365e-08
1.676474e-08
1.668464e-08
1.660344e-08
1.652121e-08
1.643801e-08
1.635390e-08
1.626897e-08
1.618327e-08
1.609687e-08
1.600983e-08
1.592221e-08
1.583408e-08
1.574550e-08
1.565653e-08
1.556722e-08
1.547763e-08
1.538783e-08
1.529786e-08
1.520779e-08
1.511765e-08
1.502751e-08
1.493742e-08
1.484743e-08
1.475758e-08
1.466793e-08
1.457852e-08
1.448939e-08
1.440059e-08
1.431217e-08
1.422416e-08
1.413661e-08
1.404956e-08
1.396305e-08
1.387711e-08
1.379178e-08
1.370709e-08
1.362309e-08
1.353980e-08
1.345726e-08
1.337550e-08
1.329455e-08
1.321444e-08
1.313519e-08
1.305684e-08
1.297940e-08
1.290291e-08
1.282739e-08
1.275286e-08
1.267935e-08
1.260686e-08
1.253544e-08
1.246508e-08
1.239582e-08
1.232766e-08
1.226063e-08
1.219474e-08
1.213000e-08
1.206642e-08
1.200402e-08
1.194281e-08
1.188280e-08
1.182399e-08
1.176640e-08
1.171003e-08
1.165490e-08
1.160099e-08
1.154832e-08
1.149690e-08
1.144672e-08
1.139778e-08
1.135009e-08
1.130365e-08
1.125845e-08
1.121450e-08
1.117179e-08
1.113031e-08
1.109007e-08
1.105105e-08
1.101325e-08
1.097667e-08
1.094129e-08
1.090711e-08
1.087412e-08
1.084231e-08
1.081166e-08
1.078217e-08
1.075382e-08
1.072660e-08
1.070050e-08
1.067549e-08
1.065157e-08
1.062873e-08
1.060693e-08
1.058617e-08
1.056643e-08
1.054769e-08
1.052993e-08
1.051312e-08
1.049726e-08
1.048232e-08
1.046828e-08
1.045511e-08
1.044279e-08
1.043131e-08
1.042064e-08
1.041075e-08
1.040161e-08
1.039322e-08
1.038553e-08
1.037854e-08
1.037220e-08
1.036649e-08
1.036140e-08
1.035689e-08
1.035293e-08
1.034950e-08
1.034658e-08
1.034413e-08
1.034212e-08
1.034054e-08
1.033936e-08
1.033854e-08
1.033806e-08
1.033789e-08
1.033800e-08
1.033837e-08
1.033898e-08
1.033978e-08
1.034077e-08
1.034190e-08
1.034315e-08
1.034451e-08
1.034593e-08
1.034740e-08
1.034889e-08
1.035037e-08
1.035182e-08
1.035321e-08
1.035453e-08
1.035575e-08
1.035683e-08
1.035777e-08
1.035854e-08
1.035911e-08
1.035947e-08
1.035960e-08
1.035947e-08
1.035906e-08
1.035836e-08
1.035735e-08
1.035601e-08
1.035432e-08
1.035226e-08
1.034983e-08
1.034700e-08
1.034376e-08
1.034010e-08
1.033600e-08
1.033145e-08
1.032644e-08
1.032097e-08
1.031501e-08
1.030856e-08
1.030162e-08
1.029417e-08
1.028620e-08
1.027772e-08
1.026872e-08
1.025918e-08
1.024912e-08
1.023852e-08
1.022738e-08
1.021570e-08
1.020349e-08
1.019074e-08
1.017745e-08
1.016363e-08
1.014927e-08
1.013439e-08
1.011898e-08
1.010305e-08
1.008660e-08
1.006965e-08
1.005220e-08
1.003426e-08
1.001583e-08
9.996930e-09
9.977563e-09
9.957742e-09
9.937477e-09
9.916781e-09
9.895666e-09
9.874146e-09
9.852233e-09
9.829941e-09
9.807286e-09
9.784282e-09
9.760945e-09
9.737291e-09
9.713337e-09
9.689099e-09
9.664595e-09
9.639842e-09
9.614859e-09
9.589664e-09
9.564276e-09
9.538713e-09
9.512995e-09
9.487142e-09
9.461172e-09
9.435107e-09
9.408965e-09
9.382768e-09
9.356535e-09
9.330287e-09
9.304045e-09
9.277829e-09
9.251659e-09
9.225556e-09
9.199541e-09
9.173633e-09
9.147855e-09
9.122225e-09
9.096765e-09
9.071494e-09
9.046432e-09
9.021599e-09
8.997014e-09
8.972698e-09
8.948668e-09
8.924945e-09
8.901546e-09
8.878491e-09
8.855796e-09
8.833480e-09
8.811560e-09
8.790053e-09
8.768976e-09
8.748345e-09
8.728176e-09
8.708485e-09
8.689285e-09
8.670593e-09
8.652422e-09
8.634786e-09
8.617699e-09
8.601172e-09
8.585218e-09
8.569849e-09
8.555077e-09
8.540912e-09
8.527364e-09
8.514443e-09
8.502158e-09
8.490519e-09
8.479533e-09
8.469207e-09
8.459550e-09
8.450567e-09
8.442265e-09
8.434649e-09
8.427724e-09
8.421495e-09
8.415965e-09
8.411138e-09
8.407016e-09
8.403602e-09
8.400899e-09
8.398906e-09
8.397625e-09
8.397056e-09
8.397199e-09
8.398053e-09
8.399617e-09
8.401889e-09
8.404867e-09
8.408548e-09
8.412929e-09
8.418008e-09
8.423778e-09
8.430237e-09
8.437380e-09
8.445200e-09
8.453693e-09
8.462852e-09
8.472672e-09
8.483144e-09
8.494262e-09
8.506019e-09
8.518406e-09
8.531416e-09
8.545039e-09
8.559268e-09
8.574093e-09
8.589504e-09
8.605492e-09
8.622047e-09
8.639159e-09
8.656818e-09
8.675012e-09
8.693731e-09
8.712965e-09
8.732701e-09
8.752929e-09
8.773636e-09
8.794812e-09
8.816445e-09
8.838521e-09
8.861030e-09
8.883959e-09
8.907296e-09
8.931028e-09
8.955144e-09
8.979630e-09
9.004473e-09
9.029663e-09
9.055184e-09
9.081026e-09
9.107175e-09
9.133619e-09
9.160345e-09
9.187340e-09
9.214592e-09
9.242087e-09
9.269815e-09
9.297761e-09
9.325914e-09
9.354261e-09
9.382790e-09
9.411488e-09
9.440344e-09
9.469346e-09
9.498480e-09
9.527737e-09
9.557103e-09
9.586568e-09
9.616120e-09
9.645748e-09
9.675440e-09
9.705185e-09
9.734973e-09
9.764793e-09
9.794635e-09
9.824487e-09
9.854341e-09
9.884185e-09
9.914011e-09
9.943808e-09
9.973567e-09
1.000328e-08
1.003294e-08
1.006253e-08
1.009204e-08
1.012148e-08
1.015083e-08
1.018008e-08
1.020922e-08
1.023825e-08
1.026716e-08
1.029594e-08
1.032459e-08
1.035310e-08
1.038146e-08
1.040968e-08
1.043773e-08
1.046562e-08
1.049334e-08
1.052089e-08
1.054825e-08
1.057544e-08
1.060244e-08
1.062925e-08
1.065586e-08
1.068228e-08
1.070850e-08
1.073451e-08
1.076032e-08
1.078592e-08
1.081131e-08
1.083648e-08
1.086145e-08
1.088620e-08
1.091073e-08
1.093505e-08
1.095915e-08
1.098303e-08
1.100670e-08
1.103016e-08
1.105340e-08
1.107642e-08
1.109923e-08
1.112183e-08
1.114422e-08
1.116641e-08
1.118838e-08
1.121016e-08
1.123173e-08
1.125311e-08
1.127430e-08
1.129529e-08
1.131610e-08
1.133672e-08
1.135717e-08
1.137744e-08
1.139754e-08
1.141748e-08
1.143725e-08
1.145687e-08
1.147634e-08
1.149567e-08
1.151485e-08
1.153391e-08
1.155283e-08
1.157164e-08
1.159033e-08
1.160891e-08
1.162738e-08
1.164576e-08
1.166406e-08
1.168226e-08
1.170040e-08
1.171846e-08
1.173646e-08
1.175440e-08
1.177230e-08
1.179015e-08
1.180797e-08
1.182576e-08
1.184353e-08
1.186128e-08
1.187903e-08
1.189678e-08
1.191453e-08
1.193229e-08
1.195007e-08
1.196788e-08
1.198572e-08
1.200360e-08
1.202152e-08
1.203949e-08
1.205752e-08
1.207560e-08
1.209376e-08
1.211198e-08
1.213028e-08
1.214867e-08
1.216713e-08
1.218569e-08
1.220434e-08
1.222309e-08
1.224194e-08
1.226089e-08
1.227995e-08
1.229912e-08
1.231839e-08
1.233779e-08
1.235729e-08
1.237691e-08
1.239665e-08
1.241650e-08
1.243647e-08
1.245655e-08
1.247675e-08
1.249706e-08
1.251749e-08
1.253802e-08
1.255866e-08
1.257941e-08
1.260025e-08
1.262120e-08
1.264223e-08
1.266335e-08
1.268456e-08
1.270584e-08
1.272719e-08
1.274861e-08
1.277008e-08
1.279161e-08
1.281317e-08
1.283477e-08
1.285640e-08
1.287804e-08
1.289968e-08
1.292133e-08
1.294295e-08
1.296455e-08
1.298612e-08
1.300764e-08
1.302909e-08
1.305047e-08
1.307177e-08
1.309296e-08
1.311405e-08
1.313500e-08
1.315582e-08
1.317648e-08
1.319696e-08
1.321727e-08
1.323737e-08
1.325725e-08
1.327690e-08
1.329630e-08
1.331543e-08
1.333429e-08
1.335284e-08
1.337107e-08
1.338898e-08
1.340653e-08
1.342372e-08
1.344052e-08
1.345691e-08
1.347289e-08
1.348843e-08
1.350352e-08
1.351813e-08
1.353225e-08
1.354587e-08
1.355896e-08
1.357152e-08
1.358351e-08
1.359493e-08
1.360575e-08
1.361597e-08
1.362557e-08
1.363452e-08
1.364282e-08
1.365045e-08
1.365739e-08
1.366364e-08
1.366917e-08
1.367397e-08
1.367802e-08
1.368133e-08
1.368386e-08
1.368562e-08
1.368658e-08
1.368674e-08
1.368609e-08
1.368462e-08
1.368232e-08
1.367917e-08
1.367517e-08
1.367032e-08
1.366460e-08
1.365802e-08
1.365056e-08
1.364221e-08
1.363298e-08
1.362287e-08
1.361186e-08
1.359996e-08
1.358716e-08
1.357347e-08
1.355889e-08
1.354341e-08
1.352703e-08
1.350977e-08
1.349162e-08
1.347259e-08
1.345267e-08
1.343189e-08
1.341024e-08
1.338773e-08
1.336437e-08
1.334017e-08
1.331513e-08
1.328928e-08
1.326261e-08
1.323514e-08
1.320688e-08
1.317785e-08
1.314807e-08
1.311753e-08
1.308627e-08
1.305429e-08
1.302162e-08
1.298827e-08
1.295426e-08
1.291961e-08
1.288433e-08
1.284846e-08
1.281200e-08
1.277498e-08
1.273743e-08
1.269936e-08
1.266080e-08
1.262177e-08
1.258229e-08
1.254239e-08
1.250210e-08
1.246144e-08
1.242043e-08
1.237910e-08
1.233747e-08
1.229558e-08
1.225345e-08
1.221111e-08
1.216858e-08
1.212589e-08
1.208307e-08
1.204014e-08
1.199714e-08
1.195409e-08
1.191103e-08
1.186796e-08
1.182493e-08
1.178197e-08
1.173909e-08
1.169634e-08
1.165372e-08
1.161128e-08
1.156904e-08
1.152702e-08
1.148526e-08
1.144378e-08
1.140259e-08
1.136174e-08
1.132124e-08
1.128113e-08
1.124141e-08
1.120212e-08
1.116329e-08
1.112492e-08
1.108706e-08
1.104971e-08
1.101290e-08
1.097664e-08
1.094097e-08
1.090590e-08
1.087144e-08
1.083762e-08
1.080445e-08
1.077194e-08
1.074013e-08
1.070901e-08
1.067860e-08
1.064892e-08
1.061999e-08
1.059180e-08
1.056437e-08
1.053772e-08
1.051185e-08
1.048677e-08
1.046249e-08
1.043902e-08
1.041635e-08
1.039451e-08
1.037348e-08
1.035327e-08
1.033390e-08
1.031535e-08
1.029763e-08
1.028074e-08
1.026467e-08
1.024943e-08
1.023502e-08
1.022142e-08
1.020864e-08
1.019667e-08
1.018550e-08
1.017513e-08
1.016555e-08
1.015676e-08
1.014873e-08
1.014147e-08
1.013495e-08
1.012918e-08
1.012413e-08
1.011981e-08
1.011618e-08
1.011324e-08
1.011097e-08
1.010936e-08
1.010839e-08
1.010805e-08
1.010831e-08
1.010917e-08
1.011059e-08
1.011257e-08
1.011509e-08
1.011812e-08
1.012164e-08
1.012564e-08
1.013010e-08
1.013498e-08
1.014028e-08
1.014597e-08
1.015203e-08
1.015844e-08
1.016517e-08
1.017220e-08
1.017951e-08
1.018708e-08
1.019488e-08
1.020290e-08
1.021110e-08
1.021947e-08
1.022798e-08
1.023662e-08
1.024535e-08
1.025415e-08
1.026301e-08
1.027189e-08
1.028079e-08
1.028967e-08
1.029852e-08
1.030730e-08
1.031601e-08
1.032462e-08
1.033311e-08
1.034146e-08
1.034964e-08
1.035765e-08
1.036546e-08
1.037304e-08
1.038039e-08
1.038749e-08
1.039431e-08
1.040085e-08
1.040707e-08
1.041298e-08
1.041854e-08
1.042376e-08
1.042860e-08
1.043307e-08
1.043714e-08
1.044080e-08
1.044404e-08
1.044685e-08
1.044922e-08
1.045114e-08
1.045259e-08
1.045357e-08
1.045407e-08
1.045408e-08
1.045360e-08
1.045261e-08
1.045111e-08
1.044911e-08
1.044658e-08
1.044353e-08
1.043995e-08
1.043584e-08
1.043121e-08
1.042603e-08
1.042033e-08
1.041409e-08
1.040731e-08
1.040001e-08
1.039217e-08
1.038380e-08
1.037490e-08
1.036547e-08
1.035553e-08
1.034507e-08
1.033410e-08
1.032262e-08
1.031063e-08
1.029816e-08
1.028520e-08
1.027175e-08
1.025784e-08
1.024345e-08
1.022862e-08
1.021333e-08
1.019761e-08
1.018146e-08
1.016490e-08
1.014792e-08
1.013056e-08
1.011280e-08
1.009468e-08
1.007619e-08
1.005736e-08
1.003819e-08
1.001869e-08
9.998889e-09
9.978788e-09
9.958404e-09
9.937749e-09
9.916839e-09
9.895687e-09
9.874306e-09
9.852712e-09
9.830919e-09
9.808940e-09
9.786792e-09
9.764487e-09
9.742042e-09
9.719470e-09
9.696786e-09
9.674005e-09
9.651142e-09
9.628211e-09
9.605227e-09
9.582205e-09
9.559158e-09
9.536102e-09
9.513051e-09
9.490019e-09
9.467020e-09
9.444068e-09
9.421176e-09
9.398359e-09
9.375630e-09
9.353003e-09
9.330489e-09
9.308103e-09
9.285857e-09
9.263763e-09
9.241834e-09
9.220081e-09
9.198517e-09
9.177152e-09
9.155998e-09
9.135066e-09
9.114367e-09
9.093910e-09
9.073706e-09
9.053765e-09
9.034095e-09
9.014707e-09
8.995608e-09
8.976807e-09
8.958313e-09
8.940132e-09
8.922272e-09
8.904741e-09
8.887544e-09
8.870689e-09
8.854181e-09
8.838025e-09
8.822227e-09
8.806792e-09
8.791723e-09
8.777026e-09
8.762703e-09
8.748758e-09
8.735194e-09
8.722012e-09
8.709217e-09
8.696808e-09
8.684787e-09
8.673155e-09
8.661913e-09
8.651061e-09
8.640598e-09
8.630523e-09
8.620837e-09
8.611536e-09
8.602620e-09
8.594085e-09
8.585930e-09
8.578151e-09
8.570745e-09
8.563708e-09
8.557035e-09
8.550723e-09
8.544765e-09
8.539158e-09
8.533894e-09
8.528968e-09
8.524374e-09
8.520104e-09
8.516151e-09
8.512508e-09
8.509167e-09
8.506119e-09
8.503356e-09
8.500868e-09
8.498647e-09
8.496683e-09
8.494965e-09
8.493483e-09
8.492227e-09
8.491185e-09
8.490347e-09
8.489701e-09
8.489234e-09
8.488934e-09
8.488789e-09
8.488786e-09
8.488912e-09
8.489154e-09
8.489498e-09
8.489929e-09
8.490435e-09
8.490999e-09
8.491608e-09
8.492248e-09
8.492901e-09
8.493555e-09
8.494191e-09
8.494796e-09
8.495353e-09
8.495846e-09
8.496259e-09
8.496574e-09
8.496776e-09
8.496848e-09
8.496773e-09
8.496533e-09
8.496112e-09
8.495492e-09
8.494656e-09
8.493586e-09
8.492265e-09
8.490676e-09
8.488800e-09
8.486620e-09
8.484117e-09
8.481276e-09
8.478076e-09
8.474502e-09
8.470534e-09
8.466156e-09
8.461349e-09
8.456096e-09
8.450380e-09
8.444182e-09
8.437485e-09
8.430273e-09
8.422527e-09
8.414231e-09
8.405368e-09
8.395921e-09
8.385873e-09
8.375209e-09
8.363911e-09
8.351964e-09
8.339351e-09
8.326059e-09
8.312070e-09
8.297370e-09
8.281944e-09
8.265778e-09
8.248858e-09
8.231169e-09
8.212698e-09
8.193432e-09
8.173358e-09
8.152463e-09
8.130736e-09
8.108164e-09
8.084737e-09
8.060443e-09
8.035272e-09
8.009214e-09
7.982259e-09
7.954398e-09
7.925623e-09
7.895925e-09
7.865296e-09
7.833731e-09
7.801220e-09
7.767760e-09
7.733343e-09
7.697966e-09
7.661622e-09
7.624310e-09
7.586024e-09
7.546762e-09
7.506522e-09
7.465303e-09
7.423102e-09
7.379920e-09
7.335757e-09
7.290613e-09
7.244490e-09
7.197389e-09
7.149314e-09
7.100267e-09
7.050251e-09
6.999273e-09
6.947336e-09
6.894445e-09
6.840608e-09
6.785832e-09
6.730122e-09
6.673489e-09
6.615940e-09
6.557484e-09
6.498133e-09
6.437895e-09
6.376783e-09
6.314807e-09
6.251981e-09
6.188317e-09
6.123829e-09
6.058530e-09
5.992436e-09
5.925560e-09
5.857920e-09
5.789531e-09
5.720409e-09
5.650573e-09
5.580040e-09
5.508827e-09
5.436954e-09
5.364440e-09
5.291304e-09
5.217567e-09
5.143248e-09
5.068369e-09
4.992951e-09
4.917016e-09
4.840585e-09
4.763680e-09
4.686325e-09
4.608542e-09
4.530355e-09
4.451787e-09
4.372862e-09
4.293603e-09
4.214036e-09
4.134184e-09
4.054072e-09
3.973725e-09
3.893168e-09
3.812425e-09
3.731523e-09
3.650486e-09
3.569339e-09
3.488109e-09
3.406819e-09
3.325497e-09
3.244166e-09
3.162853e-09
3.081582e-09
3.000380e-09
2.919270e-09
2.838279e-09
2.757430e-09
2.676750e-09
2.596261e-09
2.515989e-09
2.435958e-09
2.356191e-09
2.276713e-09
2.197547e-09
2.118716e-09
2.040243e-09
1.962150e-09
1.884459e-09
1.807193e-09
1.730373e-09
1.654019e-09
1.578154e-09
1.502796e-09
1.427966e-09
1.353683e-09
1.279965e-09
1.206833e-09
1.134303e-09
1.062392e-09
9.911190e-10
9.204989e-10
8.505479e-10
7.812814e-10
7.127143e-10
6.448606e-10
5.777342e-10
5.113480e-10
4.457145e-10
3.808455e-10
3.167525e-10
2.534460e-10
1.909360e-10
1.292320e-10
6.834279e-11
8.276501e-12
-5.095934e-11
-1.093578e-10
-1.669128e-10
-2.236185e-10
-2.794700e-10
-3.344631e-10
-3.885940e-10
-4.418596e-10
-4.942577e-10
-5.457864e-10
-5.964445e-10
-6.462317e-10
-6.951480e-10
-7.431941e-10
-7.903714e-10
-8.366820e-10
-8.821284e-10
-9.267138e-10
-9.704419e-10
-1.013317e-09
-1.055345e-09
-1.096530e-09
-1.136878e-09
-1.176398e-09
-1.215094e-09
-1.252976e-09
-1.290051e-09
-1.326329e-09
-1.361817e-09
-1.396527e-09
-1.430469e-09
-1.463652e-09
-1.496088e-09
-1.527789e-09
-1.558767e-09
-1.589033e-09
-1.618601e-09
-1.647484e-09
-1.675696e-09
-1.703249e-09
-1.730159e-09
-1.756440e-09
-1.782106e-09
-1.807173e-09
-1.831657e-09
-1.855572e-09
-1.878934e-09
-1.901760e-09
-1.924067e-09
-1.945869e-09
-1.967184e-09
-1.988030e-09
-2.008422e-09
-2.028377e-09
-2.047914e-09
-2.067049e-09
-2.085799e-09
-2.104181e-09
-2.122214e-09
-2.139915e-09
-2.157300e-09
-2.174388e-09
-2.191195e-09
-2.207740e-09
-2.224038e-09
-2.240108e-09
-2.255966e-09
-2.271630e-09
-2.287115e-09
-2.302440e-09
-2.317619e-09
-2.332671e-09
-2.347610e-09
-2.362452e-09
-2.377214e-09
-2.391911e-09
-2.406558e-09
-2.421169e-09
-2.435760e-09
-2.450345e-09
-2.464938e-09
-2.479552e-09
-2.494202e-09
-2.508900e-09
-2.523658e-09
-2.538489e-09
-2.553406e-09
-2.568419e-09
-2.583540e-09
-2.598779e-09
-2.614146e-09
-2.629652e-09
-2.645307e-09
-2.661117e-09
-2.677094e-09
-2.693243e-09
-2.709574e-09
-2.726092e-09
-2.742805e-09
-2.759719e-09
-2.776839e-09
-2.794169e-09
-2.811716e-09
-2.829481e-09
-2.847470e-09
-2.865685e-09
-2.884128e-09
-2.902801e-09
-2.921706e-09
-2.940842e-09
-2.960211e-09
-2.979812e-09
-2.999644e-09
-3.019706e-09
-3.039995e-09
-3.060508e-09
-3.081244e-09
-3.102197e-09
-3.123365e-09
-3.144741e-09
-3.166320e-09
-3.188098e-09
-3.210066e-09
-3.232219e-09
-3.254548e-09
-3.277046e-09
-3.299704e-09
-3.322513e-09
-3.345463e-09
-3.368545e-09
-3.391747e-09
-3.415058e-09
-3.438467e-09
-3.461961e-09
-3.485529e-09
-3.509157e-09
-3.532831e-09
-3.556538e-09
-3.580263e-09
-3.603992e-09
-3.627709e-09
-3.651399e-09
-3.675046e-09
-3.698634e-09
-3.722145e-09
-3.745563e-09
-3.768871e-09
-3.792051e-09
-3.815084e-09
-3.837953e-09
-3.860639e-09
-3.883124e-09
-3.905388e-09
-3.927412e-09
-3.949176e-09
-3.970662e-09
-3.991849e-09
-4.012717e-09
-4.033247e-09
-4.053418e-09
-4.073209e-09
-4.092601e-09
-4.111573e-09
-4.130105e-09
-4.148176e-09
-4.165766e-09
-4.182854e-09
-4.199421e-09
-4.215445e-09
-4.230906e-09
-4.245785e-09
-4.260061e-09
-4.273715e-09
-4.286726e-09
-4.299076e-09
-4.310746e-09
-4.321715e-09
-4.331966e-09
-4.341480e-09
-4.350239e-09
-4.358224e-09
-4.365419e-09
-4.371807e-09
-4.377370e-09
-4.382092e-09
-4.385957e-09
-4.388950e-09
-4.391056e-09
-4.392261e-09
-4.392549e-09
-4.391908e-09
-4.390325e-09
-4.387788e-09
-4.384284e-09
-4.379803e-09
-4.374333e-09
-4.367866e-09
-4.360391e-09
-4.351901e-09
-4.342386e-09
-4.331841e-09
-4.320258e-09
-4.307632e-09
-4.293958e-09
-4.279231e-09
-4.263448e-09
-4.246606e-09
-4.228704e-09
-4.209741e-09
-4.189715e-09
-4.168628e-09
-4.146481e-09
-4.123276e-09
-4.099017e-09
-4.073706e-09
-4.047351e-09
-4.019954e-09
-3.991525e-09
-3.962069e-09
-3.931595e-09
-3.900113e-09
-3.867632e-09
-3.834163e-09
-3.799719e-09
-3.764311e-09
-3.727955e-09
-3.690663e-09
-3.652452e-09
-3.613337e-09
-3.573337e-09
-3.532467e-09
-3.490749e-09
-3.448200e-09
-3.404842e-09
-3.360696e-09
-3.315783e-09
-3.270127e-09
-3.223752e-09
-3.176681e-09
-3.128940e-09
-3.080555e-09
-3.031552e-09
-2.981958e-09
-2.931803e-09
-2.881113e-09
-2.829919e-09
-2.778251e-09
-2.726138e-09
-2.673612e-09
-2.620705e-09
-2.567449e-09
-2.513877e-09
-2.460021e-09
-2.405915e-09
-2.351593e-09
-2.297091e-09
-2.242442e-09
-2.187681e-09
-2.132845e-09
-2.077969e-09
-2.023089e-09
-1.968241e-09
-1.913463e-09
-1.858789e-09
-1.804258e-09
-1.749906e-09
-1.695770e-09
-1.641887e-09
-1.588295e-09
-1.535029e-09
-1.482128e-09
-1.429627e-09
-1.377565e-09
-1.325976e-09
-1.274898e-09
-1.224367e-09
-1.174419e-09
-1.125089e-09
-1.076413e-09
-1.028426e-09
-9.811623e-10
-9.346561e-10
-8.889413e-10
-8.440512e-10
-8.000185e-10
-7.568754e-10
-7.146538e-10
-6.733846e-10
-6.330983e-10
-5.938247e-10
-5.555930e-10
-5.184316e-10
-4.823681e-10
-4.474294e-10
-4.136418e-10
-3.810305e-10
-3.496199e-10
-3.194338e-10
-2.904949e-10
-2.628249e-10
-2.364449e-10
-2.113746e-10
-1.876333e-10
-1.652387e-10
-1.442081e-10
-1.245572e-10
-1.063012e-10
-8.945390e-11
-7.402813e-11
-6.003568e-11
-4.748723e-11
-3.639236e-11
-2.675957e-11
-1.859622e-11
-1.190856e-11
-6.701699e-12
-2.979630e-12
-7.452030e-13
-1.288529e-16
