-2.733753e-13
3.765074e-12
1.588123e-11
3.607149e-11
6.432981e-11
1.006478e-10
1.450145e-10
1.974166e-10
2.578384e-10
3.262615e-10
4.026652e-10
4.870260e-10
5.793182e-10
6.795132e-10
7.875798e-10
9.034843e-10
1.027190e-09
1.158657e-09
1.297845e-09
1.444707e-09
1.599196e-09
1.761261e-09
1.930848e-09
2.107900e-09
2.292358e-09
2.484157e-09
2.683231e-09
2.889511e-09
3.102924e-09
3.323392e-09
3.550836e-09
3.785172e-09
4.026313e-09
4.274168e-09
4.528644e-09
4.789640e-09
5.057057e-09
5.330787e-09
5.610721e-09
5.896745e-09
6.188741e-09
6.486589e-09
6.790161e-09
7.099329e-09
7.413957e-09
7.733908e-09
8.059040e-09
8.389206e-09
8.724256e-09
9.064033e-09
9.408380e-09
9.757132e-09
1.011012e-08
1.046718e-08
1.082813e-08
1.119278e-08
1.156097e-08
1.193249e-08
1.230715e-08
1.268476e-08
1.306512e-08
1.344803e-08
1.383327e-08
1.422063e-08
1.460990e-08
1.500085e-08
1.539328e-08
1.578694e-08
1.618161e-08
1.657705e-08
1.697304e-08
1.736933e-08
1.776567e-08
1.816183e-08
1.855756e-08
1.895261e-08
1.934673e-08
1.973966e-08
2.013115e-08
2.052093e-08
2.090876e-08
2.129437e-08
2.167750e-08
2.205789e-08
2.243527e-08
2.280938e-08
2.317996e-08
2.354674e-08
2.390945e-08
2.426784e-08
2.462164e-08
2.497059e-08
2.531442e-08
2.565288e-08
2.598571e-08
2.631264e-08
2.663343e-08
2.694782e-08
2.725556e-08
2.755640e-08
2.785011e-08
2.813643e-08
2.841512e-08
2.868597e-08
2.894872e-08
2.920317e-08
2.944908e-08
2.968624e-08
2.991443e-08
3.013346e-08
3.034312e-08
3.054321e-08
3.073354e-08
3.091393e-08
3.108421e-08
3.124420e-08
3.139374e-08
3.153267e-08
3.166084e-08
3.177811e-08
3.188435e-08
3.197943e-08
3.206323e-08
3.213564e-08
3.219656e-08
3.224589e-08
3.228355e-08
3.230946e-08
3.232356e-08
3.232578e-08
3.231608e-08
3.229442e-08
3.226077e-08
3.221510e-08
3.215741e-08
3.208769e-08
3.200595e-08
3.191221e-08
3.180649e-08
3.168883e-08
3.155928e-08
3.141789e-08
3.126474e-08
3.109989e-08
3.092343e-08
3.073545e-08
3.053607e-08
3.032540e-08
3.010356e-08
2.987068e-08
2.962691e-08
2.937239e-08
2.910730e-08
2.883180e-08
2.854607e-08
2.825030e-08
2.794468e-08
2.762943e-08
2.730475e-08
2.697086e-08
2.662800e-08
2.627640e-08
2.591630e-08
2.554797e-08
2.517165e-08
2.478761e-08
2.439613e-08
2.399749e-08
2.359196e-08
2.317984e-08
2.276143e-08
2.233702e-08
2.190692e-08
2.147145e-08
2.103092e-08
2.058565e-08
2.013596e-08
1.968218e-08
1.922464e-08
1.876367e-08
1.829961e-08
1.783279e-08
1.736356e-08
1.689225e-08
1.641922e-08
1.594479e-08
1.546932e-08
1.499315e-08
1.451662e-08
1.404008e-08
1.356387e-08
1.308834e-08
1.261382e-08
1.214065e-08
1.166917e-08
1.119972e-08
1.073262e-08
1.026820e-08
9.806804e-09
9.348737e-09
8.894322e-09
8.443874e-09
7.997702e-09
7.556113e-09
7.119406e-09
6.687876e-09
6.261813e-09
5.841500e-09
5.427216e-09
5.019231e-09
4.617811e-09
4.223214e-09
3.835691e-09
3.455487e-09
3.082838e-09
2.717975e-09
2.361117e-09
2.012480e-09
1.672269e-09
1.340682e-09
1.017907e-09
7.041263e-10
3.995109e-10
1.042245e-10
-1.815781e-10
-4.577514e-10
-7.241586e-10
-9.806720e-10
-1.227173e-09
-1.463553e-09
-1.689711e-09
-1.905556e-09
-2.111007e-09
-2.305992e-09
-2.490447e-09
-2.664320e-09
-2.827564e-09
-2.980146e-09
-3.122039e-09
-3.253227e-09
-3.373701e-09
-3.483463e-09
-3.582523e-09
-3.670900e-09
-3.748623e-09
-3.815726e-09
-3.872257e-09
-3.918267e-09
-3.953819e-09
-3.978984e-09
-3.993838e-09
-3.998468e-09
-3.992968e-09
-3.977439e-09
-3.951989e-09
-3.916734e-09
-3.871797e-09
-3.817308e-09
-3.753403e-09
-3.680225e-09
-3.597922e-09
-3.506651e-09
-3.406571e-09
-3.297850e-09
-3.180658e-09
-3.055174e-09
-2.921579e-09
-2.780059e-09
-2.630806e-09
-2.474015e-09
-2.309886e-09
-2.138621e-09
-1.960427e-09
-1.775514e-09
-1.584094e-09
-1.386384e-09
-1.182602e-09
-9.729675e-10
-7.577040e-10
-5.370356e-10
-3.111884e-10
-8.038976e-11
1.551319e-10
3.951472e-10
6.394262e-10
8.877383e-10
1.139853e-09
1.395540e-09
1.654568e-09
1.916708e-09
2.181731e-09
2.449407e-09
2.719511e-09
2.991815e-09
3.266096e-09
3.542131e-09
3.819699e-09
4.098580e-09
4.378559e-09
4.659420e-09
4.940953e-09
5.222948e-09
5.505199e-09
5.787503e-09
6.069660e-09
6.351473e-09
6.632750e-09
6.913300e-09
7.192938e-09
7.471481e-09
7.748752e-09
8.024575e-09
8.298781e-09
8.571204e-09
8.841682e-09
9.110057e-09
9.376178e-09
9.639894e-09
9.901063e-09
1.015954e-08
1.041520e-08
1.066791e-08
1.091754e-08
1.116397e-08
1.140709e-08
1.164679e-08
1.188295e-08
1.211548e-08
1.234428e-08
1.256926e-08
1.279033e-08
1.300740e-08
1.322041e-08
1.342928e-08
1.363394e-08
1.383432e-08
1.403037e-08
1.422203e-08
1.440925e-08
1.459199e-08
1.477021e-08
1.494386e-08
1.511292e-08
1.527736e-08
1.543715e-08
1.559227e-08
1.574271e-08
1.588846e-08
1.602950e-08
1.616584e-08
1.629746e-08
1.642438e-08
1.654660e-08
1.666413e-08
1.677698e-08
1.688517e-08
1.698872e-08
1.708765e-08
1.718199e-08
1.727176e-08
1.735699e-08
1.743772e-08
1.751399e-08
1.758583e-08
1.765328e-08
1.771639e-08
1.777521e-08
1.782977e-08
1.788013e-08
1.792635e-08
1.796847e-08
1.800654e-08
1.804064e-08
1.807080e-08
1.809710e-08
1.811959e-08
1.813834e-08
1.815340e-08
1.816485e-08
1.817274e-08
1.817715e-08
1.817813e-08
1.817577e-08
1.817012e-08
1.816125e-08
1.814924e-08
1.813415e-08
1.811605e-08
1.809502e-08
1.807112e-08
1.804443e-08
1.801501e-08
1.798294e-08
1.794829e-08
1.791113e-08
1.787152e-08
1.782955e-08
1.778528e-08
1.773877e-08
1.769011e-08
1.763936e-08
1.758658e-08
1.753186e-08
1.747525e-08
1.741682e-08
1.735664e-08
1.729478e-08
1.723131e-08
1.716628e-08
1.709976e-08
1.703182e-08
1.696253e-08
1.689193e-08
1.682010e-08
1.674709e-08
1.667297e-08
1.659780e-08
1.652163e-08
1.644453e-08
1.636654e-08
1.628773e-08
1.620815e-08
1.612786e-08
1.604690e-08
1.596534e-08
1.588323e-08
1.580061e-08
1.571754e-08
1.563406e-08
1.555023e-08
1.546609e-08
1.538169e-08
1.529707e-08
1.521229e-08
1.512738e-08
1.504239e-08
1.495736e-08
1.487233e-08
1.478734e-08
1.470244e-08
1.461766e-08
1.453305e-08
1.444863e-08
1.436445e-08
1.428053e-08
1.419693e-08
1.411366e-08
1.403077e-08
1.394829e-08
1.386624e-08
1.378466e-08
1.370359e-08
1.362304e-08
1.354305e-08
1.346364e-08
1.338485e-08
1.330670e-08
1.322921e-08
1.315241e-08
1.307633e-08
1.300098e-08
1.292639e-08
1.285258e-08
1.277957e-08
1.270738e-08
1.263603e-08
1.256555e-08
1.249594e-08
1.242723e-08
1.235942e-08
1.229255e-08
1.222662e-08
1.216164e-08
1.209763e-08
1.203461e-08
1.197257e-08
1.191155e-08
1.185154e-08
1.179255e-08
1.173460e-08
1.167769e-08
1.162183e-08
1.156702e-08
1.151328e-08
1.146061e-08
1.140901e-08
1.135848e-08
1.130904e-08
1.126067e-08
1.121339e-08
1.116719e-08
1.112207e-08
1.107803e-08
1.103508e-08
1.099321e-08
1.095241e-08
1.091269e-08
1.087403e-08
1.083644e-08
1.079990e-08
1.076442e-08
1.072998e-08
1.069658e-08
1.066421e-08
1.063285e-08
1.060251e-08
1.057317e-08
1.054481e-08
1.051744e-08
1.049103e-08
1.046557e-08
1.044105e-08
1.041745e-08
1.039477e-08
1.037298e-08
1.035207e-08
1.033203e-08
1.031283e-08
1.029446e-08
1.027691e-08
1.026016e-08
1.024418e-08
1.022895e-08
1.021447e-08
1.020071e-08
1.018765e-08
1.017526e-08
1.016354e-08
1.015245e-08
1.014198e-08
1.013211e-08
1.012281e-08
1.011406e-08
1.010584e-08
1.009813e-08
1.009090e-08
1.008414e-08
1.007782e-08
1.007192e-08
1.006641e-08
1.006128e-08
1.005649e-08
1.005204e-08
1.004788e-08
1.004401e-08
1.004040e-08
1.003703e-08
1.003387e-08
1.003091e-08
1.002811e-08
1.002547e-08
1.002295e-08
1.002055e-08
1.001822e-08
1.001597e-08
1.001375e-08
1.001157e-08
1.000938e-08
1.000719e-08
1.000496e-08
1.000268e-08
1.000033e-08
9.997889e-09
9.995348e-09
9.992685e-09
9.989886e-09
9.986933e-09
9.983812e-09
9.980509e-09
9.977009e-09
9.973298e-09
9.969364e-09
9.965195e-09
9.960777e-09
9.956101e-09
9.951156e-09
9.945931e-09
9.940418e-09
9.934607e-09
9.928491e-09
9.922061e-09
9.915312e-09
9.908236e-09
9.900829e-09
9.893085e-09
9.885000e-09
9.876571e-09
9.867795e-09
9.858668e-09
9.849190e-09
9.839360e-09
9.829176e-09
9.818640e-09
9.807751e-09
9.796512e-09
9.784924e-09
9.772990e-09
9.760713e-09
9.748097e-09
9.735146e-09
9.721865e-09
9.708260e-09
9.694335e-09
9.680099e-09
9.665557e-09
9.650718e-09
9.635589e-09
9.620178e-09
9.604494e-09
9.588548e-09
9.572347e-09
9.555903e-09
9.539226e-09
9.522326e-09
9.505215e-09
9.487905e-09
9.470407e-09
9.452733e-09
9.434895e-09
9.416907e-09
9.398782e-09
9.380531e-09
9.362170e-09
9.343710e-09
9.325167e-09
9.306553e-09
9.287883e-09
9.269171e-09
9.250431e-09
9.231677e-09
9.212923e-09
9.194185e-09
9.175476e-09
9.156810e-09
9.138203e-09
9.119668e-09
9.101220e-09
9.082874e-09
9.064642e-09
9.046541e-09
9.028582e-09
9.010781e-09
8.993151e-09
8.975706e-09
8.958460e-09
8.941424e-09
8.924614e-09
8.908041e-09
8.891719e-09
8.875659e-09
8.859875e-09
8.844378e-09
8.829179e-09
8.814292e-09
8.799726e-09
8.785492e-09
8.771603e-09
8.758067e-09
8.744895e-09
8.732097e-09
8.719682e-09
8.707660e-09
8.696040e-09
8.684829e-09
8.674037e-09
8.663670e-09
8.653738e-09
8.644246e-09
8.635202e-09
8.626613e-09
8.618484e-09
8.610822e-09
8.603631e-09
8.596918e-09
8.590687e-09
8.584943e-09
8.579689e-09
8.574930e-09
8.570669e-09
8.566909e-09
8.563653e-09
8.560903e-09
8.558662e-09
8.556932e-09
8.555714e-09
8.555008e-09
8.554817e-09
8.555141e-09
8.555979e-09
8.557332e-09
8.559200e-09
8.561581e-09
8.564476e-09
8.567882e-09
8.571798e-09
8.576223e-09
8.581155e-09
8.586590e-09
8.592527e-09
8.598963e-09
8.605894e-09
8.613318e-09
8.621231e-09
8.629629e-09
8.638508e-09
8.647864e-09
8.657692e-09
8.667988e-09
8.678747e-09
8.689964e-09
8.701633e-09
8.713750e-09
8.726308e-09
8.739302e-09
8.752726e-09
8.766573e-09
8.780837e-09
8.795513e-09
8.810592e-09
8.826069e-09
8.841937e-09
8.858187e-09
8.874814e-09
8.891810e-09
8.909167e-09
8.926878e-09
8.944935e-09
8.963330e-09
8.982055e-09
9.001103e-09
9.020464e-09
9.040132e-09
9.060097e-09
9.080351e-09
9.100886e-09
9.121692e-09
9.142762e-09
9.164087e-09
9.185657e-09
9.207464e-09
9.229499e-09
9.251753e-09
9.274217e-09
9.296882e-09
9.319738e-09
9.342777e-09
9.365990e-09
9.389366e-09
9.412897e-09
9.436574e-09
9.460388e-09
9.484328e-09
9.508386e-09
9.532553e-09
9.556819e-09
9.581175e-09
9.605611e-09
9.630119e-09
9.654690e-09
9.679313e-09
9.703981e-09
9.728684e-09
9.753412e-09
9.778158e-09
9.802912e-09
9.827665e-09
9.852410e-09
9.877136e-09
9.901836e-09
9.926501e-09
9.951123e-09
9.975693e-09
1.000020e-08
1.002465e-08
1.004902e-08
1.007330e-08
1.009750e-08
1.012160e-08
1.014559e-08
1.016947e-08
1.019324e-08
1.021688e-08
1.024039e-08
1.026376e-08
1.028698e-08
1.031006e-08
1.033298e-08
1.035575e-08
1.037835e-08
1.040077e-08
1.042303e-08
1.044511e-08
1.046700e-08
1.048871e-08
1.051023e-08
1.053156e-08
1.055269e-08
1.057363e-08
1.059437e-08
1.061491e-08
1.063524e-08
1.065537e-08
1.067530e-08
1.069502e-08
1.071453e-08
1.073385e-08
1.075296e-08
1.077186e-08
1.079057e-08
1.080907e-08
1.082738e-08
1.084549e-08
1.086341e-08
1.088113e-08
1.089868e-08
1.091604e-08
1.093322e-08
1.095023e-08
1.096708e-08
1.098376e-08
1.100028e-08
1.101665e-08
1.103288e-08
1.104896e-08
1.106492e-08
1.108075e-08
1.109647e-08
1.111208e-08
1.112759e-08
1.114301e-08
1.115835e-08
1.117361e-08
1.118881e-08
1.120395e-08
1.121906e-08
1.123412e-08
1.124917e-08
1.126420e-08
1.127923e-08
1.129426e-08
1.130932e-08
1.132441e-08
1.133954e-08
1.135473e-08
1.136998e-08
1.138531e-08
1.140073e-08
1.141624e-08
1.143188e-08
1.144763e-08
1.146353e-08
1.147957e-08
1.149578e-08
1.151215e-08
1.152872e-08
1.154547e-08
1.156244e-08
1.157962e-08
1.159704e-08
1.161469e-08
1.163260e-08
1.165077e-08
1.166922e-08
1.168795e-08
1.170697e-08
1.172630e-08
1.174594e-08
1.176590e-08
1.178619e-08
1.180682e-08
1.182780e-08
1.184913e-08
1.187082e-08
1.189288e-08
1.191532e-08
1.193814e-08
1.196134e-08
1.198493e-08
1.200892e-08
1.203331e-08
1.205810e-08
1.208329e-08
1.210889e-08
1.213490e-08
1.216132e-08
1.218815e-08
1.221538e-08
1.224303e-08
1.227108e-08
1.229954e-08
1.232840e-08
1.235766e-08
1.238731e-08
1.241735e-08
1.244777e-08
1.247858e-08
1.250975e-08
1.254129e-08
1.257319e-08
1.260543e-08
1.263801e-08
1.267092e-08
1.270415e-08
1.273768e-08
1.277150e-08
1.280560e-08
1.283998e-08
1.287460e-08
1.290947e-08
1.294456e-08
1.297985e-08
1.301534e-08
1.305101e-08
1.308683e-08
1.312279e-08
1.315887e-08
1.319505e-08
1.323131e-08
1.326764e-08
1.330401e-08
1.334040e-08
1.337679e-08
1.341316e-08
1.344948e-08
1.348573e-08
1.352190e-08
1.355796e-08
1.359387e-08
1.362963e-08
1.366521e-08
1.370058e-08
1.373571e-08
1.377059e-08
1.380519e-08
1.383949e-08
1.387345e-08
1.390706e-08
1.394029e-08
1.397312e-08
1.400552e-08
1.403746e-08
1.406893e-08
1.409989e-08
1.413033e-08
1.416022e-08
1.418953e-08
1.421824e-08
1.424633e-08
1.427378e-08
1.430056e-08
1.432665e-08
1.435203e-08
1.437667e-08
1.440056e-08
1.442367e-08
1.444599e-08
1.446749e-08
1.448815e-08
1.450796e-08
1.452689e-08
1.454494e-08
1.456208e-08
1.457829e-08
1.459357e-08
1.460789e-08
1.462124e-08
1.463361e-08
1.464498e-08
1.465535e-08
1.466469e-08
1.467300e-08
1.468028e-08
1.468650e-08
1.469166e-08
1.469576e-08
1.469879e-08
1.470073e-08
1.470160e-08
1.470137e-08
1.470005e-08
1.469764e-08
1.469413e-08
1.468953e-08
1.468382e-08
1.467702e-08
1.466913e-08
1.466014e-08
1.465006e-08
1.463890e-08
1.462665e-08
1.461333e-08
1.459894e-08
1.458350e-08
1.456699e-08
1.454945e-08
1.453087e-08
1.451126e-08
1.449064e-08
1.446903e-08
1.444642e-08
1.442284e-08
1.439830e-08
1.437281e-08
1.434639e-08
1.431905e-08
1.429082e-08
1.426171e-08
1.423173e-08
1.420091e-08
1.416926e-08
1.413680e-08
1.410356e-08
1.406955e-08
1.403479e-08
1.399931e-08
1.396312e-08
1.392625e-08
1.388873e-08
1.385056e-08
1.381178e-08
1.377240e-08
1.373246e-08
1.369198e-08
1.365097e-08
1.360946e-08
1.356748e-08
1.352505e-08
1.348219e-08
1.343893e-08
1.339529e-08
1.335130e-08
1.330698e-08
1.326235e-08
1.321744e-08
1.317227e-08
1.312687e-08
1.308125e-08
1.303545e-08
1.298948e-08
1.294337e-08
1.289713e-08
1.285081e-08
1.280440e-08
1.275794e-08
1.271145e-08
1.266495e-08
1.261846e-08
1.257200e-08
1.252559e-08
1.247924e-08
1.243299e-08
1.238684e-08
1.234082e-08
1.229493e-08
1.224921e-08
1.220367e-08
1.215831e-08
1.211317e-08
1.206824e-08
1.202356e-08
1.197913e-08
1.193496e-08
1.189107e-08
1.184747e-08
1.180417e-08
1.176118e-08
1.171852e-08
1.167619e-08
1.163420e-08
1.159257e-08
1.155130e-08
1.151039e-08
1.146986e-08
1.142971e-08
1.138995e-08
1.135058e-08
1.131161e-08
1.127305e-08
1.123489e-08
1.119713e-08
1.115979e-08
1.112287e-08
1.108636e-08
1.105027e-08
1.101460e-08
1.097934e-08
1.094451e-08
1.091009e-08
1.087609e-08
1.084250e-08
1.080932e-08
1.077656e-08
1.074421e-08
1.071226e-08
1.068071e-08
1.064956e-08
1.061880e-08
1.058844e-08
1.055845e-08
1.052885e-08
1.049962e-08
1.047076e-08
1.044227e-08
1.041413e-08
1.038634e-08
1.035890e-08
1.033180e-08
1.030502e-08
1.027858e-08
1.025245e-08
1.022663e-08
1.020112e-08
1.017591e-08
1.015098e-08
1.012634e-08
1.010198e-08
1.007788e-08
1.005405e-08
1.003047e-08
1.000714e-08
9.984053e-09
9.961197e-09
9.938568e-09
9.916159e-09
9.893965e-09
9.871977e-09
9.850190e-09
9.828598e-09
9.807195e-09
9.785974e-09
9.764931e-09
9.744058e-09
9.723353e-09
9.702808e-09
9.682420e-09
9.662183e-09
9.642093e-09
9.622147e-09
9.602339e-09
9.582667e-09
9.563127e-09
9.543715e-09
9.524430e-09
9.505267e-09
9.486226e-09
9.467303e-09
9.448497e-09
9.429806e-09
9.411229e-09
9.392766e-09
9.374415e-09
9.356175e-09
9.338048e-09
9.320032e-09
9.302128e-09
9.284338e-09
9.266661e-09
9.249099e-09
9.231654e-09
9.214327e-09
9.197120e-09
9.180036e-09
9.163076e-09
9.146244e-09
9.129543e-09
9.112975e-09
9.096545e-09
9.080255e-09
9.064109e-09
9.048113e-09
9.032269e-09
9.016582e-09
9.001057e-09
8.985698e-09
8.970511e-09
8.955500e-09
8.940670e-09
8.926028e-09
8.911578e-09
8.897325e-09
8.883277e-09
8.869437e-09
8.855813e-09
8.842409e-09
8.829233e-09
8.816289e-09
8.803585e-09
8.791125e-09
8.778917e-09
8.766966e-09
8.755279e-09
8.743862e-09
8.732720e-09
8.721860e-09
8.711288e-09
8.701010e-09
8.691031e-09
8.681358e-09
8.671997e-09
8.662952e-09
8.654231e-09
8.645837e-09
8.637777e-09
8.630056e-09
8.622678e-09
8.615649e-09
8.608974e-09
8.602657e-09
8.596703e-09
8.591116e-09
8.585900e-09
8.581058e-09
8.576596e-09
8.572515e-09
8.568819e-09
8.565512e-09
8.562596e-09
8.560074e-09
8.557948e-09
8.556220e-09
8.554891e-09
8.553964e-09
8.553439e-09
8.553317e-09
8.553600e-09
8.554287e-09
8.555379e-09
8.556875e-09
8.558775e-09
8.561078e-09
8.563783e-09
8.566888e-09
8.570392e-09
8.574292e-09
8.578587e-09
8.583273e-09
8.588347e-09
8.593805e-09
8.599645e-09
8.605862e-09
8.612452e-09
8.619409e-09
8.626729e-09
8.634406e-09
8.642435e-09
8.650809e-09
8.659522e-09
8.668566e-09
8.677936e-09
8.687623e-09
8.697620e-09
8.707918e-09
8.718510e-09
8.729385e-09
8.740535e-09
8.751950e-09
8.763621e-09
8.775538e-09
8.787689e-09
8.800065e-09
8.812654e-09
8.825444e-09
8.838425e-09
8.851583e-09
8.864907e-09
8.878384e-09
8.892001e-09
8.905746e-09
8.919603e-09
8.933561e-09
8.947604e-09
8.961719e-09
8.975891e-09
8.990105e-09
9.004347e-09
9.018601e-09
9.032851e-09
9.047083e-09
9.061279e-09
9.075425e-09
9.089503e-09
9.103498e-09
9.117393e-09
9.131171e-09
9.144814e-09
9.158307e-09
9.171631e-09
9.184770e-09
9.197705e-09
9.210420e-09
9.222896e-09
9.235116e-09
9.247062e-09
9.258715e-09
9.270059e-09
9.281074e-09
9.291743e-09
9.302048e-09
9.311970e-09
9.321492e-09
9.330595e-09
9.339261e-09
9.347472e-09
9.355210e-09
9.362457e-09
9.369195e-09
9.375406e-09
9.381073e-09
9.386178e-09
9.390703e-09
9.394631e-09
9.397945e-09
9.400627e-09
9.402660e-09
9.404029e-09
9.404715e-09
9.404704e-09
9.403977e-09
9.402521e-09
9.400318e-09
9.397353e-09
9.393612e-09
9.389079e-09
9.383739e-09
9.377578e-09
9.370583e-09
9.362738e-09
9.354031e-09
9.344449e-09
9.333978e-09
9.322607e-09
9.310324e-09
9.297116e-09
9.282973e-09
9.267883e-09
9.251836e-09
9.234822e-09
9.216832e-09
9.197856e-09
9.177886e-09
9.156912e-09
9.134928e-09
9.111926e-09
9.087899e-09
9.062840e-09
9.036745e-09
9.009606e-09
8.981420e-09
8.952181e-09
8.921887e-09
8.890532e-09
8.858116e-09
8.824635e-09
8.790087e-09
8.754471e-09
8.717786e-09
8.680033e-09
8.641210e-09
8.601320e-09
8.560363e-09
8.518342e-09
8.475259e-09
8.431116e-09
8.385918e-09
8.339669e-09
8.292372e-09
8.244034e-09
8.194660e-09
8.144256e-09
8.092829e-09
8.040387e-09
7.986937e-09
7.932487e-09
7.877046e-09
7.820625e-09
7.763232e-09
7.704878e-09
7.645574e-09
7.585331e-09
7.524161e-09
7.462077e-09
7.399091e-09
7.335217e-09
7.270468e-09
7.204859e-09
7.138404e-09
7.071117e-09
7.003016e-09
6.934114e-09
6.864430e-09
6.793978e-09
6.722777e-09
6.650844e-09
6.578196e-09
6.504851e-09
6.430829e-09
6.356147e-09
6.280825e-09
6.204881e-09
6.128337e-09
6.051211e-09
5.973524e-09
5.895295e-09
5.816547e-09
5.737299e-09
5.657573e-09
5.577389e-09
5.496770e-09
5.415737e-09
5.334312e-09
5.252516e-09
5.170372e-09
5.087902e-09
5.005127e-09
4.922071e-09
4.838756e-09
4.755204e-09
4.671437e-09
4.587479e-09
4.503352e-09
4.419078e-09
4.334680e-09
4.250180e-09
4.165601e-09
4.080966e-09
3.996297e-09
3.911616e-09
3.826945e-09
3.742307e-09
3.657723e-09
3.573216e-09
3.488807e-09
3.404519e-09
3.320371e-09
3.236387e-09
3.152587e-09
3.068992e-09
2.985622e-09
2.902499e-09
2.819642e-09
2.737073e-09
2.654810e-09
2.572873e-09
2.491282e-09
2.410056e-09
2.329214e-09
2.248774e-09
2.168755e-09
2.089174e-09
2.010049e-09
1.931398e-09
1.853238e-09
1.775585e-09
1.698456e-09
1.621866e-09
1.545832e-09
1.470369e-09
1.395492e-09
1.321215e-09
1.247552e-09
1.174519e-09
1.102127e-09
1.030391e-09
9.593224e-10
8.889342e-10
8.192382e-10
7.502460e-10
6.819686e-10
6.144169e-10
5.476012e-10
4.815314e-10
4.162169e-10
3.516669e-10
2.878900e-10
2.248945e-10
1.626882e-10
1.012784e-10
4.067225e-11
-1.912384e-11
-7.810373e-11
-1.362617e-10
-1.935926e-10
-2.500916e-10
-3.057542e-10
-3.605765e-10
-4.145550e-10
-4.676867e-10
-5.199689e-10
-5.713993e-10
-6.219762e-10
-6.716983e-10
-7.205646e-10
-7.685747e-10
-8.157284e-10
-8.620263e-10
-9.074690e-10
-9.520579e-10
-9.957946e-10
-1.038681e-09
-1.080720e-09
-1.121915e-09
-1.162268e-09
-1.201783e-09
-1.240466e-09
-1.278319e-09
-1.315350e-09
-1.351561e-09
-1.386961e-09
-1.421554e-09
-1.455348e-09
-1.488349e-09
-1.520566e-09
-1.552005e-09
-1.582676e-09
-1.612586e-09
-1.641745e-09
-1.670162e-09
-1.697846e-09
-1.724809e-09
-1.751060e-09
-1.776610e-09
-1.801471e-09
-1.825654e-09
-1.849170e-09
-1.872032e-09
-1.894253e-09
-1.915846e-09
-1.936823e-09
-1.957198e-09
-1.976985e-09
-1.996198e-09
-2.014852e-09
-2.032960e-09
-2.050539e-09
-2.067603e-09
-2.084167e-09
-2.100248e-09
-2.115861e-09
-2.131023e-09
-2.145750e-09
-2.160058e-09
-2.173964e-09
-2.187486e-09
-2.200641e-09
-2.213445e-09
-2.225917e-09
-2.238073e-09
-2.249932e-09
-2.261512e-09
-2.272831e-09
-2.283906e-09
-2.294757e-09
-2.305400e-09
-2.315854e-09
-2.326139e-09
-2.336271e-09
-2.346270e-09
-2.356154e-09
-2.365940e-09
-2.375648e-09
-2.385295e-09
-2.394900e-09
-2.404481e-09
-2.414056e-09
-2.423642e-09
-2.433258e-09
-2.442920e-09
-2.452646e-09
-2.462454e-09
-2.472361e-09
-2.482382e-09
-2.492536e-09
-2.502837e-09
-2.513302e-09
-2.523947e-09
-2.534787e-09
-2.545837e-09
-2.557113e-09
-2.568627e-09
-2.580394e-09
-2.592429e-09
-2.604743e-09
-2.617350e-09
-2.630262e-09
-2.643490e-09
-2.657047e-09
-2.670942e-09
-2.685186e-09
-2.699789e-09
-2.714761e-09
-2.730108e-09
-2.745841e-09
-2.761966e-09
-2.778489e-09
-2.795418e-09
-2.812758e-09
-2.830513e-09
-2.848688e-09
-2.867287e-09
-2.886311e-09
-2.905765e-09
-2.925648e-09
-2.945962e-09
-2.966707e-09
-2.987882e-09
-3.009485e-09
-3.031514e-09
-3.053967e-09
-3.076839e-09
-3.100126e-09
-3.123823e-09
-3.147923e-09
-3.172420e-09
-3.197306e-09
-3.222573e-09
-3.248210e-09
-3.274209e-09
-3.300558e-09
-3.327246e-09
-3.354260e-09
-3.381588e-09
-3.409215e-09
-3.437127e-09
-3.465307e-09
-3.493741e-09
-3.522411e-09
-3.551300e-09
-3.580388e-09
-3.609658e-09
-3.639089e-09
-3.668660e-09
-3.698351e-09
-3.728140e-09
-3.758005e-09
-3.787922e-09
-3.817868e-09
-3.847818e-09
-3.877749e-09
-3.907635e-09
-3.937449e-09
-3.967166e-09
-3.996759e-09
-4.026201e-09
-4.055464e-09
-4.084521e-09
-4.113342e-09
-4.141900e-09
-4.170165e-09
-4.198108e-09
-4.225700e-09
-4.252910e-09
-4.279710e-09
-4.306069e-09
-4.331957e-09
-4.357344e-09
-4.382199e-09
-4.406492e-09
-4.430194e-09
-4.453273e-09
-4.475699e-09
-4.497444e-09
-4.518476e-09
-4.538766e-09
-4.558285e-09
-4.577004e-09
-4.594893e-09
-4.611925e-09
-4.628071e-09
-4.643303e-09
-4.657594e-09
-4.670918e-09
-4.683248e-09
-4.694558e-09
-4.704824e-09
-4.714020e-09
-4.722124e-09
-4.729111e-09
-4.734959e-09
-4.739648e-09
-4.743155e-09
-4.745461e-09
-4.746547e-09
-4.746395e-09
-4.744986e-09
-4.742306e-09
-4.738337e-09
-4.733067e-09
-4.726480e-09
-4.718566e-09
-4.709313e-09
-4.698710e-09
-4.686749e-09
-4.673422e-09
-4.658722e-09
-4.642643e-09
-4.625182e-09
-4.606334e-09
-4.586100e-09
-4.564476e-09
-4.541466e-09
-4.517069e-09
-4.491290e-09
-4.464134e-09
-4.435606e-09
-4.405713e-09
-4.374463e-09
-4.341868e-09
-4.307937e-09
-4.272684e-09
-4.236121e-09
-4.198265e-09
-4.159132e-09
-4.118740e-09
-4.077107e-09
-4.034254e-09
-3.990203e-09
-3.944977e-09
-3.898599e-09
-3.851096e-09
-3.802495e-09
-3.752822e-09
-3.702108e-09
-3.650382e-09
-3.597677e-09
-3.544024e-09
-3.489458e-09
-3.434013e-09
-3.377725e-09
-3.320631e-09
-3.262770e-09
-3.204179e-09
-3.144900e-09
-3.084971e-09
-3.024436e-09
-2.963337e-09
-2.901716e-09
-2.839618e-09
-2.777088e-09
-2.714170e-09
-2.650912e-09
-2.587359e-09
-2.523559e-09
-2.459559e-09
-2.395408e-09
-2.331155e-09
-2.266847e-09
-2.202535e-09
-2.138268e-09
-2.074096e-09
-2.010069e-09
-1.946236e-09
-1.882649e-09
-1.819358e-09
-1.756412e-09
-1.693862e-09
-1.631758e-09
-1.570150e-09
-1.509088e-09
-1.448621e-09
-1.388798e-09
-1.329669e-09
-1.271281e-09
-1.213682e-09
-1.156921e-09
-1.101043e-09
-1.046095e-09
-9.921237e-10
-9.391728e-10
-8.872870e-10
-8.365096e-10
-7.868833e-10
-7.384499e-10
-6.912501e-10
-6.453239e-10
-6.007101e-10
-5.574466e-10
-5.155702e-10
-4.751164e-10
-4.361198e-10
-3.986136e-10
-3.626300e-10
-3.281998e-10
-2.953524e-10
-2.641162e-10
-2.345179e-10
-2.065831e-10
-1.803357e-10
-1.557985e-10
-1.329926e-10
-1.119378e-10
-9.265217e-11
-7.515248e-11
-5.945386e-11
-4.556992e-11
-3.351270e-11
-2.329264e-11
-1.491862e-11
-8.397904e-12
-3.736150e-12
-9.374079e-13
-4.107195e-15
