1.422113e-05
1.421992e-05
1.421628e-05
1.421022e-05
1.420174e-05
1.419084e-05
1.417753e-05
1.416182e-05
1.414371e-05
1.412321e-05
1.410034e-05
1.407509e-05
1.404749e-05
1.401755e-05
1.398527e-05
1.395068e-05
1.391380e-05
1.387463e-05
1.383321e-05
1.378954e-05
1.374364e-05
1.369555e-05
1.364528e-05
1.359285e-05
1.353829e-05
1.348163e-05
1.342289e-05
1.336209e-05
1.329927e-05
1.323446e-05
1.316768e-05
1.309896e-05
1.302835e-05
1.295586e-05
1.288153e-05
1.280539e-05
1.272749e-05
1.264785e-05
1.256651e-05
1.248350e-05
1.239887e-05
1.231265e-05
1.222488e-05
1.213560e-05
1.204484e-05
1.195265e-05
1.185906e-05
1.176413e-05
1.166788e-05
1.157036e-05
1.147161e-05
1.137167e-05
1.127059e-05
1.116840e-05
1.106516e-05
1.096090e-05
1.085567e-05
1.074951e-05
1.064247e-05
1.053458e-05
1.042589e-05
1.031645e-05
1.020630e-05
1.009548e-05
9.984037e-06
9.872015e-06
9.759458e-06
9.646409e-06
9.532912e-06
9.419009e-06
9.304744e-06
9.190160e-06
9.075299e-06
8.960204e-06
8.844918e-06
8.729480e-06
8.613935e-06
8.498321e-06
8.382681e-06
8.267055e-06
8.151482e-06
8.036003e-06
7.920656e-06
7.805479e-06
7.690512e-06
7.575792e-06
7.461355e-06
7.347238e-06
7.233478e-06
7.120109e-06
7.007166e-06
6.894684e-06
6.782696e-06
6.671235e-06
6.560333e-06
6.450021e-06
6.340331e-06
6.231293e-06
6.122936e-06
6.015289e-06
5.908380e-06
5.802236e-06
5.696884e-06
5.592350e-06
5.488658e-06
5.385833e-06
5.283898e-06
5.182877e-06
5.082790e-06
4.983660e-06
4.885506e-06
4.788348e-06
4.692205e-06
4.597095e-06
4.503034e-06
4.410040e-06
4.318128e-06
4.227313e-06
4.137608e-06
4.049027e-06
3.961583e-06
3.875286e-06
3.790148e-06
3.706178e-06
3.623387e-06
3.541782e-06
3.461371e-06
3.382161e-06
3.304159e-06
3.227370e-06
3.151798e-06
3.077448e-06
3.004323e-06
2.932426e-06
2.861758e-06
2.792320e-06
2.724114e-06
2.657139e-06
2.591394e-06
2.526877e-06
2.463587e-06
2.401521e-06
2.340676e-06
2.281047e-06
2.222631e-06
2.165421e-06
2.109413e-06
2.054600e-06
2.000976e-06
1.948533e-06
1.897263e-06
1.847159e-06
1.798211e-06
1.750411e-06
1.703748e-06
1.658213e-06
1.613795e-06
1.570484e-06
1.528268e-06
1.487136e-06
1.447075e-06
1.408073e-06
1.370118e-06
1.333197e-06
1.297296e-06
1.262402e-06
1.228501e-06
1.195579e-06
1.163622e-06
1.132616e-06
1.102545e-06
1.073395e-06
1.045150e-06
1.017796e-06
9.913172e-07
9.656980e-07
9.409227e-07
9.169757e-07
8.938411e-07
8.715032e-07
8.499458e-07
8.291530e-07
8.091088e-07
7.897971e-07
7.712017e-07
7.533066e-07
7.360957e-07
7.195530e-07
7.036623e-07
6.884078e-07
6.737735e-07
6.597435e-07
6.463021e-07
6.334334e-07
6.211220e-07
6.093523e-07
5.981089e-07
5.873765e-07
5.771400e-07
5.673844e-07
5.580948e-07
5.492566e-07
5.408551e-07
5.328760e-07
5.253051e-07
5.181284e-07
5.113321e-07
5.049025e-07
4.988261e-07
4.930898e-07
4.876805e-07
4.825853e-07
4.777918e-07
4.732875e-07
4.690602e-07
4.650981e-07
4.613895e-07
4.579228e-07
4.546869e-07
4.516708e-07
4.488637e-07
4.462552e-07
4.438350e-07
4.415930e-07
4.395196e-07
4.376051e-07
4.358404e-07
4.342164e-07
4.327244e-07
4.313557e-07
4.301022e-07
4.289558e-07
4.279087e-07
4.269533e-07
4.260824e-07
4.252889e-07
4.245659e-07
4.239070e-07
4.233057e-07
4.227559e-07
4.222518e-07
4.217877e-07
4.213581e-07
4.209579e-07
4.205821e-07
4.202258e-07
4.198847e-07
4.195542e-07
4.192303e-07
4.189090e-07
4.185867e-07
4.182597e-07
4.179247e-07
4.175786e-07
4.172184e-07
4.168413e-07
4.164447e-07
4.160262e-07
4.155835e-07
4.151144e-07
4.146171e-07
4.140897e-07
4.135307e-07
4.129384e-07
4.123116e-07
4.116491e-07
4.109498e-07
4.102127e-07
4.094370e-07
4.086220e-07
4.077672e-07
4.068720e-07
4.059361e-07
4.049593e-07
4.039413e-07
4.028822e-07
4.017819e-07
4.006407e-07
3.994586e-07
3.982359e-07
3.969731e-07
3.956705e-07
3.943287e-07
3.929482e-07
3.915296e-07
3.900736e-07
3.885809e-07
3.870524e-07
3.854888e-07
3.838910e-07
3.822600e-07
3.805966e-07
3.789019e-07
3.771768e-07
3.754224e-07
3.736399e-07
3.718301e-07
3.699943e-07
3.681336e-07
3.662491e-07
3.643419e-07
3.624132e-07
3.604642e-07
3.584960e-07
3.565098e-07
3.545067e-07
3.524879e-07
3.504546e-07
3.484080e-07
3.463491e-07
3.442791e-07
3.421992e-07
3.401104e-07
3.380139e-07
3.359107e-07
3.338019e-07
3.316886e-07
3.295718e-07
3.274526e-07
3.253318e-07
3.232105e-07
3.210897e-07
3.189702e-07
3.168530e-07
3.147390e-07
3.126290e-07
3.105239e-07
3.084244e-07
3.063313e-07
3.042455e-07
3.021676e-07
3.000983e-07
2.980383e-07
2.959883e-07
2.939488e-07
2.919206e-07
2.899040e-07
2.878998e-07
2.859084e-07
2.839302e-07
2.819658e-07
2.800156e-07
2.780800e-07
2.761594e-07
2.742541e-07
2.723645e-07
2.704909e-07
2.686336e-07
2.667929e-07
2.649689e-07
2.631619e-07
2.613721e-07
2.595997e-07
2.578448e-07
2.561075e-07
2.543881e-07
2.526865e-07
2.510028e-07
2.493371e-07
2.476895e-07
2.460599e-07
2.444484e-07
2.428549e-07
2.412795e-07
2.397220e-07
2.381824e-07
2.366608e-07
2.351568e-07
2.336706e-07
2.322020e-07
2.307508e-07
2.293170e-07
2.279004e-07
2.265008e-07
2.251182e-07
2.237523e-07
2.224030e-07
2.210701e-07
2.197534e-07
2.184527e-07
2.171679e-07
2.158988e-07
2.146451e-07
2.134066e-07
2.121832e-07
2.109746e-07
2.097806e-07
2.086010e-07
2.074356e-07
2.062841e-07
2.051463e-07
2.040221e-07
2.029111e-07
2.018133e-07
2.007283e-07
1.996559e-07
1.985959e-07
1.975482e-07
1.965124e-07
1.954884e-07
1.944760e-07
1.934749e-07
1.924850e-07
1.915060e-07
1.905378e-07
1.895801e-07
1.886328e-07
1.876957e-07
1.867685e-07
1.858512e-07
1.849435e-07
1.840452e-07
1.831563e-07
1.822764e-07
1.814055e-07
1.805435e-07
1.796900e-07
1.788451e-07
1.780085e-07
1.771802e-07
1.763599e-07
1.755476e-07
1.747431e-07
1.739463e-07
1.731571e-07
1.723754e-07
1.716010e-07
1.708339e-07
1.700740e-07
1.693211e-07
1.685752e-07
1.678361e-07
1.671039e-07
1.663783e-07
1.656594e-07
1.649471e-07
1.642412e-07
1.635418e-07
1.628487e-07
1.621619e-07
1.614814e-07
1.608070e-07
1.601388e-07
1.594766e-07
1.588205e-07
1.581704e-07
1.575262e-07
1.568879e-07
1.562555e-07
1.556290e-07
1.550082e-07
1.543932e-07
1.537840e-07
1.531805e-07
1.525826e-07
1.519905e-07
1.514039e-07
1.508230e-07
1.502477e-07
1.496780e-07
1.491138e-07
1.485551e-07
1.480020e-07
1.474543e-07
1.469122e-07
1.463755e-07
1.458442e-07
1.453184e-07
1.447980e-07
1.442830e-07
1.437734e-07
1.432691e-07
1.427702e-07
1.422766e-07
1.417884e-07
1.413054e-07
1.408277e-07
1.403553e-07
1.398881e-07
1.394261e-07
1.389694e-07
1.385178e-07
1.380713e-07
1.376300e-07
1.371939e-07
1.367627e-07
1.363367e-07
1.359157e-07
1.354997e-07
1.350886e-07
1.346826e-07
1.342814e-07
1.338851e-07
1.334937e-07
1.331071e-07
1.327252e-07
1.323482e-07
1.319758e-07
1.316081e-07
1.312450e-07
1.308865e-07
1.305326e-07
1.301832e-07
1.298382e-07
1.294977e-07
1.291615e-07
1.288297e-07
1.285021e-07
1.281788e-07
1.278596e-07
1.275446e-07
1.272336e-07
1.269267e-07
1.266237e-07
1.263247e-07
1.260294e-07
1.257380e-07
1.254503e-07
1.251663e-07
1.248860e-07
1.246091e-07
1.243358e-07
1.240659e-07
1.237994e-07
1.235362e-07
1.232762e-07
1.230195e-07
1.227658e-07
1.225152e-07
1.222675e-07
1.220228e-07
1.217810e-07
1.215419e-07
1.213055e-07
1.210718e-07
1.208406e-07
1.206120e-07
1.203858e-07
1.201619e-07
1.199404e-07
1.197211e-07
1.195039e-07
1.192888e-07
1.190758e-07
1.188647e-07
1.186554e-07
1.184480e-07
1.182423e-07
1.180383e-07
1.178359e-07
1.176350e-07
1.174355e-07
1.172375e-07
1.170408e-07
1.168453e-07
1.166510e-07
1.164578e-07
1.162656e-07
1.160745e-07
1.158842e-07
1.156948e-07
1.155061e-07
1.153182e-07
1.151309e-07
1.149442e-07
1.147581e-07
1.145723e-07
1.143870e-07
1.142020e-07
1.140173e-07
1.138328e-07
1.136484e-07
1.134641e-07
1.132799e-07
1.130956e-07
1.129113e-07
1.127268e-07
1.125421e-07
1.123572e-07
1.121720e-07
1.119864e-07
1.118004e-07
1.116140e-07
1.114270e-07
1.112395e-07
1.110514e-07
1.108627e-07
1.106732e-07
1.104831e-07
1.102921e-07
1.101003e-07
1.099077e-07
1.097141e-07
1.095196e-07
1.093241e-07
1.091276e-07
1.089301e-07
1.087314e-07
1.085316e-07
1.083307e-07
1.081286e-07
1.079252e-07
1.077206e-07
1.075148e-07
1.073076e-07
1.070991e-07
1.068892e-07
1.066780e-07
1.064653e-07
1.062513e-07
1.060357e-07
1.058188e-07
1.056003e-07
1.053804e-07
1.051589e-07
1.049359e-07
1.047114e-07
1.044853e-07
1.042576e-07
1.040284e-07
1.037976e-07
1.035652e-07
1.033313e-07
1.030957e-07
1.028585e-07
1.026197e-07
1.023793e-07
1.021373e-07
1.018936e-07
1.016484e-07
1.014016e-07
1.011531e-07
1.009031e-07
1.006514e-07
1.003982e-07
1.001434e-07
9.988700e-08
9.962905e-08
9.936956e-08
9.910851e-08
9.884594e-08
9.858185e-08
9.831626e-08
9.804918e-08
9.778063e-08
9.751062e-08
9.723918e-08
9.696631e-08
9.669204e-08
9.641638e-08
9.613937e-08
9.586101e-08
9.558134e-08
9.530036e-08
9.501812e-08
9.473463e-08
9.444991e-08
9.416399e-08
9.387690e-08
9.358866e-08
9.329930e-08
9.300885e-08
9.271734e-08
9.242478e-08
9.213123e-08
9.183669e-08
9.154121e-08
9.124481e-08
9.094753e-08
9.064940e-08
9.035044e-08
9.005069e-08
8.975018e-08
8.944895e-08
8.914702e-08
8.884444e-08
8.854123e-08
8.823743e-08
8.793308e-08
8.762820e-08
8.732283e-08
8.701701e-08
8.671077e-08
8.640415e-08
8.609717e-08
8.578988e-08
8.548232e-08
8.517451e-08
8.486649e-08
8.455830e-08
8.424997e-08
8.394155e-08
8.363305e-08
8.332452e-08
8.301600e-08
8.270751e-08
8.239910e-08
8.209080e-08
8.178264e-08
8.147466e-08
8.116690e-08
8.085938e-08
8.055214e-08
8.024522e-08
7.993865e-08
7.963246e-08
7.932669e-08
7.902137e-08
7.871653e-08
7.841221e-08
7.810843e-08
7.780524e-08
7.750265e-08
7.720071e-08
7.689944e-08
7.659888e-08
7.629905e-08
7.599999e-08
7.570172e-08
7.540428e-08
7.510769e-08
7.481199e-08
7.451719e-08
7.422333e-08
7.393044e-08
7.363854e-08
7.334766e-08
7.305782e-08
7.276905e-08
7.248138e-08
7.219483e-08
7.190943e-08
7.162519e-08
7.134215e-08
7.106032e-08
7.077973e-08
7.050040e-08
7.022235e-08
6.994560e-08
6.967017e-08
6.939608e-08
6.912336e-08
6.885202e-08
6.858207e-08
6.831354e-08
6.804645e-08
6.778081e-08
6.751663e-08
6.725394e-08
6.699275e-08
6.673306e-08
6.647491e-08
6.621830e-08
6.596324e-08
6.570975e-08
6.545783e-08
6.520751e-08
6.495879e-08
6.471168e-08
6.446620e-08
6.422234e-08
6.398013e-08
6.373956e-08
6.350065e-08
6.326340e-08
6.302783e-08
6.279393e-08
6.256172e-08
6.233119e-08
6.210235e-08
6.187522e-08
6.164978e-08
6.142605e-08
6.120402e-08
6.098370e-08
6.076509e-08
6.054819e-08
6.033301e-08
6.011953e-08
5.990777e-08
5.969771e-08
5.948937e-08
5.928273e-08
5.907780e-08
5.887457e-08
5.867304e-08
5.847321e-08
5.827506e-08
5.807860e-08
5.788383e-08
5.769073e-08
5.749929e-08
5.730953e-08
5.712141e-08
5.693495e-08
5.675013e-08
5.656694e-08
5.638538e-08
5.620543e-08
5.602709e-08
5.585034e-08
5.567519e-08
5.550161e-08
5.532959e-08
5.515913e-08
5.499021e-08
5.482282e-08
5.465696e-08
5.449259e-08
5.432973e-08
5.416834e-08
5.400842e-08
5.384995e-08
5.369292e-08
5.353732e-08
5.338313e-08
5.323033e-08
5.307891e-08
5.292886e-08
5.278016e-08
5.263279e-08
5.248674e-08
5.234199e-08
5.219853e-08
5.205634e-08
5.191539e-08
5.177569e-08
5.163720e-08
5.149991e-08
5.136381e-08
5.122887e-08
5.109508e-08
5.096242e-08
5.083087e-08
5.070042e-08
5.057105e-08
5.044274e-08
5.031546e-08
5.018921e-08
5.006397e-08
4.993971e-08
4.981642e-08
4.969408e-08
4.957267e-08
4.945218e-08
4.933258e-08
4.921386e-08
4.909600e-08
4.897898e-08
4.886279e-08
4.874740e-08
4.863280e-08
4.851897e-08
4.840589e-08
4.829355e-08
4.818193e-08
4.807100e-08
4.796076e-08
4.785119e-08
4.774227e-08
4.763398e-08
4.752631e-08
4.741923e-08
4.731275e-08
4.720683e-08
4.710146e-08
4.699663e-08
4.689233e-08
4.678853e-08
4.668522e-08
4.658240e-08
4.648003e-08
4.637812e-08
4.627664e-08
4.617559e-08
4.607494e-08
4.597469e-08
4.587482e-08
4.577533e-08
4.567619e-08
4.557741e-08
4.547895e-08
4.538083e-08
4.528301e-08
4.518551e-08
4.508829e-08
4.499136e-08
4.489470e-08
4.479830e-08
4.470216e-08
4.460627e-08
4.451062e-08
4.441519e-08
4.431999e-08
4.422501e-08
4.413023e-08
4.403566e-08
4.394128e-08
4.384709e-08
4.375309e-08
4.365926e-08
4.356561e-08
4.347213e-08
4.337881e-08
4.328565e-08
4.319265e-08
4.309980e-08
4.300710e-08
4.291455e-08
4.282215e-08
4.272989e-08
4.263777e-08
4.254578e-08
4.245394e-08
4.236223e-08
4.227066e-08
4.217923e-08
4.208793e-08
4.199677e-08
4.190574e-08
4.181485e-08
4.172409e-08
4.163347e-08
4.154300e-08
4.145266e-08
4.136246e-08
4.127241e-08
4.118251e-08
4.109275e-08
4.100314e-08
4.091369e-08
4.082439e-08
4.073526e-08
4.064628e-08
4.055747e-08
4.046882e-08
4.038035e-08
4.029205e-08
4.020393e-08
4.011600e-08
4.002825e-08
3.994069e-08
3.985332e-08
3.976615e-08
3.967918e-08
3.959242e-08
3.950586e-08
3.941952e-08
3.933340e-08
3.924750e-08
3.916183e-08
3.907638e-08
3.899117e-08
3.890620e-08
3.882147e-08
3.873698e-08
3.865274e-08
3.856876e-08
3.848503e-08
3.840156e-08
3.831835e-08
3.823541e-08
3.815274e-08
3.807034e-08
3.798822e-08
3.790637e-08
3.782481e-08
3.774353e-08
3.766254e-08
3.758183e-08
3.750141e-08
3.742128e-08
3.734145e-08
3.726191e-08
3.718267e-08
3.710372e-08
3.702507e-08
3.694672e-08
3.686866e-08
3.679091e-08
3.671345e-08
3.663629e-08
3.655943e-08
3.648286e-08
3.640659e-08
3.633062e-08
3.625494e-08
3.617955e-08
3.610444e-08
3.602963e-08
3.595510e-08
3.588086e-08
3.580689e-08
3.573320e-08
3.565978e-08
3.558664e-08
3.551375e-08
3.544113e-08
3.536877e-08
3.529667e-08
3.522481e-08
3.515319e-08
3.508182e-08
3.501067e-08
3.493976e-08
3.486907e-08
3.479860e-08
3.472833e-08
3.465828e-08
3.458842e-08
3.451875e-08
3.444927e-08
3.437997e-08
3.431084e-08
3.424188e-08
3.417307e-08
3.410442e-08
3.403590e-08
3.396753e-08
3.389929e-08
3.383116e-08
3.376315e-08
3.369525e-08
3.362744e-08
3.355973e-08
3.349210e-08
3.342455e-08
3.335706e-08
3.328963e-08
3.322226e-08
3.315493e-08
3.308764e-08
3.302038e-08
3.295314e-08
3.288592e-08
3.281871e-08
3.275149e-08
3.268427e-08
3.261704e-08
3.254979e-08
3.248251e-08
3.241519e-08
3.234784e-08
3.228045e-08
3.221300e-08
3.214549e-08
3.207793e-08
3.201029e-08
3.194258e-08
3.187480e-08
3.180693e-08
3.173897e-08
3.167093e-08
3.160278e-08
3.153454e-08
3.146620e-08
3.139776e-08
3.132921e-08
3.126054e-08
3.119177e-08
3.112288e-08
3.105388e-08
3.098476e-08
3.091553e-08
3.084618e-08
3.077671e-08
3.070713e-08
3.063742e-08
3.056761e-08
3.049768e-08
3.042763e-08
3.035748e-08
3.028722e-08
3.021685e-08
3.014638e-08
3.007581e-08
3.000514e-08
2.993439e-08
2.986354e-08
2.979262e-08
2.972161e-08
2.965054e-08
2.957940e-08
2.950820e-08
2.943694e-08
2.936564e-08
2.929430e-08
2.922292e-08
2.915152e-08
2.908010e-08
2.900867e-08
2.893724e-08
2.886582e-08
2.879441e-08
2.872303e-08
2.865168e-08
2.858038e-08
2.850913e-08
2.843794e-08
2.836682e-08
2.829579e-08
2.822486e-08
2.815402e-08
2.808330e-08
2.801271e-08
2.794225e-08
2.787194e-08
2.780179e-08
2.773181e-08
2.766201e-08
2.759239e-08
2.752298e-08
2.745379e-08
2.738481e-08
2.731608e-08
2.724759e-08
2.717935e-08
2.711139e-08
2.704370e-08
2.697630e-08
2.690921e-08
2.684242e-08
2.677596e-08
2.670982e-08
2.664403e-08
2.657859e-08
2.651351e-08
2.644879e-08
2.638446e-08
2.632051e-08
2.625697e-08
2.619382e-08
2.613109e-08
2.606878e-08
2.600690e-08
2.594546e-08
2.588446e-08
2.582391e-08
2.576382e-08
2.570419e-08
2.564503e-08
2.558634e-08
2.552813e-08
2.547041e-08
2.541317e-08
2.535643e-08
2.530018e-08
2.524443e-08
2.518919e-08
2.513445e-08
2.508021e-08
2.502649e-08
2.497328e-08
2.492058e-08
2.486839e-08
2.481672e-08
2.476556e-08
2.471492e-08
2.466479e-08
2.461517e-08
2.456606e-08
2.451746e-08
2.446937e-08
2.442178e-08
2.437470e-08
2.432812e-08
2.428203e-08
2.423644e-08
2.419134e-08
2.414673e-08
2.410260e-08
2.405895e-08
2.401577e-08
2.397306e-08
2.393081e-08
2.388903e-08
2.384769e-08
2.380681e-08
2.376637e-08
2.372637e-08
2.368680e-08
2.364766e-08
2.360894e-08
2.357063e-08
2.353273e-08
2.349524e-08
2.345814e-08
2.342144e-08
2.338512e-08
2.334918e-08
2.331361e-08
2.327841e-08
2.324358e-08
2.320911e-08
2.317499e-08
2.314121e-08
2.310778e-08
2.307469e-08
2.304194e-08
2.300951e-08
2.297741e-08
2.294564e-08
2.291418e-08
2.288305e-08
2.285222e-08
2.282171e-08
2.279151e-08
2.276161e-08
2.273203e-08
2.270275e-08
2.267377e-08
2.264510e-08
2.261674e-08
2.258868e-08
2.256094e-08
2.253350e-08
2.250638e-08
2.247956e-08
2.245307e-08
2.242690e-08
2.240105e-08
2.237554e-08
2.235036e-08
2.232552e-08
2.230102e-08
2.227688e-08
2.225310e-08
2.222968e-08
2.220665e-08
2.218399e-08
2.216173e-08
2.213987e-08
2.211842e-08
2.209739e-08
2.207680e-08
2.205665e-08
2.203696e-08
2.201773e-08
2.199899e-08
2.198074e-08
2.196299e-08
2.194577e-08
2.192908e-08
2.191294e-08
2.189736e-08
2.188237e-08
2.186796e-08
2.185417e-08
2.184101e-08
2.182848e-08
2.181661e-08
2.180542e-08
2.179492e-08
2.178513e-08
2.177607e-08
2.176774e-08
2.176018e-08
2.175340e-08
2.174741e-08
2.174223e-08
2.173788e-08
2.173438e-08
2.173174e-08
2.172999e-08
2.172913e-08
2.172919e-08
2.173018e-08
2.173211e-08
2.173502e-08
2.173890e-08
2.174378e-08
2.174967e-08
2.175659e-08
2.176455e-08
2.177357e-08
2.178366e-08
2.179483e-08
2.180710e-08
2.182048e-08
2.183498e-08
2.185061e-08
2.186739e-08
2.188532e-08
2.190441e-08
2.192468e-08
2.194613e-08
2.196877e-08
2.199261e-08
2.201765e-08
2.204390e-08
2.207136e-08
2.210004e-08
2.212995e-08
2.216107e-08
2.219342e-08
2.222700e-08
2.226181e-08
2.229784e-08
2.233510e-08
2.237357e-08
2.241327e-08
2.245418e-08
2.249630e-08
2.253962e-08
2.258414e-08
2.262985e-08
2.267674e-08
2.272480e-08
2.277401e-08
2.282438e-08
2.287588e-08
2.292851e-08
2.298224e-08
2.303707e-08
2.309297e-08
2.314994e-08
2.320794e-08
2.326698e-08
2.332702e-08
2.338805e-08
2.345004e-08
2.351297e-08
2.357683e-08
2.364158e-08
2.370721e-08
2.377369e-08
2.384099e-08
2.390909e-08
2.397796e-08
2.404758e-08
2.411792e-08
2.418894e-08
2.426063e-08
2.433294e-08
2.440586e-08
2.447934e-08
2.455337e-08
2.462790e-08
2.470292e-08
2.477837e-08
2.485425e-08
2.493050e-08
2.500710e-08
2.508402e-08
2.516122e-08
2.523867e-08
2.531634e-08
2.539419e-08
2.547219e-08
2.555031e-08
2.562852e-08
2.570677e-08
2.578505e-08
2.586331e-08
2.594152e-08
2.601966e-08
2.609768e-08
2.617556e-08
2.625326e-08
2.633076e-08
2.640803e-08
2.648502e-08
2.656172e-08
2.663810e-08
2.671412e-08
2.678975e-08
2.686498e-08
2.693977e-08
2.701410e-08
2.708793e-08
2.716126e-08
2.723404e-08
2.730626e-08
2.737790e-08
2.744893e-08
2.751933e-08
2.758909e-08
2.765817e-08
2.772658e-08
2.779427e-08
2.786125e-08
2.792750e-08
2.799299e-08
2.805772e-08
2.812167e-08
2.818483e-08
2.824720e-08
2.830876e-08
2.836949e-08
2.842941e-08
2.848849e-08
2.854673e-08
2.860414e-08
2.866069e-08
2.871640e-08
2.877126e-08
2.882527e-08
2.887844e-08
2.893075e-08
2.898223e-08
2.903286e-08
2.908266e-08
2.913163e-08
2.917978e-08
2.922711e-08
2.927364e-08
2.931937e-08
2.936432e-08
2.940849e-08
2.945191e-08
2.949458e-08
2.953652e-08
2.957774e-08
2.961826e-08
2.965810e-08
2.969727e-08
2.973579e-08
2.977369e-08
2.981098e-08
2.984768e-08
2.988382e-08
2.991941e-08
2.995448e-08
2.998906e-08
3.002316e-08
3.005681e-08
3.009004e-08
3.012286e-08
3.015532e-08
3.018742e-08
3.021921e-08
3.025069e-08
3.028192e-08
3.031290e-08
3.034366e-08
3.037425e-08
3.040467e-08
3.043497e-08
3.046516e-08
3.049528e-08
3.052536e-08
3.055542e-08
3.058549e-08
3.061560e-08
3.064578e-08
3.067605e-08
3.070645e-08
3.073699e-08
3.076772e-08
3.079865e-08
3.082980e-08
3.086122e-08
3.089292e-08
3.092493e-08
3.095727e-08
3.098996e-08
3.102305e-08
3.105653e-08
3.109045e-08
3.112482e-08
3.115966e-08
3.119500e-08
3.123085e-08
3.126724e-08
3.130418e-08
3.134170e-08
3.137981e-08
3.141853e-08
3.145788e-08
3.149786e-08
3.153851e-08
3.157982e-08
3.162182e-08
3.166452e-08
3.170793e-08
3.175206e-08
3.179691e-08
3.184251e-08
3.188885e-08
3.193595e-08
3.198381e-08
3.203244e-08
3.208183e-08
3.213201e-08
3.218297e-08
3.223470e-08
3.228722e-08
3.234052e-08
3.239461e-08
3.244948e-08
3.250512e-08
3.256154e-08
3.261874e-08
3.267670e-08
3.273542e-08
3.279490e-08
3.285513e-08
3.291609e-08
3.297779e-08
3.304021e-08
3.310334e-08
3.316716e-08
3.323168e-08
3.329687e-08
3.336272e-08
3.342922e-08
3.349635e-08
3.356410e-08
3.363245e-08
3.370139e-08
3.377089e-08
3.384094e-08
3.391152e-08
3.398261e-08
3.405420e-08
3.412626e-08
3.419877e-08
3.427171e-08
3.434507e-08
3.441881e-08
3.449292e-08
3.456738e-08
3.464215e-08
3.471723e-08
3.479258e-08
3.486819e-08
3.494403e-08
3.502007e-08
3.509630e-08
3.517268e-08
3.524920e-08
3.532583e-08
3.540255e-08
3.547933e-08
3.555615e-08
3.563298e-08
3.570981e-08
3.578660e-08
3.586334e-08
3.593999e-08
3.601654e-08
3.609297e-08
3.616925e-08
3.624535e-08
3.632127e-08
3.639696e-08
3.647242e-08
3.654762e-08
3.662254e-08
3.669716e-08
3.677146e-08
3.684543e-08
3.691903e-08
3.699225e-08
3.706508e-08
3.713750e-08
3.720949e-08
3.728103e-08
3.735211e-08
3.742271e-08
3.749282e-08
3.756242e-08
3.763151e-08
3.770007e-08
3.776808e-08
3.783554e-08
3.790243e-08
3.796875e-08
3.803448e-08
3.809963e-08
3.816418e-08
3.822812e-08
3.829145e-08
3.835417e-08
3.841626e-08
3.847774e-08
3.853859e-08
3.859881e-08
3.865841e-08
3.871738e-08
3.877572e-08
3.883344e-08
3.889054e-08
3.894702e-08
3.900288e-08
3.905814e-08
3.911280e-08
3.916687e-08
3.922034e-08
3.927324e-08
3.932557e-08
3.937735e-08
3.942858e-08
3.947928e-08
3.952945e-08
3.957912e-08
3.962830e-08
3.967701e-08
3.972525e-08
3.977305e-08
3.982043e-08
3.986741e-08
3.991400e-08
3.996022e-08
4.000610e-08
4.005166e-08
4.009692e-08
4.014191e-08
4.018664e-08
4.023115e-08
4.027545e-08
4.031958e-08
4.036357e-08
4.040743e-08
4.045119e-08
4.049489e-08
4.053856e-08
4.058222e-08
4.062590e-08
4.066963e-08
4.071345e-08
4.075738e-08
4.080146e-08
4.084573e-08
4.089020e-08
4.093492e-08
4.097991e-08
4.102522e-08
4.107087e-08
4.111690e-08
4.116334e-08
4.121022e-08
4.125759e-08
4.130548e-08
4.135391e-08
4.140293e-08
4.145256e-08
4.150285e-08
4.155383e-08
4.160553e-08
4.165798e-08
4.171123e-08
4.176529e-08
4.182022e-08
4.187604e-08
4.193278e-08
4.199048e-08
4.204917e-08
4.210888e-08
4.216964e-08
4.223149e-08
4.229445e-08
4.235856e-08
4.242384e-08
4.249033e-08
4.255805e-08
4.262704e-08
4.269731e-08
4.276889e-08
4.284182e-08
4.291611e-08
4.299179e-08
4.306888e-08
4.314741e-08
4.322739e-08
4.330886e-08
4.339181e-08
4.347629e-08
4.356230e-08
4.364985e-08
4.373897e-08
4.382968e-08
4.392197e-08
4.401587e-08
4.411138e-08
4.420852e-08
4.430729e-08
4.440771e-08
4.450977e-08
4.461348e-08
4.471885e-08
4.482587e-08
4.493455e-08
4.504488e-08
4.515687e-08
4.527051e-08
4.538580e-08
4.550272e-08
4.562127e-08
4.574145e-08
4.586323e-08
4.598661e-08
4.611158e-08
4.623811e-08
4.636620e-08
4.649581e-08
4.662694e-08
4.675956e-08
4.689365e-08
4.702918e-08
4.716612e-08
4.730446e-08
4.744416e-08
4.758518e-08
4.772750e-08
4.787109e-08
4.801590e-08
4.816190e-08
4.830906e-08
4.845732e-08
4.860667e-08
4.875704e-08
4.890839e-08
4.906069e-08
4.921388e-08
4.936791e-08
4.952274e-08
4.967832e-08
4.983459e-08
4.999150e-08
5.014899e-08
5.030702e-08
5.046552e-08
5.062443e-08
5.078371e-08
5.094327e-08
5.110308e-08
5.126306e-08
5.142315e-08
5.158328e-08
5.174340e-08
5.190344e-08
5.206333e-08
5.222300e-08
5.238239e-08
5.254142e-08
5.270003e-08
5.285816e-08
5.301572e-08
5.317265e-08
5.332889e-08
5.348435e-08
5.363896e-08
5.379266e-08
5.394538e-08
5.409703e-08
5.424756e-08
5.439688e-08
5.454493e-08
5.469163e-08
5.483691e-08
5.498070e-08
5.512294e-08
5.526354e-08
5.540244e-08
5.553956e-08
5.567485e-08
5.580822e-08
5.593961e-08
5.606896e-08
5.619620e-08
5.632125e-08
5.644405e-08
5.656455e-08
5.668267e-08
5.679835e-08
5.691154e-08
5.702216e-08
5.713017e-08
5.723550e-08
5.733809e-08
5.743790e-08
5.753485e-08
5.762892e-08
5.772003e-08
5.780814e-08
5.789320e-08
5.797517e-08
5.805399e-08
5.812964e-08
5.820205e-08
5.827119e-08
5.833703e-08
5.839953e-08
5.845864e-08
5.851435e-08
5.856661e-08
5.861539e-08
5.866068e-08
5.870244e-08
5.874064e-08
5.877528e-08
5.880632e-08
5.883375e-08
5.885756e-08
5.887773e-08
5.889424e-08
5.890710e-08
5.891628e-08
5.892180e-08
5.892364e-08
