1.422113e-05
1.421992e-05
1.421628e-05
1.421022e-05
1.420174e-05
1.419084e-05
1.417753e-05
1.416182e-05
1.414371e-05
1.412321e-05
1.410034e-05
1.407509e-05
1.404749e-05
1.401754e-05
1.398527e-05
1.395068e-05
1.391380e-05
1.387463e-05
1.383320e-05
1.378953e-05
1.374363e-05
1.369554e-05
1.364526e-05
1.359283e-05
1.353827e-05
1.348161e-05
1.342286e-05
1.336206e-05
1.329924e-05
1.323442e-05
1.316763e-05
1.309891e-05
1.302829e-05
1.295579e-05
1.288145e-05
1.280531e-05
1.272740e-05
1.264775e-05
1.256640e-05
1.248338e-05
1.239874e-05
1.231250e-05
1.222472e-05
1.213542e-05
1.204464e-05
1.195244e-05
1.185883e-05
1.176388e-05
1.166761e-05
1.157007e-05
1.147129e-05
1.137133e-05
1.127023e-05
1.116802e-05
1.106475e-05
1.096046e-05
1.085520e-05
1.074901e-05
1.064193e-05
1.053401e-05
1.042529e-05
1.031581e-05
1.020563e-05
1.009477e-05
9.983287e-06
9.871225e-06
9.758626e-06
9.645534e-06
9.531992e-06
9.418043e-06
9.303731e-06
9.189099e-06
9.074188e-06
8.959042e-06
8.843703e-06
8.728213e-06
8.612612e-06
8.496943e-06
8.381246e-06
8.265562e-06
8.149930e-06
8.034390e-06
7.918981e-06
7.803743e-06
7.688712e-06
7.573927e-06
7.459425e-06
7.345242e-06
7.231414e-06
7.117977e-06
7.004966e-06
6.892415e-06
6.780357e-06
6.668825e-06
6.557851e-06
6.447468e-06
6.337706e-06
6.228595e-06
6.120165e-06
6.012445e-06
5.905462e-06
5.799244e-06
5.693818e-06
5.589210e-06
5.485444e-06
5.382545e-06
5.280536e-06
5.179441e-06
5.079280e-06
4.980077e-06
4.881850e-06
4.784619e-06
4.688404e-06
4.593222e-06
4.499091e-06
4.406026e-06
4.314045e-06
4.223160e-06
4.133388e-06
4.044739e-06
3.957229e-06
3.870867e-06
3.785664e-06
3.701632e-06
3.618779e-06
3.537114e-06
3.456644e-06
3.377376e-06
3.299318e-06
3.222474e-06
3.146849e-06
3.072447e-06
2.999272e-06
2.927326e-06
2.856611e-06
2.787129e-06
2.718880e-06
2.651863e-06
2.586079e-06
2.521525e-06
2.458200e-06
2.396101e-06
2.335224e-06
2.275566e-06
2.217122e-06
2.159888e-06
2.103857e-06
2.049023e-06
1.995381e-06
1.942921e-06
1.891638e-06
1.841521e-06
1.792564e-06
1.744756e-06
1.698089e-06
1.652551e-06
1.608133e-06
1.564824e-06
1.522612e-06
1.481486e-06
1.441434e-06
1.402443e-06
1.364501e-06
1.327595e-06
1.291711e-06
1.256837e-06
1.222958e-06
1.190060e-06
1.158130e-06
1.127151e-06
1.097111e-06
1.067993e-06
1.039782e-06
1.012465e-06
9.860239e-07
9.604446e-07
9.357111e-07
9.118078e-07
8.887186e-07
8.664276e-07
8.449189e-07
8.241764e-07
8.041840e-07
7.849255e-07
7.663848e-07
7.485458e-07
7.313922e-07
7.149081e-07
6.990773e-07
6.838837e-07
6.693114e-07
6.553444e-07
6.419668e-07
6.291630e-07
6.169172e-07
6.052138e-07
5.940374e-07
5.833726e-07
5.732042e-07
5.635172e-07
5.542965e-07
5.455276e-07
5.371956e-07
5.292863e-07
5.217852e-07
5.146784e-07
5.079518e-07
5.015919e-07
4.955851e-07
4.899181e-07
4.845778e-07
4.795513e-07
4.748259e-07
4.703893e-07
4.662291e-07
4.623334e-07
4.586905e-07
4.552888e-07
4.521170e-07
4.491641e-07
4.464192e-07
4.438719e-07
4.415118e-07
4.393289e-07
4.373133e-07
4.354554e-07
4.337459e-07
4.321758e-07
4.307362e-07
4.294186e-07
4.282146e-07
4.271161e-07
4.261153e-07
4.252047e-07
4.243768e-07
4.236246e-07
4.229412e-07
4.223200e-07
4.217546e-07
4.212388e-07
4.207668e-07
4.203329e-07
4.199315e-07
4.195575e-07
4.192059e-07
4.188718e-07
4.185508e-07
4.182384e-07
4.179304e-07
4.176230e-07
4.173123e-07
4.169949e-07
4.166674e-07
4.163265e-07
4.159695e-07
4.155933e-07
4.151955e-07
4.147736e-07
4.143253e-07
4.138485e-07
4.133413e-07
4.128018e-07
4.122285e-07
4.116199e-07
4.109746e-07
4.102915e-07
4.095694e-07
4.088074e-07
4.080048e-07
4.071608e-07
4.062749e-07
4.053467e-07
4.043757e-07
4.033618e-07
4.023048e-07
4.012047e-07
4.000616e-07
3.988756e-07
3.976468e-07
3.963758e-07
3.950627e-07
3.937081e-07
3.923125e-07
3.908766e-07
3.894009e-07
3.878861e-07
3.863332e-07
3.847427e-07
3.831157e-07
3.814530e-07
3.797556e-07
3.780245e-07
3.762607e-07
3.744651e-07
3.726390e-07
3.707834e-07
3.688995e-07
3.669883e-07
3.650511e-07
3.630889e-07
3.611031e-07
3.590948e-07
3.570652e-07
3.550154e-07
3.529468e-07
3.508605e-07
3.487577e-07
3.466396e-07
3.445075e-07
3.423625e-07
3.402057e-07
3.380384e-07
3.358618e-07
3.336768e-07
3.314848e-07
3.292868e-07
3.270838e-07
3.248770e-07
3.226675e-07
3.204561e-07
3.182441e-07
3.160323e-07
3.138218e-07
3.116134e-07
3.094082e-07
3.072069e-07
3.050105e-07
3.028198e-07
3.006356e-07
2.984587e-07
2.962899e-07
2.941300e-07
2.919795e-07
2.898393e-07
2.877099e-07
2.855920e-07
2.834862e-07
2.813931e-07
2.793131e-07
2.772469e-07
2.751950e-07
2.731577e-07
2.711355e-07
2.691288e-07
2.671381e-07
2.651636e-07
2.632058e-07
2.612649e-07
2.593411e-07
2.574349e-07
2.555464e-07
2.536758e-07
2.518234e-07
2.499892e-07
2.481735e-07
2.463764e-07
2.445980e-07
2.428383e-07
2.410976e-07
2.393757e-07
2.376728e-07
2.359889e-07
2.343239e-07
2.326779e-07
2.310508e-07
2.294427e-07
2.278534e-07
2.262828e-07
2.247309e-07
2.231977e-07
2.216829e-07
2.201864e-07
2.187083e-07
2.172482e-07
2.158061e-07
2.143818e-07
2.129751e-07
2.115859e-07
2.102140e-07
2.088593e-07
2.075214e-07
2.062003e-07
2.048957e-07
2.036075e-07
2.023353e-07
2.010791e-07
1.998386e-07
1.986135e-07
1.974037e-07
1.962090e-07
1.950290e-07
1.938637e-07
1.927127e-07
1.915759e-07
1.904530e-07
1.893439e-07
1.882482e-07
1.871657e-07
1.860963e-07
1.850398e-07
1.839958e-07
1.829642e-07
1.819449e-07
1.809374e-07
1.799418e-07
1.789577e-07
1.779850e-07
1.770234e-07
1.760728e-07
1.751330e-07
1.742037e-07
1.732849e-07
1.723763e-07
1.714777e-07
1.705890e-07
1.697100e-07
1.688406e-07
1.679805e-07
1.671296e-07
1.662879e-07
1.654550e-07
1.646309e-07
1.638155e-07
1.630086e-07
1.622100e-07
1.614197e-07
1.606375e-07
1.598633e-07
1.590970e-07
1.583384e-07
1.575875e-07
1.568442e-07
1.561084e-07
1.553799e-07
1.546586e-07
1.539446e-07
1.532376e-07
1.525376e-07
1.518446e-07
1.511584e-07
1.504790e-07
1.498063e-07
1.491402e-07
1.484807e-07
1.478277e-07
1.471812e-07
1.465410e-07
1.459072e-07
1.452796e-07
1.446583e-07
1.440432e-07
1.434342e-07
1.428313e-07
1.422344e-07
1.416435e-07
1.410586e-07
1.404796e-07
1.399065e-07
1.393392e-07
1.387777e-07
1.382220e-07
1.376721e-07
1.371278e-07
1.365892e-07
1.360563e-07
1.355290e-07
1.350072e-07
1.344910e-07
1.339804e-07
1.334752e-07
1.329755e-07
1.324812e-07
1.319923e-07
1.315088e-07
1.310306e-07
1.305578e-07
1.300902e-07
1.296279e-07
1.291708e-07
1.287190e-07
1.282722e-07
1.278307e-07
1.273942e-07
1.269628e-07
1.265364e-07
1.261151e-07
1.256987e-07
1.252873e-07
1.248807e-07
1.244790e-07
1.240822e-07
1.236901e-07
1.233029e-07
1.229203e-07
1.225424e-07
1.221691e-07
1.218005e-07
1.214364e-07
1.210768e-07
1.207216e-07
1.203710e-07
1.200246e-07
1.196827e-07
1.193450e-07
1.190115e-07
1.186822e-07
1.183571e-07
1.180361e-07
1.177191e-07
1.174061e-07
1.170971e-07
1.167919e-07
1.164905e-07
1.161930e-07
1.158991e-07
1.156090e-07
1.153224e-07
1.150394e-07
1.147599e-07
1.144838e-07
1.142111e-07
1.139417e-07
1.136755e-07
1.134126e-07
1.131528e-07
1.128960e-07
1.126423e-07
1.123915e-07
1.121436e-07
1.118985e-07
1.116562e-07
1.114166e-07
1.111795e-07
1.109451e-07
1.107131e-07
1.104835e-07
1.102564e-07
1.100315e-07
1.098088e-07
1.095883e-07
1.093699e-07
1.091535e-07
1.089390e-07
1.087265e-07
1.085158e-07
1.083068e-07
1.080995e-07
1.078938e-07
1.076897e-07
1.074871e-07
1.072859e-07
1.070860e-07
1.068874e-07
1.066900e-07
1.064938e-07
1.062986e-07
1.061045e-07
1.059113e-07
1.057190e-07
1.055275e-07
1.053367e-07
1.051467e-07
1.049572e-07
1.047683e-07
1.045799e-07
1.043919e-07
1.042043e-07
1.040170e-07
1.038299e-07
1.036430e-07
1.034562e-07
1.032694e-07
1.030827e-07
1.028959e-07
1.027090e-07
1.025219e-07
1.023345e-07
1.021469e-07
1.019589e-07
1.017704e-07
1.015816e-07
1.013922e-07
1.012022e-07
1.010117e-07
1.008204e-07
1.006285e-07
1.004357e-07
1.002422e-07
1.000478e-07
9.985243e-08
9.965613e-08
9.945883e-08
9.926048e-08
9.906104e-08
9.886047e-08
9.865872e-08
9.845576e-08
9.825154e-08
9.804603e-08
9.783920e-08
9.763101e-08
9.742141e-08
9.721039e-08
9.699791e-08
9.678393e-08
9.656843e-08
9.635138e-08
9.613274e-08
9.591251e-08
9.569064e-08
9.546712e-08
9.524192e-08
9.501502e-08
9.478640e-08
9.455604e-08
9.432393e-08
9.409004e-08
9.385437e-08
9.361689e-08
9.337760e-08
9.313648e-08
9.289352e-08
9.264872e-08
9.240206e-08
9.215354e-08
9.190315e-08
9.165088e-08
9.139675e-08
9.114073e-08
9.088284e-08
9.062306e-08
9.036142e-08
9.009789e-08
8.983250e-08
8.956524e-08
8.929613e-08
8.902516e-08
8.875235e-08
8.847771e-08
8.820124e-08
8.792296e-08
8.764288e-08
8.736102e-08
8.707739e-08
8.679201e-08
8.650489e-08
8.621605e-08
8.592551e-08
8.563329e-08
8.533941e-08
8.504389e-08
8.474676e-08
8.444803e-08
8.414774e-08
8.384590e-08
8.354255e-08
8.323771e-08
8.293141e-08
8.262367e-08
8.231453e-08
8.200401e-08
8.169215e-08
8.137898e-08
8.106452e-08
8.074881e-08
8.043188e-08
8.011377e-08
7.979451e-08
7.947413e-08
7.915268e-08
7.883017e-08
7.850666e-08
7.818217e-08
7.785675e-08
7.753043e-08
7.720324e-08
7.687522e-08
7.654642e-08
7.621687e-08
7.588661e-08
7.555567e-08
7.522410e-08
7.489193e-08
7.455920e-08
7.422596e-08
7.389224e-08
7.355808e-08
7.322352e-08
7.288859e-08
7.255335e-08
7.221782e-08
7.188204e-08
7.154607e-08
7.120992e-08
7.087365e-08
7.053729e-08
7.020088e-08
6.986446e-08
6.952806e-08
6.919173e-08
6.885550e-08
6.851941e-08
6.818349e-08
6.784779e-08
6.751234e-08
6.717718e-08
6.684233e-08
6.650785e-08
6.617375e-08
6.584009e-08
6.550688e-08
6.517418e-08
6.484200e-08
6.451038e-08
6.417936e-08
6.384897e-08
6.351923e-08
6.319019e-08
6.286187e-08
6.253430e-08
6.220751e-08
6.188154e-08
6.155640e-08
6.123214e-08
6.090876e-08
6.058632e-08
6.026482e-08
5.994430e-08
5.962479e-08
5.930630e-08
5.898886e-08
5.867250e-08
5.835724e-08
5.804310e-08
5.773010e-08
5.741828e-08
5.710764e-08
5.679821e-08
5.649001e-08
5.618305e-08
5.587737e-08
5.557297e-08
5.526987e-08
5.496810e-08
5.466766e-08
5.436858e-08
5.407086e-08
5.377454e-08
5.347961e-08
5.318609e-08
5.289400e-08
5.260336e-08
5.231416e-08
5.202643e-08
5.174017e-08
5.145540e-08
5.117213e-08
5.089036e-08
5.061011e-08
5.033138e-08
5.005419e-08
4.977854e-08
4.950443e-08
4.923188e-08
4.896089e-08
4.869147e-08
4.842362e-08
4.815735e-08
4.789266e-08
4.762956e-08
4.736805e-08
4.710813e-08
4.684980e-08
4.659307e-08
4.633794e-08
4.608442e-08
4.583249e-08
4.558217e-08
4.533345e-08
4.508634e-08
4.484082e-08
4.459691e-08
4.435459e-08
4.411388e-08
4.387476e-08
4.363723e-08
4.340130e-08
4.316695e-08
4.293419e-08
4.270300e-08
4.247339e-08
4.224535e-08
4.201888e-08
4.179397e-08
4.157061e-08
4.134880e-08
4.112854e-08
4.090981e-08
4.069261e-08
4.047693e-08
4.026277e-08
4.005011e-08
3.983895e-08
3.962928e-08
3.942109e-08
3.921438e-08
3.900912e-08
3.880532e-08
3.860297e-08
3.840205e-08
3.820254e-08
3.800446e-08
3.780777e-08
3.761247e-08
3.741855e-08
3.722600e-08
3.703480e-08
3.684495e-08
3.665642e-08
3.646921e-08
3.628331e-08
3.609870e-08
3.591537e-08
3.573330e-08
3.555248e-08
3.537289e-08
3.519453e-08
3.501738e-08
3.484142e-08
3.466664e-08
3.449303e-08
3.432056e-08
3.414922e-08
3.397900e-08
3.380989e-08
3.364185e-08
3.347489e-08
3.330899e-08
3.314412e-08
3.298027e-08
3.281742e-08
3.265556e-08
3.249468e-08
3.233474e-08
3.217575e-08
3.201767e-08
3.186050e-08
3.170421e-08
3.154879e-08
3.139422e-08
3.124048e-08
3.108756e-08
3.093544e-08
3.078409e-08
3.063351e-08
3.048368e-08
3.033457e-08
3.018617e-08
3.003846e-08
2.989143e-08
2.974505e-08
2.959932e-08
2.945420e-08
2.930969e-08
2.916577e-08
2.902241e-08
2.887961e-08
2.873734e-08
2.859559e-08
2.845434e-08
2.831358e-08
2.817328e-08
2.803344e-08
2.789403e-08
2.775504e-08
2.761645e-08
2.747824e-08
2.734041e-08
2.720293e-08
2.706580e-08
2.692899e-08
2.679249e-08
2.665628e-08
2.652036e-08
2.638471e-08
2.624931e-08
2.611415e-08
2.597921e-08
2.584449e-08
2.570998e-08
2.557565e-08
2.544150e-08
2.530752e-08
2.517369e-08
2.504000e-08
2.490645e-08
2.477302e-08
2.463971e-08
2.450649e-08
2.437338e-08
2.424035e-08
2.410739e-08
2.397451e-08
2.384169e-08
2.370892e-08
2.357620e-08
2.344352e-08
2.331088e-08
2.317828e-08
2.304569e-08
2.291313e-08
2.278059e-08
2.264806e-08
2.251553e-08
2.238302e-08
2.225051e-08
2.211801e-08
2.198550e-08
2.185300e-08
2.172049e-08
2.158799e-08
2.145548e-08
2.132298e-08
2.119047e-08
2.105797e-08
2.092548e-08
2.079299e-08
2.066051e-08
2.052804e-08
2.039559e-08
2.026316e-08
2.013075e-08
1.999837e-08
1.986603e-08
1.973372e-08
1.960147e-08
1.946926e-08
1.933711e-08
1.920502e-08
1.907301e-08
1.894108e-08
1.880923e-08
1.867748e-08
1.854583e-08
1.841429e-08
1.828287e-08
1.815158e-08
1.802043e-08
1.788943e-08
1.775859e-08
1.762791e-08
1.749742e-08
1.736711e-08
1.723699e-08
1.710709e-08
1.697741e-08
1.684796e-08
1.671874e-08
1.658979e-08
1.646109e-08
1.633267e-08
1.620453e-08
1.607669e-08
1.594916e-08
1.582195e-08
1.569507e-08
1.556853e-08
1.544234e-08
1.531651e-08
1.519106e-08
1.506599e-08
1.494132e-08
1.481706e-08
1.469321e-08
1.456979e-08
1.444680e-08
1.432427e-08
1.420219e-08
1.408058e-08
1.395944e-08
1.383879e-08
1.371863e-08
1.359897e-08
1.347983e-08
1.336121e-08
1.324311e-08
1.312555e-08
1.300853e-08
1.289206e-08
1.277614e-08
1.266079e-08
1.254600e-08
1.243179e-08
1.231816e-08
1.220511e-08
1.209265e-08
1.198078e-08
1.186950e-08
1.175883e-08
1.164876e-08
1.153929e-08
1.143044e-08
1.132219e-08
1.121455e-08
1.110752e-08
1.100111e-08
1.089530e-08
1.079011e-08
1.068553e-08
1.058156e-08
1.047820e-08
1.037545e-08
1.027330e-08
1.017175e-08
1.007080e-08
9.970448e-09
9.870686e-09
9.771511e-09
9.672918e-09
9.574903e-09
9.477460e-09
9.380584e-09
9.284267e-09
9.188504e-09
9.093288e-09
8.998612e-09
8.904467e-09
8.810847e-09
8.717744e-09
8.625148e-09
8.533051e-09
8.441444e-09
8.350318e-09
8.259664e-09
8.169471e-09
8.079730e-09
7.990431e-09
7.901562e-09
7.813113e-09
7.725075e-09
7.637435e-09
7.550182e-09
7.463305e-09
7.376794e-09
7.290635e-09
7.204818e-09
7.119331e-09
7.034162e-09
6.949299e-09
6.864730e-09
6.780443e-09
6.696427e-09
6.612668e-09
6.529156e-09
6.445878e-09
6.362822e-09
6.279976e-09
6.197328e-09
6.114867e-09
6.032580e-09
5.950456e-09
5.868484e-09
5.786652e-09
5.704948e-09
5.623362e-09
5.541881e-09
5.460497e-09
5.379197e-09
5.297971e-09
5.216809e-09
5.135701e-09
5.054636e-09
4.973606e-09
4.892599e-09
4.811608e-09
4.730622e-09
4.649634e-09
4.568635e-09
4.487616e-09
4.406569e-09
4.325486e-09
4.244361e-09
4.163185e-09
4.081953e-09
4.000656e-09
3.919290e-09
3.837847e-09
3.756322e-09
3.674710e-09
3.593005e-09
3.511203e-09
3.429299e-09
3.347288e-09
3.265168e-09
3.182933e-09
3.100581e-09
3.018109e-09
2.935513e-09
2.852792e-09
2.769943e-09
2.686964e-09
2.603855e-09
2.520612e-09
2.437235e-09
2.353724e-09
2.270078e-09
2.186297e-09
2.102380e-09
2.018328e-09
1.934142e-09
1.849821e-09
1.765368e-09
1.680782e-09
1.596067e-09
1.511222e-09
1.426250e-09
1.341154e-09
1.255934e-09
1.170594e-09
1.085135e-09
9.995617e-10
9.138756e-10
8.280799e-10
7.421779e-10
6.561727e-10
5.700678e-10
4.838666e-10
3.975727e-10
3.111898e-10
2.247217e-10
1.381722e-10
5.154528e-11
-3.515509e-11
-1.219248e-10
-2.087599e-10
-2.956561e-10
-3.826093e-10
-4.696153e-10
-5.566699e-10
-6.437687e-10
-7.309077e-10
-8.180826e-10
-9.052890e-10
-9.925229e-10
-1.079780e-09
-1.167056e-09
-1.254347e-09
-1.341649e-09
-1.428957e-09
-1.516268e-09
-1.603577e-09
-1.690881e-09
-1.778176e-09
-1.865458e-09
-1.952723e-09
-2.039967e-09
-2.127186e-09
-2.214378e-09
-2.301538e-09
-2.388663e-09
-2.475750e-09
-2.562795e-09
-2.649794e-09
-2.736746e-09
-2.823645e-09
-2.910490e-09
-2.997276e-09
-3.084002e-09
-3.170664e-09
-3.257259e-09
-3.343784e-09
-3.430237e-09
-3.516614e-09
-3.602913e-09
-3.689131e-09
-3.775266e-09
-3.861314e-09
-3.947273e-09
-4.033140e-09
-4.118912e-09
-4.204587e-09
-4.290163e-09
-4.375636e-09
-4.461003e-09
-4.546263e-09
-4.631411e-09
-4.716446e-09
-4.801364e-09
-4.886163e-09
-4.970839e-09
-5.055389e-09
-5.139811e-09
-5.224100e-09
-5.308255e-09
-5.392270e-09
-5.476143e-09
-5.559871e-09
-5.643449e-09
-5.726873e-09
-5.810140e-09
-5.893245e-09
-5.976184e-09
-6.058954e-09
-6.141548e-09
-6.223963e-09
-6.306193e-09
-6.388233e-09
-6.470079e-09
-6.551725e-09
-6.633165e-09
-6.714394e-09
-6.795405e-09
-6.876192e-09
-6.956750e-09
-7.037070e-09
-7.117148e-09
-7.196975e-09
-7.276544e-09
-7.355849e-09
-7.434881e-09
-7.513633e-09
-7.592097e-09
-7.670264e-09
-7.748127e-09
-7.825676e-09
-7.902903e-09
-7.979799e-09
-8.056354e-09
-8.132560e-09
-8.208406e-09
-8.283883e-09
-8.358981e-09
-8.433690e-09
-8.508000e-09
-8.581900e-09
-8.655379e-09
-8.728427e-09
-8.801034e-09
-8.873187e-09
-8.944877e-09
-9.016091e-09
-9.086819e-09
-9.157049e-09
-9.226769e-09
-9.295969e-09
-9.364635e-09
-9.432758e-09
-9.500325e-09
-9.567324e-09
-9.633744e-09
-9.699573e-09
-9.764799e-09
-9.829411e-09
-9.893397e-09
-9.956746e-09
-1.001945e-08
-1.008148e-08
-1.014285e-08
-1.020354e-08
-1.026353e-08
-1.032282e-08
-1.038139e-08
-1.043923e-08
-1.049634e-08
-1.055271e-08
-1.060831e-08
-1.066315e-08
-1.071722e-08
-1.077050e-08
-1.082299e-08
-1.087468e-08
-1.092556e-08
-1.097562e-08
-1.102486e-08
-1.107326e-08
-1.112083e-08
-1.116755e-08
-1.121342e-08
-1.125844e-08
-1.130259e-08
-1.134588e-08
-1.138829e-08
-1.142984e-08
-1.147051e-08
-1.151030e-08
-1.154920e-08
-1.158723e-08
-1.162437e-08
-1.166063e-08
-1.169600e-08
-1.173049e-08
-1.176410e-08
-1.179682e-08
-1.182867e-08
-1.185965e-08
-1.188975e-08
-1.191898e-08
-1.194736e-08
-1.197487e-08
-1.200154e-08
-1.202736e-08
-1.205234e-08
-1.207649e-08
-1.209983e-08
-1.212235e-08
-1.214407e-08
-1.216500e-08
-1.218515e-08
-1.220453e-08
-1.222315e-08
-1.224103e-08
-1.225818e-08
-1.227462e-08
-1.229035e-08
-1.230540e-08
-1.231978e-08
-1.233350e-08
-1.234659e-08
-1.235906e-08
-1.237092e-08
-1.238220e-08
-1.239292e-08
-1.240309e-08
-1.241274e-08
-1.242189e-08
-1.243055e-08
-1.243875e-08
-1.244651e-08
-1.245385e-08
-1.246079e-08
-1.246737e-08
-1.247359e-08
-1.247949e-08
-1.248508e-08
-1.249040e-08
-1.249546e-08
-1.250029e-08
-1.250492e-08
-1.250937e-08
-1.251367e-08
-1.251783e-08
-1.252190e-08
-1.252589e-08
-1.252982e-08
-1.253373e-08
-1.253764e-08
-1.254157e-08
-1.254556e-08
-1.254962e-08
-1.255379e-08
-1.255808e-08
-1.256253e-08
-1.256716e-08
-1.257199e-08
-1.257705e-08
-1.258237e-08
-1.258797e-08
-1.259387e-08
-1.260010e-08
-1.260669e-08
-1.261364e-08
-1.262100e-08
-1.262878e-08
-1.263700e-08
-1.264569e-08
-1.265487e-08
-1.266456e-08
-1.267478e-08
-1.268554e-08
-1.269688e-08
-1.270881e-08
-1.272135e-08
-1.273451e-08
-1.274832e-08
-1.276279e-08
-1.277794e-08
-1.279378e-08
-1.281033e-08
-1.282761e-08
-1.284562e-08
-1.286439e-08
-1.288392e-08
-1.290422e-08
-1.292531e-08
-1.294720e-08
-1.296990e-08
-1.299342e-08
-1.301776e-08
-1.304293e-08
-1.306894e-08
-1.309580e-08
-1.312352e-08
-1.315208e-08
-1.318152e-08
-1.321181e-08
-1.324297e-08
-1.327500e-08
-1.330790e-08
-1.334167e-08
-1.337631e-08
-1.341182e-08
-1.344820e-08
-1.348544e-08
-1.352355e-08
-1.356251e-08
-1.360233e-08
-1.364299e-08
-1.368449e-08
-1.372683e-08
-1.377000e-08
-1.381399e-08
-1.385880e-08
-1.390440e-08
-1.395080e-08
-1.399798e-08
-1.404593e-08
-1.409465e-08
-1.414411e-08
-1.419431e-08
-1.424524e-08
-1.429687e-08
-1.434920e-08
-1.440222e-08
-1.445590e-08
-1.451023e-08
-1.456520e-08
-1.462080e-08
-1.467699e-08
-1.473378e-08
-1.479113e-08
-1.484904e-08
-1.490749e-08
-1.496646e-08
-1.502592e-08
-1.508587e-08
-1.514629e-08
-1.520715e-08
-1.526844e-08
-1.533014e-08
-1.539223e-08
-1.545469e-08
-1.551751e-08
-1.558066e-08
-1.564412e-08
-1.570789e-08
-1.577192e-08
-1.583622e-08
-1.590076e-08
-1.596552e-08
-1.603048e-08
-1.609563e-08
-1.616095e-08
-1.622641e-08
-1.629200e-08
-1.635771e-08
-1.642352e-08
-1.648940e-08
-1.655534e-08
-1.662134e-08
-1.668736e-08
-1.675339e-08
-1.681943e-08
-1.688544e-08
-1.695143e-08
-1.701737e-08
-1.708325e-08
-1.714905e-08
-1.721477e-08
-1.728039e-08
-1.734590e-08
-1.741129e-08
-1.747654e-08
-1.754164e-08
-1.760659e-08
-1.767137e-08
-1.773598e-08
-1.780040e-08
-1.786463e-08
-1.792866e-08
-1.799248e-08
-1.805609e-08
-1.811947e-08
-1.818263e-08
-1.824556e-08
-1.830826e-08
-1.837071e-08
-1.843292e-08
-1.849488e-08
-1.855660e-08
-1.861806e-08
-1.867928e-08
-1.874024e-08
-1.880095e-08
-1.886141e-08
-1.892162e-08
-1.898158e-08
-1.904129e-08
-1.910076e-08
-1.915999e-08
-1.921898e-08
-1.927774e-08
-1.933627e-08
-1.939459e-08
-1.945268e-08
-1.951057e-08
-1.956825e-08
-1.962574e-08
-1.968304e-08
-1.974016e-08
-1.979712e-08
-1.985391e-08
-1.991055e-08
-1.996706e-08
-2.002343e-08
-2.007969e-08
-2.013584e-08
-2.019190e-08
-2.024787e-08
-2.030378e-08
-2.035963e-08
-2.041544e-08
-2.047122e-08
-2.052699e-08
-2.058276e-08
-2.063855e-08
-2.069437e-08
-2.075024e-08
-2.080617e-08
-2.086218e-08
-2.091829e-08
-2.097451e-08
-2.103087e-08
-2.108737e-08
-2.114404e-08
-2.120089e-08
-2.125795e-08
-2.131522e-08
-2.137273e-08
-2.143051e-08
-2.148856e-08
-2.154690e-08
-2.160556e-08
-2.166455e-08
-2.172390e-08
-2.178362e-08
-2.184373e-08
-2.190426e-08
-2.196522e-08
-2.202663e-08
-2.208852e-08
-2.215090e-08
-2.221379e-08
-2.227721e-08
-2.234119e-08
-2.240574e-08
-2.247089e-08
-2.253665e-08
-2.260305e-08
-2.267010e-08
-2.273783e-08
-2.280625e-08
-2.287539e-08
-2.294526e-08
-2.301589e-08
-2.308730e-08
-2.315950e-08
-2.323251e-08
-2.330637e-08
-2.338107e-08
-2.345665e-08
-2.353312e-08
-2.361051e-08
-2.368883e-08
-2.376810e-08
-2.384833e-08
-2.392956e-08
-2.401179e-08
-2.409505e-08
-2.417935e-08
-2.426471e-08
-2.435115e-08
-2.443868e-08
-2.452732e-08
-2.461710e-08
-2.470802e-08
-2.480011e-08
-2.489337e-08
-2.498783e-08
-2.508350e-08
-2.518040e-08
-2.527854e-08
-2.537793e-08
-2.547860e-08
-2.558055e-08
-2.568381e-08
-2.578837e-08
-2.589426e-08
-2.600149e-08
-2.611008e-08
-2.622002e-08
-2.633135e-08
-2.644406e-08
-2.655817e-08
-2.667370e-08
-2.679064e-08
-2.690902e-08
-2.702883e-08
-2.715010e-08
-2.727283e-08
-2.739702e-08
-2.752269e-08
-2.764985e-08
-2.777849e-08
-2.790864e-08
-2.804029e-08
-2.817345e-08
-2.830813e-08
-2.844432e-08
-2.858205e-08
-2.872130e-08
-2.886209e-08
-2.900442e-08
-2.914828e-08
-2.929369e-08
-2.944064e-08
-2.958914e-08
-2.973918e-08
-2.989077e-08
-3.004390e-08
-3.019858e-08
-3.035481e-08
-3.051257e-08
-3.067187e-08
-3.083271e-08
-3.099508e-08
-3.115898e-08
-3.132441e-08
-3.149135e-08
-3.165980e-08
-3.182976e-08
-3.200122e-08
-3.217418e-08
-3.234861e-08
-3.252452e-08
-3.270190e-08
-3.288073e-08
-3.306100e-08
-3.324271e-08
-3.342585e-08
-3.361039e-08
-3.379633e-08
-3.398365e-08
-3.417234e-08
-3.436238e-08
-3.455376e-08
-3.474647e-08
-3.494048e-08
-3.513578e-08
-3.533235e-08
-3.553017e-08
-3.572922e-08
-3.592948e-08
-3.613094e-08
-3.633357e-08
-3.653735e-08
-3.674225e-08
-3.694826e-08
-3.715534e-08
-3.736349e-08
-3.757266e-08
-3.778284e-08
-3.799399e-08
-3.820610e-08
-3.841913e-08
-3.863306e-08
-3.884785e-08
-3.906349e-08
-3.927993e-08
-3.949715e-08
-3.971511e-08
-3.993379e-08
-4.015315e-08
-4.037316e-08
-4.059379e-08
-4.081500e-08
-4.103675e-08
-4.125902e-08
-4.148176e-08
-4.170494e-08
-4.192852e-08
-4.215247e-08
-4.237674e-08
-4.260131e-08
-4.282612e-08
-4.305114e-08
-4.327633e-08
-4.350165e-08
-4.372706e-08
-4.395251e-08
-4.417797e-08
-4.440339e-08
-4.462873e-08
-4.485395e-08
-4.507900e-08
-4.530383e-08
-4.552841e-08
-4.575269e-08
-4.597662e-08
-4.620016e-08
-4.642326e-08
-4.664588e-08
-4.686797e-08
-4.708948e-08
-4.731036e-08
-4.753057e-08
-4.775006e-08
-4.796879e-08
-4.818670e-08
-4.840374e-08
-4.861987e-08
-4.883504e-08
-4.904920e-08
-4.926230e-08
-4.947430e-08
-4.968513e-08
-4.989476e-08
-5.010314e-08
-5.031021e-08
-5.051592e-08
-5.072023e-08
-5.092309e-08
-5.112445e-08
-5.132426e-08
-5.152246e-08
-5.171902e-08
-5.191388e-08
-5.210699e-08
-5.229830e-08
-5.248778e-08
-5.267536e-08
-5.286100e-08
-5.304465e-08
-5.322627e-08
-5.340580e-08
-5.358321e-08
-5.375844e-08
-5.393144e-08
-5.410218e-08
-5.427061e-08
-5.443668e-08
-5.460034e-08
-5.476156e-08
-5.492029e-08
-5.507649e-08
-5.523010e-08
-5.538110e-08
-5.552944e-08
-5.567508e-08
-5.581798e-08
-5.595809e-08
-5.609539e-08
-5.622983e-08
-5.636137e-08
-5.648998e-08
-5.661562e-08
-5.673825e-08
-5.685784e-08
-5.697436e-08
-5.708777e-08
-5.719804e-08
-5.730514e-08
-5.740904e-08
-5.750970e-08
-5.760710e-08
-5.770122e-08
-5.779201e-08
-5.787946e-08
-5.796355e-08
-5.804423e-08
-5.812150e-08
-5.819533e-08
-5.826570e-08
-5.833259e-08
-5.839597e-08
-5.845584e-08
-5.851216e-08
-5.856493e-08
-5.861413e-08
-5.865974e-08
-5.870175e-08
-5.874016e-08
-5.877494e-08
-5.880608e-08
-5.883359e-08
-5.885744e-08
-5.887763e-08
-5.889417e-08
-5.890703e-08
-5.891622e-08
-5.892173e-08
-5.892357e-08
