6.814740e-14
4.034292e-11
1.611268e-10
3.623057e-10
6.436891e-10
1.005011e-09
1.445930e-09
1.966029e-09
2.564817e-09
3.241727e-09
3.996121e-09
4.827286e-09
5.734438e-09
6.716721e-09
7.773209e-09
8.902906e-09
1.010475e-08
1.137760e-08
1.272028e-08
1.413150e-08
1.560996e-08
1.715425e-08
1.876294e-08
2.043452e-08
2.216741e-08
2.396001e-08
2.581063e-08
2.771755e-08
2.967900e-08
3.169313e-08
3.375809e-08
3.587195e-08
3.803276e-08
4.023851e-08
4.248716e-08
4.477663e-08
4.710482e-08
4.946958e-08
5.186873e-08
5.430008e-08
5.676141e-08
5.925045e-08
6.176494e-08
6.430258e-08
6.686109e-08
6.943812e-08
7.203136e-08
7.463846e-08
7.725707e-08
7.988484e-08
8.251942e-08
8.515846e-08
8.779960e-08
9.044049e-08
9.307880e-08
9.571220e-08
9.833836e-08
1.009550e-07
1.035598e-07
1.061505e-07
1.087249e-07
1.112806e-07
1.138157e-07
1.163277e-07
1.188147e-07
1.212745e-07
1.237050e-07
1.261041e-07
1.284699e-07
1.308004e-07
1.330937e-07
1.353478e-07
1.375609e-07
1.397313e-07
1.418571e-07
1.439366e-07
1.459683e-07
1.479505e-07
1.498816e-07
1.517602e-07
1.535848e-07
1.553540e-07
1.570665e-07
1.587211e-07
1.603164e-07
1.618515e-07
1.633251e-07
1.647362e-07
1.660839e-07
1.673673e-07
1.685855e-07
1.697377e-07
1.708233e-07
1.718416e-07
1.727920e-07
1.736739e-07
1.744870e-07
1.752308e-07
1.759050e-07
1.765093e-07
1.770436e-07
1.775077e-07
1.779015e-07
1.782250e-07
1.784784e-07
1.786616e-07
1.787749e-07
1.788186e-07
1.787928e-07
1.786981e-07
1.785347e-07
1.783033e-07
1.780042e-07
1.776382e-07
1.772058e-07
1.767078e-07
1.761449e-07
1.755178e-07
1.748276e-07
1.740750e-07
1.732610e-07
1.723867e-07
1.714530e-07
1.704610e-07
1.694119e-07
1.683068e-07
1.671470e-07
1.659337e-07
1.646681e-07
1.633516e-07
1.619855e-07
1.605712e-07
1.591102e-07
1.576038e-07
1.560534e-07
1.544607e-07
1.528271e-07
1.511541e-07
1.494432e-07
1.476961e-07
1.459144e-07
1.440995e-07
1.422531e-07
1.403769e-07
1.384724e-07
1.365413e-07
1.345852e-07
1.326058e-07
1.306046e-07
1.285835e-07
1.265439e-07
1.244875e-07
1.224160e-07
1.203309e-07
1.182340e-07
1.161267e-07
1.140108e-07
1.118878e-07
1.097592e-07
1.076267e-07
1.054917e-07
1.033558e-07
1.012205e-07
9.908729e-08
9.695761e-08
9.483291e-08
9.271459e-08
9.060406e-08
8.850268e-08
8.641178e-08
8.433267e-08
8.226663e-08
8.021492e-08
7.817874e-08
7.615929e-08
7.415773e-08
7.217517e-08
7.021270e-08
6.827138e-08
6.635222e-08
6.445621e-08
6.258429e-08
6.073737e-08
5.891634e-08
5.712202e-08
5.535521e-08
5.361668e-08
5.190715e-08
5.022730e-08
4.857778e-08
4.695921e-08
4.537214e-08
4.381712e-08
4.229463e-08
4.080513e-08
3.934905e-08
3.792675e-08
3.653859e-08
3.518486e-08
3.386584e-08
3.258176e-08
3.133280e-08
3.011914e-08
2.894089e-08
2.779813e-08
2.669094e-08
2.561931e-08
2.458325e-08
2.358269e-08
2.261757e-08
2.168777e-08
2.079316e-08
1.993355e-08
1.910875e-08
1.831852e-08
1.756261e-08
1.684073e-08
1.615257e-08
1.549780e-08
1.487604e-08
1.428691e-08
1.373000e-08
1.320488e-08
1.271109e-08
1.224817e-08
1.181561e-08
1.141290e-08
1.103952e-08
1.069491e-08
1.037851e-08
1.008974e-08
9.828008e-09
9.592710e-09
9.383224e-09
9.198921e-09
9.039160e-09
8.903290e-09
8.790651e-09
8.700576e-09
8.632391e-09
8.585415e-09
8.558962e-09
8.552342e-09
8.564861e-09
8.595822e-09
8.644527e-09
8.710275e-09
8.792366e-09
8.890101e-09
9.002781e-09
9.129709e-09
9.270190e-09
9.423533e-09
9.589052e-09
9.766065e-09
9.953893e-09
1.015187e-08
1.035932e-08
1.057560e-08
1.080005e-08
1.103203e-08
1.127091e-08
1.151606e-08
1.176688e-08
1.202275e-08
1.228309e-08
1.254731e-08
1.281484e-08
1.308512e-08
1.335761e-08
1.363177e-08
1.390709e-08
1.418304e-08
1.445914e-08
1.473491e-08
1.500987e-08
1.528358e-08
1.555559e-08
1.582549e-08
1.609285e-08
1.635728e-08
1.661840e-08
1.687584e-08
1.712925e-08
1.737829e-08
1.762264e-08
1.786199e-08
1.809605e-08
1.832454e-08
1.854719e-08
1.876375e-08
1.897399e-08
1.917770e-08
1.937465e-08
1.956466e-08
1.974755e-08
1.992316e-08
2.009133e-08
2.025192e-08
2.040482e-08
2.054991e-08
2.068709e-08
2.081628e-08
2.093740e-08
2.105038e-08
2.115519e-08
2.125177e-08
2.134011e-08
2.142018e-08
2.149199e-08
2.155553e-08
2.161081e-08
2.165788e-08
2.169675e-08
2.172747e-08
2.175009e-08
2.176468e-08
2.177129e-08
2.177002e-08
2.176093e-08
2.174413e-08
2.171970e-08
2.168776e-08
2.164842e-08
2.160178e-08
2.154798e-08
2.148714e-08
2.141939e-08
2.134487e-08
2.126372e-08
2.117609e-08
2.108212e-08
2.098197e-08
2.087580e-08
2.076375e-08
2.064600e-08
2.052270e-08
2.039403e-08
2.026013e-08
2.012120e-08
1.997739e-08
1.982887e-08
1.967582e-08
1.951841e-08
1.935681e-08
1.919119e-08
1.902172e-08
1.884857e-08
1.867192e-08
1.849193e-08
1.830878e-08
1.812262e-08
1.793363e-08
1.774197e-08
1.754780e-08
1.735129e-08
1.715258e-08
1.695185e-08
1.674924e-08
1.654491e-08
1.633900e-08
1.613167e-08
1.592305e-08
1.571329e-08
1.550253e-08
1.529090e-08
1.507854e-08
1.486557e-08
1.465213e-08
1.443833e-08
1.422429e-08
1.401013e-08
1.379597e-08
1.358192e-08
1.336807e-08
1.315454e-08
1.294142e-08
1.272881e-08
1.251681e-08
1.230550e-08
1.209496e-08
1.188529e-08
1.167655e-08
1.146884e-08
1.126221e-08
1.105673e-08
1.085248e-08
1.064952e-08
1.044790e-08
1.024769e-08
1.004892e-08
9.851665e-09
9.655958e-09
9.461847e-09
9.269372e-09
9.078572e-09
8.889481e-09
8.702133e-09
8.516557e-09
8.332781e-09
8.150829e-09
7.970724e-09
7.792484e-09
7.616128e-09
7.441671e-09
7.269124e-09
7.098500e-09
6.929805e-09
6.763048e-09
6.598231e-09
6.435358e-09
6.274430e-09
6.115445e-09
5.958401e-09
5.803292e-09
5.650114e-09
5.498859e-09
5.349517e-09
5.202078e-09
5.056531e-09
4.912863e-09
4.771059e-09
4.631105e-09
4.492983e-09
4.356677e-09
4.222168e-09
4.089437e-09
3.958464e-09
3.829227e-09
3.701706e-09
3.575877e-09
3.451718e-09
3.329204e-09
3.208312e-09
3.089017e-09
2.971293e-09
2.855115e-09
2.740456e-09
2.627291e-09
2.515591e-09
2.405331e-09
2.296483e-09
2.189018e-09
2.082910e-09
1.978131e-09
1.874651e-09
1.772444e-09
1.671481e-09
1.571733e-09
1.473172e-09
1.375771e-09
1.279499e-09
1.184331e-09
1.090236e-09
9.971875e-10
9.051570e-10
8.141166e-10
7.240387e-10
6.348956e-10
5.466600e-10
4.593047e-10
3.728027e-10
2.871272e-10
2.022517e-10
1.181498e-10
3.479550e-11
-4.783693e-11
-1.297730e-10
-2.110379e-10
-2.916565e-10
-3.716534e-10
-4.510529e-10
-5.298788e-10
-6.081548e-10
-6.859041e-10
-7.631496e-10
-8.399137e-10
-9.162186e-10
-9.920860e-10
-1.067537e-09
-1.142593e-09
-1.217275e-09
-1.291602e-09
-1.365594e-09
-1.439271e-09
-1.512650e-09
-1.585752e-09
-1.658593e-09
-1.731191e-09
-1.803563e-09
-1.875726e-09
-1.947696e-09
-2.019487e-09
-2.091116e-09
-2.162597e-09
-2.233944e-09
-2.305170e-09
-2.376289e-09
-2.447313e-09
-2.518253e-09
-2.589122e-09
-2.659931e-09
-2.730688e-09
-2.801406e-09
-2.872091e-09
-2.942754e-09
-3.013403e-09
-3.084044e-09
-3.154684e-09
-3.225331e-09
-3.295989e-09
-3.366664e-09
-3.437360e-09
-3.508081e-09
-3.578831e-09
-3.649612e-09
-3.720427e-09
-3.791276e-09
-3.862160e-09
-3.933081e-09
-4.004036e-09
-4.075027e-09
-4.146049e-09
-4.217102e-09
-4.288183e-09
-4.359288e-09
-4.430412e-09
-4.501552e-09
-4.572702e-09
-4.643855e-09
-4.715006e-09
-4.786147e-09
-4.857270e-09
-4.928367e-09
-4.999429e-09
-5.070447e-09
-5.141410e-09
-5.212308e-09
-5.283129e-09
-5.353862e-09
-5.424495e-09
-5.495015e-09
-5.565408e-09
-5.635660e-09
-5.705758e-09
-5.775686e-09
-5.845430e-09
-5.914973e-09
-5.984299e-09
-6.053393e-09
-6.122236e-09
-6.190811e-09
-6.259102e-09
-6.327089e-09
-6.394754e-09
-6.462079e-09
-6.529044e-09
-6.595630e-09
-6.661818e-09
-6.727588e-09
-6.792920e-09
-6.857793e-09
-6.922186e-09
-6.986081e-09
-7.049455e-09
-7.112287e-09
-7.174558e-09
-7.236245e-09
-7.297328e-09
-7.357786e-09
-7.417597e-09
-7.476740e-09
-7.535195e-09
-7.592940e-09
-7.649954e-09
-7.706217e-09
-7.761708e-09
-7.816407e-09
-7.870292e-09
-7.923344e-09
-7.975543e-09
-8.026869e-09
-8.077303e-09
-8.126825e-09
-8.175417e-09
-8.223060e-09
-8.269736e-09
-8.315428e-09
-8.360117e-09
-8.403787e-09
-8.446421e-09
-8.488002e-09
-8.528517e-09
-8.567948e-09
-8.606281e-09
-8.643503e-09
-8.679599e-09
-8.714556e-09
-8.748362e-09
-8.781005e-09
-8.812473e-09
-8.842756e-09
-8.871842e-09
-8.899724e-09
-8.926391e-09
-8.951836e-09
-8.976051e-09
-8.999028e-09
-9.020762e-09
-9.041247e-09
-9.060478e-09
-9.078451e-09
-9.095161e-09
-9.110607e-09
-9.124786e-09
-9.137696e-09
-9.149337e-09
-9.159709e-09
-9.168813e-09
-9.176649e-09
-9.183220e-09
-9.188529e-09
-9.192578e-09
-9.195373e-09
-9.196918e-09
-9.197219e-09
-9.196281e-09
-9.194113e-09
-9.190720e-09
-9.186112e-09
-9.180298e-09
-9.173287e-09
-9.165088e-09
-9.155714e-09
-9.145175e-09
-9.133484e-09
-9.120652e-09
-9.106694e-09
-9.091623e-09
-9.075453e-09
-9.058198e-09
-9.039876e-09
-9.020500e-09
-9.000089e-09
-8.978658e-09
-8.956224e-09
-8.932806e-09
-8.908423e-09
-8.883091e-09
-8.856831e-09
-8.829662e-09
-8.801603e-09
-8.772675e-09
-8.742898e-09
-8.712293e-09
-8.680881e-09
-8.648683e-09
-8.615721e-09
-8.582016e-09
-8.547591e-09
-8.512468e-09
-8.476669e-09
-8.440217e-09
-8.403135e-09
-8.365445e-09
-8.327171e-09
-8.288335e-09
-8.248961e-09
-8.209072e-09
-8.168692e-09
-8.127843e-09
-8.086549e-09
-8.044833e-09
-8.002719e-09
-7.960229e-09
-7.917388e-09
-7.874218e-09
-7.830742e-09
-7.786983e-09
-7.742965e-09
-7.698709e-09
-7.654239e-09
-7.609577e-09
-7.564745e-09
-7.519766e-09
-7.474661e-09
-7.429452e-09
-7.384161e-09
-7.338809e-09
-7.293417e-09
-7.248006e-09
-7.202597e-09
-7.157209e-09
-7.111864e-09
-7.066580e-09
-7.021378e-09
-6.976277e-09
-6.931295e-09
-6.886451e-09
-6.841764e-09
-6.797252e-09
-6.752932e-09
-6.708821e-09
-6.664938e-09
-6.621297e-09
-6.577917e-09
-6.534812e-09
-6.492000e-09
-6.449493e-09
-6.407309e-09
-6.365462e-09
-6.323965e-09
-6.282833e-09
-6.242079e-09
-6.201717e-09
-6.161759e-09
-6.122219e-09
-6.083107e-09
-6.044435e-09
-6.006217e-09
-5.968461e-09
-5.931179e-09
-5.894381e-09
-5.858078e-09
-5.822278e-09
-5.786992e-09
-5.752227e-09
-5.717993e-09
-5.684298e-09
-5.651149e-09
-5.618555e-09
-5.586521e-09
-5.555056e-09
-5.524165e-09
-5.493855e-09
-5.464131e-09
-5.435000e-09
-5.406465e-09
-5.378532e-09
-5.351206e-09
-5.324490e-09
-5.298388e-09
-5.272905e-09
-5.248042e-09
-5.223804e-09
-5.200192e-09
-5.177208e-09
-5.154856e-09
-5.133136e-09
-5.112051e-09
-5.091600e-09
-5.071784e-09
-5.052606e-09
-5.034063e-09
-5.016157e-09
-4.998887e-09
-4.982253e-09
-4.966253e-09
-4.950887e-09
-4.936152e-09
-4.922048e-09
-4.908572e-09
-4.895721e-09
-4.883495e-09
-4.871889e-09
-4.860901e-09
-4.850528e-09
-4.840765e-09
-4.831610e-09
-4.823058e-09
-4.815105e-09
-4.807747e-09
-4.800979e-09
-4.794796e-09
-4.789193e-09
-4.784164e-09
-4.779705e-09
-4.775809e-09
-4.772470e-09
-4.769682e-09
-4.767439e-09
-4.765734e-09
-4.764560e-09
-4.763911e-09
-4.763778e-09
-4.764156e-09
-4.765036e-09
-4.766411e-09
-4.768272e-09
-4.770613e-09
-4.773424e-09
-4.776697e-09
-4.780424e-09
-4.784597e-09
-4.789206e-09
-4.794243e-09
-4.799699e-09
-4.805564e-09
-4.811830e-09
-4.818488e-09
-4.825527e-09
-4.832938e-09
-4.840713e-09
-4.848840e-09
-4.857311e-09
-4.866116e-09
-4.875245e-09
-4.884689e-09
-4.894436e-09
-4.904478e-09
-4.914805e-09
-4.925407e-09
-4.936273e-09
-4.947394e-09
-4.958760e-09
-4.970362e-09
-4.982189e-09
-4.994232e-09
-5.006480e-09
-5.018925e-09
-5.031557e-09
-5.044367e-09
-5.057344e-09
-5.070480e-09
-5.083765e-09
-5.097191e-09
-5.110749e-09
-5.124430e-09
-5.138225e-09
-5.152125e-09
-5.166123e-09
-5.180211e-09
-5.194380e-09
-5.208623e-09
-5.222932e-09
-5.237301e-09
-5.251721e-09
-5.266186e-09
-5.280689e-09
-5.295225e-09
-5.309787e-09
-5.324369e-09
-5.338965e-09
-5.353571e-09
-5.368180e-09
-5.382790e-09
-5.397394e-09
-5.411990e-09
-5.426572e-09
-5.441138e-09
-5.455684e-09
-5.470208e-09
-5.484707e-09
-5.499178e-09
-5.513620e-09
-5.528031e-09
-5.542411e-09
-5.556757e-09
-5.571070e-09
-5.585349e-09
-5.599594e-09
-5.613806e-09
-5.627986e-09
-5.642135e-09
-5.656254e-09
-5.670345e-09
-5.684410e-09
-5.698452e-09
-5.712473e-09
-5.726477e-09
-5.740466e-09
-5.754446e-09
-5.768419e-09
-5.782391e-09
-5.796365e-09
-5.810347e-09
-5.824342e-09
-5.838355e-09
-5.852393e-09
-5.866461e-09
-5.880566e-09
-5.894713e-09
-5.908911e-09
-5.923165e-09
-5.937483e-09
-5.951872e-09
-5.966340e-09
-5.980894e-09
-5.995543e-09
-6.010294e-09
-6.025155e-09
-6.040135e-09
-6.055242e-09
-6.070485e-09
-6.085872e-09
-6.101411e-09
-6.117112e-09
-6.132982e-09
-6.149031e-09
-6.165268e-09
-6.181700e-09
-6.198337e-09
-6.215187e-09
-6.232259e-09
-6.249561e-09
-6.267102e-09
-6.284889e-09
-6.302932e-09
-6.321237e-09
-6.339813e-09
-6.358667e-09
-6.377807e-09
-6.397240e-09
-6.416974e-09
-6.437014e-09
-6.457368e-09
-6.478041e-09
-6.499040e-09
-6.520371e-09
-6.542039e-09
-6.564048e-09
-6.586404e-09
-6.609112e-09
-6.632174e-09
-6.655596e-09
-6.679380e-09
-6.703528e-09
-6.728044e-09
-6.752930e-09
-6.778187e-09
-6.803817e-09
-6.829820e-09
-6.856196e-09
-6.882946e-09
-6.910069e-09
-6.937563e-09
-6.965428e-09
-6.993661e-09
-7.022260e-09
-7.051221e-09
-7.080542e-09
-7.110217e-09
-7.140244e-09
-7.170616e-09
-7.201328e-09
-7.232374e-09
-7.263748e-09
-7.295443e-09
-7.327451e-09
-7.359765e-09
-7.392375e-09
-7.425273e-09
-7.458449e-09
-7.491894e-09
-7.525597e-09
-7.559548e-09
-7.593734e-09
-7.628145e-09
-7.662768e-09
-7.697591e-09
-7.732600e-09
-7.767783e-09
-7.803125e-09
-7.838613e-09
-7.874231e-09
-7.909966e-09
-7.945801e-09
-7.981721e-09
-8.017711e-09
-8.053754e-09
-8.089834e-09
-8.125935e-09
-8.162038e-09
-8.198128e-09
-8.234187e-09
-8.270196e-09
-8.306140e-09
-8.341999e-09
-8.377756e-09
-8.413393e-09
-8.448891e-09
-8.484232e-09
-8.519398e-09
-8.554370e-09
-8.589130e-09
-8.623660e-09
-8.657941e-09
-8.691955e-09
-8.725684e-09
-8.759109e-09
-8.792212e-09
-8.824976e-09
-8.857382e-09
-8.889413e-09
-8.921052e-09
-8.952280e-09
-8.983082e-09
-9.013439e-09
-9.043337e-09
-9.072757e-09
-9.101685e-09
-9.130105e-09
-9.158001e-09
-9.185358e-09
-9.212162e-09
-9.238397e-09
-9.264052e-09
-9.289111e-09
-9.313562e-09
-9.337392e-09
-9.360590e-09
-9.383142e-09
-9.405039e-09
-9.426269e-09
-9.446822e-09
-9.466688e-09
-9.485858e-09
-9.504324e-09
-9.522077e-09
-9.539109e-09
-9.555414e-09
-9.570984e-09
-9.585814e-09
-9.599899e-09
-9.613233e-09
-9.625813e-09
-9.637634e-09
-9.648694e-09
-9.658989e-09
-9.668518e-09
-9.677280e-09
-9.685274e-09
-9.692499e-09
-9.698956e-09
-9.704645e-09
-9.709568e-09
-9.713728e-09
-9.717126e-09
-9.719766e-09
-9.721651e-09
-9.722786e-09
-9.723176e-09
-9.722824e-09
-9.721738e-09
-9.719924e-09
-9.717387e-09
-9.714137e-09
-9.710179e-09
-9.705522e-09
-9.700175e-09
-9.694147e-09
-9.687446e-09
-9.680084e-09
-9.672069e-09
-9.663413e-09
-9.654127e-09
-9.644221e-09
-9.633707e-09
-9.622597e-09
-9.610904e-09
-9.598639e-09
-9.585815e-09
-9.572445e-09
-9.558542e-09
-9.544120e-09
-9.529192e-09
-9.513772e-09
-9.497873e-09
-9.481510e-09
-9.464696e-09
-9.447446e-09
-9.429774e-09
-9.411694e-09
-9.393220e-09
-9.374367e-09
-9.355150e-09
-9.335582e-09
-9.315677e-09
-9.295451e-09
-9.274917e-09
-9.254089e-09
-9.232982e-09
-9.211609e-09
-9.189984e-09
-9.168121e-09
-9.146033e-09
-9.123733e-09
-9.101235e-09
-9.078551e-09
-9.055695e-09
-9.032678e-09
-9.009514e-09
-8.986213e-09
-8.962787e-09
-8.939249e-09
-8.915609e-09
-8.891878e-09
-8.868067e-09
-8.844185e-09
-8.820244e-09
-8.796252e-09
-8.772219e-09
-8.748154e-09
-8.724065e-09
-8.699961e-09
-8.675849e-09
-8.651738e-09
-8.627634e-09
-8.603544e-09
-8.579475e-09
-8.555432e-09
-8.531423e-09
-8.507451e-09
-8.483521e-09
-8.459640e-09
-8.435810e-09
-8.412036e-09
-8.388322e-09
-8.364670e-09
-8.341084e-09
-8.317565e-09
-8.294117e-09
-8.270741e-09
-8.247438e-09
-8.224210e-09
-8.201058e-09
-8.177982e-09
-8.154982e-09
-8.132059e-09
-8.109212e-09
-8.086441e-09
-8.063745e-09
-8.041122e-09
-8.018572e-09
-7.996092e-09
-7.973682e-09
-7.951339e-09
-7.929060e-09
-7.906844e-09
-7.884688e-09
-7.862590e-09
-7.840545e-09
-7.818552e-09
-7.796607e-09
-7.774707e-09
-7.752849e-09
-7.731029e-09
-7.709243e-09
-7.687489e-09
-7.665762e-09
-7.644058e-09
-7.622375e-09
-7.600708e-09
-7.579053e-09
-7.557407e-09
-7.535767e-09
-7.514128e-09
-7.492487e-09
-7.470840e-09
-7.449185e-09
-7.427517e-09
-7.405834e-09
-7.384131e-09
-7.362407e-09
-7.340658e-09
-7.318881e-09
-7.297074e-09
-7.275235e-09
-7.253360e-09
-7.231449e-09
-7.209498e-09
-7.187507e-09
-7.165473e-09
-7.143395e-09
-7.121273e-09
-7.099105e-09
-7.076891e-09
-7.054630e-09
-7.032322e-09
-7.009967e-09
-6.987565e-09
-6.965118e-09
-6.942625e-09
-6.920088e-09
-6.897509e-09
-6.874888e-09
-6.852228e-09
-6.829531e-09
-6.806799e-09
-6.784036e-09
-6.761243e-09
-6.738425e-09
-6.715585e-09
-6.692726e-09
-6.669854e-09
-6.646971e-09
-6.624083e-09
-6.601194e-09
-6.578311e-09
-6.555437e-09
-6.532579e-09
-6.509743e-09
-6.486934e-09
-6.464159e-09
-6.441425e-09
-6.418739e-09
-6.396107e-09
-6.373537e-09
-6.351036e-09
-6.328612e-09
-6.306273e-09
-6.284026e-09
-6.261880e-09
-6.239844e-09
-6.217925e-09
-6.196133e-09
-6.174476e-09
-6.152963e-09
-6.131604e-09
-6.110407e-09
-6.089381e-09
-6.068537e-09
-6.047882e-09
-6.027428e-09
-6.007183e-09
-5.987157e-09
-5.967360e-09
-5.947801e-09
-5.928490e-09
-5.909437e-09
-5.890651e-09
-5.872142e-09
-5.853919e-09
-5.835993e-09
-5.818372e-09
-5.801066e-09
-5.784084e-09
-5.767437e-09
-5.751132e-09
-5.735178e-09
-5.719586e-09
-5.704364e-09
-5.689519e-09
-5.675062e-09
-5.661000e-09
-5.647341e-09
-5.634093e-09
-5.621265e-09
-5.608864e-09
-5.596897e-09
-5.585371e-09
-5.574293e-09
-5.563670e-09
-5.553509e-09
-5.543815e-09
-5.534595e-09
-5.525853e-09
-5.517596e-09
-5.509829e-09
-5.502556e-09
-5.495781e-09
-5.489510e-09
-5.483745e-09
-5.478490e-09
-5.473748e-09
-5.469522e-09
-5.465815e-09
-5.462628e-09
-5.459964e-09
-5.457824e-09
-5.456208e-09
-5.455118e-09
-5.454554e-09
-5.454515e-09
-5.455001e-09
-5.456012e-09
-5.457546e-09
-5.459602e-09
-5.462177e-09
-5.465269e-09
-5.468875e-09
-5.472993e-09
-5.477618e-09
-5.482747e-09
-5.488375e-09
-5.494498e-09
-5.501110e-09
-5.508206e-09
-5.515780e-09
-5.523826e-09
-5.532336e-09
-5.541305e-09
-5.550724e-09
-5.560586e-09
-5.570882e-09
-5.581604e-09
-5.592743e-09
-5.604290e-09
-5.616235e-09
-5.628568e-09
-5.641278e-09
-5.654355e-09
-5.667789e-09
-5.681567e-09
-5.695677e-09
-5.710109e-09
-5.724849e-09
-5.739885e-09
-5.755204e-09
-5.770792e-09
-5.786637e-09
-5.802725e-09
-5.819040e-09
-5.835570e-09
-5.852300e-09
-5.869214e-09
-5.886297e-09
-5.903536e-09
-5.920913e-09
-5.938413e-09
-5.956021e-09
-5.973720e-09
-5.991494e-09
-6.009326e-09
-6.027201e-09
-6.045101e-09
-6.063009e-09
-6.080909e-09
-6.098783e-09
-6.116614e-09
-6.134384e-09
-6.152077e-09
-6.169675e-09
-6.187160e-09
-6.204515e-09
-6.221722e-09
-6.238763e-09
-6.255621e-09
-6.272277e-09
-6.288715e-09
-6.304917e-09
-6.320864e-09
-6.336540e-09
-6.351926e-09
-6.367006e-09
-6.381761e-09
-6.396174e-09
-6.410229e-09
-6.423907e-09
-6.437192e-09
-6.450067e-09
-6.462515e-09
-6.474519e-09
-6.486063e-09
-6.497131e-09
-6.507706e-09
-6.517772e-09
-6.527314e-09
-6.536315e-09
-6.544761e-09
-6.552637e-09
-6.559927e-09
-6.566617e-09
-6.572692e-09
-6.578139e-09
-6.582943e-09
-6.587091e-09
-6.590570e-09
-6.593366e-09
-6.595467e-09
-6.596861e-09
-6.597535e-09
-6.597478e-09
-6.596678e-09
-6.595125e-09
-6.592807e-09
-6.589715e-09
-6.585838e-09
-6.581167e-09
-6.575693e-09
-6.569406e-09
-6.562299e-09
-6.554364e-09
-6.545592e-09
-6.535976e-09
-6.525511e-09
-6.514188e-09
-6.502003e-09
-6.488950e-09
-6.475023e-09
-6.460218e-09
-6.444531e-09
-6.427958e-09
-6.410495e-09
-6.392139e-09
-6.372889e-09
-6.352741e-09
-6.331694e-09
-6.309748e-09
-6.286900e-09
-6.263151e-09
-6.238502e-09
-6.212952e-09
-6.186502e-09
-6.159154e-09
-6.130911e-09
-6.101773e-09
-6.071745e-09
-6.040829e-09
-6.009029e-09
-5.976348e-09
-5.942792e-09
-5.908366e-09
-5.873074e-09
-5.836922e-09
-5.799917e-09
-5.762065e-09
-5.723374e-09
-5.683850e-09
-5.643501e-09
-5.602335e-09
-5.560361e-09
-5.517588e-09
-5.474026e-09
-5.429682e-09
-5.384569e-09
-5.338696e-09
-5.292073e-09
-5.244712e-09
-5.196624e-09
-5.147820e-09
-5.098313e-09
-5.048115e-09
-4.997239e-09
-4.945696e-09
-4.893501e-09
-4.840667e-09
-4.787206e-09
-4.733134e-09
-4.678464e-09
-4.623210e-09
-4.567387e-09
-4.511009e-09
-4.454093e-09
-4.396651e-09
-4.338701e-09
-4.280256e-09
-4.221334e-09
-4.161949e-09
-4.102117e-09
-4.041854e-09
-3.981176e-09
-3.920099e-09
-3.858639e-09
-3.796813e-09
-3.734637e-09
-3.672127e-09
-3.609299e-09
-3.546170e-09
-3.482756e-09
-3.419073e-09
-3.355137e-09
-3.290966e-09
-3.226574e-09
-3.161979e-09
-3.097196e-09
-3.032241e-09
-2.967130e-09
-2.901878e-09
-2.836502e-09
-2.771017e-09
-2.705438e-09
-2.639780e-09
-2.574058e-09
-2.508287e-09
-2.442482e-09
-2.376656e-09
-2.310825e-09
-2.245001e-09
-2.179199e-09
-2.113432e-09
-2.047713e-09
-1.982055e-09
-1.916470e-09
-1.850971e-09
-1.785570e-09
-1.720278e-09
-1.655107e-09
-1.590067e-09
-1.525169e-09
-1.460423e-09
-1.395840e-09
-1.331428e-09
-1.267197e-09
-1.203155e-09
-1.139311e-09
-1.075673e-09
-1.012249e-09
-9.490445e-10
-8.860673e-10
-8.233234e-10
-7.608186e-10
-6.985584e-10
-6.365477e-10
-5.747910e-10
-5.132924e-10
-4.520556e-10
-3.910836e-10
-3.303793e-10
-2.699449e-10
-2.097823e-10
-1.498929e-10
-9.027751e-11
-3.093673e-11
2.812944e-11
8.692138e-11
1.454399e-10
2.036864e-10
2.616624e-10
3.193702e-10
3.768123e-10
4.339916e-10
4.909117e-10
5.475762e-10
6.039893e-10
6.601557e-10
7.160804e-10
7.717685e-10
8.272260e-10
8.824587e-10
9.374731e-10
9.922760e-10
1.046874e-09
1.101276e-09
1.155487e-09
1.209517e-09
1.263374e-09
1.317066e-09
1.370602e-09
1.423990e-09
1.477240e-09
1.530361e-09
1.583363e-09
1.636256e-09
1.689048e-09
1.741751e-09
1.794373e-09
1.846926e-09
1.899419e-09
1.951863e-09
2.004268e-09
2.056644e-09
2.109002e-09
2.161351e-09
2.213703e-09
2.266066e-09
2.318452e-09
2.370869e-09
2.423329e-09
2.475840e-09
2.528412e-09
2.581055e-09
2.633777e-09
2.686587e-09
2.739495e-09
2.792507e-09
2.845632e-09
2.898879e-09
2.952253e-09
3.005763e-09
3.059415e-09
3.113214e-09
3.167168e-09
3.221280e-09
3.275557e-09
3.330002e-09
3.384619e-09
3.439412e-09
3.494384e-09
3.549537e-09
3.604872e-09
3.660391e-09
3.716095e-09
3.771983e-09
3.828054e-09
3.884308e-09
3.940743e-09
3.997355e-09
4.054141e-09
4.111098e-09
4.168221e-09
4.225504e-09
4.282941e-09
4.340525e-09
4.398249e-09
4.456104e-09
4.514082e-09
4.572172e-09
4.630363e-09
4.688645e-09
4.747006e-09
4.805431e-09
4.863909e-09
4.922424e-09
4.980960e-09
5.039504e-09
5.098036e-09
5.156541e-09
5.215000e-09
5.273394e-09
5.331703e-09
5.389907e-09
5.447986e-09
5.505916e-09
5.563677e-09
5.621244e-09
5.678594e-09
5.735703e-09
5.792545e-09
5.849096e-09
5.905327e-09
5.961214e-09
6.016728e-09
6.071842e-09
6.126526e-09
6.180753e-09
6.234493e-09
6.287716e-09
6.340391e-09
6.392489e-09
6.443978e-09
6.494826e-09
6.545003e-09
6.594476e-09
6.643214e-09
6.691183e-09
6.738351e-09
6.784685e-09
6.830153e-09
6.874722e-09
6.918359e-09
6.961030e-09
7.002702e-09
7.043343e-09
7.082920e-09
7.121400e-09
7.158750e-09
7.194937e-09
7.229931e-09
7.263697e-09
7.296206e-09
7.327425e-09
7.357323e-09
7.385871e-09
7.413037e-09
7.438792e-09
7.463107e-09
7.485953e-09
7.507303e-09
7.527128e-09
7.545402e-09
7.562098e-09
7.577193e-09
7.590660e-09
7.602476e-09
7.612618e-09
7.621064e-09
7.627792e-09
7.632783e-09
7.636016e-09
7.637474e-09
7.637138e-09
7.634994e-09
7.631024e-09
7.625216e-09
7.617556e-09
7.608031e-09
7.596632e-09
7.583348e-09
7.568172e-09
7.551096e-09
7.532114e-09
7.511221e-09
7.488414e-09
7.463692e-09
7.437053e-09
7.408499e-09
7.378030e-09
7.345651e-09
7.311366e-09
7.275181e-09
7.237104e-09
7.197144e-09
7.155311e-09
7.111616e-09
7.066074e-09
7.018698e-09
6.969504e-09
6.918510e-09
6.865735e-09
6.811198e-09
6.754922e-09
6.696929e-09
6.637244e-09
6.575893e-09
6.512902e-09
6.448300e-09
6.382118e-09
6.314385e-09
6.245136e-09
6.174402e-09
6.102221e-09
6.028627e-09
5.953659e-09
5.877355e-09
5.799756e-09
5.720901e-09
5.640835e-09
5.559599e-09
5.477240e-09
5.393801e-09
5.309330e-09
5.223875e-09
5.137483e-09
5.050205e-09
4.962091e-09
4.873192e-09
4.783559e-09
4.693247e-09
4.602309e-09
4.510798e-09
4.418771e-09
4.326282e-09
4.233388e-09
4.140145e-09
4.046612e-09
3.952845e-09
3.858903e-09
3.764844e-09
3.670728e-09
3.576614e-09
3.482560e-09
3.388627e-09
3.294875e-09
3.201362e-09
3.108150e-09
3.015299e-09
2.922867e-09
2.830916e-09
2.739504e-09
2.648692e-09
2.558538e-09
2.469102e-09
2.380443e-09
2.292619e-09
2.205688e-09
2.119707e-09
2.034734e-09
1.950826e-09
1.868037e-09
1.786424e-09
1.706041e-09
1.626942e-09
1.549180e-09
1.472808e-09
1.397877e-09
1.324438e-09
1.252540e-09
1.182232e-09
1.113562e-09
1.046576e-09
9.813207e-10
9.178399e-10
8.561771e-10
7.963744e-10
7.384728e-10
6.825118e-10
6.285298e-10
5.765640e-10
5.266499e-10
4.788220e-10
4.331131e-10
3.895548e-10
3.481771e-10
3.090084e-10
2.720760e-10
2.374051e-10
2.050200e-10
1.749428e-10
1.471946e-10
1.217944e-10
9.875979e-11
7.810684e-11
5.984983e-11
4.400141e-11
3.057257e-11
1.957264e-11
1.100923e-11
4.888299e-12
1.214091e-12
-1.084279e-14
