-7.450498e-14
-4.050906e-11
-1.617723e-10
-3.637492e-10
-6.462487e-10
-1.009003e-09
-1.451669e-09
-1.973827e-09
-2.574984e-09
-3.254570e-09
-4.011942e-09
-4.846386e-09
-5.757111e-09
-6.743258e-09
-7.803895e-09
-8.938021e-09
-1.014457e-08
-1.142240e-08
-1.277030e-08
-1.418702e-08
-1.567122e-08
-1.722150e-08
-1.883640e-08
-2.051442e-08
-2.225397e-08
-2.405343e-08
-2.591112e-08
-2.782531e-08
-2.979419e-08
-3.181594e-08
-3.388868e-08
-3.601048e-08
-3.817936e-08
-4.039332e-08
-4.265030e-08
-4.494823e-08
-4.728497e-08
-4.965837e-08
-5.206625e-08
-5.450640e-08
-5.697658e-08
-5.947453e-08
-6.199796e-08
-6.454458e-08
-6.711207e-08
-6.969810e-08
-7.230033e-08
-7.491641e-08
-7.754397e-08
-8.018066e-08
-8.282410e-08
-8.547195e-08
-8.812183e-08
-9.077138e-08
-9.341827e-08
-9.606014e-08
-9.869467e-08
-1.013195e-07
-1.039325e-07
-1.065312e-07
-1.091134e-07
-1.116769e-07
-1.142194e-07
-1.167388e-07
-1.192330e-07
-1.216998e-07
-1.241371e-07
-1.265428e-07
-1.289150e-07
-1.312517e-07
-1.335509e-07
-1.358108e-07
-1.380294e-07
-1.402050e-07
-1.423359e-07
-1.444202e-07
-1.464564e-07
-1.484429e-07
-1.503781e-07
-1.522604e-07
-1.540885e-07
-1.558610e-07
-1.575765e-07
-1.592337e-07
-1.608315e-07
-1.623687e-07
-1.638442e-07
-1.652569e-07
-1.666060e-07
-1.678904e-07
-1.691094e-07
-1.702622e-07
-1.713480e-07
-1.723663e-07
-1.733164e-07
-1.741978e-07
-1.750100e-07
-1.757528e-07
-1.764256e-07
-1.770284e-07
-1.775609e-07
-1.780229e-07
-1.784144e-07
-1.787354e-07
-1.789859e-07
-1.791662e-07
-1.792763e-07
-1.793164e-07
-1.792871e-07
-1.791884e-07
-1.790210e-07
-1.787853e-07
-1.784818e-07
-1.781112e-07
-1.776740e-07
-1.771710e-07
-1.766029e-07
-1.759706e-07
-1.752749e-07
-1.745168e-07
-1.736971e-07
-1.728169e-07
-1.718772e-07
-1.708792e-07
-1.698239e-07
-1.687126e-07
-1.675464e-07
-1.663266e-07
-1.650545e-07
-1.637314e-07
-1.623587e-07
-1.609377e-07
-1.594699e-07
-1.579567e-07
-1.563996e-07
-1.548000e-07
-1.531595e-07
-1.514796e-07
-1.497619e-07
-1.480079e-07
-1.462192e-07
-1.443975e-07
-1.425442e-07
-1.406612e-07
-1.387499e-07
-1.368120e-07
-1.348492e-07
-1.328631e-07
-1.308553e-07
-1.288276e-07
-1.267814e-07
-1.247186e-07
-1.226407e-07
-1.205493e-07
-1.184462e-07
-1.163328e-07
-1.142108e-07
-1.120818e-07
-1.099473e-07
-1.078090e-07
-1.056683e-07
-1.035268e-07
-1.013860e-07
-9.924734e-08
-9.711235e-08
-9.498245e-08
-9.285904e-08
-9.074353e-08
-8.863727e-08
-8.654160e-08
-8.445784e-08
-8.238726e-08
-8.033112e-08
-7.829062e-08
-7.626697e-08
-7.426131e-08
-7.227476e-08
-7.030842e-08
-6.836333e-08
-6.644051e-08
-6.454095e-08
-6.266559e-08
-6.081534e-08
-5.899107e-08
-5.719362e-08
-5.542379e-08
-5.368232e-08
-5.196996e-08
-5.028737e-08
-4.863521e-08
-4.701408e-08
-4.542455e-08
-4.386714e-08
-4.234236e-08
-4.085066e-08
-3.939244e-08
-3.796809e-08
-3.657795e-08
-3.522232e-08
-3.390147e-08
-3.261561e-08
-3.136496e-08
-3.014966e-08
-2.896982e-08
-2.782555e-08
-2.671689e-08
-2.564385e-08
-2.460643e-08
-2.360456e-08
-2.263817e-08
-2.170715e-08
-2.081136e-08
-1.995061e-08
-1.912470e-08
-1.833341e-08
-1.757647e-08
-1.685359e-08
-1.616446e-08
-1.550874e-08
-1.488606e-08
-1.429604e-08
-1.373827e-08
-1.321231e-08
-1.271770e-08
-1.225397e-08
-1.182063e-08
-1.141717e-08
-1.104304e-08
-1.069770e-08
-1.038059e-08
-1.009113e-08
-9.828720e-09
-9.592760e-09
-9.382628e-09
-9.197694e-09
-9.037317e-09
-8.900847e-09
-8.787625e-09
-8.696982e-09
-8.628246e-09
-8.580737e-09
-8.553768e-09
-8.546651e-09
-8.558692e-09
-8.589195e-09
-8.637463e-09
-8.702797e-09
-8.784498e-09
-8.881866e-09
-8.994204e-09
-9.120818e-09
-9.261012e-09
-9.414099e-09
-9.579393e-09
-9.756212e-09
-9.943880e-09
-1.014173e-08
-1.034910e-08
-1.056532e-08
-1.078976e-08
-1.102178e-08
-1.126073e-08
-1.150601e-08
-1.175699e-08
-1.201307e-08
-1.227367e-08
-1.253821e-08
-1.280610e-08
-1.307680e-08
-1.334977e-08
-1.362446e-08
-1.390035e-08
-1.417695e-08
-1.445376e-08
-1.473029e-08
-1.500608e-08
-1.528067e-08
-1.555363e-08
-1.582454e-08
-1.609297e-08
-1.635855e-08
-1.662087e-08
-1.687959e-08
-1.713433e-08
-1.738478e-08
-1.763060e-08
-1.787148e-08
-1.810714e-08
-1.833728e-08
-1.856166e-08
-1.878001e-08
-1.899210e-08
-1.919771e-08
-1.939664e-08
-1.958868e-08
-1.977365e-08
-1.995140e-08
-2.012177e-08
-2.028461e-08
-2.043981e-08
-2.058724e-08
-2.072681e-08
-2.085843e-08
-2.098202e-08
-2.109752e-08
-2.120487e-08
-2.130404e-08
-2.139498e-08
-2.147769e-08
-2.155215e-08
-2.161836e-08
-2.167634e-08
-2.172610e-08
-2.176768e-08
-2.180111e-08
-2.182645e-08
-2.184374e-08
-2.185305e-08
-2.185446e-08
-2.184804e-08
-2.183388e-08
-2.181207e-08
-2.178271e-08
-2.174592e-08
-2.170179e-08
-2.165045e-08
-2.159202e-08
-2.152663e-08
-2.145440e-08
-2.137548e-08
-2.129001e-08
-2.119812e-08
-2.109997e-08
-2.099571e-08
-2.088549e-08
-2.076947e-08
-2.064780e-08
-2.052064e-08
-2.038816e-08
-2.025052e-08
-2.010789e-08
-1.996042e-08
-1.980830e-08
-1.965167e-08
-1.949072e-08
-1.932560e-08
-1.915649e-08
-1.898355e-08
-1.880695e-08
-1.862685e-08
-1.844342e-08
-1.825682e-08
-1.806722e-08
-1.787477e-08
-1.767964e-08
-1.748198e-08
-1.728196e-08
-1.707971e-08
-1.687540e-08
-1.666918e-08
-1.646118e-08
-1.625157e-08
-1.604047e-08
-1.582804e-08
-1.561440e-08
-1.539969e-08
-1.518405e-08
-1.496760e-08
-1.475047e-08
-1.453277e-08
-1.431464e-08
-1.409619e-08
-1.387753e-08
-1.365877e-08
-1.344002e-08
-1.322138e-08
-1.300296e-08
-1.278485e-08
-1.256714e-08
-1.234994e-08
-1.213332e-08
-1.191738e-08
-1.170218e-08
-1.148782e-08
-1.127437e-08
-1.106190e-08
-1.085049e-08
-1.064018e-08
-1.043106e-08
-1.022319e-08
-1.001661e-08
-9.811380e-09
-9.607560e-09
-9.405196e-09
-9.204333e-09
-9.005015e-09
-8.807284e-09
-8.611179e-09
-8.416735e-09
-8.223985e-09
-8.032962e-09
-7.843694e-09
-7.656207e-09
-7.470526e-09
-7.286674e-09
-7.104669e-09
-6.924530e-09
-6.746273e-09
-6.569912e-09
-6.395459e-09
-6.222925e-09
-6.052317e-09
-5.883644e-09
-5.716909e-09
-5.552117e-09
-5.389270e-09
-5.228369e-09
-5.069411e-09
-4.912397e-09
-4.757321e-09
-4.604179e-09
-4.452965e-09
-4.303672e-09
-4.156292e-09
-4.010816e-09
-3.867232e-09
-3.725530e-09
-3.585697e-09
-3.447721e-09
-3.311586e-09
-3.177279e-09
-3.044784e-09
-2.914085e-09
-2.785163e-09
-2.658003e-09
-2.532585e-09
-2.408891e-09
-2.286900e-09
-2.166594e-09
-2.047952e-09
-1.930952e-09
-1.815574e-09
-1.701795e-09
-1.589593e-09
-1.478946e-09
-1.369830e-09
-1.262223e-09
-1.156101e-09
-1.051440e-09
-9.482165e-10
-8.464052e-10
-7.459820e-10
-6.469221e-10
-5.492005e-10
-4.527922e-10
-3.576719e-10
-2.638140e-10
-1.711932e-10
-7.978365e-11
1.044030e-11
9.950450e-11
1.874349e-10
2.742574e-10
3.599980e-10
4.446827e-10
5.283377e-10
6.109889e-10
6.926624e-10
7.733843e-10
8.531804e-10
9.320768e-10
1.010099e-09
1.087274e-09
1.163626e-09
1.239182e-09
1.313966e-09
1.388005e-09
1.461324e-09
1.533947e-09
1.605900e-09
1.677207e-09
1.747894e-09
1.817984e-09
1.887502e-09
1.956472e-09
2.024917e-09
2.092862e-09
2.160329e-09
2.227341e-09
2.293921e-09
2.360092e-09
2.425875e-09
2.491291e-09
2.556364e-09
2.621112e-09
2.685558e-09
2.749720e-09
2.813619e-09
2.877274e-09
2.940705e-09
3.003929e-09
3.066964e-09
3.129827e-09
3.192537e-09
3.255109e-09
3.317558e-09
3.379901e-09
3.442152e-09
3.504325e-09
3.566434e-09
3.628492e-09
3.690511e-09
3.752502e-09
3.814478e-09
3.876448e-09
3.938422e-09
4.000409e-09
4.062417e-09
4.124455e-09
4.186528e-09
4.248644e-09
4.310808e-09
4.373025e-09
4.435298e-09
4.497631e-09
4.560027e-09
4.622487e-09
4.685012e-09
4.747603e-09
4.810259e-09
4.872979e-09
4.935761e-09
4.998601e-09
5.061498e-09
5.124445e-09
5.187438e-09
5.250471e-09
5.313538e-09
5.376631e-09
5.439743e-09
5.502863e-09
5.565984e-09
5.629094e-09
5.692182e-09
5.755238e-09
5.818248e-09
5.881200e-09
5.944080e-09
6.006874e-09
6.069566e-09
6.132142e-09
6.194585e-09
6.256879e-09
6.319007e-09
6.380950e-09
6.442691e-09
6.504210e-09
6.565489e-09
6.626508e-09
6.687247e-09
6.747685e-09
6.807802e-09
6.867576e-09
6.926986e-09
6.986011e-09
7.044627e-09
7.102814e-09
7.160548e-09
7.217807e-09
7.274567e-09
7.330807e-09
7.386502e-09
7.441630e-09
7.496168e-09
7.550092e-09
7.603379e-09
7.656007e-09
7.707951e-09
7.759190e-09
7.809700e-09
7.859458e-09
7.908443e-09
7.956632e-09
8.004002e-09
8.050533e-09
8.096203e-09
8.140991e-09
8.184875e-09
8.227837e-09
8.269855e-09
8.310911e-09
8.350984e-09
8.390058e-09
8.428113e-09
8.465132e-09
8.501099e-09
8.535996e-09
8.569808e-09
8.602520e-09
8.634117e-09
8.664586e-09
8.693912e-09
8.722084e-09
8.749090e-09
8.774918e-09
8.799558e-09
8.823001e-09
8.845237e-09
8.866258e-09
8.886057e-09
8.904627e-09
8.921963e-09
8.938058e-09
8.952910e-09
8.966514e-09
8.978868e-09
8.989971e-09
8.999820e-09
9.008416e-09
9.015759e-09
9.021851e-09
9.026694e-09
9.030291e-09
9.032645e-09
9.033762e-09
9.033646e-09
9.032304e-09
9.029743e-09
9.025969e-09
9.020992e-09
9.014821e-09
9.007465e-09
8.998936e-09
8.989243e-09
8.978400e-09
8.966418e-09
8.953312e-09
8.939094e-09
8.923779e-09
8.907382e-09
8.889919e-09
8.871407e-09
8.851861e-09
8.831299e-09
8.809739e-09
8.787198e-09
8.763696e-09
8.739252e-09
8.713885e-09
8.687614e-09
8.660461e-09
8.632446e-09
8.603589e-09
8.573912e-09
8.543436e-09
8.512183e-09
8.480175e-09
8.447433e-09
8.413981e-09
8.379841e-09
8.345035e-09
8.309586e-09
8.273517e-09
8.236850e-09
8.199608e-09
8.161815e-09
8.123493e-09
8.084664e-09
8.045353e-09
8.005581e-09
7.965371e-09
7.924746e-09
7.883728e-09
7.842340e-09
7.800603e-09
7.758539e-09
7.716170e-09
7.673519e-09
7.630605e-09
7.587450e-09
7.544075e-09
7.500500e-09
7.456746e-09
7.412832e-09
7.368778e-09
7.324604e-09
7.280328e-09
7.235968e-09
7.191544e-09
7.147073e-09
7.102573e-09
7.058060e-09
7.013552e-09
6.969065e-09
6.924615e-09
6.880217e-09
6.835887e-09
6.791640e-09
6.747490e-09
6.703450e-09
6.659535e-09
6.615758e-09
6.572131e-09
6.528667e-09
6.485378e-09
6.442276e-09
6.399371e-09
6.356674e-09
6.314196e-09
6.271946e-09
6.229935e-09
6.188172e-09
6.146664e-09
6.105422e-09
6.064453e-09
6.023765e-09
5.983365e-09
5.943260e-09
5.903458e-09
5.863965e-09
5.824786e-09
5.785928e-09
5.747396e-09
5.709196e-09
5.671333e-09
5.633811e-09
5.596634e-09
5.559808e-09
5.523336e-09
5.487222e-09
5.451469e-09
5.416082e-09
5.381062e-09
5.346414e-09
5.312139e-09
5.278241e-09
5.244722e-09
5.211584e-09
5.178830e-09
5.146462e-09
5.114482e-09
5.082892e-09
5.051693e-09
5.020887e-09
4.990475e-09
4.960461e-09
4.930844e-09
4.901626e-09
4.872809e-09
4.844393e-09
4.816381e-09
4.788774e-09
4.761572e-09
4.734777e-09
4.708390e-09
4.682413e-09
4.656846e-09
4.631691e-09
4.606949e-09
4.582621e-09
4.558708e-09
4.535212e-09
4.512134e-09
4.489476e-09
4.467238e-09
4.445421e-09
4.424028e-09
4.403060e-09
4.382518e-09
4.362403e-09
4.342717e-09
4.323462e-09
4.304639e-09
4.286249e-09
4.268295e-09
4.250778e-09
4.233699e-09
4.217060e-09
4.200864e-09
4.185111e-09
4.169803e-09
4.154943e-09
4.140532e-09
4.126571e-09
4.113063e-09
4.100009e-09
4.087412e-09
4.075272e-09
4.063592e-09
4.052374e-09
4.041619e-09
4.031329e-09
4.021506e-09
4.012152e-09
4.003268e-09
3.994855e-09
3.986917e-09
3.979454e-09
3.972467e-09
3.965959e-09
3.959931e-09
3.954385e-09
3.949321e-09
3.944741e-09
3.940646e-09
3.937038e-09
3.933918e-09
3.931288e-09
3.929147e-09
3.927497e-09
3.926339e-09
3.925674e-09
3.925502e-09
3.925825e-09
3.926643e-09
3.927957e-09
3.929767e-09
3.932073e-09
3.934876e-09
3.938176e-09
3.941974e-09
3.946270e-09
3.951062e-09
3.956353e-09
3.962141e-09
3.968427e-09
3.975209e-09
3.982489e-09
3.990265e-09
3.998538e-09
4.007306e-09
4.016569e-09
4.026327e-09
4.036579e-09
4.047323e-09
4.058561e-09
4.070290e-09
4.082510e-09
4.095220e-09
4.108419e-09
4.122106e-09
4.136280e-09
4.150941e-09
4.166086e-09
4.181715e-09
4.197827e-09
4.214421e-09
4.231495e-09
4.249049e-09
4.267082e-09
4.285591e-09
4.304576e-09
4.324037e-09
4.343970e-09
4.364377e-09
4.385255e-09
4.406602e-09
4.428419e-09
4.450704e-09
4.473456e-09
4.496674e-09
4.520356e-09
4.544501e-09
4.569109e-09
4.594179e-09
4.619709e-09
4.645698e-09
4.672146e-09
4.699051e-09
4.726413e-09
4.754231e-09
4.782503e-09
4.811229e-09
4.840408e-09
4.870039e-09
4.900120e-09
4.930653e-09
4.961634e-09
4.993064e-09
5.024941e-09
5.057265e-09
5.090035e-09
5.123249e-09
5.156907e-09
5.191008e-09
5.225551e-09
5.260535e-09
5.295958e-09
5.331819e-09
5.368118e-09
5.404852e-09
5.442021e-09
5.479623e-09
5.517656e-09
5.556119e-09
5.595011e-09
5.634328e-09
5.674070e-09
5.714234e-09
5.754818e-09
5.795820e-09
5.837237e-09
5.879066e-09
5.921304e-09
5.963949e-09
6.006998e-09
6.050446e-09
6.094291e-09
6.138528e-09
6.183153e-09
6.228162e-09
6.273551e-09
6.319315e-09
6.365449e-09
6.411947e-09
6.458805e-09
6.506015e-09
6.553573e-09
6.601472e-09
6.649704e-09
6.698264e-09
6.747143e-09
6.796335e-09
6.845830e-09
6.895622e-09
6.945701e-09
6.996058e-09
7.046685e-09
7.097571e-09
7.148706e-09
7.200081e-09
7.251684e-09
7.303505e-09
7.355531e-09
7.407752e-09
7.460155e-09
7.512728e-09
7.565458e-09
7.618332e-09
7.671335e-09
7.724455e-09
7.777677e-09
7.830987e-09
7.884369e-09
7.937808e-09
7.991289e-09
8.044795e-09
8.098311e-09
8.151820e-09
8.205305e-09
8.258748e-09
8.312133e-09
8.365441e-09
8.418655e-09
8.471756e-09
8.524726e-09
8.577546e-09
8.630197e-09
8.682659e-09
8.734914e-09
8.786941e-09
8.838722e-09
8.890235e-09
8.941461e-09
8.992380e-09
9.042971e-09
9.093215e-09
9.143089e-09
9.192575e-09
9.241651e-09
9.290296e-09
9.338491e-09
9.386214e-09
9.433444e-09
9.480162e-09
9.526347e-09
9.571978e-09
9.617035e-09
9.661498e-09
9.705347e-09
9.748561e-09
9.791122e-09
9.833010e-09
9.874206e-09
9.914690e-09
9.954444e-09
9.993449e-09
1.003169e-08
1.006914e-08
1.010579e-08
1.014163e-08
1.017662e-08
1.021077e-08
1.024404e-08
1.027644e-08
1.030793e-08
1.033851e-08
1.036817e-08
1.039688e-08
1.042464e-08
1.045143e-08
1.047724e-08
1.050207e-08
1.052589e-08
1.054871e-08
1.057050e-08
1.059127e-08
1.061099e-08
1.062968e-08
1.064731e-08
1.066388e-08
1.067939e-08
1.069383e-08
1.070719e-08
1.071948e-08
1.073069e-08
1.074082e-08
1.074986e-08
1.075782e-08
1.076470e-08
1.077049e-08
1.077520e-08
1.077883e-08
1.078138e-08
1.078286e-08
1.078327e-08
1.078262e-08
1.078091e-08
1.077815e-08
1.077434e-08
1.076949e-08
1.076362e-08
1.075673e-08
1.074883e-08
1.073993e-08
1.073004e-08
1.071918e-08
1.070736e-08
1.069459e-08
1.068088e-08
1.066624e-08
1.065071e-08
1.063428e-08
1.061697e-08
1.059881e-08
1.057981e-08
1.055998e-08
1.053934e-08
1.051792e-08
1.049573e-08
1.047279e-08
1.044911e-08
1.042473e-08
1.039966e-08
1.037392e-08
1.034754e-08
1.032052e-08
1.029291e-08
1.026470e-08
1.023594e-08
1.020664e-08
1.017682e-08
1.014651e-08
1.011572e-08
1.008449e-08
1.005283e-08
1.002076e-08
9.988316e-09
9.955511e-09
9.922371e-09
9.888917e-09
9.855173e-09
9.821161e-09
9.786902e-09
9.752419e-09
9.717734e-09
9.682868e-09
9.647843e-09
9.612680e-09
9.577400e-09
9.542023e-09
9.506570e-09
9.471060e-09
9.435514e-09
9.399950e-09
9.364386e-09
9.328842e-09
9.293335e-09
9.257883e-09
9.222502e-09
9.187209e-09
9.152020e-09
9.116950e-09
9.082014e-09
9.047226e-09
9.012600e-09
8.978150e-09
8.943888e-09
8.909825e-09
8.875974e-09
8.842344e-09
8.808947e-09
8.775791e-09
8.742885e-09
8.710239e-09
8.677858e-09
8.645751e-09
8.613923e-09
8.582381e-09
8.551129e-09
8.520171e-09
8.489511e-09
8.459153e-09
8.429098e-09
8.399348e-09
8.369906e-09
8.340770e-09
8.311941e-09
8.283419e-09
8.255202e-09
8.227287e-09
8.199673e-09
8.172357e-09
8.145335e-09
8.118602e-09
8.092154e-09
8.065986e-09
8.040092e-09
8.014465e-09
7.989100e-09
7.963988e-09
7.939123e-09
7.914496e-09
7.890098e-09
7.865922e-09
7.841957e-09
7.818195e-09
7.794625e-09
7.771237e-09
7.748021e-09
7.724966e-09
7.702060e-09
7.679294e-09
7.656655e-09
7.634132e-09
7.611713e-09
7.589387e-09
7.567141e-09
7.544963e-09
7.522842e-09
7.500764e-09
7.478719e-09
7.456694e-09
7.434677e-09
7.412655e-09
7.390617e-09
7.368551e-09
7.346446e-09
7.324289e-09
7.302069e-09
7.279776e-09
7.257397e-09
7.234922e-09
7.212342e-09
7.189645e-09
7.166821e-09
7.143861e-09
7.120755e-09
7.097496e-09
7.074073e-09
7.050479e-09
7.026705e-09
7.002746e-09
6.978593e-09
6.954239e-09
6.929680e-09
6.904910e-09
6.879923e-09
6.854714e-09
6.829280e-09
6.803617e-09
6.777722e-09
6.751593e-09
6.725228e-09
6.698624e-09
6.671782e-09
6.644701e-09
6.617382e-09
6.589824e-09
6.562031e-09
6.534003e-09
6.505743e-09
6.477255e-09
6.448542e-09
6.419609e-09
6.390461e-09
6.361102e-09
6.331539e-09
6.301779e-09
6.271829e-09
6.241697e-09
6.211390e-09
6.180918e-09
6.150290e-09
6.119516e-09
6.088605e-09
6.057570e-09
6.026422e-09
5.995171e-09
5.963831e-09
5.932414e-09
5.900933e-09
5.869403e-09
5.837836e-09
5.806247e-09
5.774651e-09
5.743063e-09
5.711498e-09
5.679972e-09
5.648502e-09
5.617102e-09
5.585790e-09
5.554583e-09
5.523497e-09
5.492550e-09
5.461758e-09
5.431140e-09
5.400713e-09
5.370495e-09
5.340503e-09
5.310755e-09
5.281270e-09
5.252065e-09
5.223157e-09
5.194566e-09
5.166308e-09
5.138402e-09
5.110864e-09
5.083714e-09
5.056967e-09
5.030641e-09
5.004754e-09
4.979322e-09
4.954361e-09
4.929888e-09
4.905919e-09
4.882471e-09
4.859557e-09
4.837194e-09
4.815396e-09
4.794178e-09
4.773554e-09
4.753537e-09
4.734141e-09
4.715378e-09
4.697261e-09
4.679801e-09
4.663010e-09
4.646899e-09
4.631477e-09
4.616756e-09
4.602743e-09
4.589449e-09
4.576880e-09
4.565045e-09
4.553949e-09
4.543601e-09
4.534005e-09
4.525167e-09
4.517090e-09
4.509780e-09
4.503239e-09
4.497469e-09
4.492474e-09
4.488253e-09
4.484808e-09
4.482139e-09
4.480244e-09
4.479123e-09
4.478774e-09
4.479194e-09
4.480379e-09
4.482326e-09
4.485031e-09
4.488487e-09
4.492689e-09
4.497631e-09
4.503305e-09
4.509704e-09
4.516819e-09
4.524641e-09
4.533160e-09
4.542367e-09
4.552250e-09
4.562799e-09
4.574000e-09
4.585843e-09
4.598313e-09
4.611398e-09
4.625083e-09
4.639353e-09
4.654194e-09
4.669591e-09
4.685526e-09
4.701984e-09
4.718949e-09
4.736401e-09
4.754325e-09
4.772702e-09
4.791514e-09
4.810742e-09
4.830367e-09
4.850369e-09
4.870729e-09
4.891427e-09
4.912443e-09
4.933757e-09
4.955347e-09
4.977193e-09
4.999274e-09
5.021569e-09
5.044056e-09
5.066714e-09
5.089522e-09
5.112457e-09
5.135498e-09
5.158623e-09
5.181810e-09
5.205038e-09
5.228284e-09
5.251527e-09
5.274744e-09
5.297915e-09
5.321016e-09
5.344028e-09
5.366927e-09
5.389693e-09
5.412304e-09
5.434740e-09
5.456978e-09
5.478998e-09
5.500780e-09
5.522303e-09
5.543547e-09
5.564491e-09
5.585116e-09
5.605403e-09
5.625332e-09
5.644883e-09
5.664039e-09
5.682781e-09
5.701090e-09
5.718949e-09
5.736340e-09
5.753246e-09
5.769651e-09
5.785537e-09
5.800889e-09
5.815691e-09
5.829927e-09
5.843582e-09
5.856643e-09
5.869093e-09
5.880920e-09
5.892110e-09
5.902650e-09
5.912527e-09
5.921729e-09
5.930244e-09
5.938061e-09
5.945169e-09
5.951556e-09
5.957213e-09
5.962130e-09
5.966297e-09
5.969706e-09
5.972348e-09
5.974214e-09
5.975298e-09
5.975592e-09
5.975089e-09
5.973782e-09
5.971666e-09
5.968734e-09
5.964983e-09
5.960406e-09
5.954999e-09
5.948759e-09
5.941682e-09
5.933764e-09
5.925004e-09
5.915397e-09
5.904943e-09
5.893639e-09
5.881485e-09
5.868479e-09
5.854621e-09
5.839911e-09
5.824349e-09
5.807935e-09
5.790671e-09
5.772557e-09
5.753595e-09
5.733788e-09
5.713137e-09
5.691645e-09
5.669315e-09
5.646150e-09
5.622154e-09
5.597330e-09
5.571683e-09
5.545218e-09
5.517938e-09
5.489850e-09
5.460957e-09
5.431267e-09
5.400785e-09
5.369517e-09
5.337469e-09
5.304648e-09
5.271062e-09
5.236717e-09
5.201621e-09
5.165781e-09
5.129205e-09
5.091902e-09
5.053880e-09
5.015147e-09
4.975712e-09
4.935585e-09
4.894774e-09
4.853289e-09
4.811139e-09
4.768335e-09
4.724885e-09
4.680801e-09
4.636092e-09
4.590770e-09
4.544844e-09
4.498325e-09
4.451225e-09
4.403554e-09
4.355324e-09
4.306545e-09
4.257230e-09
4.207390e-09
4.157036e-09
4.106180e-09
4.054835e-09
4.003011e-09
3.950722e-09
3.897978e-09
3.844793e-09
3.791178e-09
3.737146e-09
3.682709e-09
3.627879e-09
3.572669e-09
3.517091e-09
3.461157e-09
3.404880e-09
3.348273e-09
3.291347e-09
3.234115e-09
3.176589e-09
3.118782e-09
3.060705e-09
3.002372e-09
2.943793e-09
2.884981e-09
2.825949e-09
2.766707e-09
2.707268e-09
2.647643e-09
2.587843e-09
2.527881e-09
2.467767e-09
2.407513e-09
2.347128e-09
2.286625e-09
2.226013e-09
2.165304e-09
2.104506e-09
2.043631e-09
1.982687e-09
1.921685e-09
1.860634e-09
1.799543e-09
1.738420e-09
1.677275e-09
1.616115e-09
1.554949e-09
1.493784e-09
1.432628e-09
1.371487e-09
1.310370e-09
1.249281e-09
1.188228e-09
1.127217e-09
1.066253e-09
1.005341e-09
9.444856e-10
8.836923e-10
8.229651e-10
7.623077e-10
7.017237e-10
6.412162e-10
5.807880e-10
5.204417e-10
4.601793e-10
4.000026e-10
3.399128e-10
2.799112e-10
2.199982e-10
1.601742e-10
1.004392e-10
4.079279e-11
-1.876586e-11
-7.823780e-11
-1.376245e-10
-1.969277e-10
-2.561495e-10
-3.152923e-10
-3.743590e-10
-4.333525e-10
-4.922762e-10
-5.511337e-10
-6.099290e-10
-6.686664e-10
-7.273501e-10
-7.859851e-10
-8.445761e-10
-9.031285e-10
-9.616476e-10
-1.020139e-09
-1.078608e-09
-1.137062e-09
-1.195506e-09
-1.253946e-09
-1.312389e-09
-1.370841e-09
-1.429309e-09
-1.487800e-09
-1.546320e-09
-1.604876e-09
-1.663475e-09
-1.722123e-09
-1.780827e-09
-1.839595e-09
-1.898432e-09
-1.957345e-09
-2.016341e-09
-2.075427e-09
-2.134607e-09
-2.193889e-09
-2.253277e-09
-2.312779e-09
-2.372399e-09
-2.432142e-09
-2.492014e-09
-2.552019e-09
-2.612161e-09
-2.672444e-09
-2.732873e-09
-2.793450e-09
-2.854177e-09
-2.915059e-09
-2.976096e-09
-3.037290e-09
-3.098643e-09
-3.160154e-09
-3.221825e-09
-3.283654e-09
-3.345641e-09
-3.407785e-09
-3.470082e-09
-3.532532e-09
-3.595129e-09
-3.657871e-09
-3.720753e-09
-3.783770e-09
-3.846916e-09
-3.910184e-09
-3.973568e-09
-4.037060e-09
-4.100650e-09
-4.164331e-09
-4.228091e-09
-4.291921e-09
-4.355810e-09
-4.419744e-09
-4.483711e-09
-4.547698e-09
-4.611691e-09
-4.675675e-09
-4.739633e-09
-4.803550e-09
-4.867409e-09
-4.931191e-09
-4.994879e-09
-5.058453e-09
-5.121893e-09
-5.185178e-09
-5.248288e-09
-5.311200e-09
-5.373893e-09
-5.436342e-09
-5.498524e-09
-5.560415e-09
-5.621989e-09
-5.683222e-09
-5.744086e-09
-5.804557e-09
-5.864605e-09
-5.924205e-09
-5.983327e-09
-6.041943e-09
-6.100025e-09
-6.157542e-09
-6.214467e-09
-6.270767e-09
-6.326414e-09
-6.381376e-09
-6.435622e-09
-6.489123e-09
-6.541845e-09
-6.593759e-09
-6.644832e-09
-6.695033e-09
-6.744331e-09
-6.792692e-09
-6.840087e-09
-6.886482e-09
-6.931847e-09
-6.976150e-09
-7.019359e-09
-7.061444e-09
-7.102374e-09
-7.142117e-09
-7.180644e-09
-7.217924e-09
-7.253927e-09
-7.288625e-09
-7.321988e-09
-7.353987e-09
-7.384595e-09
-7.413785e-09
-7.441528e-09
-7.467800e-09
-7.492574e-09
-7.515825e-09
-7.537529e-09
-7.557662e-09
-7.576202e-09
-7.593126e-09
-7.608413e-09
-7.622043e-09
-7.633995e-09
-7.644252e-09
-7.652796e-09
-7.659609e-09
-7.664676e-09
-7.667983e-09
-7.669514e-09
-7.669259e-09
-7.667204e-09
-7.663340e-09
-7.657656e-09
-7.650145e-09
-7.640799e-09
-7.629612e-09
-7.616579e-09
-7.601696e-09
-7.584962e-09
-7.566373e-09
-7.545931e-09
-7.523637e-09
-7.499492e-09
-7.473501e-09
-7.445668e-09
-7.415998e-09
-7.384501e-09
-7.351183e-09
-7.316055e-09
-7.279127e-09
-7.240413e-09
-7.199925e-09
-7.157678e-09
-7.113688e-09
-7.067973e-09
-7.020551e-09
-6.971441e-09
-6.920664e-09
-6.868242e-09
-6.814199e-09
-6.758558e-09
-6.701345e-09
-6.642586e-09
-6.582310e-09
-6.520544e-09
-6.457319e-09
-6.392666e-09
-6.326616e-09
-6.259202e-09
-6.190458e-09
-6.120418e-09
-6.049120e-09
-5.976598e-09
-5.902891e-09
-5.828036e-09
-5.752074e-09
-5.675044e-09
-5.596986e-09
-5.517943e-09
-5.437956e-09
-5.357068e-09
-5.275323e-09
-5.192765e-09
-5.109437e-09
-5.025387e-09
-4.940659e-09
-4.855300e-09
-4.769356e-09
-4.682874e-09
-4.595902e-09
-4.508488e-09
-4.420679e-09
-4.332525e-09
-4.244074e-09
-4.155375e-09
-4.066477e-09
-3.977430e-09
-3.888282e-09
-3.799083e-09
-3.709883e-09
-3.620731e-09
-3.531676e-09
-3.442769e-09
-3.354059e-09
-3.265594e-09
-3.177424e-09
-3.089599e-09
-3.002166e-09
-2.915175e-09
-2.828673e-09
-2.742709e-09
-2.657330e-09
-2.572584e-09
-2.488518e-09
-2.405177e-09
-2.322609e-09
-2.240859e-09
-2.159972e-09
-2.079993e-09
-2.000965e-09
-1.922933e-09
-1.845939e-09
-1.770026e-09
-1.695235e-09
-1.621607e-09
-1.549184e-09
-1.478004e-09
-1.408106e-09
-1.339529e-09
-1.272310e-09
-1.206486e-09
-1.142093e-09
-1.079165e-09
-1.017737e-09
-9.578429e-10
-8.995144e-10
-8.427834e-10
-7.876806e-10
-7.342359e-10
-6.824781e-10
-6.324352e-10
-5.841343e-10
-5.376013e-10
-4.928613e-10
-4.499385e-10
-4.088558e-10
-3.696354e-10
-3.322983e-10
-2.968646e-10
-2.633532e-10
-2.317822e-10
-2.021683e-10
-1.745275e-10
-1.488745e-10
-1.252231e-10
-1.035859e-10
-8.397439e-11
-6.639909e-11
-5.086937e-11
-3.739351e-11
-2.597870e-11
-1.663101e-11
-9.355441e-12
-4.155854e-12
-1.035025e-12
5.384243e-15
