1.421523e-05
1.421402e-05
1.421038e-05
1.420432e-05
1.419584e-05
1.418494e-05
1.417163e-05
1.415592e-05
1.413781e-05
1.411731e-05
1.409443e-05
1.406918e-05
1.404157e-05
1.401162e-05
1.397934e-05
1.394475e-05
1.390786e-05
1.386869e-05
1.382725e-05
1.378358e-05
1.373767e-05
1.368957e-05
1.363929e-05
1.358686e-05
1.353229e-05
1.347561e-05
1.341686e-05
1.335605e-05
1.329322e-05
1.322840e-05
1.316160e-05
1.309287e-05
1.302224e-05
1.294973e-05
1.287539e-05
1.279924e-05
1.272131e-05
1.264165e-05
1.256029e-05
1.247727e-05
1.239261e-05
1.230637e-05
1.221857e-05
1.212927e-05
1.203848e-05
1.194626e-05
1.185265e-05
1.175768e-05
1.166140e-05
1.156385e-05
1.146507e-05
1.136510e-05
1.126398e-05
1.116177e-05
1.105849e-05
1.095419e-05
1.084892e-05
1.074272e-05
1.063563e-05
1.052770e-05
1.041897e-05
1.030948e-05
1.019929e-05
1.008842e-05
9.976930e-06
9.864859e-06
9.752252e-06
9.639152e-06
9.525602e-06
9.411645e-06
9.297325e-06
9.182685e-06
9.067768e-06
8.952615e-06
8.837269e-06
8.721773e-06
8.606166e-06
8.490491e-06
8.374789e-06
8.259099e-06
8.143463e-06
8.027918e-06
7.912505e-06
7.797263e-06
7.682229e-06
7.567441e-06
7.452936e-06
7.338750e-06
7.224921e-06
7.111482e-06
6.998470e-06
6.885917e-06
6.773859e-06
6.662327e-06
6.551353e-06
6.440971e-06
6.331210e-06
6.222100e-06
6.113672e-06
6.005954e-06
5.898974e-06
5.792759e-06
5.687337e-06
5.582732e-06
5.478970e-06
5.376076e-06
5.274072e-06
5.172982e-06
5.072828e-06
4.973630e-06
4.875410e-06
4.778186e-06
4.681978e-06
4.586804e-06
4.492681e-06
4.399625e-06
4.307652e-06
4.216777e-06
4.127014e-06
4.038376e-06
3.950876e-06
3.864524e-06
3.779333e-06
3.695312e-06
3.612470e-06
3.530817e-06
3.450359e-06
3.371104e-06
3.293058e-06
3.216227e-06
3.140615e-06
3.066227e-06
2.993066e-06
2.921134e-06
2.850434e-06
2.780966e-06
2.712731e-06
2.645729e-06
2.579960e-06
2.515421e-06
2.452111e-06
2.390028e-06
2.329167e-06
2.269524e-06
2.211097e-06
2.153878e-06
2.097863e-06
2.043046e-06
1.989419e-06
1.936976e-06
1.885709e-06
1.835609e-06
1.786668e-06
1.738876e-06
1.692225e-06
1.646704e-06
1.602302e-06
1.559009e-06
1.516813e-06
1.475703e-06
1.435667e-06
1.396693e-06
1.358767e-06
1.321876e-06
1.286009e-06
1.251150e-06
1.217287e-06
1.184404e-06
1.152489e-06
1.121525e-06
1.091500e-06
1.062397e-06
1.034201e-06
1.006898e-06
9.804711e-07
9.549059e-07
9.301863e-07
9.062965e-07
8.832208e-07
8.609430e-07
8.394474e-07
8.187176e-07
7.987378e-07
7.794916e-07
7.609631e-07
7.431359e-07
7.259941e-07
7.095214e-07
6.937017e-07
6.785191e-07
6.639575e-07
6.500010e-07
6.366337e-07
6.238399e-07
6.116039e-07
5.999100e-07
5.887430e-07
5.780873e-07
5.679279e-07
5.582495e-07
5.490374e-07
5.402767e-07
5.319529e-07
5.240515e-07
5.165581e-07
5.094589e-07
5.027397e-07
4.963871e-07
4.903874e-07
4.847273e-07
4.793938e-07
4.743740e-07
4.696552e-07
4.652251e-07
4.610713e-07
4.571819e-07
4.535452e-07
4.501497e-07
4.469841e-07
4.440373e-07
4.412986e-07
4.387574e-07
4.364034e-07
4.342266e-07
4.322171e-07
4.303655e-07
4.286623e-07
4.270986e-07
4.256655e-07
4.243544e-07
4.231571e-07
4.220655e-07
4.210718e-07
4.201683e-07
4.193478e-07
4.186031e-07
4.179275e-07
4.173144e-07
4.167572e-07
4.162501e-07
4.157869e-07
4.153621e-07
4.149702e-07
4.146060e-07
4.142645e-07
4.139410e-07
4.136308e-07
4.133297e-07
4.130334e-07
4.127381e-07
4.124400e-07
4.121356e-07
4.118216e-07
4.114947e-07
4.111521e-07
4.107910e-07
4.104087e-07
4.100028e-07
4.095711e-07
4.091115e-07
4.086220e-07
4.081009e-07
4.075466e-07
4.069576e-07
4.063325e-07
4.056701e-07
4.049695e-07
4.042297e-07
4.034499e-07
4.026294e-07
4.017677e-07
4.008643e-07
3.999189e-07
3.989313e-07
3.979013e-07
3.968289e-07
3.957142e-07
3.945574e-07
3.933586e-07
3.921181e-07
3.908365e-07
3.895141e-07
3.881514e-07
3.867492e-07
3.853079e-07
3.838284e-07
3.823114e-07
3.807577e-07
3.791682e-07
3.775438e-07
3.758854e-07
3.741940e-07
3.724708e-07
3.707165e-07
3.689325e-07
3.671197e-07
3.652794e-07
3.634125e-07
3.615203e-07
3.596040e-07
3.576647e-07
3.557036e-07
3.537220e-07
3.517209e-07
3.497017e-07
3.476654e-07
3.456134e-07
3.435468e-07
3.414668e-07
3.393745e-07
3.372712e-07
3.351580e-07
3.330360e-07
3.309064e-07
3.287703e-07
3.266288e-07
3.244830e-07
3.223339e-07
3.201826e-07
3.180301e-07
3.158774e-07
3.137255e-07
3.115753e-07
3.094279e-07
3.072840e-07
3.051445e-07
3.030104e-07
3.008824e-07
2.987614e-07
2.966481e-07
2.945433e-07
2.924477e-07
2.903620e-07
2.882869e-07
2.862229e-07
2.841708e-07
2.821310e-07
2.801043e-07
2.780910e-07
2.760917e-07
2.741068e-07
2.721369e-07
2.701823e-07
2.682434e-07
2.663207e-07
2.644144e-07
2.625249e-07
2.606524e-07
2.587973e-07
2.569598e-07
2.551401e-07
2.533384e-07
2.515549e-07
2.497897e-07
2.480430e-07
2.463150e-07
2.446057e-07
2.429151e-07
2.412434e-07
2.395906e-07
2.379567e-07
2.363417e-07
2.347456e-07
2.331684e-07
2.316101e-07
2.300705e-07
2.285497e-07
2.270475e-07
2.255638e-07
2.240986e-07
2.226517e-07
2.212230e-07
2.198124e-07
2.184197e-07
2.170447e-07
2.156874e-07
2.143474e-07
2.130247e-07
2.117191e-07
2.104303e-07
2.091581e-07
2.079025e-07
2.066631e-07
2.054397e-07
2.042322e-07
2.030403e-07
2.018638e-07
2.007024e-07
1.995560e-07
1.984243e-07
1.973071e-07
1.962042e-07
1.951152e-07
1.940401e-07
1.929786e-07
1.919304e-07
1.908954e-07
1.898732e-07
1.888637e-07
1.878667e-07
1.868819e-07
1.859091e-07
1.849481e-07
1.839986e-07
1.830606e-07
1.821337e-07
1.812178e-07
1.803127e-07
1.794182e-07
1.785340e-07
1.776600e-07
1.767960e-07
1.759418e-07
1.750973e-07
1.742622e-07
1.734365e-07
1.726198e-07
1.718122e-07
1.710134e-07
1.702232e-07
1.694416e-07
1.686683e-07
1.679033e-07
1.671464e-07
1.663975e-07
1.656564e-07
1.649230e-07
1.641972e-07
1.634789e-07
1.627680e-07
1.620644e-07
1.613679e-07
1.606785e-07
1.599961e-07
1.593205e-07
1.586518e-07
1.579898e-07
1.573344e-07
1.566855e-07
1.560432e-07
1.554072e-07
1.547776e-07
1.541543e-07
1.535371e-07
1.529262e-07
1.523213e-07
1.517225e-07
1.511296e-07
1.505427e-07
1.499617e-07
1.493866e-07
1.488172e-07
1.482537e-07
1.476958e-07
1.471436e-07
1.465971e-07
1.460562e-07
1.455208e-07
1.449910e-07
1.444668e-07
1.439480e-07
1.434347e-07
1.429268e-07
1.424243e-07
1.419272e-07
1.414354e-07
1.409490e-07
1.404678e-07
1.399920e-07
1.395214e-07
1.390560e-07
1.385958e-07
1.381409e-07
1.376911e-07
1.372464e-07
1.368068e-07
1.363724e-07
1.359430e-07
1.355186e-07
1.350993e-07
1.346850e-07
1.342756e-07
1.338712e-07
1.334718e-07
1.330772e-07
1.326875e-07
1.323027e-07
1.319227e-07
1.315475e-07
1.311770e-07
1.308113e-07
1.304503e-07
1.300940e-07
1.297423e-07
1.293953e-07
1.290528e-07
1.287149e-07
1.283816e-07
1.280527e-07
1.277283e-07
1.274083e-07
1.270926e-07
1.267813e-07
1.264744e-07
1.261717e-07
1.258732e-07
1.255789e-07
1.252888e-07
1.250028e-07
1.247208e-07
1.244429e-07
1.241690e-07
1.238990e-07
1.236329e-07
1.233706e-07
1.231121e-07
1.228574e-07
1.226064e-07
1.223591e-07
1.221154e-07
1.218752e-07
1.216386e-07
1.214054e-07
1.211756e-07
1.209491e-07
1.207260e-07
1.205061e-07
1.202894e-07
1.200759e-07
1.198655e-07
1.196581e-07
1.194536e-07
1.192521e-07
1.190535e-07
1.188576e-07
1.186646e-07
1.184742e-07
1.182864e-07
1.181013e-07
1.179186e-07
1.177385e-07
1.175607e-07
1.173853e-07
1.172121e-07
1.170412e-07
1.168724e-07
1.167058e-07
1.165412e-07
1.163786e-07
1.162179e-07
1.160590e-07
1.159020e-07
1.157467e-07
1.155931e-07
1.154411e-07
1.152906e-07
1.151417e-07
1.149941e-07
1.148480e-07
1.147031e-07
1.145595e-07
1.144171e-07
1.142758e-07
1.141356e-07
1.139964e-07
1.138581e-07
1.137207e-07
1.135841e-07
1.134483e-07
1.133132e-07
1.131787e-07
1.130448e-07
1.129114e-07
1.127785e-07
1.126460e-07
1.125138e-07
1.123819e-07
1.122502e-07
1.121187e-07
1.119873e-07
1.118560e-07
1.117246e-07
1.115932e-07
1.114617e-07
1.113300e-07
1.111981e-07
1.110659e-07
1.109333e-07
1.108004e-07
1.106671e-07
1.105332e-07
1.103988e-07
1.102638e-07
1.101282e-07
1.099919e-07
1.098548e-07
1.097170e-07
1.095783e-07
1.094387e-07
1.092982e-07
1.091568e-07
1.090143e-07
1.088707e-07
1.087261e-07
1.085803e-07
1.084333e-07
1.082851e-07
1.081356e-07
1.079849e-07
1.078328e-07
1.076793e-07
1.075244e-07
1.073681e-07
1.072103e-07
1.070510e-07
1.068901e-07
1.067277e-07
1.065637e-07
1.063981e-07
1.062308e-07
1.060618e-07
1.058911e-07
1.057187e-07
1.055446e-07
1.053686e-07
1.051909e-07
1.050114e-07
1.048301e-07
1.046469e-07
1.044618e-07
1.042749e-07
1.040861e-07
1.038954e-07
1.037028e-07
1.035083e-07
1.033118e-07
1.031135e-07
1.029131e-07
1.027109e-07
1.025067e-07
1.023005e-07
1.020924e-07
1.018823e-07
1.016703e-07
1.014564e-07
1.012405e-07
1.010226e-07
1.008029e-07
1.005812e-07
1.003576e-07
1.001320e-07
9.990463e-08
9.967532e-08
9.944414e-08
9.921110e-08
9.897621e-08
9.873949e-08
9.850096e-08
9.826063e-08
9.801853e-08
9.777467e-08
9.752907e-08
9.728175e-08
9.703275e-08
9.678207e-08
9.652975e-08
9.627581e-08
9.602028e-08
9.576318e-08
9.550454e-08
9.524440e-08
9.498277e-08
9.471969e-08
9.445519e-08
9.418931e-08
9.392207e-08
9.365351e-08
9.338365e-08
9.311255e-08
9.284022e-08
9.256671e-08
9.229204e-08
9.201627e-08
9.173942e-08
9.146153e-08
9.118263e-08
9.090278e-08
9.062200e-08
9.034033e-08
9.005781e-08
8.977449e-08
8.949040e-08
8.920558e-08
8.892008e-08
8.863392e-08
8.834716e-08
8.805983e-08
8.777198e-08
8.748364e-08
8.719486e-08
8.690567e-08
8.661612e-08
8.632625e-08
8.603610e-08
8.574571e-08
8.545512e-08
8.516438e-08
8.487351e-08
8.458257e-08
8.429159e-08
8.400062e-08
8.370968e-08
8.341883e-08
8.312810e-08
8.283754e-08
8.254717e-08
8.225704e-08
8.196718e-08
8.167764e-08
8.138845e-08
8.109965e-08
8.081127e-08
8.052335e-08
8.023593e-08
7.994904e-08
7.966272e-08
7.937699e-08
7.909191e-08
7.880748e-08
7.852376e-08
7.824078e-08
7.795855e-08
7.767713e-08
7.739652e-08
7.711678e-08
7.683792e-08
7.655997e-08
7.628297e-08
7.600694e-08
7.573190e-08
7.545789e-08
7.518493e-08
7.491304e-08
7.464225e-08
7.437258e-08
7.410407e-08
7.383672e-08
7.357056e-08
7.330561e-08
7.304190e-08
7.277944e-08
7.251825e-08
7.225835e-08
7.199976e-08
7.174250e-08
7.148659e-08
7.123203e-08
7.097885e-08
7.072706e-08
7.047667e-08
7.022771e-08
6.998017e-08
6.973408e-08
6.948944e-08
6.924627e-08
6.900458e-08
6.876437e-08
6.852567e-08
6.828846e-08
6.805278e-08
6.781861e-08
6.758597e-08
6.735487e-08
6.712531e-08
6.689729e-08
6.667083e-08
6.644593e-08
6.622258e-08
6.600080e-08
6.578058e-08
6.556194e-08
6.534486e-08
6.512936e-08
6.491543e-08
6.470307e-08
6.449229e-08
6.428308e-08
6.407544e-08
6.386937e-08
6.366488e-08
6.346195e-08
6.326058e-08
6.306078e-08
6.286254e-08
6.266585e-08
6.247072e-08
6.227713e-08
6.208508e-08
6.189458e-08
6.170560e-08
6.151815e-08
6.133222e-08
6.114781e-08
6.096490e-08
6.078350e-08
6.060359e-08
6.042516e-08
6.024821e-08
6.007274e-08
5.989873e-08
5.972617e-08
5.955505e-08
5.938538e-08
5.921713e-08
5.905030e-08
5.888487e-08
5.872085e-08
5.855821e-08
5.839696e-08
5.823707e-08
5.807854e-08
5.792135e-08
5.776550e-08
5.761098e-08
5.745776e-08
5.730585e-08
5.715523e-08
5.700589e-08
5.685781e-08
5.671099e-08
5.656541e-08
5.642106e-08
5.627792e-08
5.613599e-08
5.599525e-08
5.585569e-08
5.571729e-08
5.558004e-08
5.544393e-08
5.530894e-08
5.517507e-08
5.504229e-08
5.491059e-08
5.477996e-08
5.465039e-08
5.452186e-08
5.439435e-08
5.426785e-08
5.414235e-08
5.401783e-08
5.389428e-08
5.377168e-08
5.365001e-08
5.352927e-08
5.340943e-08
5.329048e-08
5.317241e-08
5.305520e-08
5.293883e-08
5.282328e-08
5.270855e-08
5.259462e-08
5.248146e-08
5.236907e-08
5.225743e-08
5.214651e-08
5.203631e-08
5.192681e-08
5.181799e-08
5.170984e-08
5.160233e-08
5.149546e-08
5.138920e-08
5.128354e-08
5.117846e-08
5.107394e-08
5.096997e-08
5.086653e-08
5.076360e-08
5.066117e-08
5.055922e-08
5.045773e-08
5.035669e-08
5.025607e-08
5.015587e-08
5.005605e-08
4.995662e-08
4.985754e-08
4.975881e-08
4.966040e-08
4.956230e-08
4.946449e-08
4.936696e-08
4.926969e-08
4.917266e-08
4.907585e-08
4.897925e-08
4.888285e-08
4.878662e-08
4.869055e-08
4.859462e-08
4.849882e-08
4.840314e-08
4.830755e-08
4.821204e-08
4.811659e-08
4.802120e-08
4.792584e-08
4.783051e-08
4.773518e-08
4.763984e-08
4.754448e-08
4.744909e-08
4.735364e-08
4.725813e-08
4.716255e-08
4.706687e-08
4.697110e-08
4.687521e-08
4.677919e-08
4.668304e-08
4.658673e-08
4.649027e-08
4.639363e-08
4.629682e-08
4.619981e-08
4.610260e-08
4.600517e-08
4.590753e-08
4.580966e-08
4.571155e-08
4.561320e-08
4.551460e-08
4.541573e-08
4.531660e-08
4.521719e-08
4.511751e-08
4.501754e-08
4.491728e-08
4.481673e-08
4.471588e-08
4.461473e-08
4.451327e-08
4.441151e-08
4.430943e-08
4.420704e-08
4.410434e-08
4.400132e-08
4.389798e-08
4.379433e-08
4.369036e-08
4.358608e-08
4.348148e-08
4.337657e-08
4.327135e-08
4.316582e-08
4.305999e-08
4.295385e-08
4.284742e-08
4.274069e-08
4.263367e-08
4.252637e-08
4.241879e-08
4.231094e-08
4.220282e-08
4.209445e-08
4.198582e-08
4.187695e-08
4.176784e-08
4.165850e-08
4.154894e-08
4.143918e-08
4.132921e-08
4.121906e-08
4.110872e-08
4.099821e-08
4.088755e-08
4.077673e-08
4.066578e-08
4.055471e-08
4.044352e-08
4.033223e-08
4.022086e-08
4.010941e-08
3.999789e-08
3.988633e-08
3.977474e-08
3.966312e-08
3.955149e-08
3.943987e-08
3.932828e-08
3.921671e-08
3.910520e-08
3.899375e-08
3.888237e-08
3.877109e-08
3.865992e-08
3.854887e-08
3.843796e-08
3.832720e-08
3.821661e-08
3.810621e-08
3.799599e-08
3.788600e-08
3.777623e-08
3.766670e-08
3.755742e-08
3.744842e-08
3.733971e-08
3.723129e-08
3.712319e-08
3.701542e-08
3.690799e-08
3.680092e-08
3.669422e-08
3.658790e-08
3.648199e-08
3.637648e-08
3.627139e-08
3.616674e-08
3.606254e-08
3.595880e-08
3.585553e-08
3.575274e-08
3.565045e-08
3.554867e-08
3.544740e-08
3.534666e-08
3.524645e-08
3.514679e-08
3.504769e-08
3.494915e-08
3.485119e-08
3.475381e-08
3.465701e-08
3.456082e-08
3.446523e-08
3.437024e-08
3.427588e-08
3.418214e-08
3.408903e-08
3.399655e-08
3.390471e-08
3.381351e-08
3.372296e-08
3.363306e-08
3.354381e-08
3.345521e-08
3.336728e-08
3.328000e-08
3.319339e-08
3.310744e-08
3.302215e-08
3.293752e-08
3.285355e-08
3.277025e-08
3.268760e-08
3.260562e-08
3.252429e-08
3.244362e-08
3.236360e-08
3.228422e-08
3.220550e-08
3.212741e-08
3.204996e-08
3.197315e-08
3.189696e-08
3.182139e-08
3.174645e-08
3.167211e-08
3.159837e-08
3.152524e-08
3.145269e-08
3.138073e-08
3.130935e-08
3.123853e-08
3.116827e-08
3.109857e-08
3.102940e-08
3.096078e-08
3.089267e-08
3.082508e-08
3.075800e-08
3.069142e-08
3.062532e-08
3.055969e-08
3.049453e-08
3.042983e-08
3.036557e-08
3.030174e-08
3.023834e-08
3.017534e-08
3.011275e-08
3.005054e-08
2.998871e-08
2.992725e-08
2.986614e-08
2.980537e-08
2.974493e-08
2.968480e-08
2.962499e-08
2.956547e-08
2.950623e-08
2.944726e-08
2.938855e-08
2.933009e-08
2.927186e-08
2.921386e-08
2.915607e-08
2.909847e-08
2.904107e-08
2.898384e-08
2.892677e-08
2.886986e-08
2.881310e-08
2.875646e-08
2.869994e-08
2.864353e-08
2.858722e-08
2.853100e-08
2.847485e-08
2.841878e-08
2.836275e-08
2.830678e-08
2.825084e-08
2.819493e-08
2.813903e-08
2.808315e-08
2.802726e-08
2.797136e-08
2.791545e-08
2.785951e-08
2.780353e-08
2.774752e-08
2.769145e-08
2.763532e-08
2.757913e-08
2.752287e-08
2.746653e-08
2.741011e-08
2.735359e-08
2.729698e-08
2.724026e-08
2.718344e-08
2.712650e-08
2.706945e-08
2.701228e-08
2.695497e-08
2.689754e-08
2.683998e-08
2.678228e-08
2.672443e-08
2.666645e-08
2.660832e-08
2.655004e-08
2.649161e-08
2.643303e-08
2.637430e-08
2.631542e-08
2.625638e-08
2.619719e-08
2.613784e-08
2.607834e-08
2.601869e-08
2.595888e-08
2.589892e-08
2.583881e-08
2.577855e-08
2.571815e-08
2.565760e-08
2.559691e-08
2.553608e-08
2.547511e-08
2.541401e-08
2.535278e-08
2.529142e-08
2.522995e-08
2.516835e-08
2.510665e-08
2.504483e-08
2.498292e-08
2.492090e-08
2.485880e-08
2.479661e-08
2.473434e-08
2.467200e-08
2.460959e-08
2.454712e-08
2.448460e-08
2.442203e-08
2.435943e-08
2.429679e-08
2.423413e-08
2.417146e-08
2.410878e-08
2.404610e-08
2.398344e-08
2.392079e-08
2.385816e-08
2.379558e-08
2.373304e-08
2.367056e-08
2.360813e-08
2.354579e-08
2.348352e-08
2.342135e-08
2.335928e-08
2.329733e-08
2.323549e-08
2.317379e-08
2.311223e-08
2.305082e-08
2.298958e-08
2.292851e-08
2.286762e-08
2.280692e-08
2.274643e-08
2.268615e-08
2.262609e-08
2.256627e-08
2.250669e-08
2.244736e-08
2.238830e-08
2.232952e-08
2.227101e-08
2.221281e-08
2.215490e-08
2.209731e-08
2.204004e-08
2.198311e-08
2.192652e-08
2.187027e-08
2.181439e-08
2.175888e-08
2.170374e-08
2.164899e-08
2.159464e-08
2.154069e-08
2.148715e-08
2.143402e-08
2.138133e-08
2.132906e-08
2.127724e-08
2.122587e-08
2.117494e-08
2.112448e-08
2.107448e-08
2.102496e-08
2.097591e-08
2.092735e-08
2.087927e-08
2.083168e-08
2.078458e-08
2.073799e-08
2.069190e-08
2.064631e-08
2.060123e-08
2.055666e-08
2.051260e-08
2.046906e-08
2.042603e-08
2.038351e-08
2.034151e-08
2.030003e-08
2.025906e-08
2.021860e-08
2.017866e-08
2.013923e-08
2.010030e-08
2.006188e-08
2.002396e-08
1.998654e-08
1.994962e-08
1.991318e-08
1.987723e-08
1.984175e-08
1.980675e-08
1.977222e-08
1.973814e-08
1.970452e-08
1.967134e-08
1.963860e-08
1.960628e-08
1.957438e-08
1.954289e-08
1.951180e-08
1.948109e-08
1.945076e-08
1.942079e-08
1.939117e-08
1.936189e-08
1.933294e-08
1.930430e-08
1.927596e-08
1.924790e-08
1.922012e-08
1.919259e-08
1.916529e-08
1.913822e-08
1.911136e-08
1.908468e-08
1.905818e-08
1.903183e-08
1.900562e-08
1.897953e-08
1.895353e-08
1.892762e-08
1.890177e-08
1.887596e-08
1.885018e-08
1.882439e-08
1.879859e-08
1.877275e-08
1.874684e-08
1.872086e-08
1.869477e-08
1.866856e-08
1.864220e-08
1.861568e-08
1.858896e-08
1.856203e-08
1.853487e-08
1.850744e-08
1.847974e-08
1.845173e-08
1.842340e-08
1.839472e-08
1.836566e-08
1.833621e-08
1.830634e-08
1.827604e-08
1.824526e-08
1.821400e-08
1.818224e-08
1.814993e-08
1.811708e-08
1.808365e-08
1.804961e-08
1.801496e-08
1.797966e-08
1.794370e-08
1.790705e-08
1.786969e-08
1.783160e-08
1.779276e-08
1.775315e-08
1.771275e-08
1.767153e-08
1.762949e-08
1.758659e-08
1.754283e-08
1.749818e-08
1.745262e-08
1.740613e-08
1.735871e-08
1.731033e-08
1.726097e-08
1.721062e-08
1.715927e-08
1.710689e-08
1.705348e-08
1.699902e-08
1.694350e-08
1.688690e-08
1.682921e-08
1.677042e-08
1.671053e-08
1.664951e-08
1.658736e-08
1.652406e-08
1.645962e-08
1.639402e-08
1.632726e-08
1.625933e-08
1.619021e-08
1.611992e-08
1.604844e-08
1.597576e-08
1.590189e-08
1.582683e-08
1.575056e-08
1.567310e-08
1.559443e-08
1.551456e-08
1.543349e-08
1.535122e-08
1.526776e-08
1.518311e-08
1.509726e-08
1.501023e-08
1.492203e-08
1.483264e-08
1.474210e-08
1.465039e-08
1.455753e-08
1.446353e-08
1.436840e-08
1.427214e-08
1.417478e-08
1.407631e-08
1.397676e-08
1.387613e-08
1.377444e-08
1.367170e-08
1.356794e-08
1.346315e-08
1.335737e-08
1.325060e-08
1.314287e-08
1.303419e-08
1.292459e-08
1.281407e-08
1.270266e-08
1.259039e-08
1.247726e-08
1.236331e-08
1.224856e-08
1.213302e-08
1.201672e-08
1.189969e-08
1.178194e-08
1.166350e-08
1.154441e-08
1.142467e-08
1.130432e-08
1.118338e-08
1.106188e-08
1.093985e-08
1.081731e-08
1.069429e-08
1.057082e-08
1.044692e-08
1.032262e-08
1.019795e-08
1.007294e-08
9.947616e-09
9.822009e-09
9.696145e-09
9.570053e-09
9.443764e-09
9.317304e-09
9.190704e-09
9.063992e-09
8.937198e-09
8.810349e-09
8.683476e-09
8.556606e-09
8.429769e-09
8.302994e-09
8.176308e-09
8.049740e-09
7.923318e-09
7.797071e-09
7.671025e-09
7.545209e-09
7.419650e-09
7.294374e-09
7.169408e-09
7.044779e-09
6.920513e-09
6.796635e-09
6.673170e-09
6.550144e-09
6.427580e-09
6.305504e-09
6.183937e-09
6.062904e-09
5.942427e-09
5.822528e-09
5.703228e-09
5.584549e-09
5.466511e-09
5.349133e-09
5.232436e-09
5.116437e-09
5.001155e-09
4.886607e-09
4.772810e-09
4.659780e-09
4.547532e-09
4.436082e-09
4.325442e-09
4.215627e-09
4.106650e-09
3.998521e-09
3.891253e-09
3.784856e-09
3.679340e-09
3.574713e-09
3.470983e-09
3.368159e-09
3.266247e-09
3.165253e-09
3.065183e-09
2.966040e-09
2.867828e-09
2.770550e-09
2.674209e-09
2.578806e-09
2.484341e-09
2.390815e-09
2.298226e-09
2.206573e-09
2.115854e-09
2.026065e-09
1.937203e-09
1.849264e-09
1.762241e-09
1.676130e-09
1.590923e-09
1.506615e-09
1.423195e-09
1.340657e-09
1.258992e-09
1.178188e-09
1.098237e-09
1.019127e-09
9.408468e-10
8.633846e-10
7.867278e-10
7.108637e-10
6.357786e-10
5.614589e-10
4.878903e-10
4.150580e-10
3.429472e-10
2.715424e-10
2.008279e-10
1.307878e-10
6.140581e-11
-7.334448e-12
-7.544968e-11
-1.429567e-10
-2.098726e-10
-2.762142e-10
-3.419990e-10
-4.072440e-10
-4.719664e-10
-5.361836e-10
-5.999126e-10
-6.631705e-10
-7.259743e-10
-7.883408e-10
-8.502866e-10
-9.118280e-10
-9.729811e-10
-1.033762e-09
-1.094186e-09
-1.154268e-09
-1.214023e-09
-1.273465e-09
-1.332608e-09
-1.391466e-09
-1.450051e-09
-1.508375e-09
-1.566449e-09
-1.624286e-09
-1.681894e-09
-1.739284e-09
-1.796464e-09
-1.853442e-09
-1.910225e-09
-1.966819e-09
-2.023230e-09
-2.079463e-09
-2.135520e-09
-2.191404e-09
-2.247117e-09
-2.302659e-09
-2.358029e-09
-2.413226e-09
-2.468247e-09
-2.523088e-09
-2.577744e-09
-2.632208e-09
-2.686472e-09
-2.740528e-09
-2.794366e-09
-2.847974e-09
-2.901339e-09
-2.954448e-09
-3.007285e-09
-3.059833e-09
-3.112074e-09
-3.163988e-09
-3.215556e-09
-3.266753e-09
-3.317558e-09
-3.367944e-09
-3.417885e-09
-3.467353e-09
-3.516320e-09
-3.564753e-09
-3.612621e-09
-3.659890e-09
-3.706525e-09
-3.752490e-09
-3.797747e-09
-3.842257e-09
-3.885979e-09
-3.928871e-09
-3.970890e-09
-4.011991e-09
-4.052129e-09
-4.091256e-09
-4.129324e-09
-4.166283e-09
-4.202082e-09
-4.236669e-09
-4.269991e-09
-4.301994e-09
-4.332622e-09
-4.361819e-09
-4.389527e-09
-4.415687e-09
-4.440241e-09
-4.463129e-09
-4.484288e-09
-4.503657e-09
-4.521173e-09
-4.536773e-09
-4.550393e-09
-4.561968e-09
-4.571433e-09
-4.578722e-09
-4.583769e-09
-4.586508e-09
-4.586872e-09
-4.584792e-09
-4.580204e-09
-4.573037e-09
-4.563226e-09
-4.550703e-09
-4.535399e-09
-4.517249e-09
-4.496183e-09
-4.472136e-09
-4.445041e-09
-4.414831e-09
-4.381442e-09
-4.344806e-09
-4.304861e-09
-4.261541e-09
-4.214784e-09
-4.164528e-09
-4.110710e-09
-4.053271e-09
-3.992150e-09
-3.927290e-09
-3.858633e-09
-3.786123e-09
-3.709706e-09
-3.629328e-09
-3.544939e-09
-3.456487e-09
-3.363924e-09
-3.267204e-09
-3.166282e-09
-3.061113e-09
-2.951657e-09
-2.837876e-09
-2.719730e-09
-2.597185e-09
-2.470209e-09
-2.338770e-09
-2.202840e-09
-2.062393e-09
-1.917406e-09
-1.767856e-09
-1.613725e-09
-1.454998e-09
-1.291661e-09
-1.123703e-09
-9.511168e-10
-7.738964e-10
-5.920398e-10
-4.055475e-10
-2.144232e-10
-1.867334e-11
1.816927e-10
3.866622e-10
5.962197e-10
8.103464e-10
1.029020e-09
1.252217e-09
1.479907e-09
1.712060e-09
1.948641e-09
2.189612e-09
2.434931e-09
2.684555e-09
2.938436e-09
3.196522e-09
3.458759e-09
3.725090e-09
3.995454e-09
4.269786e-09
4.548020e-09
4.830084e-09
5.115904e-09
5.405404e-09
5.698502e-09
5.995116e-09
6.295159e-09
6.598541e-09
6.905168e-09
7.214945e-09
7.527773e-09
7.843549e-09
8.162169e-09
8.483525e-09
8.807506e-09
9.133999e-09
9.462887e-09
9.794051e-09
1.012737e-08
1.046272e-08
1.079997e-08
1.113900e-08
1.147967e-08
1.182186e-08
1.216541e-08
1.251020e-08
1.285609e-08
1.320293e-08
1.355058e-08
1.389889e-08
1.424772e-08
1.459692e-08
1.494633e-08
1.529580e-08
1.564519e-08
1.599433e-08
1.634308e-08
1.669126e-08
1.703873e-08
1.738533e-08
1.773089e-08
1.807526e-08
1.841828e-08
1.875978e-08
1.909960e-08
1.943759e-08
1.977357e-08
2.010740e-08
2.043890e-08
2.076792e-08
2.109429e-08
2.141786e-08
2.173846e-08
2.205593e-08
2.237013e-08
2.268088e-08
2.298803e-08
2.329144e-08
2.359093e-08
2.388637e-08
2.417759e-08
2.446446e-08
2.474682e-08
2.502452e-08
2.529743e-08
2.556539e-08
2.582827e-08
2.608594e-08
2.633825e-08
2.658507e-08
2.682628e-08
2.706174e-08
2.729133e-08
2.751492e-08
2.773240e-08
2.794365e-08
2.814856e-08
2.834702e-08
2.853891e-08
2.872414e-08
2.890261e-08
2.907421e-08
2.923886e-08
2.939647e-08
2.954695e-08
2.969021e-08
2.982618e-08
2.995479e-08
3.007596e-08
3.018963e-08
3.029574e-08
3.039422e-08
3.048502e-08
3.056810e-08
3.064340e-08
3.071089e-08
3.077053e-08
3.082229e-08
3.086613e-08
3.090203e-08
3.092997e-08
3.094994e-08
3.096193e-08
3.096593e-08
