number of elements: 408
number of scatterers: 8
number of waves: 14
number of Gauss points: 10
assembly time (mins): 0.47491213083267214
Cext avg: 5.467760477458917e-15
Csca avg: 8.66443247826335e-18
Cbsca avg: 1.296746783962845e-17
g avg: -9.364104378379635e-05
w avg: -0.0005817793720334924
solver time phi (mins): [[2.984807789325714, 2.9999388376871745, 3.0449363191922507, 3.039992646376292, 3.044306242465973, 3.0464515248934427, 3.039145855108897, 3.0545946876207988, 2.9870687047640483, 3.006268640359243, 3.0277644475301106, 3.0174150983492534, 3.039751183986664, 3.0416876594225566, 2.9798280278841656, 2.993637530008952, 3.0554136196772257, 3.012838860352834, 3.033589474360148, 3.0506276567776998, 3.0431766351064047, 3.022355576356252, 2.9694748799006145, 2.975810511906942, 3.068325630823771, 3.0594062010447183, 3.018595004081726, 3.007917388280233, 3.0132534742355346, 3.0541613698005676, 3.0688268184661864, 2.9715590278307595, 2.984185524781545, 3.027961472670237, 3.067074950536092, 3.0196997046470644, 2.9867745796839396, 2.9456796646118164, 3.0366022189458213, 3.0789621392885844, 2.9941598574320474, 3.034857487678528, 3.1025509436925254, 3.0801455974578857, 3.056250282128652, 3.0883485515912374, 3.0492308020591734, 3.026040029525757, 3.106363077958425, 2.998436204592387, 3.096147692203522, 3.0216806809107464, 2.9993202924728393, 3.054474878311157, 2.991212848822276, 3.1236723105112714, 3.0261369347572327, 2.997691019376119, 3.0410571932792663, 3.1090193033218383, 3.0801543394724527, 3.050324781735738, 3.016105850537618, 3.0441544890403747, 3.093797918160756, 3.084721255302429, 2.9943753123283385, 2.9964590191841127, 3.049447556336721, 3.082279745737712, 2.9955955386161803, 3.021442623933156, 3.106369169553121, 3.0211015820503233, 3.078636658191681, 3.0803571581840514, 3.089646867911021, 3.0612921039263408, 3.013130720456441, 3.012740091482798, 3.1459943970044453, 3.127927092711131, 3.0803836981455484, 3.063186236222585, 3.09475200176239, 3.134743638833364, 3.14377547899882, 3.0861207008361817, 3.0357223471005756, 3.0602278192838033, 3.1460939168930055, 3.0361190478007, 3.0940668185551963, 3.026227362950643, 3.0602481325467425, 3.1212565382321675, 3.012984808286031, 3.1258922179539996, 3.093443258603414, 3.0566447416941327, 3.012353944778442, 3.132884709040324, 3.0760271827379864, 3.0286744594573975, 3.0659767707188923, 2.9876631339391073, 3.1252958099047343, 3.0726810296376548, 3.0086307406425474, 3.0303818782170615, 3.0566975474357605, 3.126079273223877, 3.054410755634308, 3.028180241584778, 3.065430788199107, 3.1077874223391215, 3.099350579579671, 3.08513769308726, 3.056084676583608, 3.0863604068756105, 1.9360169450441995, 1.8873876571655273, 1.8391289393107095, 1.8225946466128031, 1.8558613538742066, 1.8616304039955138, 1.833154547214508, 1.818755837281545, 1.8682654221852621, 1.8599439183870952, 1.865892469882965, 1.8440861423810324, 1.8514374574025472, 1.864559809366862, 1.8212738315264383, 1.8427606662114462, 1.8105681538581848, 1.8145952582359315, 1.854674263795217, 1.857959469159444]]
solver time theta (mins): [[3.0734257181485494, 3.066379761695862, 3.05904735326767, 3.0810206731160483, 3.0154999415079753, 2.995572531223297, 3.150518051783244, 2.994792938232422, 3.0642472863197328, 3.00016637245814, 2.9953295389811196, 3.0714728911717732, 2.9934120853741963, 3.1353641788164777, 3.0814757029215496, 3.0374971826871238, 3.0052085479100543, 3.112536819775899, 3.0482282876968383, 2.994210946559906, 3.0797791918118795, 2.989243471622467, 3.091689630349477, 3.0368325233459474, 2.9987199028333027, 3.0364576458930967, 3.031796570618947, 3.1252749443054197, 3.0131066918373106, 2.988471508026123, 3.0036731163660684, 3.090718070665995, 3.0693920214970905, 3.0510343114535012, 3.023951292037964, 3.0519478797912596, 3.1424331347147625, 3.0710575660069783, 3.0040080706278482, 2.999506195386251, 3.0794159213701886, 3.1307935674985248, 3.0388890624046327, 3.063437557220459, 3.1235390067100526, 3.1096963763236998, 3.1048916935920716, 3.0993040084838865, 3.123503029346466, 3.0943090756734213, 3.030378003915151, 3.059059429168701, 3.085517899195353, 3.096378548940023, 3.0906900763511658, 3.098456656932831, 3.07559293905894, 3.1605240225791933, 3.140502866109212, 3.046086855729421, 3.04018341700236, 3.08044410943985, 3.1334539969762165, 3.0831396142641703, 3.0771348396937053, 3.0195014397303264, 3.073878522713979, 3.1540819009145102, 3.01772981484731, 3.1190810203552246, 3.1148566444714865, 3.0945128202438354, 3.044104206562042, 3.149730984369914, 3.098480935891469, 3.07967396179835, 3.1081048051516214, 3.0384337147076925, 3.182219668229421, 3.110169565677643, 3.02865690390269, 3.086411635080973, 3.06335688829422, 3.1374881664911904, 3.0682058572769164, 3.0428098241488137, 3.09287185271581, 3.1077189286549887, 3.0944979906082155, 3.1085960706075033, 3.1282400329907736, 3.1051020701726277, 3.1017656445503237, 3.111638387044271, 3.053131580352783, 3.0318056543668113, 3.0842289845148723, 3.1095648050308227, 3.0244105458259583, 3.0359038988749187, 3.131185019016266, 3.0589069445927937, 3.0978492498397827, 3.110868990421295, 3.1397540807724, 3.0609341700871786, 3.038504493236542, 3.0167543570200603, 3.130686604976654, 3.162664445241292, 3.097478751341502, 3.067519414424896, 3.088740102450053, 3.129885284105937, 3.1556386431058248, 3.0736958185831704, 3.065355710188548, 3.110802678267161, 3.1655346512794496, 3.100936015446981, 1.795367435614268, 1.7599724968274435, 1.7871663689613342, 1.8280170957247417, 1.7535727381706239, 1.819973889986674, 1.8084219217300415, 1.8163180708885194, 1.8286803444226583, 1.8174123922983805, 1.7687401096026103, 1.784913150469462, 1.8505671819051106, 1.7588973840077717, 1.8379293878873189, 1.7661718765894572, 1.7743963638941447, 1.8121606747309367, 1.762737754980723, 1.842834218343099]]
Iterations phi: [[728, 730, 739, 739, 739, 739, 739, 739, 728, 732, 735, 735, 739, 739, 725, 730, 743, 733, 736, 739, 740, 735, 724, 725, 743, 742, 735, 732, 734, 741, 746, 725, 728, 735, 746, 733, 727, 719, 736, 746, 717, 730, 743, 738, 735, 744, 733, 726, 746, 725, 742, 729, 725, 735, 725, 748, 730, 725, 732, 743, 739, 735, 730, 735, 743, 741, 725, 724, 735, 742, 725, 730, 743, 731, 736, 739, 741, 735, 724, 725, 743, 743, 735, 730, 738, 744, 744, 735, 726, 733, 748, 725, 738, 725, 729, 743, 725, 746, 740, 732, 725, 746, 735, 728, 733, 717, 746, 736, 721, 727, 732, 746, 730, 725, 734, 742, 739, 736, 732, 735, 743, 740, 726, 724, 735, 740, 730, 727, 739, 739, 739, 739, 739, 739, 734, 735, 732, 728, 739, 739]]
Iterations theta: [[742, 739, 739, 743, 730, 726, 747, 725, 741, 726, 725, 739, 725, 748, 743, 735, 725, 746, 734, 726, 741, 724, 745, 733, 724, 733, 731, 747, 730, 725, 725, 743, 739, 735, 728, 735, 746, 741, 725, 724, 735, 742, 727, 730, 741, 736, 738, 739, 739, 737, 724, 731, 736, 736, 736, 735, 735, 744, 746, 725, 728, 734, 746, 732, 732, 722, 734, 746, 723, 737, 742, 735, 725, 746, 734, 728, 737, 723, 746, 734, 722, 732, 731, 746, 730, 727, 736, 741, 739, 738, 735, 738, 736, 738, 731, 724, 739, 739, 725, 730, 744, 726, 735, 739, 742, 734, 724, 724, 743, 746, 735, 727, 735, 744, 746, 726, 727, 734, 747, 731, 734, 724, 733, 745, 724, 740, 739, 743, 743, 739, 726, 730, 748, 725, 739, 725, 726, 740, 725, 747]]
Total parallel time (mins): 22.576374753316244
Cext: [[  2.46521007e-14  -3.76717039e-15   6.17883755e-14  -4.43904416e-14
    3.21772097e-14  -1.93487238e-14   4.48844718e-14   6.50301350e-15
   -2.01929396e-15  -3.37601289e-15   2.55271472e-14   1.43914769e-14
    8.53344955e-16  -2.18000869e-14]
 [  1.88437436e-14  -6.72987795e-15   2.28805029e-14  -1.99056831e-14
    4.30756146e-14  -6.32397003e-16   3.97470291e-14  -2.43368116e-15
    5.61706600e-15  -6.00437135e-15   2.80088942e-14   7.81571298e-15
   -6.13299762e-15  -1.38291639e-14]
 [  1.62245375e-14   4.50959404e-15   2.50332625e-14  -1.06814893e-14
    6.32532985e-15  -2.12610052e-14   2.67395042e-14   1.25343874e-14
    4.37105366e-15  -2.19254341e-14   1.85843201e-14  -3.85029809e-16
   -3.32104799e-15  -1.88488392e-14]
 [  2.10440169e-14  -4.55605888e-15   3.54222685e-14  -4.79574252e-14
    3.23545004e-14  -1.21967695e-14   5.06683964e-14  -1.03618811e-14
    4.66844586e-15  -1.20238977e-15   3.20045725e-14   1.29165974e-14
   -1.50578269e-15  -1.88303770e-14]
 [  2.40491153e-14  -5.32227136e-16   2.84437708e-14  -1.04796143e-14
    8.43559857e-15  -2.94270931e-14   2.93795796e-14   1.30681834e-14
    3.86812750e-15  -1.36813522e-14   1.76175345e-14  -2.64299751e-16
   -2.24367461e-15  -1.97835178e-14]
 [  1.67518740e-14  -6.74756552e-15   2.31165053e-14  -1.39645260e-14
    4.38789481e-14   3.62613498e-15   2.89006153e-14   5.75289900e-16
    7.89244677e-15  -8.84556994e-15   2.71862665e-14   8.40578382e-15
   -5.89982529e-15  -1.55769367e-14]
 [  2.00695553e-14  -7.34779992e-15   5.88807786e-14  -3.32150417e-14
    2.17944752e-14  -2.56476129e-14   2.99138900e-14   8.31178848e-15
   -1.55102494e-15  -1.68021309e-14   1.56290198e-14   5.39003433e-15
    1.03383029e-14  -2.49963439e-14]
 [  1.05939698e-14   1.77787755e-15   2.92528719e-14  -1.19070059e-14
    2.45825027e-14   5.91824734e-15   2.47041748e-14   1.74920932e-15
    7.27809846e-15  -9.67898721e-15   4.08371878e-14   5.74691997e-15
   -7.66039433e-15  -1.59648964e-14]
 [  2.37107707e-14  -2.55984286e-15   3.11563284e-14  -1.04055086e-14
    1.03754216e-14  -3.22595275e-14   2.62510289e-14   1.02895402e-14
    4.80412131e-15  -1.80391507e-14   1.53426415e-14   2.92620304e-15
    2.98995744e-15  -3.03374698e-14]
 [  2.40897158e-14  -4.45969874e-15   5.79143904e-14  -4.52463174e-14
    2.85655942e-14  -2.19509437e-14   3.81916504e-14   6.82248121e-15
   -5.91689352e-15  -1.23701980e-14   1.89153125e-14   1.54537837e-14
    2.27794263e-15  -2.25823557e-14]]
Csca: [[  8.62293355e-18   8.80086081e-18   8.53555397e-18   8.47898747e-18
    8.29325344e-18   8.28206657e-18   8.80448081e-18   9.00340310e-18
    8.00883262e-18   8.94102652e-18   8.96268830e-18   7.90894810e-18
    8.86700822e-18   8.79749793e-18]
 [  8.72156134e-18   8.85904518e-18   8.52329648e-18   8.74770829e-18
    8.43698446e-18   8.44001887e-18   8.56789688e-18   9.04705409e-18
    7.88785425e-18   9.02965065e-18   9.03449563e-18   8.03261440e-18
    8.95742643e-18   8.95591600e-18]
 [  8.85227680e-18   8.64417680e-18   8.85779926e-18   8.57642936e-18
    8.40572101e-18   8.74764687e-18   8.86351635e-18   8.97762636e-18
    8.06150015e-18   9.24280623e-18   9.00979855e-18   7.93449370e-18
    9.10289647e-18   8.56737060e-18]
 [  8.66051095e-18   8.79559137e-18   8.53241265e-18   8.63835477e-18
    8.36485195e-18   8.30574261e-18   8.70072868e-18   9.22985118e-18
    7.94889957e-18   8.96616004e-18   9.01390154e-18   7.92383195e-18
    8.93352409e-18   8.92738865e-18]
 [  8.84651770e-18   8.77928848e-18   8.71662279e-18   8.54697441e-18
    8.36619822e-18   8.52619665e-18   8.84703700e-18   8.99801201e-18
    8.04345870e-18   8.97865352e-18   9.01895206e-18   7.91491823e-18
    9.12053363e-18   8.55607848e-18]
 [  8.65538764e-18   8.86971812e-18   8.53720878e-18   8.81235701e-18
    8.48431850e-18   8.48989482e-18   8.52774315e-18   9.09943793e-18
    7.92010912e-18   9.03280471e-18   9.00409309e-18   8.08291876e-18
    8.96312273e-18   8.85334928e-18]
 [  8.79709893e-18   8.76256601e-18   8.56464456e-18   8.58373959e-18
    8.26955542e-18   8.35479000e-18   8.96021838e-18   9.04895477e-18
    7.88624894e-18   9.00014780e-18   8.95589024e-18   7.93889126e-18
    9.19436588e-18   8.68639821e-18]
 [  8.71475535e-18   8.87343891e-18   8.52917485e-18   8.84965853e-18
    8.63934005e-18   8.56301191e-18   8.55866760e-18   9.16429584e-18
    7.94082346e-18   8.97202783e-18   9.32353435e-18   8.06058264e-18
    8.99860164e-18   8.85367653e-18]
 [  8.83515914e-18   8.79744316e-18   8.68272932e-18   8.50113173e-18
    8.34271042e-18   8.47853130e-18   8.93863658e-18   8.95798505e-18
    8.01887182e-18   8.99409407e-18   9.04355817e-18   7.88160687e-18
    9.06921963e-18   8.54739886e-18]
 [  8.75271647e-18   8.69372580e-18   8.42528282e-18   8.58660855e-18
    8.27093916e-18   8.29831126e-18   8.81942911e-18   8.99747240e-18
    7.87392806e-18   8.96019754e-18   8.94679706e-18   8.03285130e-18
    8.95074937e-18   8.76945142e-18]]
Cbsca: [[  1.28892525e-17   1.31165343e-17   1.26867415e-17   1.25482223e-17
    1.24002201e-17   1.25340954e-17   1.32442107e-17   1.36149858e-17
    1.19579557e-17   1.35461864e-17   1.33793827e-17   1.18298201e-17
    1.32726060e-17   1.29307850e-17]
 [  1.29260302e-17   1.32172779e-17   1.25555142e-17   1.29722902e-17
    1.25517495e-17   1.28690190e-17   1.28982273e-17   1.38200530e-17
    1.18156241e-17   1.36774277e-17   1.34389394e-17   1.20200507e-17
    1.34276659e-17   1.32102766e-17]
 [  1.33227852e-17   1.28726589e-17   1.32866978e-17   1.26485703e-17
    1.26929298e-17   1.31273035e-17   1.34242747e-17   1.35602007e-17
    1.21191447e-17   1.35859421e-17   1.34979600e-17   1.19303463e-17
    1.37526506e-17   1.28337033e-17]
 [  1.28998025e-17   1.31112479e-17   1.26900400e-17   1.28217069e-17
    1.25032262e-17   1.26191967e-17   1.30431668e-17   1.41313334e-17
    1.19124648e-17   1.36696119e-17   1.34410201e-17   1.18788469e-17
    1.32822374e-17   1.31943942e-17]
 [  1.32496890e-17   1.30217228e-17   1.30901179e-17   1.25930588e-17
    1.26446096e-17   1.27730137e-17   1.33405232e-17   1.35870725e-17
    1.20275537e-17   1.34230584e-17   1.34770439e-17   1.19253002e-17
    1.37492200e-17   1.27300084e-17]
 [  1.28169852e-17   1.32425765e-17   1.25816087e-17   1.30602819e-17
    1.25925097e-17   1.29395384e-17   1.27759864e-17   1.38800201e-17
    1.18793101e-17   1.36508789e-17   1.35060432e-17   1.21007530e-17
    1.34512951e-17   1.30368091e-17]
 [  1.31202146e-17   1.30265913e-17   1.27528910e-17   1.26610176e-17
    1.25365079e-17   1.24921298e-17   1.34807565e-17   1.34058254e-17
    1.17323423e-17   1.34719805e-17   1.34479759e-17   1.19826727e-17
    1.38655789e-17   1.26551235e-17]
 [  1.29015678e-17   1.34544394e-17   1.25705157e-17   1.30776376e-17
    1.27810804e-17   1.30517510e-17   1.27877193e-17   1.39262601e-17
    1.19076616e-17   1.35405294e-17   1.38500865e-17   1.21212720e-17
    1.35900007e-17   1.31446657e-17]
 [  1.32154302e-17   1.30414470e-17   1.30447205e-17   1.24790504e-17
    1.26722433e-17   1.26357703e-17   1.34471376e-17   1.34236785e-17
    1.20042067e-17   1.33400255e-17   1.35092938e-17   1.18499478e-17
    1.36658553e-17   1.25903492e-17]
 [  1.30353565e-17   1.29644999e-17   1.25498369e-17   1.26816957e-17
    1.25103811e-17   1.24089977e-17   1.32496909e-17   1.34983660e-17
    1.17572567e-17   1.34950416e-17   1.34173045e-17   1.21220920e-17
    1.34736588e-17   1.28508220e-17]]
g: [[ -3.07965346e-04   3.89585297e-04   3.09655996e-03   5.43928541e-03
    7.32019787e-04  -5.46992978e-03  -2.64140928e-03  -4.13542928e-03
   -2.11724394e-04  -5.11055876e-03   2.06396442e-03  -2.98612441e-03
    9.16298822e-04   9.12718014e-03]
 [  4.13982337e-03   5.92574371e-04   7.81634461e-03   4.72362655e-03
    3.23031188e-03  -9.23045354e-03  -2.92201607e-03  -9.43876739e-03
   -2.08546385e-03  -4.96953247e-03   3.60545437e-03  -1.98065598e-03
    1.45733748e-04   7.21165474e-03]
 [ -3.38779779e-03   2.82983274e-03  -1.03174376e-03   7.33975122e-03
   -4.35574242e-03  -1.28132191e-03  -5.79878560e-03  -3.63877183e-03
   -3.30323182e-03   9.57522337e-03   5.32172270e-04  -3.13641568e-03
   -3.73727239e-03  -1.76809032e-04]
 [  1.53218551e-03   7.68363016e-04   2.98199093e-03   3.84776836e-03
    9.48023350e-04  -7.40672364e-03  -1.03304037e-03  -1.04728971e-02
   -1.82577866e-03  -8.19105494e-03   2.54120440e-03  -5.18570837e-03
    4.23277459e-03   6.29708495e-03]
 [ -1.28773971e-03   3.44108957e-03  -1.61258797e-03   7.76368447e-03
   -4.81193621e-03  -2.75186989e-04  -3.65258977e-03  -3.46251574e-03
   -2.60094551e-03   1.23784099e-03   1.82843450e-03  -4.01739521e-03
   -2.71778716e-03   3.16162225e-03]
 [  5.06298730e-03   2.43382452e-04   7.61008042e-03   5.04835245e-03
    4.33667348e-03  -9.05092461e-03  -2.28415307e-04  -8.76371952e-03
   -1.82318638e-03  -3.85424061e-03  -4.95802099e-04  -2.82506025e-03
   -4.13895902e-04   8.11915233e-03]
 [  6.56589518e-04   1.70445422e-03   2.22017811e-03   7.15298243e-03
   -6.25167575e-03   6.42578113e-04  -2.46359258e-03   5.97023354e-03
   -1.68365626e-03   7.02370601e-04  -5.16146234e-04  -5.09916902e-03
   -2.84523335e-03   1.32494714e-02]
 [  5.04769647e-03  -7.21382980e-03   7.50279488e-03   6.46220574e-03
    5.87363466e-03  -9.10748349e-03   1.25821759e-03  -6.86856906e-03
   -1.88631766e-03  -3.21945016e-03   4.28194014e-03  -3.61360638e-03
   -3.53470544e-03   4.11502785e-03]
 [ -6.14314768e-04   3.42922022e-03  -1.85397387e-03   9.63042882e-03
   -7.30141689e-03   2.29527942e-03  -2.55920453e-03   3.54549059e-04
   -2.99177850e-03   5.00233944e-03   2.06272198e-03  -3.70999112e-03
   -2.52523132e-03   7.91907039e-03]
 [  1.01543504e-03   8.39068315e-04   2.19679135e-03   6.26815899e-03
   -5.09371869e-03   5.38545368e-04  -1.79177258e-03  -2.48607454e-04
   -2.11715803e-03  -2.31206666e-03  -6.48424077e-06  -5.78494831e-03
   -1.84281947e-03   1.04540136e-02]]
w: [[ 0.00034978 -0.0023362   0.00013814 -0.00019101  0.00025774 -0.00042804
   0.00019616  0.0013845  -0.00396615 -0.0026484   0.0003511   0.00054956
   0.01039088 -0.00040355]
 [ 0.00046284 -0.00131638  0.00037251 -0.00043946  0.00019586 -0.01334608
   0.00021556 -0.00371744  0.00140427 -0.00150385  0.00032256  0.00102775
  -0.00146053 -0.00064761]
 [ 0.00054561  0.00191684  0.00035384 -0.00080292  0.0013289  -0.00041144
   0.00033148  0.00071624  0.00184429 -0.00042156  0.00048481 -0.02060748
  -0.00274097 -0.00045453]
 [ 0.00041154 -0.00193053  0.00024088 -0.00018013  0.00025854 -0.00068098
   0.00017172 -0.00089075  0.00170269 -0.00745695  0.00028164  0.00061346
  -0.00593281 -0.0004741 ]
 [ 0.00036785 -0.01649538  0.00030645 -0.00081558  0.00099177 -0.00028974
   0.00030113  0.00068854  0.00207942 -0.00065627  0.00051193 -0.02994675
  -0.004065   -0.00043249]
 [ 0.00051668 -0.00131451  0.00036931 -0.00063105  0.00019336  0.00234131
   0.00029507  0.01581713  0.0010035  -0.00102117  0.0003312   0.00096159
  -0.00151922 -0.00056836]
 [ 0.00043833 -0.00119254  0.00014546 -0.00025843  0.00037943 -0.00032575
   0.00029953  0.00108869 -0.00508454 -0.00053566  0.00057303  0.00147288
   0.00088935 -0.00034751]
 [ 0.00082261  0.00499103  0.00029157 -0.00074323  0.00035144  0.00144688
   0.00034645  0.00523911  0.00109106 -0.00092696  0.00022831  0.00140259
  -0.00117469 -0.00055457]
 [ 0.00037262 -0.00343671  0.00027868 -0.00081698  0.00080408 -0.00026282
   0.00034051  0.00087059  0.00166917 -0.00049859  0.00058944  0.00269346
   0.00303323 -0.00028174]
 [ 0.00036334 -0.0019494   0.00014548 -0.00018977  0.00028954 -0.00037804
   0.00023093  0.0013188  -0.00133075 -0.00072434  0.00047299  0.0005198
   0.00392931 -0.00038833]]
