number of elements: 408
number of scatterers: 8
number of waves: 26
number of Gauss points: 10
assembly time (mins): 0.049720791975657146
Cext avg: 6.846040722264796e-15
Csca avg: 1.3156912277049384e-17
Cbsca avg: 1.909076926421844e-17
g avg: -0.0007310667191748829
w avg: -7.726308297083647e-05
solver time phi (mins): [[3.185254716873169, 3.263863988717397, 3.276263642311096, 3.338051720460256, 3.283421472708384, 3.3514335195223492, 3.2585833430290223, 3.3445703109105427, 3.27850878238678, 3.3298435688018797, 3.183172357082367, 3.24980727036794, 3.199517011642456, 3.2332531571388246, 3.2652726054191588, 3.2259437084197997, 3.2047023375829062, 3.3369314869244895, 3.285429501533508, 3.3146576364835103, 3.1560367186864218, 3.2828768849372865, 3.170763945579529, 3.276393632094065, 3.2911283493041994, 3.3175411581993104, 3.1563267509142556, 3.278262646993001, 3.273663850625356, 3.3180071473121644, 3.246268391609192, 3.3658528288205463, 3.265814121564229, 3.3236539244651793, 3.242744243144989, 3.3603272239367166, 3.214425512154897, 3.105359168847402, 3.190631564458211, 3.2093125065167745, 3.2530530373255413, 3.2769662459691364, 3.1994115273157755, 3.324356234073639, 3.252278971672058, 3.300331437587738, 3.095584809780121, 3.303951640923818, 3.158975128332774, 3.3137158155441284, 3.3020768920580545, 3.2760730544726053, 3.1548949480056763, 3.2738771438598633, 3.2314121166865033, 3.2855841795603435, 3.1499274373054504, 3.2746071855227155, 3.2057626326878865, 3.2965814232826234, 3.2092958370844524, 3.3057032942771913, 3.234218780199687, 3.2890501817067466, 3.25097648302714, 3.2928625067075092, 3.1901971181233724, 3.268880907694499, 3.1999534169832864, 3.287199254830678, 3.262544016043345, 3.179791633288066, 3.1275585015614826, 3.322478739420573, 3.2156664530436196, 3.298971192042033, 3.26572208404541, 3.2531541109085085, 3.188427209854126, 3.2606472253799437, 3.305831245581309, 3.2927600145339966, 3.2950464685757956, 3.2138988097508747, 3.3132911642392475, 3.24905579884847, 3.244319462776184, 3.2885379989941916, 3.328692066669464, 3.3513588666915894, 3.3295451402664185, 3.336508782704671, 3.295929483572642, 3.2753769993782043, 3.278764081001282, 3.3039608518282573, 3.2935745239257814, 3.3108476599057517, 3.337518334388733, 3.3329043984413147, 3.342395321528117, 3.243472139040629, 3.276636524995168, 3.297898848851522, 3.2687355637550355, 3.2503881096839904, 3.3267736593882242, 3.343613008658091, 3.384703588485718, 3.3346276760101317, 3.381467123826345, 3.3206802368164063, 3.359109648068746, 3.3390347798665365, 3.2348716696103414, 3.2688589334487914, 3.105588499704997, 3.3075039545694986, 3.312769627571106, 3.2700317978858946, 3.2694335142771402, 3.3458486636479696, 3.2702465136845906, 3.3850204586982726, 3.3277313192685445, 3.261404506365458, 3.2975369334220885, 3.144759933153788, 3.2985891779263814, 3.335109655062358, 3.2026676019032796, 3.2898894945780435, 3.338090630372365, 3.326362220446269, 3.313492433230082, 3.3681048432985943, 3.338627545038859, 3.3485701163609822, 3.3165743430455525, 3.3697540362675986, 3.260297977924347, 3.11731641292572, 3.2662394444147744, 3.247506825129191, 3.3261353174845376, 3.278445581595103, 3.249459473292033, 3.3119050661722818, 3.3412837823232016, 3.3127507328987122, 3.139229933420817, 3.3017370223999025, 3.230880049864451, 3.3027657866477966, 3.372669605414073, 3.2777138511339823, 3.252280064423879, 3.26431291103363, 3.2530305941899615, 3.298922367890676, 3.2214550693829853, 3.32175532579422, 3.2807186444600425, 3.265536920229594, 3.287238379319509, 3.334201176961263, 3.363077696164449, 3.337725607554118, 3.3656585971514383, 3.3657147169113157, 3.2992892702420553, 3.284675141175588, 3.2962811390558877, 3.3322908679644265, 3.309465225537618, 3.2939552028973895, 3.246094520886739, 3.3572954336802163, 3.3359678109486897, 3.3353564500808717, 3.3337194482485453, 3.2867217620213824, 3.298323074976603, 3.2885494192441302, 3.3205178062121075, 3.3316900372505187, 3.327362076441447, 3.2407597661018372, 3.34349760611852, 3.3065850575764975, 3.3398749152819316, 3.278869163990021, 3.2842754165331525, 3.3520071387290953, 3.3064158240954082, 3.335321334997813, 3.3066813111305238, 3.263314672311147, 3.3113248626391094, 3.267221009731293, 3.3017622033754983, 3.3333489418029787, 3.320930715401967, 3.3029791673024493, 3.359610899289449, 3.2168076395988465, 3.2117019414901735, 3.329000763098399, 3.2790382742881774, 3.2434758146603904, 3.3616133252779643, 3.3356831431388856, 3.363794227441152, 3.3269455273946127, 3.3829647501309714, 3.3393073399861652, 3.366912317276001, 3.3442975560824078, 3.2314977327982586, 3.2983234842618305, 3.140628159046173, 3.3036206126213075, 3.318637756506602, 3.2750346581141154, 3.2933054486910502, 3.3273334582646688, 3.309722896416982, 3.352497939268748, 3.310639667510986, 3.2470800439516703, 3.304199270407359, 3.1496456901232404, 3.3056809186935423, 3.34240665435791, 3.2646085460980734, 3.2843607624371844, 3.344912588596344, 3.3362884879112245, 3.3571125745773314, 3.332743235429128, 2.097678812344869, 1.9273202737172446, 2.1144487023353578, 1.9168976227442422, 2.034687062104543, 1.8772446155548095, 2.025291840235392, 1.88493306239446, 2.068011732896169, 1.8845983624458313, 1.9988919933636984, 1.917198073863983, 2.0430294076601663, 1.927873190244039, 2.007729152838389, 1.8705937425295511, 2.0097923477490744, 1.856239374478658, 2.0359378973642985, 1.9176077802975973]]
solver time theta (mins): [[3.225972664356232, 3.267499852180481, 3.2213312943776446, 3.2881704250971477, 3.2460263768831887, 3.2638051827748615, 3.2566779613494874, 3.221610788504283, 3.1595648566881818, 3.2792859077453613, 3.275659163792928, 3.3201713085174562, 3.2679700016975404, 3.328186313311259, 3.2352781732877096, 3.2698169986406964, 3.217200529575348, 3.2878459294637046, 3.22189036210378, 3.319608235359192, 3.228594732284546, 3.287741255760193, 3.257234748204549, 3.238780677318573, 3.2385258873303733, 3.279476857185364, 3.2282084941864015, 3.2487741311391196, 3.262944749991099, 3.2596059401830035, 3.2517239848772683, 3.1655671119689943, 3.257453811168671, 3.2548595984776814, 3.2279924909273783, 3.2719109018643695, 3.248827866713206, 3.309638730684916, 3.2417416016260785, 3.312518552939097, 3.2581974625587464, 3.2787270188331603, 3.2251065651575725, 3.274716019630432, 3.230185619990031, 3.338775618871053, 3.2675312836964925, 3.2690922617912292, 3.271664623419444, 3.210320488611857, 3.1803426861763002, 3.3325300375620523, 3.22471417983373, 3.20099671681722, 3.2928164482116697, 3.3449479858080546, 3.3319081465403237, 3.3154776136080426, 3.321327857176463, 3.3329172770182294, 3.3290735920270285, 3.3426236947377523, 3.2017674088478087, 3.28188822666804, 3.086021856466929, 3.282892119884491, 3.2756508032480878, 3.2623250762621563, 3.217894458770752, 3.325335935751597, 3.2518075664838153, 3.3677158753077188, 3.2726356863975523, 3.2436481674512225, 3.251351261138916, 3.153109089533488, 3.235072910785675, 3.3588979244232178, 3.2087462266286213, 3.25495423078537, 3.3331416845321655, 3.360331424077352, 3.321015711625417, 3.3803805788358052, 3.322840372721354, 3.4003490686416624, 3.325179922580719, 3.3780542771021524, 3.267832640806834, 3.209491447607676, 3.256746220588684, 3.273977200190226, 3.3384916822115582, 3.273457690080007, 3.278325080871582, 3.3672340710957847, 3.3611745794614154, 3.3566336552302043, 3.2077582756678265, 3.3153463204701743, 3.232319219907125, 3.3056021332740784, 3.3845693945884703, 3.3665371457735698, 3.235900084177653, 3.2957454442977907, 3.297471308708191, 3.3366528431574505, 3.167760427792867, 3.3175718704859416, 3.2628286401430766, 3.3211812178293862, 3.2747093558311464, 3.344201024373372, 3.3371120850245157, 3.334861334164937, 3.3275720834732057, 3.320397472381592, 3.2834590593973796, 3.3265847126642862, 3.268442714214325, 3.3318981726964316, 3.318949051698049, 3.2542521993319196, 3.2219703912734987, 3.3582485914230347, 3.3131718834241233, 3.3358092943827313, 3.3571739037831625, 3.3367857813835142, 3.268176599343618, 3.258367578188578, 3.3115907748540243, 3.3581863403320313, 3.324572575092316, 3.244749359289805, 3.3350125829378765, 3.3281434257825215, 3.3070365746815997, 3.3298278212547303, 3.299542506535848, 3.3457507729530334, 3.3377272844314576, 3.3852423508961995, 3.3003677050272624, 3.328391722838084, 3.3032331307729086, 3.2957162936528523, 3.3148215373357135, 3.384018663565318, 3.33168527285258, 3.31111216545105, 3.353216361999512, 3.2555307149887085, 3.2386821548144025, 3.38549306790034, 3.2888155301411945, 3.291537086168925, 3.3890409111976623, 3.397174350420634, 3.3577302654584247, 3.326240829626719, 3.368540648619334, 3.3518807252248126, 3.3674930413564046, 3.340847547849019, 3.2407033880551657, 3.278973734378815, 3.1859673102696737, 3.277388008435567, 3.3333944201469423, 3.291282053788503, 3.255091102917989, 3.353870884577433, 3.336038422584534, 3.3956770737965902, 3.288142466545105, 3.2429005106290183, 3.3005956649780273, 3.2216167569160463, 3.3277661045392355, 3.3736835360527038, 3.2187547127405804, 3.268772490819295, 3.326102336247762, 3.362909499804179, 3.3377756675084433, 3.3920517206192016, 3.3566458225250244, 3.3781335671742756, 3.3587634603182477, 3.412640909353892, 3.3019063750902813, 3.1384092450141905, 3.3066831191380817, 3.255893270174662, 3.3542385697364807, 3.2859846790631613, 3.2800089200337728, 3.3290152192115783, 3.3688536802927653, 3.3250974376996356, 3.1560961524645488, 3.2978139241536457, 3.2677059729894, 3.3368454257647198, 3.3983778238296507, 3.3069375077883403, 3.284290524323781, 3.3040271480878194, 3.291744808355967, 3.312491846084595, 3.1804014603296915, 3.307760159174601, 3.277451237042745, 3.2959290226300557, 3.2839388052622476, 3.3133372108141583, 3.3619186997413637, 3.3265470544497173, 3.341192368666331, 3.300952355066935, 3.302483292420705, 3.3107847491900126, 3.3028100967407226, 3.318209207057953, 3.36377956867218, 3.256889263788859, 3.2454206109046937, 3.3417501052220664, 3.3347065448760986, 3.3573121587435404, 3.385155967871348, 3.270963493982951, 3.311854100227356, 3.3046417554219563, 3.3082031051317853, 3.263952294985453, 3.2800878485043845, 3.2812027176221212, 1.8750035285949707, 1.843936836719513, 1.8422572612762451, 1.8878513296445212, 1.909024425347646, 1.910051957766215, 1.901396429538727, 1.9060887734095255, 1.884817890326182, 1.8808627247810363, 1.8742259780565897, 1.8769753575325012, 1.8762669483820598, 1.8856695890426636, 1.8603520274162293, 1.897877824306488, 1.9048779328664145, 1.8812836011250813, 1.8987850666046142, 1.886894953250885]]
Iterations phi: [[771, 771, 786, 786, 787, 791, 785, 790, 789, 787, 771, 767, 771, 767, 786, 765, 774, 786, 786, 784, 763, 771, 768, 776, 791, 782, 762, 772, 785, 786, 782, 793, 783, 788, 782, 792, 773, 738, 773, 763, 785, 776, 772, 781, 787, 778, 748, 778, 765, 780, 793, 776, 764, 773, 777, 778, 760, 778, 770, 781, 776, 781, 782, 777, 782, 774, 770, 776, 771, 776, 783, 758, 758, 782, 773, 782, 783, 773, 772, 770, 775, 771, 772, 753, 776, 762, 759, 770, 781, 784, 777, 783, 775, 771, 772, 770, 771, 776, 780, 776, 781, 762, 769, 775, 772, 761, 783, 785, 793, 781, 792, 781, 787, 783, 763, 773, 737, 773, 780, 771, 771, 784, 774, 793, 782, 766, 779, 746, 778, 786, 761, 772, 785, 785, 782, 793, 783, 787, 781, 793, 773, 738, 773, 763, 784, 775, 771, 780, 786, 778, 748, 779, 766, 781, 793, 774, 770, 772, 771, 775, 752, 772, 769, 761, 762, 776, 783, 777, 784, 781, 770, 772, 771, 775, 775, 769, 761, 781, 776, 780, 777, 771, 773, 765, 778, 777, 779, 760, 781, 776, 781, 770, 773, 782, 777, 782, 777, 771, 776, 770, 773, 782, 782, 773, 782, 758, 758, 783, 772, 763, 786, 785, 793, 782, 791, 782, 788, 784, 763, 773, 737, 773, 781, 771, 776, 785, 776, 793, 781, 765, 778, 746, 778, 787, 771, 770, 786, 786, 790, 787, 787, 787, 790, 785, 768, 771, 767, 771, 786, 773, 767, 786, 785, 791, 776, 768, 775, 763, 784, 786]]
Iterations theta: [[771, 771, 772, 771, 771, 766, 775, 759, 758, 772, 782, 782, 782, 783, 772, 771, 771, 771, 771, 776, 772, 776, 778, 767, 772, 771, 773, 769, 776, 771, 775, 752, 778, 768, 771, 769, 776, 783, 777, 783, 776, 771, 772, 770, 772, 782, 782, 775, 782, 759, 762, 782, 772, 758, 784, 784, 793, 781, 792, 781, 787, 782, 763, 774, 744, 775, 781, 771, 772, 783, 774, 793, 782, 766, 778, 748, 773, 786, 770, 771, 786, 787, 784, 793, 783, 790, 786, 790, 772, 754, 772, 766, 786, 766, 775, 786, 787, 781, 761, 777, 765, 777, 791, 780, 766, 773, 773, 777, 751, 776, 769, 773, 771, 778, 782, 777, 782, 776, 770, 774, 771, 776, 782, 759, 758, 782, 774, 782, 782, 773, 773, 766, 777, 774, 776, 754, 778, 771, 773, 770, 776, 782, 777, 782, 776, 771, 774, 770, 772, 782, 782, 773, 782, 758, 759, 782, 771, 770, 787, 786, 792, 785, 790, 786, 790, 784, 766, 772, 753, 772, 786, 775, 768, 786, 781, 791, 777, 765, 777, 759, 781, 787, 758, 771, 784, 785, 781, 793, 782, 787, 781, 793, 775, 744, 774, 763, 782, 770, 771, 781, 786, 774, 748, 778, 766, 782, 792, 774, 769, 773, 771, 777, 749, 775, 767, 770, 767, 778, 783, 777, 784, 777, 770, 772, 771, 776, 782, 762, 758, 782, 775, 782, 782, 772, 771, 771, 771, 772, 767, 771, 772, 759, 759, 775, 783, 782, 782, 782, 771, 771, 771, 772, 771, 772, 766, 779, 778, 772, 776, 771]]
Total parallel time (mins): 47.97091964483261
Cext: [[ -2.16998570e-14   4.10615170e-14  -2.40480620e-14   2.94930736e-14
   -2.23957924e-15   5.54281866e-14  -6.38711188e-14   3.84118960e-14
   -1.17047488e-14   4.18622933e-14  -6.38360515e-14   2.47219097e-14
    2.01435832e-14   8.01787286e-14  -3.80357718e-14   3.32068144e-14
   -4.20393442e-14   5.72783764e-14  -5.43904600e-14   8.39536293e-15
    1.45444089e-14   4.86394910e-14  -4.37041534e-14  -1.04517956e-14
    1.34631015e-15   8.86246747e-14]
 [ -2.85434782e-14   4.40944779e-14  -3.00940135e-14   5.06785945e-14
   -6.41542346e-14  -5.11971120e-15  -9.86911786e-14   1.14541166e-14
    4.30713456e-14   3.88127414e-14  -6.95856909e-14   5.89291069e-15
   -4.49721197e-14   5.61091565e-14  -6.99088341e-14   1.81879501e-14
   -3.01373718e-14   8.56621402e-14  -3.95399887e-14  -2.07670270e-14
    2.64502249e-14   7.84037303e-14   1.24475621e-14   1.73517329e-14
   -5.01711729e-14   1.22267814e-13]
 [ -5.33027968e-15   3.93129294e-14  -5.00265909e-14   8.00327553e-14
    1.08895492e-14   7.99513938e-14  -5.21428870e-14  -4.94126440e-15
   -5.51183707e-15   1.40789681e-13  -4.69705503e-14   4.53689301e-14
    2.78510078e-14   7.96204052e-14  -9.52176709e-14   3.72726325e-14
   -6.21123057e-15   9.79207112e-14  -1.26666229e-13   4.05570361e-14
   -2.16950340e-15   1.97022503e-14  -1.42813574e-14  -1.22181941e-14
    8.13227921e-14   5.71455120e-14]
 [ -2.91430141e-14   4.62051735e-14  -1.60388340e-14   3.04447745e-14
   -4.95820474e-14   5.74074582e-14  -5.78595023e-14   3.79066117e-14
   -6.84886244e-15   1.86957782e-14  -6.16214851e-14   7.56854915e-14
   -2.43434006e-14   7.81215965e-14  -2.92736340e-14   1.21937813e-14
   -3.59487657e-14   8.54975066e-14  -3.39061970e-14   8.14332151e-15
    1.03410573e-14   6.32375439e-14  -1.71120151e-14   1.39488664e-14
   -1.71457668e-14   7.38517980e-14]
 [ -1.72164891e-14   4.43629332e-14  -4.85520345e-14   6.36295061e-14
    1.64092255e-14   7.12023127e-14  -5.50848315e-14  -2.27881833e-14
    6.12427993e-15   1.26569995e-13  -4.41821701e-14   5.06465559e-14
    1.06763576e-14   8.83588360e-14  -8.20225744e-14   5.60496014e-14
   -3.88063936e-14   9.29459525e-14  -1.14609400e-13   6.75312358e-14
   -1.82943543e-15   2.65668366e-14  -3.17379366e-14  -1.46840228e-14
    3.24622517e-14   6.06361322e-14]
 [ -3.40070683e-14   2.78905834e-14  -3.91307450e-14   4.88044703e-14
   -6.64082308e-14  -5.24208768e-15  -1.02383238e-13   5.79710233e-15
    4.30534862e-14   3.84014783e-14  -6.91218956e-14   1.33407025e-15
   -4.10270001e-14   6.16762363e-14  -7.16290242e-14   2.60604547e-14
   -3.96043684e-14   8.88556803e-14  -4.95425793e-14  -2.02827893e-14
    2.60003355e-14   5.95867881e-14  -1.64793974e-14   1.99248346e-14
   -5.31673975e-14   1.25043347e-13]
 [ -3.45641540e-14   5.52932870e-14  -2.11357023e-14   3.01238126e-14
   -5.51039327e-14   6.55021500e-14  -3.63872153e-14   1.48970342e-14
   -3.30304963e-14   1.14430749e-13  -7.48056588e-14   4.37781193e-14
   -6.22411742e-14   8.43164309e-14  -8.32673081e-14   5.25466259e-14
    2.08854395e-15   4.01195228e-14  -7.49390655e-14   2.87456017e-14
    8.74543715e-16   3.19204009e-14  -1.57852380e-14  -1.06012905e-15
    7.04361005e-15   4.12253996e-14]
 [ -1.99723830e-14   3.72240193e-14  -5.06648386e-14   6.12954234e-14
   -4.32826524e-14   1.73648375e-14  -1.15820389e-13   1.69378561e-14
    3.16443046e-14   5.75409642e-14  -6.76837282e-14  -1.17043635e-14
   -3.23579403e-14   6.93345038e-14  -8.98682410e-14   2.93691946e-14
   -2.20065464e-14   1.03331883e-13  -4.26743580e-14  -6.22795873e-14
    2.22594691e-14   4.47193457e-14  -1.27452704e-14   1.97797877e-14
   -4.23620505e-14   1.32976139e-13]
 [ -3.59567390e-14   4.24192448e-14  -4.05207830e-14   5.96892062e-14
    8.93177252e-15   8.21705227e-14  -4.53813480e-14  -2.53046934e-14
   -6.45120784e-16   1.09947335e-13  -4.12806068e-14   5.47803913e-14
    8.10537195e-15   8.95912612e-14  -8.12986531e-14   4.91643759e-14
   -1.52465431e-14   9.40020498e-14  -1.13248785e-13   6.12772537e-14
    3.98815063e-15  -4.43625635e-15  -3.83030151e-14  -1.41809000e-14
    2.63094308e-14   5.25655993e-14]
 [ -2.16708458e-14   4.12564383e-14  -2.29118529e-14   3.73326411e-14
   -7.13175254e-14   2.86824195e-14  -2.36979506e-14   2.70536653e-14
   -2.71258560e-14   7.50623996e-14  -7.18982254e-14  -7.58208454e-16
   -2.47809762e-14   8.75073379e-14  -5.04866812e-14   4.97509883e-14
   -2.66213833e-14   5.02878897e-14  -7.98291571e-14  -4.36206586e-16
    1.73369301e-14   5.51092597e-14  -4.54637396e-14  -2.07624075e-15
    9.70161305e-15   6.12537242e-14]]
Csca: [[  1.01953713e-17   9.81240052e-18   1.56842721e-17   1.50145549e-17
    1.50575401e-17   1.43397592e-17   1.62398571e-17   1.45761610e-17
    1.42011749e-17   1.51405494e-17   1.06369137e-17   1.48580867e-17
    1.51010781e-17   1.00834368e-17   1.45874132e-17   1.07210487e-17
    1.04548315e-17   1.41037288e-17   1.27998023e-17   1.64918900e-17
    1.00562210e-17   1.48227743e-17   1.37665535e-17   9.90219984e-18
    1.50666488e-17   1.29500318e-17]
 [  9.76049355e-18   9.25872228e-18   1.63068943e-17   1.46646707e-17
    1.47007195e-17   1.21506331e-17   1.61390559e-17   1.43916979e-17
    1.57972617e-17   1.44657853e-17   1.02150996e-17   1.43929971e-17
    1.48383111e-17   1.04206866e-17   1.54621958e-17   1.10817127e-17
    1.01658937e-17   1.37606210e-17   1.28307740e-17   1.64220453e-17
    9.44156099e-18   1.49569672e-17   1.35779178e-17   1.10256798e-17
    1.34299451e-17   1.29081131e-17]
 [  9.82338437e-18   9.59907950e-18   1.47713766e-17   1.62858663e-17
    1.17915031e-17   1.47734284e-17   1.42556736e-17   1.60424980e-17
    1.43782616e-17   1.65930264e-17   1.03547009e-17   1.42798019e-17
    1.40082706e-17   1.02099077e-17   1.42966900e-17   1.03269944e-17
    1.11366824e-17   1.54181820e-17   1.28566650e-17   1.31150205e-17
    1.07259586e-17   1.34997017e-17   1.47803037e-17   9.71695452e-18
    1.73165696e-17   1.34226595e-17]
 [  1.01859160e-17   9.14121867e-18   1.59390448e-17   1.47673130e-17
    1.51314208e-17   1.29988359e-17   1.64437655e-17   1.47493681e-17
    1.45218827e-17   1.48923843e-17   9.93601324e-18   1.45600261e-17
    1.48664970e-17   1.03375790e-17   1.47175309e-17   1.06410836e-17
    1.03703605e-17   1.35923523e-17   1.27550611e-17   1.69671160e-17
    9.34924381e-18   1.45669734e-17   1.35313581e-17   1.02423833e-17
    1.49989866e-17   1.22226206e-17]
 [  9.22970230e-18   9.74398683e-18   1.46880993e-17   1.62100316e-17
    1.19725804e-17   1.44902408e-17   1.44261816e-17   1.59313473e-17
    1.42814475e-17   1.62603478e-17   1.05760416e-17   1.45093562e-17
    1.43480395e-17   1.03230958e-17   1.33897848e-17   1.00135374e-17
    1.06306697e-17   1.53444576e-17   1.27709338e-17   1.35127127e-17
    1.10480194e-17   1.35922618e-17   1.50662381e-17   9.53548105e-18
    1.65366506e-17   1.32699260e-17]
 [  9.78173362e-18   9.26502168e-18   1.62699965e-17   1.46500448e-17
    1.46627291e-17   1.20210823e-17   1.61829012e-17   1.42870723e-17
    1.59159711e-17   1.27275991e-17   1.02901745e-17   1.43758351e-17
    1.47713140e-17   1.04008979e-17   1.53090884e-17   1.12985439e-17
    1.02276673e-17   1.32965629e-17   1.32090845e-17   1.64317202e-17
    9.52244420e-18   1.53144279e-17   1.35438462e-17   1.07290423e-17
    1.32731284e-17   1.27568138e-17]
 [  9.16512269e-18   1.01825794e-17   1.45406074e-17   1.57745358e-17
    1.43177379e-17   1.54037072e-17   1.48391978e-17   1.44933273e-17
    1.45450635e-17   1.63103681e-17   1.03800307e-17   1.47720293e-17
    1.45354213e-17   9.88888223e-18   1.35853232e-17   1.04123920e-17
    1.03778341e-17   1.46648181e-17   1.26333863e-17   1.49992683e-17
    1.01274383e-17   1.34465410e-17   1.44968678e-17   9.66437519e-18
    1.70204786e-17   1.27828674e-17]
 [  9.66518737e-18   9.36291726e-18   1.64813062e-17   1.47193265e-17
    1.46658654e-17   1.20254102e-17   1.65548361e-17   1.44097534e-17
    1.60568333e-17   1.26784957e-17   1.02279961e-17   1.40429428e-17
    1.43785331e-17   1.02472840e-17   1.52601146e-17   1.06744120e-17
    1.04124271e-17   1.41343468e-17   1.35376541e-17   1.70687104e-17
    9.74371917e-18   1.47084058e-17   1.34925385e-17   1.06679793e-17
    1.42884898e-17   1.27967264e-17]
 [  9.23909237e-18   9.75460919e-18   1.47906374e-17   1.61316215e-17
    1.21490160e-17   1.48138168e-17   1.42971608e-17   1.56617048e-17
    1.44166673e-17   1.60261355e-17   1.06396905e-17   1.46329349e-17
    1.37252289e-17   1.02832069e-17   1.37534530e-17   9.96308971e-18
    1.08914463e-17   1.54621079e-17   1.29512991e-17   1.36991112e-17
    1.06870980e-17   1.36475329e-17   1.48433398e-17   9.46817522e-18
    1.64303231e-17   1.27775545e-17]
 [  9.78696218e-18   1.01559175e-17   1.50396281e-17   1.56139615e-17
    1.44181326e-17   1.49193709e-17   1.50443896e-17   1.41279322e-17
    1.43845717e-17   1.64479566e-17   1.01396641e-17   1.51013796e-17
    1.47886182e-17   1.05936319e-17   1.41050193e-17   1.04461962e-17
    1.07561363e-17   1.45152667e-17   1.26981143e-17   1.48232681e-17
    9.87341403e-18   1.36218995e-17   1.37909328e-17   1.00235126e-17
    1.63159386e-17   1.27968740e-17]]
Cbsca: [[  1.45600185e-17   1.42617913e-17   2.35057629e-17   2.22550377e-17
    2.22105993e-17   2.07164256e-17   2.46107681e-17   2.12562117e-17
    2.06435487e-17   2.25208788e-17   1.44750579e-17   2.25323999e-17
    2.26122222e-17   1.36828195e-17   2.13202686e-17   1.54494299e-17
    1.49338291e-17   2.07134972e-17   1.84322200e-17   2.46791910e-17
    1.34924741e-17   2.21367078e-17   2.08192270e-17   1.32778365e-17
    2.33882489e-17   1.86234742e-17]
 [  1.41644920e-17   1.38120113e-17   2.44553215e-17   2.14979957e-17
    2.17748969e-17   1.76425099e-17   2.45550773e-17   2.06608223e-17
    2.23688584e-17   2.19490565e-17   1.39007051e-17   2.16026688e-17
    2.20279393e-17   1.39290372e-17   2.27421928e-17   1.54616949e-17
    1.43333600e-17   2.04037934e-17   1.84224272e-17   2.44882530e-17
    1.27855750e-17   2.20692995e-17   1.97730709e-17   1.43459925e-17
    2.03041616e-17   1.83962074e-17]
 [  1.43593594e-17   1.38538361e-17   2.15805341e-17   2.38144383e-17
    1.71302950e-17   2.18338416e-17   2.07205551e-17   2.24092740e-17
    2.06277654e-17   2.47169452e-17   1.40886826e-17   2.12605893e-17
    2.08153183e-17   1.38576823e-17   2.07597862e-17   1.46630716e-17
    1.52541591e-17   2.24728833e-17   1.84152470e-17   1.99726118e-17
    1.38860156e-17   1.96749568e-17   2.18782811e-17   1.30281861e-17
    2.57518352e-17   1.87623353e-17]
 [  1.49586175e-17   1.36672303e-17   2.41237645e-17   2.18209391e-17
    2.23521747e-17   1.84785575e-17   2.52737891e-17   2.15735069e-17
    2.09918936e-17   2.23643562e-17   1.38946729e-17   2.22737115e-17
    2.23011040e-17   1.36162635e-17   2.18266283e-17   1.54014414e-17
    1.48348479e-17   2.03048642e-17   1.82939583e-17   2.57186276e-17
    1.30117391e-17   2.14183721e-17   2.01809037e-17   1.35310829e-17
    2.30967007e-17   1.77052425e-17]
 [  1.34688502e-17   1.41731671e-17   2.15333452e-17   2.35506785e-17
    1.73063804e-17   2.13200609e-17   2.09177154e-17   2.20905658e-17
    2.05738371e-17   2.42620385e-17   1.41565879e-17   2.14614265e-17
    2.14574637e-17   1.38836239e-17   1.93767408e-17   1.41054772e-17
    1.53511221e-17   2.23110721e-17   1.85268269e-17   2.07611357e-17
    1.43090449e-17   1.99012272e-17   2.24880275e-17   1.29665639e-17
    2.44615310e-17   1.87016545e-17]
 [  1.40155864e-17   1.37429115e-17   2.40875918e-17   2.14115157e-17
    2.16317970e-17   1.73627257e-17   2.45905280e-17   2.04224703e-17
    2.22950722e-17   1.93087659e-17   1.39769435e-17   2.15950304e-17
    2.18787672e-17   1.38853532e-17   2.25143858e-17   1.53728121e-17
    1.43969869e-17   1.97488596e-17   1.89549759e-17   2.45003304e-17
    1.28210906e-17   2.22011826e-17   1.98956459e-17   1.41359459e-17
    1.99063899e-17   1.81203504e-17]
 [  1.32277580e-17   1.45017508e-17   2.15176210e-17   2.32876929e-17
    2.02857628e-17   2.19158781e-17   2.19276990e-17   2.10113702e-17
    2.11609204e-17   2.38297702e-17   1.34782899e-17   2.20656560e-17
    2.22948888e-17   1.37655802e-17   1.95713176e-17   1.44871216e-17
    1.50939485e-17   2.15054840e-17   1.85277501e-17   2.31592443e-17
    1.34333053e-17   1.97399944e-17   2.20584554e-17   1.32649085e-17
    2.50655744e-17   1.81515932e-17]
 [  1.39659088e-17   1.37978135e-17   2.43951239e-17   2.14211833e-17
    2.10907443e-17   1.69389819e-17   2.52117241e-17   2.06273942e-17
    2.25771209e-17   1.92423336e-17   1.38267448e-17   2.10611080e-17
    2.13420359e-17   1.37154812e-17   2.23163774e-17   1.48320457e-17
    1.47847326e-17   2.09293448e-17   1.93335967e-17   2.49503714e-17
    1.29771709e-17   2.15915713e-17   1.98826551e-17   1.39135135e-17
    2.14317414e-17   1.83725441e-17]
 [  1.33623783e-17   1.40382736e-17   2.16940317e-17   2.33989146e-17
    1.75646184e-17   2.13866839e-17   2.07716205e-17   2.19556952e-17
    2.08039985e-17   2.38948734e-17   1.39985397e-17   2.16816028e-17
    2.04343564e-17   1.38933294e-17   1.98837260e-17   1.41077520e-17
    1.55760825e-17   2.25196468e-17   1.88286216e-17   2.09696589e-17
    1.43027380e-17   1.97560151e-17   2.23606720e-17   1.29508950e-17
    2.42464813e-17   1.81721433e-17]
 [  1.41071239e-17   1.45888556e-17   2.23559334e-17   2.29533014e-17
    2.10213924e-17   2.13922388e-17   2.27082791e-17   2.07891020e-17
    2.10356069e-17   2.45348995e-17   1.36653782e-17   2.20901369e-17
    2.20324042e-17   1.40464730e-17   2.05130671e-17   1.47619131e-17
    1.55604749e-17   2.10725919e-17   1.84301195e-17   2.24776088e-17
    1.31522920e-17   2.01841724e-17   2.10317932e-17   1.33701328e-17
    2.42657212e-17   1.82719456e-17]]
g: [[  8.18992558e-03   3.31164220e-03  -7.50584954e-03  -1.38113260e-03
   -8.19264049e-03   5.98274152e-03  -6.13420819e-03  -6.64987408e-03
   -5.33607300e-03   2.72077770e-03  -2.04205649e-03  -9.76170220e-03
   -3.03901337e-03   2.74844583e-03   5.26625738e-03  -1.26674000e-02
   -1.24652449e-02   3.62115446e-03   1.13452164e-03   6.99636274e-05
   -7.84088930e-03  -7.21773364e-03  -1.30681088e-02  -3.28011241e-03
   -1.88862169e-02   5.52763033e-03]
 [  2.83927668e-03  -7.75387278e-03  -1.26884046e-02   2.21339333e-04
   -1.13659244e-02   6.06187296e-03  -8.05049842e-03  -6.58157488e-03
   -1.00097510e-02  -6.59506874e-03   1.13579078e-03  -4.01279699e-03
    2.46551445e-03   5.11569626e-03   2.33286865e-03  -8.45106338e-03
   -5.67819636e-03  -6.96918671e-04  -4.22347260e-04   1.14187376e-03
   -4.60622628e-03  -4.39910031e-03   4.85386096e-03  -5.12408770e-03
   -4.66947928e-03   9.08939222e-03]
 [ -1.72652894e-03   5.98280963e-03  -1.59676062e-03  -9.16704526e-04
    6.25066152e-03  -1.12072241e-02   1.50319366e-02  -4.25563986e-03
   -7.12959961e-03   2.86799283e-03   2.69730813e-04   1.63498168e-03
    1.38409750e-03   1.21286708e-03   9.76232585e-03  -7.10818427e-03
   -1.76331205e-03   7.61822617e-03   6.32154039e-03  -8.92087490e-03
    3.03817706e-04   4.04657609e-03  -4.79034089e-03  -6.25193678e-03
    1.92889778e-03   1.16567605e-02]
 [ -5.37491202e-03  -4.77806862e-03  -1.37552446e-02  -4.13218100e-05
   -1.05535850e-02   1.47555410e-02  -1.31528343e-02  -1.04298715e-02
   -4.83265390e-03  -2.01456030e-03  -8.32827519e-04  -1.49385967e-02
   -3.27003656e-03   1.11524337e-02  -2.29991937e-03  -1.08692298e-02
   -1.37332269e-02  -4.77579610e-03  -1.16446862e-04  -6.81777244e-03
   -1.11747832e-02   1.65044227e-03  -5.76988336e-03  -1.67575380e-03
   -1.45621910e-02   4.77787316e-03]
 [  2.17515824e-03   2.06593815e-03  -4.72850352e-04   3.23586734e-03
    8.42905235e-03  -8.36707246e-03   1.59056062e-02  -2.23148857e-03
   -8.15586291e-03   1.76214785e-03   3.13432523e-03   4.70078243e-03
   -1.98750902e-03   3.09124843e-03   1.10836659e-02  -4.15426631e-03
   -2.44585997e-02   9.05002143e-03  -6.41600292e-04  -1.31575160e-02
   -1.85497899e-03   1.69708317e-03  -9.68716498e-03  -8.03396970e-03
    5.18411611e-03   7.17687314e-03]
 [  8.55119893e-03  -7.58340234e-03  -6.17393065e-03   1.58232939e-03
   -9.19116528e-03   8.79965404e-03  -7.31168187e-03  -4.47430704e-03
   -6.85415838e-03  -5.99473445e-03   4.18972567e-04  -4.17640021e-03
    3.72864453e-03   6.81529541e-03   3.42312475e-03  -4.62318535e-03
   -3.38039055e-03  -1.52877067e-03  -7.70087367e-04   1.13569659e-03
   -4.24906121e-03   3.61105838e-03   2.71480108e-04  -5.71727807e-03
   -7.33728641e-04   9.80342062e-03]
 [  1.23986588e-02   9.22399726e-03  -8.38413691e-04  -1.05283174e-03
    1.39604562e-02   6.94389816e-03   5.93263592e-03  -7.62494916e-03
   -7.18664010e-03   1.21010669e-02   1.42959024e-02  -1.12470694e-03
   -1.60307049e-02   2.16649730e-03   1.31592151e-02  -1.34550921e-03
   -1.03553714e-02   3.26685654e-03  -2.07076151e-03  -1.59933052e-02
    1.92373813e-04   2.29192326e-03  -1.50061346e-02  -8.44702150e-03
    7.79700370e-03   4.65508328e-03]
 [  4.50068482e-03  -7.24287567e-03  -6.74536034e-03   5.81491838e-04
    2.62919401e-03   1.93813346e-02  -8.27071857e-03  -6.38420886e-03
   -7.36181914e-03  -6.04510572e-03   1.14523635e-03  -3.21203990e-03
    3.04913222e-03   8.15396975e-03   6.51841828e-03  -3.31292344e-03
   -8.62809691e-03   5.13814873e-04   1.50359825e-03   1.03942270e-02
   -3.83142550e-03  -8.91024667e-04  -1.28316834e-03  -4.32669290e-03
   -1.19311025e-03   5.53319858e-03]
 [  9.22024797e-03   7.40057573e-03  -1.48487002e-04   4.04304818e-03
    8.06145158e-03   7.31816792e-04   1.48603337e-02  -4.73405798e-03
   -9.03839882e-03   1.88485843e-03   7.77991536e-03   3.65040935e-03
   -3.87845353e-05   1.66099921e-03   1.19627861e-02  -5.96859238e-03
   -1.74162595e-02   7.23364846e-03  -5.07337494e-04  -1.11859393e-02
   -2.37723882e-03   7.64816475e-03  -1.34997108e-02  -8.74247618e-03
    6.39004832e-03   4.37324705e-03]
 [  7.81778290e-03   7.62872443e-03  -3.08920171e-03   2.15611014e-03
   -6.46456225e-04   6.14404315e-03  -4.77398275e-03  -1.14516917e-02
   -7.09699873e-03   1.77162946e-03   4.77180535e-03   8.40717902e-03
   -7.30600092e-04   1.00409776e-02   8.51883916e-03  -6.55882126e-03
   -1.69924987e-02   8.91198250e-03   1.68211826e-03  -6.88030234e-03
   -8.36957505e-04  -2.95656636e-03  -1.63118692e-02  -4.94336638e-03
    3.30206667e-03   5.40162025e-03]]
w: [[ -4.69835878e-04   2.38968290e-04  -6.52205239e-04   5.09087492e-04
   -6.72337902e-03   2.58708793e-04  -2.54259788e-04   3.79469970e-04
   -1.21328319e-03   3.61675107e-04  -1.66628629e-04   6.01008855e-04
    7.49671891e-04   1.25761994e-04  -3.83518266e-04   3.22856886e-04
   -2.48691593e-04   2.46231295e-04  -2.35331754e-04   1.96440466e-03
    6.91414898e-04   3.04747726e-04  -3.14994170e-04  -9.47416137e-04
    1.11910683e-02   1.46122193e-04]
 [ -3.41951793e-04   2.09974643e-04  -5.41865055e-04   2.89366169e-04
   -2.29146519e-04  -2.37330440e-03  -1.63530886e-04   1.25646511e-03
    3.66769635e-04   3.72707127e-04  -1.46798852e-04   2.44242581e-03
   -3.29944668e-04   1.85721677e-04  -2.21176565e-04   6.09288714e-04
   -3.37318522e-04   1.60638305e-04  -3.24501206e-04  -7.90774977e-04
    3.56955793e-04   1.90768566e-04   1.09080940e-03   6.35422404e-04
   -2.67682502e-04   1.05572453e-04]
 [ -1.84293976e-03   2.44171056e-04  -2.95270502e-04   2.03490012e-04
    1.08282748e-03   1.84780123e-04  -2.73396325e-04  -3.24663825e-03
   -2.60861513e-03   1.17856836e-04  -2.20450918e-04   3.14748482e-04
    5.02971766e-04   1.28232300e-04  -1.50147446e-04   2.77066407e-04
   -1.79299131e-03   1.57455780e-04  -1.01500338e-04   3.23372262e-04
   -4.94396947e-03   6.85185775e-04  -1.03493690e-03  -7.95285660e-04
    2.12936240e-04   2.34885628e-04]
 [ -3.49514844e-04   1.97839722e-04  -9.93778276e-04   4.85052465e-04
   -3.05179427e-04   2.26431135e-04  -2.84201641e-04   3.89097506e-04
   -2.12033500e-03   7.96564023e-04  -1.61242677e-04   1.92375392e-04
   -6.10699270e-04   1.32326776e-04  -5.02757224e-04   8.72664795e-04
   -2.88476120e-04   1.58979517e-04  -3.76186722e-04   2.08356209e-03
    9.04089736e-04   2.30353245e-04  -7.90751877e-04   7.34280693e-04
   -8.74792409e-04   1.65502004e-04]
 [ -5.36096659e-04   2.19642529e-04  -3.02522840e-04   2.54756521e-04
    7.29624955e-04   2.03508008e-04  -2.61890274e-04  -6.99105629e-04
    2.33193904e-03   1.28469214e-04  -2.39373521e-04   2.86482584e-04
    1.34390773e-03   1.16831505e-04  -1.63245117e-04   1.78654926e-04
   -2.73941192e-04   1.65090111e-04  -1.11430073e-04   2.00095742e-04
   -6.03903218e-03   5.11625153e-04  -4.74707548e-04  -6.49377977e-04
    5.09411693e-04   2.18845193e-04]
 [ -2.87638250e-04   3.32191749e-04  -4.15785503e-04   3.00178339e-04
   -2.20796864e-04  -2.29318604e-03  -1.58062018e-04   2.46451959e-03
    3.69679033e-04   3.31435134e-04  -1.48869970e-04   1.07759206e-02
   -3.60038851e-04   1.68637039e-04  -2.13727446e-04   4.33551297e-04
   -2.58245940e-04   1.49642238e-04  -2.66620847e-04  -8.10131191e-04
    3.66243128e-04   2.57010461e-04  -8.21865381e-04   5.38475850e-04
   -2.49647886e-04   1.02019133e-04]
 [ -2.65162650e-04   1.84155798e-04  -6.87964244e-04   5.23656683e-04
   -2.59831508e-04   2.35163384e-04  -4.07813503e-04   9.72900185e-04
   -4.40352556e-04   1.42534836e-04  -1.38759967e-04   3.37429509e-04
   -2.33533854e-04   1.17282979e-04  -1.63153145e-04   1.98155292e-04
    4.96893260e-03   3.65528228e-04  -1.68582117e-04   5.21793507e-04
    1.15802539e-02   4.21252261e-04  -9.18381331e-04  -9.11622521e-03
    2.41644249e-03   3.10072615e-04]
 [ -4.83927601e-04   2.51528917e-04  -3.25300675e-04   2.40137447e-04
   -3.38839342e-04   6.92514988e-04  -1.42935421e-04   8.50742461e-04
    5.07416217e-04   2.20338604e-04  -1.51114550e-04  -1.19980406e-03
   -4.44358727e-04   1.47794870e-04  -1.69805422e-04   3.63456070e-04
   -4.73151347e-04   1.36785921e-04  -3.17231582e-04  -2.74065888e-04
    4.37733673e-04   3.28904763e-04  -1.05863101e-03   5.39337402e-04
   -3.37294575e-04   9.62332527e-05]
 [ -2.56950230e-04   2.29957163e-04  -3.65013612e-04   2.70260278e-04
    1.36020213e-03   1.80281399e-04  -3.15044869e-04  -6.18924900e-04
   -2.23472373e-02   1.45761928e-04  -2.57740651e-04   2.67119942e-04
    1.69334966e-03   1.14779129e-04  -1.69171966e-04   2.02648555e-04
   -7.14355132e-04   1.64486923e-04  -1.14361484e-04   2.23559484e-04
    2.67971272e-03  -3.07636256e-03  -3.87524056e-04  -6.67670969e-04
    6.24503175e-04   2.43078262e-04]
 [ -4.51618836e-04   2.46165638e-04  -6.56412564e-04   4.18238866e-04
   -2.02168156e-04   5.20157334e-04  -6.34839267e-04   5.22218782e-04
   -5.30290057e-04   2.19123778e-04  -1.41028016e-04  -1.99171870e-02
   -5.96773027e-04   1.21059927e-04  -2.79380997e-04   2.09969621e-04
   -4.04041225e-04   2.88643385e-04  -1.59066120e-04  -3.39822198e-02
    5.69501864e-04   2.47179866e-04  -3.03339164e-04  -4.82772171e-03
    1.68177585e-03   2.08915853e-04]]
