1.514732e-18
1.514726e-18
1.514716e-18
1.514702e-18
1.514684e-18
1.514661e-18
1.514634e-18
1.514603e-18
1.514567e-18
1.514527e-18
1.514483e-18
1.514435e-18
1.514382e-18
1.514325e-18
1.514263e-18
1.514198e-18
1.514127e-18
1.514053e-18
1.513975e-18
1.513892e-18
1.513804e-18
1.513713e-18
1.513617e-18
1.513517e-18
1.513413e-18
1.513304e-18
1.513191e-18
1.513074e-18
1.512952e-18
1.512826e-18
1.512696e-18
1.512562e-18
1.512423e-18
1.512280e-18
1.512133e-18
1.511981e-18
1.511826e-18
1.511665e-18
1.511501e-18
1.511333e-18
1.511160e-18
1.510983e-18
1.510801e-18
1.510616e-18
1.510426e-18
1.510231e-18
1.510033e-18
1.509830e-18
1.509624e-18
1.509412e-18
1.509197e-18
1.508977e-18
1.508753e-18
1.508525e-18
1.508293e-18
1.508057e-18
1.507816e-18
1.507571e-18
1.507321e-18
1.507068e-18
1.506810e-18
1.506549e-18
1.506282e-18
1.506012e-18
1.505738e-18
1.505459e-18
1.505176e-18
1.504889e-18
1.504598e-18
1.504302e-18
1.504003e-18
1.503699e-18
1.503391e-18
1.503079e-18
1.502763e-18
1.502442e-18
1.502118e-18
1.501789e-18
1.501456e-18
1.501119e-18
1.500778e-18
1.500432e-18
1.500083e-18
1.499729e-18
1.499371e-18
1.499010e-18
1.498644e-18
1.498274e-18
1.497899e-18
1.497521e-18
1.497139e-18
1.496752e-18
1.496362e-18
1.495967e-18
1.495568e-18
1.495165e-18
1.494759e-18
1.494348e-18
1.493933e-18
1.493514e-18
1.493090e-18
1.492663e-18
1.492232e-18
1.491797e-18
1.491358e-18
1.490914e-18
1.490467e-18
1.490016e-18
1.489561e-18
1.489101e-18
1.488638e-18
1.488171e-18
1.487699e-18
1.487224e-18
1.486745e-18
1.486262e-18
1.485775e-18
1.485284e-18
1.484788e-18
1.484289e-18
1.483787e-18
1.483280e-18
1.482769e-18
1.482254e-18
1.481736e-18
1.481213e-18
1.480687e-18
1.480156e-18
1.479622e-18
1.479084e-18
1.478542e-18
1.477996e-18
1.477447e-18
1.476893e-18
1.476336e-18
1.475774e-18
1.475209e-18
1.474640e-18
1.474068e-18
1.473491e-18
1.472911e-18
1.472327e-18
1.471739e-18
1.471147e-18
1.470552e-18
1.469953e-18
1.469350e-18
1.468743e-18
1.468132e-18
1.467518e-18
1.466900e-18
1.466278e-18
1.465653e-18
1.465024e-18
1.464391e-18
1.463754e-18
1.463114e-18
1.462470e-18
1.461823e-18
1.461172e-18
1.460517e-18
1.459858e-18
1.459196e-18
1.458530e-18
1.457861e-18
1.457188e-18
1.456511e-18
1.455831e-18
1.455147e-18
1.454460e-18
1.453769e-18
1.453074e-18
1.452376e-18
1.451674e-18
1.450969e-18
1.450260e-18
1.449548e-18
1.448832e-18
1.448113e-18
1.447390e-18
1.446664e-18
1.445934e-18
1.445201e-18
1.444465e-18
1.443724e-18
1.442981e-18
1.442234e-18
1.441484e-18
1.440730e-18
1.439972e-18
1.439212e-18
1.438448e-18
1.437680e-18
1.436910e-18
1.436136e-18
1.435358e-18
1.434577e-18
1.433793e-18
1.433006e-18
1.432215e-18
1.431421e-18
1.430623e-18
1.429823e-18
1.429019e-18
1.428212e-18
1.427401e-18
1.426588e-18
1.425771e-18
1.424950e-18
1.424127e-18
1.423301e-18
1.422471e-18
1.421638e-18
1.420802e-18
1.419962e-18
1.419120e-18
1.418274e-18
1.417426e-18
1.416574e-18
1.415719e-18
1.414861e-18
1.414000e-18
1.413136e-18
1.412268e-18
1.411398e-18
1.410525e-18
1.409648e-18
1.408769e-18
1.407886e-18
1.407001e-18
1.406112e-18
1.405221e-18
1.404326e-18
1.403429e-18
1.402529e-18
1.401625e-18
1.400719e-18
1.399810e-18
1.398898e-18
1.397983e-18
1.397065e-18
1.396145e-18
1.395221e-18
1.394295e-18
1.393365e-18
1.392433e-18
1.391498e-18
1.390561e-18
1.389620e-18
1.388677e-18
1.387731e-18
1.386782e-18
1.385831e-18
1.384876e-18
1.383919e-18
1.382959e-18
1.381997e-18
1.381032e-18
1.380064e-18
1.379094e-18
1.378121e-18
1.377145e-18
1.376166e-18
1.375185e-18
1.374202e-18
1.373216e-18
1.372227e-18
1.371235e-18
1.370241e-18
1.369245e-18
1.368246e-18
1.367244e-18
1.366240e-18
1.365234e-18
1.364225e-18
1.363213e-18
1.362199e-18
1.361183e-18
1.360164e-18
1.359143e-18
1.358119e-18
1.357093e-18
1.356065e-18
1.355034e-18
1.354001e-18
1.352965e-18
1.351927e-18
1.350887e-18
1.349844e-18
1.348800e-18
1.347752e-18
1.346703e-18
1.345651e-18
1.344598e-18
1.343541e-18
1.342483e-18
1.341423e-18
1.340360e-18
1.339295e-18
1.338228e-18
1.337159e-18
1.336087e-18
1.335014e-18
1.333938e-18
1.332860e-18
1.331780e-18
1.330699e-18
1.329615e-18
1.328529e-18
1.327440e-18
1.326350e-18
1.325258e-18
1.324164e-18
1.323068e-18
1.321970e-18
1.320870e-18
1.319768e-18
1.318664e-18
1.317558e-18
1.316451e-18
1.315341e-18
1.314230e-18
1.313116e-18
1.312001e-18
1.310884e-18
1.309765e-18
1.308645e-18
1.307522e-18
1.306398e-18
1.305272e-18
1.304144e-18
1.303015e-18
1.301883e-18
1.300750e-18
1.299616e-18
1.298479e-18
1.297341e-18
1.296202e-18
1.295061e-18
1.293918e-18
1.292773e-18
1.291627e-18
1.290479e-18
1.289330e-18
1.288179e-18
1.287027e-18
1.285873e-18
1.284717e-18
1.283560e-18
1.282402e-18
1.281242e-18
1.280081e-18
1.278918e-18
1.277753e-18
1.276588e-18
1.275421e-18
1.274252e-18
1.273082e-18
1.271911e-18
1.270739e-18
1.269565e-18
1.268389e-18
1.267213e-18
1.266035e-18
1.264856e-18
1.263676e-18
1.262494e-18
1.261311e-18
1.260127e-18
1.258942e-18
1.257756e-18
1.256568e-18
1.255379e-18
1.254189e-18
1.252998e-18
1.251806e-18
1.250613e-18
1.249418e-18
1.248223e-18
1.247027e-18
1.245829e-18
1.244630e-18
1.243431e-18
1.242230e-18
1.241029e-18
1.239826e-18
1.238623e-18
1.237418e-18
1.236213e-18
1.235007e-18
1.233800e-18
1.232592e-18
1.231383e-18
1.230173e-18
1.228962e-18
1.227751e-18
1.226539e-18
1.225326e-18
1.224112e-18
1.222897e-18
1.221682e-18
1.220466e-18
1.219249e-18
1.218032e-18
1.216813e-18
1.215595e-18
1.214375e-18
1.213155e-18
1.211934e-18
1.210713e-18
1.209491e-18
1.208268e-18
1.207045e-18
1.205821e-18
1.204597e-18
1.203372e-18
1.202147e-18
1.200921e-18
1.199695e-18
1.198468e-18
1.197241e-18
1.196014e-18
1.194786e-18
1.193557e-18
1.192328e-18
1.191099e-18
1.189870e-18
1.188640e-18
1.187409e-18
1.186179e-18
1.184948e-18
1.183717e-18
1.182485e-18
1.181254e-18
1.180022e-18
1.178790e-18
1.177557e-18
1.176325e-18
1.175092e-18
1.173859e-18
1.172626e-18
1.171393e-18
1.170160e-18
1.168926e-18
1.167693e-18
1.166459e-18
1.165225e-18
1.163992e-18
1.162758e-18
1.161524e-18
1.160291e-18
1.159057e-18
1.157823e-18
1.156590e-18
1.155356e-18
1.154122e-18
1.152889e-18
1.151656e-18
1.150423e-18
1.149190e-18
1.147957e-18
1.146724e-18
1.145491e-18
1.144259e-18
1.143027e-18
1.141795e-18
1.140563e-18
1.139332e-18
1.138101e-18
1.136870e-18
1.135639e-18
1.134409e-18
1.133179e-18
1.131949e-18
1.130720e-18
1.129491e-18
1.128263e-18
1.127035e-18
1.125807e-18
1.124580e-18
1.123353e-18
1.122127e-18
1.120901e-18
1.119676e-18
1.118451e-18
1.117227e-18
1.116003e-18
1.114780e-18
1.113557e-18
1.112335e-18
1.111114e-18
1.109893e-18
1.108673e-18
1.107453e-18
1.106234e-18
1.105016e-18
1.103799e-18
1.102582e-18
1.101366e-18
1.100150e-18
1.098936e-18
1.097722e-18
1.096509e-18
1.095297e-18
1.094085e-18
1.092875e-18
1.091665e-18
1.090456e-18
1.089248e-18
1.088041e-18
1.086834e-18
1.085629e-18
1.084424e-18
1.083221e-18
1.082018e-18
1.080817e-18
1.079616e-18
1.078416e-18
1.077218e-18
1.076020e-18
1.074824e-18
1.073628e-18
1.072434e-18
1.071241e-18
1.070048e-18
1.068857e-18
1.067667e-18
1.066478e-18
1.065291e-18
1.064104e-18
1.062919e-18
1.061735e-18
1.060552e-18
1.059370e-18
1.058190e-18
1.057011e-18
1.055833e-18
1.054656e-18
1.053481e-18
1.052307e-18
1.051135e-18
1.049963e-18
1.048793e-18
1.047625e-18
1.046458e-18
1.045292e-18
1.044128e-18
1.042965e-18
1.041803e-18
1.040643e-18
1.039485e-18
1.038328e-18
1.037172e-18
1.036018e-18
1.034866e-18
1.033715e-18
1.032565e-18
1.031418e-18
1.030271e-18
1.029127e-18
1.027984e-18
1.026842e-18
1.025703e-18
1.024565e-18
1.023428e-18
1.022293e-18
1.021160e-18
1.020029e-18
1.018900e-18
1.017772e-18
1.016646e-18
1.015521e-18
1.014399e-18
1.013278e-18
1.012159e-18
1.011042e-18
1.009927e-18
1.008813e-18
1.007702e-18
1.006592e-18
1.005484e-18
1.004378e-18
1.003275e-18
1.002172e-18
1.001072e-18
9.999743e-19
9.988781e-19
9.977839e-19
9.966918e-19
9.956016e-19
9.945134e-19
9.934273e-19
9.923433e-19
9.912613e-19
9.901814e-19
9.891036e-19
9.880278e-19
9.869542e-19
9.858828e-19
9.848134e-19
9.837463e-19
9.826813e-19
9.816184e-19
9.805578e-19
9.794994e-19
9.784432e-19
9.773892e-19
9.763375e-19
9.752881e-19
9.742409e-19
9.731960e-19
9.721534e-19
9.711131e-19
9.700751e-19
9.690395e-19
9.680062e-19
9.669753e-19
9.659467e-19
9.649206e-19
9.638968e-19
9.628755e-19
9.618565e-19
9.608401e-19
9.598260e-19
9.588144e-19
9.578053e-19
9.567987e-19
9.557946e-19
9.547930e-19
9.537939e-19
9.527973e-19
9.518033e-19
9.508119e-19
9.498230e-19
9.488367e-19
9.478530e-19
9.468719e-19
9.458934e-19
9.449176e-19
9.439444e-19
9.429738e-19
9.420060e-19
9.410408e-19
9.400783e-19
9.391185e-19
9.381614e-19
9.372070e-19
9.362554e-19
9.353065e-19
9.343604e-19
9.334170e-19
9.324765e-19
9.315387e-19
9.306037e-19
9.296716e-19
9.287423e-19
9.278158e-19
9.268922e-19
9.259714e-19
9.250535e-19
9.241385e-19
9.232264e-19
9.223172e-19
9.214110e-19
9.205076e-19
9.196072e-19
9.187098e-19
9.178153e-19
9.169238e-19
9.160352e-19
9.151497e-19
9.142672e-19
9.133877e-19
9.125112e-19
9.116377e-19
9.107673e-19
9.099000e-19
9.090357e-19
9.081746e-19
9.073165e-19
9.064615e-19
9.056096e-19
9.047608e-19
9.039152e-19
9.030728e-19
9.022334e-19
9.013973e-19
9.005643e-19
8.997345e-19
8.989079e-19
8.980845e-19
8.972643e-19
8.964473e-19
8.956336e-19
8.948231e-19
8.940159e-19
8.932120e-19
8.924113e-19
8.916139e-19
8.908198e-19
8.900290e-19
8.892415e-19
8.884573e-19
8.876765e-19
8.868990e-19
8.861248e-19
8.853541e-19
8.845866e-19
8.838226e-19
8.830620e-19
8.823047e-19
8.815509e-19
8.808005e-19
8.800535e-19
8.793099e-19
8.785698e-19
8.778332e-19
8.771000e-19
8.763702e-19
8.756440e-19
8.749212e-19
8.742020e-19
8.734862e-19
8.727740e-19
8.720653e-19
8.713601e-19
8.706584e-19
8.699604e-19
8.692658e-19
8.685749e-19
8.678875e-19
8.672037e-19
8.665235e-19
8.658468e-19
8.651738e-19
8.645045e-19
8.638387e-19
8.631766e-19
8.625181e-19
8.618632e-19
8.612121e-19
8.605645e-19
8.599207e-19
8.592805e-19
8.586441e-19
8.580113e-19
8.573822e-19
8.567569e-19
8.561352e-19
8.555173e-19
8.549031e-19
8.542927e-19
8.536860e-19
8.530831e-19
8.524839e-19
8.518885e-19
8.512969e-19
8.507091e-19
8.501251e-19
8.495448e-19
8.489684e-19
8.483958e-19
8.478270e-19
8.472620e-19
8.467009e-19
8.461436e-19
8.455902e-19
8.450406e-19
8.444949e-19
8.439531e-19
8.434151e-19
8.428810e-19
8.423508e-19
8.418246e-19
8.413022e-19
8.407837e-19
8.402691e-19
8.397584e-19
8.392517e-19
8.387489e-19
8.382501e-19
8.377552e-19
8.372642e-19
8.367772e-19
8.362942e-19
8.358151e-19
8.353401e-19
8.348690e-19
8.344018e-19
8.339387e-19
8.334796e-19
8.330245e-19
8.325734e-19
8.321263e-19
8.316832e-19
8.312442e-19
8.308091e-19
8.303782e-19
8.299512e-19
8.295283e-19
8.291095e-19
8.286947e-19
8.282840e-19
8.278774e-19
8.274748e-19
8.270763e-19
8.266819e-19
8.262916e-19
8.259053e-19
8.255232e-19
8.251451e-19
8.247712e-19
8.244014e-19
8.240357e-19
8.236741e-19
8.233167e-19
8.229633e-19
8.226141e-19
8.222691e-19
8.219281e-19
8.215914e-19
8.212587e-19
8.209303e-19
8.206060e-19
8.202858e-19
8.199698e-19
8.196580e-19
8.193504e-19
8.190469e-19
8.187476e-19
8.184525e-19
8.181616e-19
8.178749e-19
8.175924e-19
8.173141e-19
8.170399e-19
8.167700e-19
8.165043e-19
8.162428e-19
8.159855e-19
8.157325e-19
8.154836e-19
8.152390e-19
8.149986e-19
8.147625e-19
8.145306e-19
8.143029e-19
8.140794e-19
8.138602e-19
8.136453e-19
8.134345e-19
8.132281e-19
8.130259e-19
8.128279e-19
8.126342e-19
8.124448e-19
8.122596e-19
8.120787e-19
8.119020e-19
8.117297e-19
8.115616e-19
8.113977e-19
8.112382e-19
8.110829e-19
8.109319e-19
8.107851e-19
8.106427e-19
8.105046e-19
8.103707e-19
8.102411e-19
8.101158e-19
8.099948e-19
8.098781e-19
8.097657e-19
8.096576e-19
8.095537e-19
8.094542e-19
8.093590e-19
8.092680e-19
8.091814e-19
8.090991e-19
8.090211e-19
8.089474e-19
8.088779e-19
8.088128e-19
8.087520e-19
8.086956e-19
8.086434e-19
8.085955e-19
8.085519e-19
8.085127e-19
8.084777e-19
8.084471e-19
8.084208e-19
8.083988e-19
8.083811e-19
8.083677e-19
8.083586e-19
8.083539e-19
8.083534e-19
8.083573e-19
8.083655e-19
8.083780e-19
8.083948e-19
8.084159e-19
8.084413e-19
8.084711e-19
8.085051e-19
8.085435e-19
8.085862e-19
8.086332e-19
8.086845e-19
8.087401e-19
8.088000e-19
8.088642e-19
8.089327e-19
8.090056e-19
8.090827e-19
8.091642e-19
8.092499e-19
8.093400e-19
8.094343e-19
8.095330e-19
8.096359e-19
8.097432e-19
8.098547e-19
8.099706e-19
8.100907e-19
8.102151e-19
8.103438e-19
8.104769e-19
8.106141e-19
8.107557e-19
8.109016e-19
8.110518e-19
8.112062e-19
8.113649e-19
8.115279e-19
8.116951e-19
8.118667e-19
8.120425e-19
8.122226e-19
8.124069e-19
8.125955e-19
8.127884e-19
8.129855e-19
8.131869e-19
8.133925e-19
8.136024e-19
8.138166e-19
8.140350e-19
8.142576e-19
8.144845e-19
8.147156e-19
8.149510e-19
8.151906e-19
8.154344e-19
8.156824e-19
8.159347e-19
8.161912e-19
8.164519e-19
8.167169e-19
8.169860e-19
8.172594e-19
8.175369e-19
8.178187e-19
8.181046e-19
8.183948e-19
8.186891e-19
8.189877e-19
8.192904e-19
8.195973e-19
8.199084e-19
8.202237e-19
8.205431e-19
8.208667e-19
8.211944e-19
8.215263e-19
8.218624e-19
8.222026e-19
8.225470e-19
8.228955e-19
8.232482e-19
8.236049e-19
8.239658e-19
8.243309e-19
8.247000e-19
8.250733e-19
8.254507e-19
8.258322e-19
8.262178e-19
8.266074e-19
8.270012e-19
8.273991e-19
8.278010e-19
8.282071e-19
8.286172e-19
8.290314e-19
8.294496e-19
8.298719e-19
8.302982e-19
8.307286e-19
8.311631e-19
8.316016e-19
8.320441e-19
8.324906e-19
8.329412e-19
8.333957e-19
8.338543e-19
8.343169e-19
8.347835e-19
8.352541e-19
8.357287e-19
8.362072e-19
8.366897e-19
8.371762e-19
8.376667e-19
8.381611e-19
8.386595e-19
8.391618e-19
8.396681e-19
8.401783e-19
8.406924e-19
8.412105e-19
8.417325e-19
8.422583e-19
8.427881e-19
8.433218e-19
8.438594e-19
8.444008e-19
8.449461e-19
8.454953e-19
8.460484e-19
8.466053e-19
8.471661e-19
8.477307e-19
8.482992e-19
8.488714e-19
8.494475e-19
8.500275e-19
8.506112e-19
8.511987e-19
8.517901e-19
8.523852e-19
8.529841e-19
8.535867e-19
8.541932e-19
8.548034e-19
8.554173e-19
8.560350e-19
8.566564e-19
8.572816e-19
8.579104e-19
8.585430e-19
8.591793e-19
8.598193e-19
8.604630e-19
8.611103e-19
8.617614e-19
8.624161e-19
8.630744e-19
8.637365e-19
8.644021e-19
8.650714e-19
8.657443e-19
8.664209e-19
8.671010e-19
8.677847e-19
8.684721e-19
8.691630e-19
8.698575e-19
8.705556e-19
8.712572e-19
8.719624e-19
8.726711e-19
8.733834e-19
8.740992e-19
8.748185e-19
8.755413e-19
8.762676e-19
8.769974e-19
8.777307e-19
8.784674e-19
8.792076e-19
8.799513e-19
8.806984e-19
8.814490e-19
8.822030e-19
8.829604e-19
8.837212e-19
8.844854e-19
8.852530e-19
8.860240e-19
8.867983e-19
8.875761e-19
8.883571e-19
8.891416e-19
8.899293e-19
8.907204e-19
8.915148e-19
8.923125e-19
8.931135e-19
8.939177e-19
8.947253e-19
8.955361e-19
8.963502e-19
8.971675e-19
8.979881e-19
8.988119e-19
8.996389e-19
9.004691e-19
9.013025e-19
9.021391e-19
9.029789e-19
9.038218e-19
9.046679e-19
9.055171e-19
9.063695e-19
9.072250e-19
9.080836e-19
9.089454e-19
9.098102e-19
9.106781e-19
9.115490e-19
9.124231e-19
9.133002e-19
9.141803e-19
9.150635e-19
9.159496e-19
9.168388e-19
9.177310e-19
9.186262e-19
9.195243e-19
9.204254e-19
9.213295e-19
9.222365e-19
9.231465e-19
9.240593e-19
9.249751e-19
9.258938e-19
9.268153e-19
9.277398e-19
9.286671e-19
9.295972e-19
9.305302e-19
9.314661e-19
9.324047e-19
9.333462e-19
9.342905e-19
9.352375e-19
9.361873e-19
9.371399e-19
9.380953e-19
9.390533e-19
9.400141e-19
9.409777e-19
9.419439e-19
9.429128e-19
9.438844e-19
9.448587e-19
9.458356e-19
9.468152e-19
9.477974e-19
9.487822e-19
9.497697e-19
9.507597e-19
9.517524e-19
9.527476e-19
9.537453e-19
9.547456e-19
9.557485e-19
9.567539e-19
9.577618e-19
9.587721e-19
9.597850e-19
9.608004e-19
9.618182e-19
9.628385e-19
9.638612e-19
9.648863e-19
9.659139e-19
9.669438e-19
9.679762e-19
9.690109e-19
9.700480e-19
9.710874e-19
9.721292e-19
9.731733e-19
9.742198e-19
9.752685e-19
9.763195e-19
9.773728e-19
9.784283e-19
9.794861e-19
9.805462e-19
9.816084e-19
9.826729e-19
9.837396e-19
9.848084e-19
9.858795e-19
9.869527e-19
9.880280e-19
9.891055e-19
9.901851e-19
9.912668e-19
9.923505e-19
9.934364e-19
9.945244e-19
9.956144e-19
9.967064e-19
9.978005e-19
9.988965e-19
9.999946e-19
1.001095e-18
1.002197e-18
1.003301e-18
1.004407e-18
1.005515e-18
1.006624e-18
1.007736e-18
1.008850e-18
1.009965e-18
1.011083e-18
1.012202e-18
1.013323e-18
1.014446e-18
1.015570e-18
1.016697e-18
1.017825e-18
1.018955e-18
1.020087e-18
1.021221e-18
1.022356e-18
1.023493e-18
1.024632e-18
1.025772e-18
1.026914e-18
1.028058e-18
1.029203e-18
1.030350e-18
1.031499e-18
1.032649e-18
1.033801e-18
1.034954e-18
1.036109e-18
1.037266e-18
1.038424e-18
1.039583e-18
1.040745e-18
1.041907e-18
1.043071e-18
1.044237e-18
1.045404e-18
1.046572e-18
1.047742e-18
1.048913e-18
1.050086e-18
1.051260e-18
1.052435e-18
1.053612e-18
1.054790e-18
1.055969e-18
1.057150e-18
1.058332e-18
1.059515e-18
1.060700e-18
1.061886e-18
1.063073e-18
1.064261e-18
1.065451e-18
1.066641e-18
1.067833e-18
1.069026e-18
1.070220e-18
1.071415e-18
1.072612e-18
1.073809e-18
1.075008e-18
1.076208e-18
1.077408e-18
1.078610e-18
1.079813e-18
1.081017e-18
1.082222e-18
1.083428e-18
1.084634e-18
1.085842e-18
1.087051e-18
1.088261e-18
1.089471e-18
1.090683e-18
1.091895e-18
1.093108e-18
1.094322e-18
1.095537e-18
1.096753e-18
1.097969e-18
1.099187e-18
1.100405e-18
1.101624e-18
1.102844e-18
1.104064e-18
1.105285e-18
1.106507e-18
1.107730e-18
1.108953e-18
1.110177e-18
1.111401e-18
1.112626e-18
1.113852e-18
1.115079e-18
1.116306e-18
1.117533e-18
1.118761e-18
1.119990e-18
1.121219e-18
1.122449e-18
1.123679e-18
1.124910e-18
1.126141e-18
1.127373e-18
1.128605e-18
1.129837e-18
1.131070e-18
1.132303e-18
1.133537e-18
1.134771e-18
1.136006e-18
1.137240e-18
1.138475e-18
1.139711e-18
1.140947e-18
1.142182e-18
1.143419e-18
1.144655e-18
1.145892e-18
1.147129e-18
1.148366e-18
1.149603e-18
1.150841e-18
1.152078e-18
1.153316e-18
1.154554e-18
1.155792e-18
1.157030e-18
1.158268e-18
1.159506e-18
1.160745e-18
1.161983e-18
1.163221e-18
1.164460e-18
1.165698e-18
1.166936e-18
1.168175e-18
1.169413e-18
1.170651e-18
1.171889e-18
1.173127e-18
1.174365e-18
1.175603e-18
1.176840e-18
1.178078e-18
1.179315e-18
1.180552e-18
1.181789e-18
1.183026e-18
1.184262e-18
1.185498e-18
1.186734e-18
1.187970e-18
1.189205e-18
1.190440e-18
1.191675e-18
1.192909e-18
1.194143e-18
1.195377e-18
1.196610e-18
1.197843e-18
1.199075e-18
1.200307e-18
1.201539e-18
1.202770e-18
1.204001e-18
1.205231e-18
1.206460e-18
1.207690e-18
1.208918e-18
1.210146e-18
1.211374e-18
1.212601e-18
1.213827e-18
1.215053e-18
1.216278e-18
1.217502e-18
1.218726e-18
1.219949e-18
1.221171e-18
1.222393e-18
1.223614e-18
1.224834e-18
1.226054e-18
1.227273e-18
1.228491e-18
1.229708e-18
1.230924e-18
1.232140e-18
1.233355e-18
1.234569e-18
1.235782e-18
1.236994e-18
1.238205e-18
1.239416e-18
1.240625e-18
1.241834e-18
1.243041e-18
1.244248e-18
1.245454e-18
1.246658e-18
1.247862e-18
1.249065e-18
1.250266e-18
1.251467e-18
1.252667e-18
1.253865e-18
1.255062e-18
1.256258e-18
1.257454e-18
1.258648e-18
1.259840e-18
1.261032e-18
1.262222e-18
1.263412e-18
1.264600e-18
1.265787e-18
1.266972e-18
1.268156e-18
1.269340e-18
1.270521e-18
1.271702e-18
1.272881e-18
1.274059e-18
1.275235e-18
1.276411e-18
1.277584e-18
1.278757e-18
1.279928e-18
1.281097e-18
1.282266e-18
1.283432e-18
1.284598e-18
1.285761e-18
1.286924e-18
1.288085e-18
1.289244e-18
1.290402e-18
1.291558e-18
1.292713e-18
1.293866e-18
1.295017e-18
1.296167e-18
1.297316e-18
1.298462e-18
1.299608e-18
1.300751e-18
1.301893e-18
1.303033e-18
1.304171e-18
1.305308e-18
1.306443e-18
1.307576e-18
1.308708e-18
1.309838e-18
1.310966e-18
1.312092e-18
1.313216e-18
1.314339e-18
1.315460e-18
1.316579e-18
1.317696e-18
1.318811e-18
1.319924e-18
1.321036e-18
1.322145e-18
1.323253e-18
1.324358e-18
1.325462e-18
1.326564e-18
1.327664e-18
1.328761e-18
1.329857e-18
1.330951e-18
1.332043e-18
1.333132e-18
1.334220e-18
1.335305e-18
1.336389e-18
1.337470e-18
1.338549e-18
1.339627e-18
1.340702e-18
1.341774e-18
1.342845e-18
1.343914e-18
1.344980e-18
1.346044e-18
1.347106e-18
1.348166e-18
1.349223e-18
1.350278e-18
1.351331e-18
1.352382e-18
1.353430e-18
1.354476e-18
1.355520e-18
1.356562e-18
1.357601e-18
1.358637e-18
1.359672e-18
1.360704e-18
1.361733e-18
1.362761e-18
1.363785e-18
1.364808e-18
1.365828e-18
1.366845e-18
1.367860e-18
1.368873e-18
1.369883e-18
1.370890e-18
1.371895e-18
1.372898e-18
1.373898e-18
1.374895e-18
1.375890e-18
1.376882e-18
1.377872e-18
1.378859e-18
1.379843e-18
1.380825e-18
1.381804e-18
1.382781e-18
1.383755e-18
1.384726e-18
1.385694e-18
1.386660e-18
1.387623e-18
1.388584e-18
1.389541e-18
1.390496e-18
1.391449e-18
1.392398e-18
1.393345e-18
1.394289e-18
1.395230e-18
1.396168e-18
1.397103e-18
1.398036e-18
1.398966e-18
1.399893e-18
1.400817e-18
1.401738e-18
1.402656e-18
1.403571e-18
1.404484e-18
1.405393e-18
1.406300e-18
1.407204e-18
1.408104e-18
1.409002e-18
1.409897e-18
1.410789e-18
1.411677e-18
1.412563e-18
1.413446e-18
1.414326e-18
1.415202e-18
1.416076e-18
1.416947e-18
1.417814e-18
1.418678e-18
1.419540e-18
1.420398e-18
1.421253e-18
1.422105e-18
1.422954e-18
1.423799e-18
1.424642e-18
1.425481e-18
1.426318e-18
1.427151e-18
1.427980e-18
1.428807e-18
1.429630e-18
1.430450e-18
1.431267e-18
1.432081e-18
1.432891e-18
1.433699e-18
1.434502e-18
1.435303e-18
1.436100e-18
1.436894e-18
1.437685e-18
1.438472e-18
1.439256e-18
1.440037e-18
1.440814e-18
1.441588e-18
1.442359e-18
1.443126e-18
1.443890e-18
1.444650e-18
1.445407e-18
1.446161e-18
1.446911e-18
1.447657e-18
1.448401e-18
1.449141e-18
1.449877e-18
1.450610e-18
1.451339e-18
1.452065e-18
1.452787e-18
1.453506e-18
1.454222e-18
1.454933e-18
1.455642e-18
1.456347e-18
1.457048e-18
1.457745e-18
1.458440e-18
1.459130e-18
1.459817e-18
1.460500e-18
1.461180e-18
1.461856e-18
1.462529e-18
1.463198e-18
1.463863e-18
1.464524e-18
1.465182e-18
1.465837e-18
1.466487e-18
1.467134e-18
1.467778e-18
1.468417e-18
1.469053e-18
1.469685e-18
1.470314e-18
1.470938e-18
1.471559e-18
1.472177e-18
1.472790e-18
1.473400e-18
1.474006e-18
1.474608e-18
1.475207e-18
1.475802e-18
1.476392e-18
1.476980e-18
1.477563e-18
1.478142e-18
1.478718e-18
1.479290e-18
1.479858e-18
1.480422e-18
1.480983e-18
1.481539e-18
1.482092e-18
1.482641e-18
1.483186e-18
1.483727e-18
1.484264e-18
1.484797e-18
1.485327e-18
1.485852e-18
1.486374e-18
1.486891e-18
1.487405e-18
1.487915e-18
1.488421e-18
1.488923e-18
1.489421e-18
1.489915e-18
1.490405e-18
1.490891e-18
1.491373e-18
1.491851e-18
1.492326e-18
1.492796e-18
1.493262e-18
1.493724e-18
1.494183e-18
1.494637e-18
1.495087e-18
1.495533e-18
1.495975e-18
1.496413e-18
1.496848e-18
1.497278e-18
1.497704e-18
1.498126e-18
1.498543e-18
1.498957e-18
1.499367e-18
1.499773e-18
1.500174e-18
1.500572e-18
1.500965e-18
1.501355e-18
1.501740e-18
1.502121e-18
1.502498e-18
1.502871e-18
1.503240e-18
1.503605e-18
1.503965e-18
1.504322e-18
1.504674e-18
1.505022e-18
1.505366e-18
1.505706e-18
1.506042e-18
1.506373e-18
1.506701e-18
1.507024e-18
1.507343e-18
1.507658e-18
1.507969e-18
1.508275e-18
1.508578e-18
1.508876e-18
1.509170e-18
1.509460e-18
1.509746e-18
1.510027e-18
1.510304e-18
1.510577e-18
1.510846e-18
1.511111e-18
1.511371e-18
1.511628e-18
1.511880e-18
1.512127e-18
1.512371e-18
1.512610e-18
1.512845e-18
1.513076e-18
1.513303e-18
1.513525e-18
1.513743e-18
1.513957e-18
1.514167e-18
1.514372e-18
1.514573e-18
1.514770e-18
1.514963e-18
1.515151e-18
1.515335e-18
1.515515e-18
1.515690e-18
1.515862e-18
1.516029e-18
1.516192e-18
1.516350e-18
1.516504e-18
1.516654e-18
1.516800e-18
1.516941e-18
1.517078e-18
1.517211e-18
1.517339e-18
1.517464e-18
1.517583e-18
1.517699e-18
1.517810e-18
1.517917e-18
1.518020e-18
1.518119e-18
1.518213e-18
1.518303e-18
1.518388e-18
1.518469e-18
1.518546e-18
1.518619e-18
1.518687e-18
1.518751e-18
1.518811e-18
1.518866e-18
1.518917e-18
1.518964e-18
1.519007e-18
1.519045e-18
1.519079e-18
1.519108e-18
1.519134e-18
1.519155e-18
1.519171e-18
1.519183e-18
1.519191e-18
1.519195e-18
