1.032093e-18
1.032091e-18
1.032087e-18
1.032079e-18
1.032069e-18
1.032055e-18
1.032038e-18
1.032018e-18
1.031995e-18
1.031968e-18
1.031939e-18
1.031906e-18
1.031871e-18
1.031832e-18
1.031790e-18
1.031745e-18
1.031696e-18
1.031645e-18
1.031591e-18
1.031533e-18
1.031472e-18
1.031408e-18
1.031342e-18
1.031271e-18
1.031198e-18
1.031122e-18
1.031043e-18
1.030960e-18
1.030874e-18
1.030786e-18
1.030694e-18
1.030599e-18
1.030500e-18
1.030399e-18
1.030295e-18
1.030187e-18
1.030077e-18
1.029963e-18
1.029846e-18
1.029727e-18
1.029604e-18
1.029478e-18
1.029348e-18
1.029216e-18
1.029081e-18
1.028942e-18
1.028801e-18
1.028656e-18
1.028508e-18
1.028358e-18
1.028204e-18
1.028047e-18
1.027887e-18
1.027724e-18
1.027557e-18
1.027388e-18
1.027216e-18
1.027040e-18
1.026862e-18
1.026680e-18
1.026496e-18
1.026308e-18
1.026117e-18
1.025923e-18
1.025727e-18
1.025527e-18
1.025324e-18
1.025118e-18
1.024909e-18
1.024697e-18
1.024481e-18
1.024263e-18
1.024042e-18
1.023818e-18
1.023591e-18
1.023360e-18
1.023127e-18
1.022891e-18
1.022651e-18
1.022409e-18
1.022163e-18
1.021915e-18
1.021664e-18
1.021409e-18
1.021152e-18
1.020891e-18
1.020628e-18
1.020362e-18
1.020092e-18
1.019820e-18
1.019545e-18
1.019266e-18
1.018985e-18
1.018701e-18
1.018414e-18
1.018123e-18
1.017830e-18
1.017534e-18
1.017235e-18
1.016933e-18
1.016628e-18
1.016320e-18
1.016010e-18
1.015696e-18
1.015379e-18
1.015059e-18
1.014737e-18
1.014411e-18
1.014083e-18
1.013752e-18
1.013418e-18
1.013081e-18
1.012741e-18
1.012398e-18
1.012052e-18
1.011703e-18
1.011352e-18
1.010997e-18
1.010640e-18
1.010280e-18
1.009917e-18
1.009551e-18
1.009182e-18
1.008811e-18
1.008436e-18
1.008059e-18
1.007679e-18
1.007296e-18
1.006910e-18
1.006522e-18
1.006130e-18
1.005736e-18
1.005339e-18
1.004939e-18
1.004536e-18
1.004131e-18
1.003723e-18
1.003312e-18
1.002898e-18
1.002481e-18
1.002062e-18
1.001640e-18
1.001215e-18
1.000788e-18
1.000357e-18
9.999242e-19
9.994884e-19
9.990498e-19
9.986085e-19
9.981645e-19
9.977178e-19
9.972684e-19
9.968162e-19
9.963614e-19
9.959039e-19
9.954437e-19
9.949807e-19
9.945152e-19
9.940469e-19
9.935760e-19
9.931024e-19
9.926262e-19
9.921473e-19
9.916658e-19
9.911816e-19
9.906948e-19
9.902054e-19
9.897134e-19
9.892187e-19
9.887215e-19
9.882216e-19
9.877191e-19
9.872141e-19
9.867065e-19
9.861963e-19
9.856835e-19
9.851682e-19
9.846503e-19
9.841298e-19
9.836068e-19
9.830813e-19
9.825532e-19
9.820227e-19
9.814895e-19
9.809539e-19
9.804158e-19
9.798752e-19
9.793321e-19
9.787865e-19
9.782384e-19
9.776878e-19
9.771348e-19
9.765793e-19
9.760214e-19
9.754610e-19
9.748982e-19
9.743329e-19
9.737652e-19
9.731951e-19
9.726226e-19
9.720477e-19
9.714704e-19
9.708907e-19
9.703086e-19
9.697241e-19
9.691373e-19
9.685481e-19
9.679566e-19
9.673627e-19
9.667664e-19
9.661679e-19
9.655670e-19
9.649637e-19
9.643582e-19
9.637504e-19
9.631403e-19
9.625278e-19
9.619131e-19
9.612962e-19
9.606769e-19
9.600554e-19
9.594317e-19
9.588057e-19
9.581775e-19
9.575470e-19
9.569143e-19
9.562794e-19
9.556423e-19
9.550031e-19
9.543616e-19
9.537179e-19
9.530721e-19
9.524241e-19
9.517739e-19
9.511216e-19
9.504671e-19
9.498105e-19
9.491518e-19
9.484910e-19
9.478280e-19
9.471630e-19
9.464958e-19
9.458266e-19
9.451553e-19
9.444819e-19
9.438065e-19
9.431290e-19
9.424495e-19
9.417679e-19
9.410843e-19
9.403987e-19
9.397111e-19
9.390214e-19
9.383298e-19
9.376362e-19
9.369406e-19
9.362430e-19
9.355435e-19
9.348420e-19
9.341386e-19
9.334332e-19
9.327260e-19
9.320168e-19
9.313056e-19
9.305926e-19
9.298777e-19
9.291609e-19
9.284423e-19
9.277218e-19
9.269994e-19
9.262751e-19
9.255491e-19
9.248212e-19
9.240915e-19
9.233599e-19
9.226266e-19
9.218914e-19
9.211545e-19
9.204158e-19
9.196754e-19
9.189331e-19
9.181892e-19
9.174435e-19
9.166960e-19
9.159468e-19
9.151960e-19
9.144434e-19
9.136891e-19
9.129331e-19
9.121755e-19
9.114162e-19
9.106552e-19
9.098926e-19
9.091283e-19
9.083625e-19
9.075949e-19
9.068258e-19
9.060551e-19
9.052828e-19
9.045089e-19
9.037334e-19
9.029564e-19
9.021778e-19
9.013977e-19
9.006160e-19
8.998328e-19
8.990481e-19
8.982619e-19
8.974741e-19
8.966849e-19
8.958942e-19
8.951021e-19
8.943085e-19
8.935134e-19
8.927169e-19
8.919190e-19
8.911196e-19
8.903189e-19
8.895167e-19
8.887131e-19
8.879082e-19
8.871019e-19
8.862942e-19
8.854852e-19
8.846749e-19
8.838632e-19
8.830501e-19
8.822358e-19
8.814202e-19
8.806033e-19
8.797851e-19
8.789656e-19
8.781448e-19
8.773228e-19
8.764996e-19
8.756751e-19
8.748495e-19
8.740226e-19
8.731945e-19
8.723652e-19
8.715347e-19
8.707030e-19
8.698702e-19
8.690363e-19
8.682012e-19
8.673649e-19
8.665276e-19
8.656891e-19
8.648495e-19
8.640089e-19
8.631672e-19
8.623244e-19
8.614805e-19
8.606356e-19
8.597896e-19
8.589426e-19
8.580946e-19
8.572456e-19
8.563956e-19
8.555446e-19
8.546927e-19
8.538397e-19
8.529859e-19
8.521310e-19
8.512753e-19
8.504186e-19
8.495610e-19
8.487024e-19
8.478430e-19
8.469827e-19
8.461216e-19
8.452596e-19
8.443967e-19
8.435330e-19
8.426684e-19
8.418031e-19
8.409369e-19
8.400699e-19
8.392022e-19
8.383336e-19
8.374643e-19
8.365943e-19
8.357235e-19
8.348519e-19
8.339797e-19
8.331067e-19
8.322330e-19
8.313586e-19
8.304836e-19
8.296079e-19
8.287315e-19
8.278544e-19
8.269768e-19
8.260985e-19
8.252195e-19
8.243400e-19
8.234599e-19
8.225792e-19
8.216979e-19
8.208161e-19
8.199337e-19
8.190507e-19
8.181672e-19
8.172833e-19
8.163987e-19
8.155137e-19
8.146283e-19
8.137423e-19
8.128558e-19
8.119690e-19
8.110816e-19
8.101938e-19
8.093056e-19
8.084170e-19
8.075280e-19
8.066386e-19
8.057488e-19
8.048587e-19
8.039682e-19
8.030773e-19
8.021861e-19
8.012946e-19
8.004028e-19
7.995106e-19
7.986182e-19
7.977255e-19
7.968325e-19
7.959393e-19
7.950458e-19
7.941520e-19
7.932581e-19
7.923639e-19
7.914695e-19
7.905749e-19
7.896801e-19
7.887852e-19
7.878901e-19
7.869948e-19
7.860995e-19
7.852039e-19
7.843083e-19
7.834125e-19
7.825167e-19
7.816207e-19
7.807247e-19
7.798287e-19
7.789325e-19
7.780364e-19
7.771402e-19
7.762439e-19
7.753477e-19
7.744515e-19
7.735553e-19
7.726591e-19
7.717629e-19
7.708668e-19
7.699707e-19
7.690747e-19
7.681788e-19
7.672830e-19
7.663873e-19
7.654917e-19
7.645962e-19
7.637008e-19
7.628056e-19
7.619105e-19
7.610156e-19
7.601209e-19
7.592264e-19
7.583320e-19
7.574379e-19
7.565440e-19
7.556503e-19
7.547569e-19
7.538637e-19
7.529708e-19
7.520781e-19
7.511857e-19
7.502937e-19
7.494019e-19
7.485105e-19
7.476194e-19
7.467286e-19
7.458382e-19
7.449481e-19
7.440584e-19
7.431691e-19
7.422802e-19
7.413917e-19
7.405036e-19
7.396159e-19
7.387287e-19
7.378419e-19
7.369556e-19
7.360697e-19
7.351843e-19
7.342994e-19
7.334151e-19
7.325312e-19
7.316478e-19
7.307650e-19
7.298827e-19
7.290010e-19
7.281199e-19
7.272393e-19
7.263593e-19
7.254800e-19
7.246012e-19
7.237230e-19
7.228455e-19
7.219686e-19
7.210924e-19
7.202168e-19
7.193419e-19
7.184677e-19
7.175942e-19
7.167214e-19
7.158493e-19
7.149779e-19
7.141073e-19
7.132374e-19
7.123683e-19
7.114999e-19
7.106324e-19
7.097656e-19
7.088996e-19
7.080344e-19
7.071701e-19
7.063066e-19
7.054439e-19
7.045821e-19
7.037211e-19
7.028610e-19
7.020018e-19
7.011435e-19
7.002861e-19
6.994296e-19
6.985741e-19
6.977195e-19
6.968658e-19
6.960131e-19
6.951613e-19
6.943106e-19
6.934608e-19
6.926120e-19
6.917643e-19
6.909175e-19
6.900718e-19
6.892271e-19
6.883835e-19
6.875410e-19
6.866995e-19
6.858591e-19
6.850197e-19
6.841815e-19
6.833444e-19
6.825085e-19
6.816736e-19
6.808399e-19
6.800074e-19
6.791760e-19
6.783458e-19
6.775167e-19
6.766889e-19
6.758623e-19
6.750369e-19
6.742127e-19
6.733897e-19
6.725680e-19
6.717476e-19
6.709284e-19
6.701104e-19
6.692938e-19
6.684785e-19
6.676644e-19
6.668517e-19
6.660403e-19
6.652302e-19
6.644215e-19
6.636142e-19
6.628081e-19
6.620035e-19
6.612003e-19
6.603984e-19
6.595980e-19
6.587989e-19
6.580013e-19
6.572051e-19
6.564104e-19
6.556171e-19
6.548252e-19
6.540349e-19
6.532460e-19
6.524586e-19
6.516727e-19
6.508883e-19
6.501054e-19
6.493241e-19
6.485443e-19
6.477660e-19
6.469893e-19
6.462142e-19
6.454406e-19
6.446687e-19
6.438983e-19
6.431295e-19
6.423623e-19
6.415968e-19
6.408329e-19
6.400706e-19
6.393100e-19
6.385511e-19
6.377938e-19
6.370381e-19
6.362842e-19
6.355320e-19
6.347815e-19
6.340327e-19
6.332856e-19
6.325402e-19
6.317966e-19
6.310548e-19
6.303147e-19
6.295763e-19
6.288398e-19
6.281050e-19
6.273720e-19
6.266409e-19
6.259115e-19
6.251840e-19
6.244583e-19
6.237344e-19
6.230124e-19
6.222923e-19
6.215740e-19
6.208576e-19
6.201431e-19
6.194304e-19
6.187197e-19
6.180109e-19
6.173040e-19
6.165990e-19
6.158960e-19
6.151949e-19
6.144958e-19
6.137986e-19
6.131034e-19
6.124102e-19
6.117189e-19
6.110297e-19
6.103424e-19
6.096572e-19
6.089740e-19
6.082928e-19
6.076137e-19
6.069366e-19
6.062615e-19
6.055886e-19
6.049177e-19
6.042488e-19
6.035821e-19
6.029174e-19
6.022549e-19
6.015944e-19
6.009361e-19
6.002799e-19
5.996259e-19
5.989740e-19
5.983242e-19
5.976766e-19
5.970312e-19
5.963879e-19
5.957468e-19
5.951079e-19
5.944712e-19
5.938368e-19
5.932045e-19
5.925744e-19
5.919466e-19
5.913210e-19
5.906977e-19
5.900766e-19
5.894578e-19
5.888412e-19
5.882269e-19
5.876149e-19
5.870052e-19
5.863977e-19
5.857926e-19
5.851898e-19
5.845893e-19
5.839912e-19
5.833953e-19
5.828018e-19
5.822107e-19
5.816219e-19
5.810355e-19
5.804514e-19
5.798698e-19
5.792905e-19
5.787135e-19
5.781390e-19
5.775669e-19
5.769972e-19
5.764300e-19
5.758651e-19
5.753027e-19
5.747427e-19
5.741852e-19
5.736301e-19
5.730775e-19
5.725273e-19
5.719797e-19
5.714345e-19
5.708917e-19
5.703515e-19
5.698138e-19
5.692786e-19
5.687459e-19
5.682157e-19
5.676880e-19
5.671629e-19
5.666403e-19
5.661203e-19
5.656028e-19
5.650878e-19
5.645754e-19
5.640656e-19
5.635584e-19
5.630538e-19
5.625517e-19
5.620522e-19
5.615554e-19
5.610611e-19
5.605695e-19
5.600804e-19
5.595940e-19
5.591102e-19
5.586291e-19
5.581506e-19
5.576748e-19
5.572016e-19
5.567310e-19
5.562632e-19
5.557980e-19
5.553354e-19
5.548756e-19
5.544184e-19
5.539640e-19
5.535122e-19
5.530632e-19
5.526168e-19
5.521732e-19
5.517323e-19
5.512941e-19
5.508586e-19
5.504259e-19
5.499959e-19
5.495687e-19
5.491442e-19
5.487225e-19
5.483036e-19
5.478874e-19
5.474739e-19
5.470633e-19
5.466555e-19
5.462504e-19
5.458481e-19
5.454486e-19
5.450520e-19
5.446581e-19
5.442670e-19
5.438788e-19
5.434934e-19
5.431108e-19
5.427310e-19
5.423541e-19
5.419800e-19
5.416087e-19
5.412404e-19
5.408748e-19
5.405121e-19
5.401523e-19
5.397954e-19
5.394413e-19
5.390901e-19
5.387417e-19
5.383963e-19
5.380537e-19
5.377141e-19
5.373773e-19
5.370434e-19
5.367125e-19
5.363844e-19
5.360593e-19
5.357371e-19
5.354178e-19
5.351014e-19
5.347879e-19
5.344774e-19
5.341698e-19
5.338652e-19
5.335635e-19
5.332647e-19
5.329689e-19
5.326761e-19
5.323862e-19
5.320993e-19
5.318153e-19
5.315343e-19
5.312563e-19
5.309812e-19
5.307091e-19
5.304400e-19
5.301739e-19
5.299108e-19
5.296507e-19
5.293936e-19
5.291394e-19
5.288883e-19
5.286402e-19
5.283950e-19
5.281529e-19
5.279138e-19
5.276777e-19
5.274447e-19
5.272146e-19
5.269876e-19
5.267636e-19
5.265426e-19
5.263247e-19
5.261098e-19
5.258979e-19
5.256891e-19
5.254833e-19
5.252806e-19
5.250809e-19
5.248843e-19
5.246907e-19
5.245001e-19
5.243127e-19
5.241282e-19
5.239469e-19
5.237686e-19
5.235934e-19
5.234212e-19
5.232521e-19
5.230861e-19
5.229232e-19
5.227633e-19
5.226065e-19
5.224528e-19
5.223022e-19
5.221546e-19
5.220102e-19
5.218688e-19
5.217305e-19
5.215953e-19
5.214632e-19
5.213342e-19
5.212083e-19
5.210855e-19
5.209658e-19
5.208492e-19
5.207357e-19
5.206253e-19
5.205180e-19
5.204138e-19
5.203127e-19
5.202147e-19
5.201198e-19
5.200280e-19
5.199394e-19
5.198538e-19
5.197714e-19
5.196921e-19
5.196159e-19
5.195428e-19
5.194728e-19
5.194060e-19
5.193422e-19
5.192816e-19
5.192241e-19
5.191697e-19
5.191185e-19
5.190704e-19
5.190254e-19
5.189835e-19
5.189447e-19
5.189091e-19
5.188766e-19
5.188472e-19
5.188209e-19
5.187978e-19
5.187778e-19
5.187609e-19
5.187471e-19
5.187365e-19
5.187290e-19
5.187246e-19
5.187233e-19
5.187252e-19
5.187302e-19
5.187383e-19
5.187496e-19
5.187640e-19
5.187815e-19
5.188021e-19
5.188259e-19
5.188527e-19
5.188828e-19
5.189159e-19
5.189521e-19
5.189915e-19
5.190340e-19
5.190797e-19
5.191284e-19
5.191803e-19
5.192353e-19
5.192934e-19
5.193546e-19
5.194190e-19
5.194864e-19
5.195570e-19
5.196307e-19
5.197075e-19
5.197874e-19
5.198705e-19
5.199566e-19
5.200459e-19
5.201383e-19
5.202338e-19
5.203324e-19
5.204341e-19
5.205389e-19
5.206468e-19
5.207578e-19
5.208719e-19
5.209891e-19
5.211094e-19
5.212329e-19
5.213594e-19
5.214890e-19
5.216217e-19
5.217574e-19
5.218963e-19
5.220383e-19
5.221833e-19
5.223314e-19
5.224827e-19
5.226370e-19
5.227943e-19
5.229548e-19
5.231183e-19
5.232849e-19
5.234546e-19
5.236273e-19
5.238031e-19
5.239820e-19
5.241639e-19
5.243489e-19
5.245369e-19
5.247280e-19
5.249222e-19
5.251194e-19
5.253196e-19
5.255229e-19
5.257292e-19
5.259386e-19
5.261510e-19
5.263665e-19
5.265850e-19
5.268065e-19
5.270310e-19
5.272586e-19
5.274892e-19
5.277228e-19
5.279594e-19
5.281991e-19
5.284417e-19
5.286874e-19
5.289360e-19
5.291877e-19
5.294424e-19
5.297000e-19
5.299607e-19
5.302243e-19
5.304909e-19
5.307605e-19
5.310331e-19
5.313087e-19
5.315872e-19
5.318687e-19
5.321532e-19
5.324406e-19
5.327310e-19
5.330243e-19
5.333206e-19
5.336198e-19
5.339220e-19
5.342272e-19
5.345352e-19
5.348462e-19
5.351601e-19
5.354770e-19
5.357968e-19
5.361194e-19
5.364450e-19
5.367736e-19
5.371050e-19
5.374393e-19
5.377765e-19
5.381166e-19
5.384596e-19
5.388055e-19
5.391543e-19
5.395059e-19
5.398604e-19
5.402178e-19
5.405780e-19
5.409412e-19
5.413071e-19
5.416759e-19
5.420476e-19
5.424221e-19
5.427994e-19
5.431796e-19
5.435626e-19
5.439484e-19
5.443370e-19
5.447285e-19
5.451227e-19
5.455198e-19
5.459196e-19
5.463223e-19
5.467277e-19
5.471360e-19
5.475470e-19
5.479607e-19
5.483773e-19
5.487966e-19
5.492187e-19
5.496435e-19
5.500711e-19
5.505014e-19
5.509344e-19
5.513702e-19
5.518087e-19
5.522500e-19
5.526939e-19
5.531406e-19
5.535900e-19
5.540420e-19
5.544968e-19
5.549542e-19
5.554144e-19
5.558772e-19
5.563427e-19
5.568108e-19
5.572817e-19
5.577551e-19
5.582313e-19
5.587100e-19
5.591914e-19
5.596755e-19
5.601621e-19
5.606514e-19
5.611433e-19
5.616378e-19
5.621349e-19
5.626346e-19
5.631369e-19
5.636418e-19
5.641493e-19
5.646593e-19
5.651719e-19
5.656870e-19
5.662047e-19
5.667250e-19
5.672478e-19
5.677731e-19
5.683009e-19
5.688313e-19
5.693642e-19
5.698996e-19
5.704375e-19
5.709779e-19
5.715208e-19
5.720661e-19
5.726140e-19
5.731643e-19
5.737170e-19
5.742723e-19
5.748299e-19
5.753900e-19
5.759526e-19
5.765176e-19
5.770850e-19
5.776548e-19
5.782270e-19
5.788016e-19
5.793786e-19
5.799580e-19
5.805398e-19
5.811239e-19
5.817104e-19
5.822993e-19
5.828905e-19
5.834841e-19
5.840800e-19
5.846782e-19
5.852787e-19
5.858816e-19
5.864868e-19
5.870942e-19
5.877040e-19
5.883160e-19
5.889303e-19
5.895469e-19
5.901658e-19
5.907869e-19
5.914102e-19
5.920358e-19
5.926637e-19
5.932937e-19
5.939260e-19
5.945604e-19
5.951971e-19
5.958360e-19
5.964770e-19
5.971203e-19
5.977656e-19
5.984132e-19
5.990629e-19
5.997148e-19
6.003688e-19
6.010249e-19
6.016832e-19
6.023435e-19
6.030060e-19
6.036705e-19
6.043372e-19
6.050059e-19
6.056768e-19
6.063496e-19
6.070246e-19
6.077015e-19
6.083806e-19
6.090616e-19
6.097447e-19
6.104298e-19
6.111169e-19
6.118060e-19
6.124971e-19
6.131902e-19
6.138852e-19
6.145822e-19
6.152812e-19
6.159821e-19
6.166850e-19
6.173898e-19
6.180965e-19
6.188051e-19
6.195157e-19
6.202281e-19
6.209424e-19
6.216586e-19
6.223767e-19
6.230966e-19
6.238184e-19
6.245420e-19
6.252675e-19
6.259947e-19
6.267239e-19
6.274548e-19
6.281875e-19
6.289220e-19
6.296583e-19
6.303963e-19
6.311362e-19
6.318777e-19
6.326211e-19
6.333661e-19
6.341129e-19
6.348614e-19
6.356117e-19
6.363636e-19
6.371172e-19
6.378725e-19
6.386294e-19
6.393881e-19
6.401484e-19
6.409103e-19
6.416739e-19
6.424391e-19
6.432059e-19
6.439743e-19
6.447443e-19
6.455159e-19
6.462891e-19
6.470638e-19
6.478402e-19
6.486180e-19
6.493974e-19
6.501784e-19
6.509609e-19
6.517448e-19
6.525303e-19
6.533173e-19
6.541058e-19
6.548957e-19
6.556871e-19
6.564800e-19
6.572743e-19
6.580700e-19
6.588672e-19
6.596658e-19
6.604658e-19
6.612672e-19
6.620700e-19
6.628741e-19
6.636796e-19
6.644865e-19
6.652948e-19
6.661043e-19
6.669153e-19
6.677275e-19
6.685410e-19
6.693558e-19
6.701720e-19
6.709894e-19
6.718080e-19
6.726280e-19
6.734491e-19
6.742716e-19
6.750952e-19
6.759201e-19
6.767462e-19
6.775734e-19
6.784019e-19
6.792316e-19
6.800624e-19
6.808943e-19
6.817275e-19
6.825617e-19
6.833971e-19
6.842336e-19
6.850713e-19
6.859100e-19
6.867498e-19
6.875907e-19
6.884326e-19
6.892756e-19
6.901197e-19
6.909648e-19
6.918109e-19
6.926580e-19
6.935061e-19
6.943553e-19
6.952054e-19
6.960565e-19
6.969085e-19
6.977616e-19
6.986155e-19
6.994704e-19
7.003262e-19
7.011829e-19
7.020406e-19
7.028991e-19
7.037585e-19
7.046187e-19
7.054799e-19
7.063419e-19
7.072047e-19
7.080683e-19
7.089328e-19
7.097980e-19
7.106641e-19
7.115310e-19
7.123986e-19
7.132670e-19
7.141361e-19
7.150060e-19
7.158767e-19
7.167480e-19
7.176201e-19
7.184929e-19
7.193663e-19
7.202404e-19
7.211152e-19
7.219907e-19
7.228668e-19
7.237436e-19
7.246210e-19
7.254990e-19
7.263776e-19
7.272568e-19
7.281365e-19
7.290169e-19
7.298978e-19
7.307793e-19
7.316613e-19
7.325438e-19
7.334269e-19
7.343105e-19
7.351945e-19
7.360791e-19
7.369641e-19
7.378496e-19
7.387356e-19
7.396220e-19
7.405088e-19
7.413961e-19
7.422838e-19
7.431718e-19
7.440603e-19
7.449491e-19
7.458383e-19
7.467279e-19
7.476178e-19
7.485081e-19
7.493987e-19
7.502896e-19
7.511807e-19
7.520722e-19
7.529640e-19
7.538561e-19
7.547484e-19
7.556409e-19
7.565337e-19
7.574267e-19
7.583200e-19
7.592134e-19
7.601071e-19
7.610009e-19
7.618949e-19
7.627890e-19
7.636834e-19
7.645778e-19
7.654724e-19
7.663671e-19
7.672619e-19
7.681568e-19
7.690518e-19
7.699469e-19
7.708420e-19
7.717372e-19
7.726324e-19
7.735277e-19
7.744230e-19
7.753183e-19
7.762136e-19
7.771089e-19
7.780041e-19
7.788993e-19
7.797945e-19
7.806896e-19
7.815847e-19
7.824797e-19
7.833746e-19
7.842694e-19
7.851641e-19
7.860586e-19
7.869531e-19
7.878474e-19
7.887415e-19
7.896355e-19
7.905293e-19
7.914229e-19
7.923163e-19
7.932095e-19
7.941025e-19
7.949953e-19
7.958878e-19
7.967801e-19
7.976721e-19
7.985638e-19
7.994553e-19
8.003464e-19
8.012373e-19
8.021278e-19
8.030180e-19
8.039079e-19
8.047974e-19
8.056866e-19
8.065754e-19
8.074638e-19
8.083518e-19
8.092394e-19
8.101266e-19
8.110134e-19
8.118998e-19
8.127857e-19
8.136711e-19
8.145561e-19
8.154406e-19
8.163246e-19
8.172081e-19
8.180911e-19
8.189736e-19
8.198555e-19
8.207369e-19
8.216178e-19
8.224980e-19
8.233778e-19
8.242569e-19
8.251354e-19
8.260133e-19
8.268906e-19
8.277673e-19
8.286433e-19
8.295187e-19
8.303934e-19
8.312675e-19
8.321409e-19
8.330135e-19
8.338855e-19
8.347568e-19
8.356273e-19
8.364971e-19
8.373662e-19
8.382345e-19
8.391020e-19
8.399688e-19
8.408347e-19
8.416999e-19
8.425643e-19
8.434278e-19
8.442905e-19
8.451524e-19
8.460134e-19
8.468736e-19
8.477329e-19
8.485913e-19
8.494488e-19
8.503054e-19
8.511611e-19
8.520159e-19
8.528697e-19
8.537226e-19
8.545746e-19
8.554256e-19
8.562756e-19
8.571246e-19
8.579726e-19
8.588196e-19
8.596656e-19
8.605106e-19
8.613545e-19
8.621974e-19
8.630392e-19
8.638800e-19
8.647196e-19
8.655582e-19
8.663957e-19
8.672321e-19
8.680674e-19
8.689015e-19
8.697345e-19
8.705663e-19
8.713970e-19
8.722265e-19
8.730549e-19
8.738820e-19
8.747080e-19
8.755327e-19
8.763562e-19
8.771785e-19
8.779995e-19
8.788193e-19
8.796379e-19
8.804551e-19
8.812711e-19
8.820858e-19
8.828992e-19
8.837113e-19
8.845220e-19
8.853314e-19
8.861395e-19
8.869463e-19
8.877517e-19
8.885557e-19
8.893583e-19
8.901596e-19
8.909594e-19
8.917578e-19
8.925549e-19
8.933505e-19
8.941446e-19
8.949373e-19
8.957286e-19
8.965184e-19
8.973067e-19
8.980935e-19
8.988788e-19
8.996627e-19
9.004450e-19
9.012258e-19
9.020050e-19
9.027828e-19
9.035589e-19
9.043335e-19
9.051066e-19
9.058780e-19
9.066479e-19
9.074161e-19
9.081828e-19
9.089478e-19
9.097112e-19
9.104730e-19
9.112331e-19
9.119916e-19
9.127484e-19
9.135036e-19
9.142570e-19
9.150088e-19
9.157588e-19
9.165072e-19
9.172538e-19
9.179987e-19
9.187419e-19
9.194833e-19
9.202230e-19
9.209609e-19
9.216970e-19
9.224314e-19
9.231639e-19
9.238947e-19
9.246237e-19
9.253508e-19
9.260761e-19
9.267996e-19
9.275212e-19
9.282410e-19
9.289589e-19
9.296749e-19
9.303891e-19
9.311014e-19
9.318117e-19
9.325202e-19
9.332268e-19
9.339314e-19
9.346341e-19
9.353349e-19
9.360337e-19
9.367306e-19
9.374255e-19
9.381184e-19
9.388093e-19
9.394983e-19
9.401852e-19
9.408702e-19
9.415531e-19
9.422340e-19
9.429129e-19
9.435898e-19
9.442645e-19
9.449373e-19
9.456079e-19
9.462765e-19
9.469431e-19
9.476075e-19
9.482698e-19
9.489300e-19
9.495881e-19
9.502441e-19
9.508980e-19
9.515497e-19
9.521993e-19
9.528467e-19
9.534920e-19
9.541351e-19
9.547760e-19
9.554147e-19
9.560513e-19
9.566856e-19
9.573177e-19
9.579477e-19
9.585754e-19
9.592008e-19
9.598241e-19
9.604450e-19
9.610638e-19
9.616802e-19
9.622944e-19
9.629064e-19
9.635160e-19
9.641233e-19
9.647284e-19
9.653311e-19
9.659316e-19
9.665297e-19
9.671255e-19
9.677189e-19
9.683100e-19
9.688988e-19
9.694852e-19
9.700692e-19
9.706509e-19
9.712302e-19
9.718071e-19
9.723816e-19
9.729538e-19
9.735235e-19
9.740908e-19
9.746556e-19
9.752181e-19
9.757781e-19
9.763357e-19
9.768908e-19
9.774435e-19
9.779938e-19
9.785415e-19
9.790868e-19
9.796296e-19
9.801699e-19
9.807077e-19
9.812431e-19
9.817759e-19
9.823062e-19
9.828340e-19
9.833592e-19
9.838820e-19
9.844021e-19
9.849198e-19
9.854349e-19
9.859474e-19
9.864574e-19
9.869648e-19
9.874696e-19
9.879719e-19
9.884715e-19
9.889686e-19
9.894631e-19
9.899549e-19
9.904442e-19
9.909308e-19
9.914148e-19
9.918962e-19
9.923749e-19
9.928510e-19
9.933245e-19
9.937952e-19
9.942634e-19
9.947289e-19
9.951917e-19
9.956518e-19
9.961092e-19
9.965640e-19
9.970160e-19
9.974654e-19
9.979121e-19
9.983560e-19
9.987973e-19
9.992358e-19
9.996716e-19
1.000105e-18
1.000535e-18
1.000963e-18
1.001387e-18
1.001810e-18
1.002229e-18
1.002645e-18
1.003059e-18
1.003470e-18
1.003879e-18
1.004284e-18
1.004687e-18
1.005087e-18
1.005484e-18
1.005878e-18
1.006269e-18
1.006658e-18
1.007044e-18
1.007427e-18
1.007807e-18
1.008185e-18
1.008559e-18
1.008931e-18
1.009300e-18
1.009666e-18
1.010029e-18
1.010389e-18
1.010747e-18
1.011101e-18
1.011453e-18
1.011802e-18
1.012148e-18
1.012491e-18
1.012831e-18
1.013169e-18
1.013503e-18
1.013835e-18
1.014163e-18
1.014489e-18
1.014812e-18
1.015132e-18
1.015449e-18
1.015763e-18
1.016074e-18
1.016382e-18
1.016687e-18
1.016990e-18
1.017289e-18
1.017585e-18
1.017879e-18
1.018170e-18
1.018457e-18
1.018742e-18
1.019023e-18
1.019302e-18
1.019578e-18
1.019851e-18
1.020120e-18
1.020387e-18
1.020651e-18
1.020912e-18
1.021170e-18
1.021425e-18
1.021676e-18
1.021925e-18
1.022171e-18
1.022414e-18
1.022654e-18
1.022891e-18
1.023125e-18
1.023355e-18
1.023583e-18
1.023808e-18
1.024030e-18
1.024248e-18
1.024464e-18
1.024677e-18
1.024886e-18
1.025093e-18
1.025297e-18
1.025497e-18
1.025695e-18
1.025889e-18
1.026080e-18
1.026269e-18
1.026454e-18
1.026636e-18
1.026815e-18
1.026991e-18
1.027164e-18
1.027334e-18
1.027501e-18
1.027665e-18
1.027826e-18
1.027984e-18
1.028138e-18
1.028290e-18
1.028438e-18
1.028584e-18
1.028726e-18
1.028865e-18
1.029001e-18
1.029134e-18
1.029264e-18
1.029391e-18
1.029515e-18
1.029635e-18
1.029753e-18
1.029868e-18
1.029979e-18
1.030087e-18
1.030192e-18
1.030295e-18
1.030394e-18
1.030489e-18
1.030582e-18
1.030672e-18
1.030758e-18
1.030842e-18
1.030922e-18
1.030999e-18
1.031074e-18
1.031145e-18
1.031213e-18
1.031277e-18
1.031339e-18
1.031398e-18
1.031453e-18
1.031505e-18
1.031555e-18
1.031601e-18
1.031644e-18
1.031683e-18
1.031720e-18
1.031754e-18
1.031784e-18
1.031812e-18
1.031836e-18
1.031857e-18
1.031875e-18
1.031890e-18
1.031902e-18
1.031910e-18
1.031916e-18
1.031918e-18
