4.621939e-21
4.623630e-21
4.621010e-21
4.614079e-21
4.602837e-21
4.587286e-21
4.567424e-21
4.543253e-21
4.514772e-21
4.481982e-21
4.444883e-21
4.403476e-21
4.357761e-21
4.307739e-21
4.253411e-21
4.194776e-21
4.131837e-21
4.064594e-21
3.993047e-21
3.917197e-21
3.837046e-21
3.752594e-21
3.663843e-21
3.570793e-21
3.473447e-21
3.371804e-21
3.265866e-21
3.155635e-21
3.041111e-21
2.922297e-21
2.799194e-21
2.671803e-21
2.540126e-21
2.404164e-21
2.263920e-21
2.119394e-21
1.970590e-21
1.817507e-21
1.660150e-21
1.498518e-21
1.332615e-21
1.162443e-21
9.880029e-22
8.092975e-22
6.263291e-22
4.390998e-22
2.476120e-22
5.186795e-23
-1.481299e-22
-3.523790e-22
-5.608769e-22
-7.736211e-22
-9.906088e-22
-1.211838e-21
-1.437304e-21
-1.667007e-21
-1.900942e-21
-2.139107e-21
-2.381498e-21
-2.628114e-21
-2.878950e-21
-3.134004e-21
-3.393272e-21
-3.656752e-21
-3.924440e-21
-4.196333e-21
-4.472427e-21
-4.752720e-21
-5.037207e-21
-5.325886e-21
-5.618752e-21
-5.915802e-21
-6.217032e-21
-6.522439e-21
-6.832020e-21
-7.145769e-21
-7.463684e-21
-7.785760e-21
-8.111993e-21
-8.442380e-21
-8.776916e-21
-9.115598e-21
-9.458421e-21
-9.805380e-21
-1.015647e-20
-1.051169e-20
-1.087104e-20
-1.123450e-20
-1.160208e-20
-1.197377e-20
-1.234957e-20
-1.272947e-20
-1.311346e-20
-1.350155e-20
-1.389372e-20
-1.428998e-20
-1.469031e-20
-1.509472e-20
-1.550319e-20
-1.591573e-20
-1.633232e-20
-1.675297e-20
-1.717767e-20
-1.760640e-20
-1.803918e-20
-1.847598e-20
-1.891682e-20
-1.936167e-20
-1.981054e-20
-2.026342e-20
-2.072030e-20
-2.118118e-20
-2.164606e-20
-2.211492e-20
-2.258776e-20
-2.306458e-20
-2.354537e-20
-2.403013e-20
-2.451884e-20
-2.501151e-20
-2.550812e-20
-2.600867e-20
-2.651316e-20
-2.702157e-20
-2.753391e-20
-2.805016e-20
-2.857032e-20
-2.909438e-20
-2.962234e-20
-3.015419e-20
-3.068992e-20
-3.122953e-20
-3.177301e-20
-3.232035e-20
-3.287155e-20
-3.342660e-20
-3.398549e-20
-3.454822e-20
-3.511478e-20
-3.568516e-20
-3.625935e-20
-3.683736e-20
-3.741916e-20
-3.800476e-20
-3.859415e-20
-3.918732e-20
-3.978426e-20
-4.038497e-20
-4.098943e-20
-4.159764e-20
-4.220960e-20
-4.282529e-20
-4.344472e-20
-4.406786e-20
-4.469471e-20
-4.532527e-20
-4.595953e-20
-4.659748e-20
-4.723911e-20
-4.788441e-20
-4.853338e-20
-4.918601e-20
-4.984229e-20
-5.050221e-20
-5.116576e-20
-5.183295e-20
-5.250374e-20
-5.317815e-20
-5.385616e-20
-5.453777e-20
-5.522295e-20
-5.591172e-20
-5.660405e-20
-5.729994e-20
-5.799939e-20
-5.870237e-20
-5.940889e-20
-6.011894e-20
-6.083250e-20
-6.154957e-20
-6.227014e-20
-6.299419e-20
-6.372173e-20
-6.445275e-20
-6.518722e-20
-6.592515e-20
-6.666653e-20
-6.741134e-20
-6.815958e-20
-6.891124e-20
-6.966630e-20
-7.042477e-20
-7.118663e-20
-7.195186e-20
-7.272047e-20
-7.349245e-20
-7.426777e-20
-7.504644e-20
-7.582844e-20
-7.661377e-20
-7.740241e-20
-7.819436e-20
-7.898960e-20
-7.978813e-20
-8.058993e-20
-8.139500e-20
-8.220333e-20
-8.301490e-20
-8.382971e-20
-8.464774e-20
-8.546900e-20
-8.629346e-20
-8.712111e-20
-8.795195e-20
-8.878597e-20
-8.962315e-20
-9.046349e-20
-9.130698e-20
-9.215359e-20
-9.300334e-20
-9.385620e-20
-9.471216e-20
-9.557121e-20
-9.643335e-20
-9.729856e-20
-9.816684e-20
-9.903816e-20
-9.991253e-20
-1.007899e-19
-1.016703e-19
-1.025538e-19
-1.034402e-19
-1.043296e-19
-1.052220e-19
-1.061173e-19
-1.070156e-19
-1.079169e-19
-1.088210e-19
-1.097281e-19
-1.106381e-19
-1.115510e-19
-1.124668e-19
-1.133855e-19
-1.143070e-19
-1.152314e-19
-1.161587e-19
-1.170887e-19
-1.180216e-19
-1.189573e-19
-1.198958e-19
-1.208370e-19
-1.217811e-19
-1.227279e-19
-1.236775e-19
-1.246298e-19
-1.255848e-19
-1.265425e-19
-1.275030e-19
-1.284661e-19
-1.294319e-19
-1.304004e-19
-1.313716e-19
-1.323454e-19
-1.333218e-19
-1.343008e-19
-1.352825e-19
-1.362667e-19
-1.372536e-19
-1.382430e-19
-1.392350e-19
-1.402295e-19
-1.412266e-19
-1.422261e-19
-1.432282e-19
-1.442328e-19
-1.452399e-19
-1.462495e-19
-1.472615e-19
-1.482760e-19
-1.492929e-19
-1.503122e-19
-1.513340e-19
-1.523581e-19
-1.533847e-19
-1.544136e-19
-1.554449e-19
-1.564785e-19
-1.575145e-19
-1.585528e-19
-1.595934e-19
-1.606363e-19
-1.616815e-19
-1.627290e-19
-1.637787e-19
-1.648307e-19
-1.658849e-19
-1.669414e-19
-1.680000e-19
-1.690609e-19
-1.701239e-19
-1.711891e-19
-1.722565e-19
-1.733260e-19
-1.743977e-19
-1.754714e-19
-1.765473e-19
-1.776253e-19
-1.787053e-19
-1.797874e-19
-1.808716e-19
-1.819578e-19
-1.830460e-19
-1.841363e-19
-1.852285e-19
-1.863227e-19
-1.874190e-19
-1.885171e-19
-1.896172e-19
-1.907193e-19
-1.918233e-19
-1.929291e-19
-1.940369e-19
-1.951465e-19
-1.962580e-19
-1.973714e-19
-1.984866e-19
-1.996036e-19
-2.007225e-19
-2.018431e-19
-2.029655e-19
-2.040897e-19
-2.052157e-19
-2.063434e-19
-2.074728e-19
-2.086039e-19
-2.097368e-19
-2.108713e-19
-2.120075e-19
-2.131453e-19
-2.142848e-19
-2.154260e-19
-2.165687e-19
-2.177131e-19
-2.188590e-19
-2.200066e-19
-2.211556e-19
-2.223063e-19
-2.234584e-19
-2.246121e-19
-2.257673e-19
-2.269240e-19
-2.280822e-19
-2.292418e-19
-2.304029e-19
-2.315654e-19
-2.327293e-19
-2.338947e-19
-2.350614e-19
-2.362295e-19
-2.373990e-19
-2.385698e-19
-2.397419e-19
-2.409154e-19
-2.420902e-19
-2.432663e-19
-2.444436e-19
-2.456223e-19
-2.468021e-19
-2.479832e-19
-2.491655e-19
-2.503491e-19
-2.515338e-19
-2.527197e-19
-2.539068e-19
-2.550950e-19
-2.562843e-19
-2.574748e-19
-2.586663e-19
-2.598590e-19
-2.610527e-19
-2.622475e-19
-2.634433e-19
-2.646402e-19
-2.658381e-19
-2.670370e-19
-2.682368e-19
-2.694377e-19
-2.706395e-19
-2.718422e-19
-2.730459e-19
-2.742505e-19
-2.754560e-19
-2.766624e-19
-2.778696e-19
-2.790777e-19
-2.802867e-19
-2.814964e-19
-2.827070e-19
-2.839184e-19
-2.851305e-19
-2.863435e-19
-2.875571e-19
-2.887715e-19
-2.899867e-19
-2.912025e-19
-2.924190e-19
-2.936363e-19
-2.948541e-19
-2.960727e-19
-2.972918e-19
-2.985116e-19
-2.997319e-19
-3.009529e-19
-3.021744e-19
-3.033965e-19
-3.046192e-19
-3.058423e-19
-3.070660e-19
-3.082902e-19
-3.095149e-19
-3.107400e-19
-3.119656e-19
-3.131916e-19
-3.144180e-19
-3.156449e-19
-3.168722e-19
-3.180998e-19
-3.193278e-19
-3.205561e-19
-3.217848e-19
-3.230138e-19
-3.242431e-19
-3.254727e-19
-3.267025e-19
-3.279326e-19
-3.291630e-19
-3.303936e-19
-3.316244e-19
-3.328554e-19
-3.340866e-19
-3.353180e-19
-3.365495e-19
-3.377811e-19
-3.390129e-19
-3.402448e-19
-3.414767e-19
-3.427088e-19
-3.439409e-19
-3.451731e-19
-3.464053e-19
-3.476375e-19
-3.488697e-19
-3.501019e-19
-3.513341e-19
-3.525662e-19
-3.537983e-19
-3.550303e-19
-3.562622e-19
-3.574941e-19
-3.587258e-19
-3.599573e-19
-3.611888e-19
-3.624200e-19
-3.636511e-19
-3.648820e-19
-3.661127e-19
-3.673431e-19
-3.685734e-19
-3.698033e-19
-3.710330e-19
-3.722625e-19
-3.734916e-19
-3.747204e-19
-3.759489e-19
-3.771770e-19
-3.784048e-19
-3.796322e-19
-3.808592e-19
-3.820859e-19
-3.833121e-19
-3.845378e-19
-3.857632e-19
-3.869880e-19
-3.882124e-19
-3.894363e-19
-3.906597e-19
-3.918825e-19
-3.931049e-19
-3.943266e-19
-3.955478e-19
-3.967685e-19
-3.979885e-19
-3.992079e-19
-4.004267e-19
-4.016448e-19
-4.028623e-19
-4.040792e-19
-4.052953e-19
-4.065107e-19
-4.077254e-19
-4.089394e-19
-4.101527e-19
-4.113652e-19
-4.125769e-19
-4.137878e-19
-4.149979e-19
-4.162072e-19
-4.174156e-19
-4.186233e-19
-4.198300e-19
-4.210359e-19
-4.222408e-19
-4.234449e-19
-4.246481e-19
-4.258503e-19
-4.270515e-19
-4.282518e-19
-4.294511e-19
-4.306494e-19
-4.318467e-19
-4.330430e-19
-4.342382e-19
-4.354324e-19
-4.366255e-19
-4.378176e-19
-4.390085e-19
-4.401983e-19
-4.413870e-19
-4.425746e-19
-4.437610e-19
-4.449462e-19
-4.461302e-19
-4.473131e-19
-4.484947e-19
-4.496751e-19
-4.508543e-19
-4.520322e-19
-4.532088e-19
-4.543841e-19
-4.555582e-19
-4.567309e-19
-4.579023e-19
-4.590724e-19
-4.602411e-19
-4.614084e-19
-4.625743e-19
-4.637389e-19
-4.649020e-19
-4.660637e-19
-4.672240e-19
-4.683828e-19
-4.695401e-19
-4.706959e-19
-4.718503e-19
-4.730031e-19
-4.741544e-19
-4.753042e-19
-4.764524e-19
-4.775990e-19
-4.787441e-19
-4.798875e-19
-4.810294e-19
-4.821696e-19
-4.833082e-19
-4.844451e-19
-4.855804e-19
-4.867139e-19
-4.878458e-19
-4.889760e-19
-4.901044e-19
-4.912312e-19
-4.923561e-19
-4.934793e-19
-4.946008e-19
-4.957204e-19
-4.968382e-19
-4.979542e-19
-4.990684e-19
-5.001808e-19
-5.012912e-19
-5.023998e-19
-5.035065e-19
-5.046114e-19
-5.057143e-19
-5.068152e-19
-5.079143e-19
-5.090114e-19
-5.101065e-19
-5.111996e-19
-5.122908e-19
-5.133799e-19
-5.144670e-19
-5.155521e-19
-5.166351e-19
-5.177161e-19
-5.187950e-19
-5.198718e-19
-5.209465e-19
-5.220191e-19
-5.230896e-19
-5.241580e-19
-5.252242e-19
-5.262882e-19
-5.273500e-19
-5.284097e-19
-5.294671e-19
-5.305224e-19
-5.315754e-19
-5.326261e-19
-5.336746e-19
-5.347209e-19
-5.357648e-19
-5.368065e-19
-5.378459e-19
-5.388829e-19
-5.399176e-19
-5.409500e-19
-5.419800e-19
-5.430076e-19
-5.440329e-19
-5.450558e-19
-5.460762e-19
-5.470942e-19
-5.481099e-19
-5.491230e-19
-5.501337e-19
-5.511420e-19
-5.521477e-19
-5.531510e-19
-5.541517e-19
-5.551500e-19
-5.561457e-19
-5.571389e-19
-5.581295e-19
-5.591175e-19
-5.601030e-19
-5.610859e-19
-5.620661e-19
-5.630438e-19
-5.640188e-19
-5.649912e-19
-5.659610e-19
-5.669281e-19
-5.678925e-19
-5.688542e-19
-5.698132e-19
-5.707695e-19
-5.717231e-19
-5.726740e-19
-5.736221e-19
-5.745675e-19
-5.755101e-19
-5.764499e-19
-5.773870e-19
-5.783212e-19
-5.792526e-19
-5.801812e-19
-5.811070e-19
-5.820299e-19
-5.829499e-19
-5.838671e-19
-5.847814e-19
-5.856929e-19
-5.866014e-19
-5.875070e-19
-5.884096e-19
-5.893094e-19
-5.902062e-19
-5.911000e-19
-5.919909e-19
-5.928788e-19
-5.937637e-19
-5.946455e-19
-5.955244e-19
-5.964003e-19
-5.972731e-19
-5.981429e-19
-5.990096e-19
-5.998733e-19
-6.007339e-19
-6.015914e-19
-6.024458e-19
-6.032971e-19
-6.041453e-19
-6.049903e-19
-6.058322e-19
-6.066710e-19
-6.075066e-19
-6.083391e-19
-6.091683e-19
-6.099944e-19
-6.108173e-19
-6.116369e-19
-6.124534e-19
-6.132666e-19
-6.140766e-19
-6.148833e-19
-6.156868e-19
-6.164870e-19
-6.172839e-19
-6.180775e-19
-6.188679e-19
-6.196549e-19
-6.204386e-19
-6.212190e-19
-6.219960e-19
-6.227697e-19
-6.235401e-19
-6.243071e-19
-6.250707e-19
-6.258309e-19
-6.265878e-19
-6.273412e-19
-6.280912e-19
-6.288378e-19
-6.295810e-19
-6.303207e-19
-6.310570e-19
-6.317899e-19
-6.325192e-19
-6.332451e-19
-6.339676e-19
-6.346865e-19
-6.354019e-19
-6.361138e-19
-6.368222e-19
-6.375271e-19
-6.382284e-19
-6.389262e-19
-6.396204e-19
-6.403111e-19
-6.409982e-19
-6.416818e-19
-6.423617e-19
-6.430381e-19
-6.437108e-19
-6.443800e-19
-6.450455e-19
-6.457074e-19
-6.463656e-19
-6.470203e-19
-6.476712e-19
-6.483185e-19
-6.489622e-19
-6.496022e-19
-6.502384e-19
-6.508710e-19
-6.514999e-19
-6.521251e-19
-6.527466e-19
-6.533644e-19
-6.539784e-19
-6.545887e-19
-6.551953e-19
-6.557981e-19
-6.563971e-19
-6.569924e-19
-6.575839e-19
-6.581716e-19
-6.587556e-19
-6.593357e-19
-6.599121e-19
-6.604846e-19
-6.610533e-19
-6.616182e-19
-6.621793e-19
-6.627366e-19
-6.632900e-19
-6.638395e-19
-6.643852e-19
-6.649270e-19
-6.654650e-19
-6.659991e-19
-6.665293e-19
-6.670556e-19
-6.675780e-19
-6.680965e-19
-6.686112e-19
-6.691219e-19
-6.696286e-19
-6.701315e-19
-6.706304e-19
-6.711254e-19
-6.716164e-19
-6.721035e-19
-6.725866e-19
-6.730658e-19
-6.735410e-19
-6.740122e-19
-6.744795e-19
-6.749427e-19
-6.754020e-19
-6.758573e-19
-6.763085e-19
-6.767558e-19
-6.771990e-19
-6.776383e-19
-6.780735e-19
-6.785047e-19
-6.789318e-19
-6.793549e-19
-6.797740e-19
-6.801890e-19
-6.805999e-19
-6.810068e-19
-6.814096e-19
-6.818084e-19
-6.822031e-19
-6.825937e-19
-6.829802e-19
-6.833626e-19
-6.837410e-19
-6.841152e-19
-6.844853e-19
-6.848514e-19
-6.852133e-19
-6.855711e-19
-6.859248e-19
-6.862743e-19
-6.866197e-19
-6.869610e-19
-6.872982e-19
-6.876312e-19
-6.879601e-19
-6.882848e-19
-6.886053e-19
-6.889217e-19
-6.892340e-19
-6.895421e-19
-6.898460e-19
-6.901457e-19
-6.904413e-19
-6.907326e-19
-6.910198e-19
-6.913028e-19
-6.915817e-19
-6.918563e-19
-6.921267e-19
-6.923929e-19
-6.926550e-19
-6.929128e-19
-6.931664e-19
-6.934158e-19
-6.936610e-19
-6.939019e-19
-6.941387e-19
-6.943712e-19
-6.945994e-19
-6.948235e-19
-6.950433e-19
-6.952589e-19
-6.954702e-19
-6.956774e-19
-6.958802e-19
-6.960788e-19
-6.962732e-19
-6.964633e-19
-6.966492e-19
-6.968308e-19
-6.970081e-19
-6.971812e-19
-6.973500e-19
-6.975146e-19
-6.976749e-19
-6.978309e-19
-6.979827e-19
-6.981301e-19
-6.982734e-19
-6.984123e-19
-6.985470e-19
-6.986773e-19
-6.988034e-19
-6.989253e-19
-6.990428e-19
-6.991560e-19
-6.992650e-19
-6.993697e-19
-6.994701e-19
-6.995662e-19
-6.996580e-19
-6.997455e-19
-6.998287e-19
-6.999076e-19
-6.999823e-19
-7.000526e-19
-7.001186e-19
-7.001804e-19
-7.002378e-19
-7.002910e-19
-7.003398e-19
-7.003844e-19
-7.004246e-19
-7.004605e-19
-7.004922e-19
-7.005195e-19
-7.005425e-19
-7.005613e-19
-7.005757e-19
-7.005858e-19
-7.005916e-19
-7.005932e-19
-7.005904e-19
-7.005833e-19
-7.005719e-19
-7.005562e-19
-7.005362e-19
-7.005119e-19
-7.004833e-19
-7.004504e-19
-7.004132e-19
-7.003717e-19
-7.003259e-19
-7.002757e-19
-7.002213e-19
-7.001626e-19
-7.000996e-19
-7.000323e-19
-6.999607e-19
-6.998848e-19
-6.998046e-19
-6.997201e-19
-6.996314e-19
-6.995383e-19
-6.994409e-19
-6.993393e-19
-6.992333e-19
-6.991231e-19
-6.990086e-19
-6.988898e-19
-6.987667e-19
-6.986394e-19
-6.985077e-19
-6.983718e-19
-6.982316e-19
-6.980872e-19
-6.979384e-19
-6.977854e-19
-6.976281e-19
-6.974666e-19
-6.973008e-19
-6.971307e-19
-6.969564e-19
-6.967778e-19
-6.965949e-19
-6.964078e-19
-6.962165e-19
-6.960208e-19
-6.958210e-19
-6.956169e-19
-6.954085e-19
-6.951960e-19
-6.949791e-19
-6.947581e-19
-6.945328e-19
-6.943033e-19
-6.940695e-19
-6.938316e-19
-6.935894e-19
-6.933430e-19
-6.930924e-19
-6.928375e-19
-6.925785e-19
-6.923152e-19
-6.920478e-19
-6.917761e-19
-6.915003e-19
-6.912202e-19
-6.909360e-19
-6.906476e-19
-6.903550e-19
-6.900582e-19
-6.897573e-19
-6.894522e-19
-6.891429e-19
-6.888294e-19
-6.885118e-19
-6.881901e-19
-6.878642e-19
-6.875341e-19
-6.871999e-19
-6.868615e-19
-6.865191e-19
-6.861724e-19
-6.858217e-19
-6.854668e-19
-6.851079e-19
-6.847448e-19
-6.843775e-19
-6.840062e-19
-6.836308e-19
-6.832513e-19
-6.828677e-19
-6.824800e-19
-6.820882e-19
-6.816924e-19
-6.812925e-19
-6.808885e-19
-6.804804e-19
-6.800683e-19
-6.796522e-19
-6.792319e-19
-6.788077e-19
-6.783794e-19
-6.779471e-19
-6.775107e-19
-6.770703e-19
-6.766260e-19
-6.761776e-19
-6.757252e-19
-6.752688e-19
-6.748084e-19
-6.743440e-19
-6.738756e-19
-6.734032e-19
-6.729269e-19
-6.724466e-19
-6.719624e-19
-6.714742e-19
-6.709821e-19
-6.704860e-19
-6.699859e-19
-6.694820e-19
-6.689741e-19
-6.684623e-19
-6.679466e-19
-6.674270e-19
-6.669035e-19
-6.663761e-19
-6.658448e-19
-6.653096e-19
-6.647706e-19
-6.642277e-19
-6.636809e-19
-6.631303e-19
-6.625758e-19
-6.620175e-19
-6.614554e-19
-6.608894e-19
-6.603196e-19
-6.597460e-19
-6.591686e-19
-6.585874e-19
-6.580025e-19
-6.574137e-19
-6.568211e-19
-6.562248e-19
-6.556247e-19
-6.550209e-19
-6.544133e-19
-6.538020e-19
-6.531870e-19
-6.525682e-19
-6.519457e-19
-6.513195e-19
-6.506896e-19
-6.500560e-19
-6.494187e-19
-6.487777e-19
-6.481331e-19
-6.474848e-19
-6.468328e-19
-6.461772e-19
-6.455180e-19
-6.448551e-19
-6.441886e-19
-6.435185e-19
-6.428447e-19
-6.421674e-19
-6.414865e-19
-6.408020e-19
-6.401140e-19
-6.394223e-19
-6.387271e-19
-6.380284e-19
-6.373261e-19
-6.366203e-19
-6.359110e-19
-6.351981e-19
-6.344818e-19
-6.337619e-19
-6.330386e-19
-6.323118e-19
-6.315815e-19
-6.308477e-19
-6.301105e-19
-6.293699e-19
-6.286258e-19
-6.278783e-19
-6.271274e-19
-6.263731e-19
-6.256153e-19
-6.248542e-19
-6.240897e-19
-6.233219e-19
-6.225506e-19
-6.217761e-19
-6.209981e-19
-6.202169e-19
-6.194323e-19
-6.186444e-19
-6.178532e-19
-6.170587e-19
-6.162610e-19
-6.154599e-19
-6.146556e-19
-6.138481e-19
-6.130373e-19
-6.122232e-19
-6.114059e-19
-6.105855e-19
-6.097618e-19
-6.089349e-19
-6.081048e-19
-6.072716e-19
-6.064351e-19
-6.055956e-19
-6.047529e-19
-6.039070e-19
-6.030581e-19
-6.022060e-19
-6.013508e-19
-6.004925e-19
-5.996311e-19
-5.987667e-19
-5.978992e-19
-5.970287e-19
-5.961551e-19
-5.952785e-19
-5.943988e-19
-5.935162e-19
-5.926306e-19
-5.917419e-19
-5.908503e-19
-5.899558e-19
-5.890582e-19
-5.881578e-19
-5.872544e-19
-5.863481e-19
-5.854388e-19
-5.845267e-19
-5.836117e-19
-5.826938e-19
-5.817730e-19
-5.808494e-19
-5.799230e-19
-5.789937e-19
-5.780616e-19
-5.771267e-19
-5.761890e-19
-5.752485e-19
-5.743052e-19
-5.733592e-19
-5.724104e-19
-5.714589e-19
-5.705046e-19
-5.695476e-19
-5.685880e-19
-5.676256e-19
-5.666605e-19
-5.656928e-19
-5.647224e-19
-5.637494e-19
-5.627737e-19
-5.617955e-19
-5.608146e-19
-5.598311e-19
-5.588450e-19
-5.578563e-19
-5.568651e-19
-5.558713e-19
-5.548750e-19
-5.538762e-19
-5.528749e-19
-5.518710e-19
-5.508647e-19
-5.498559e-19
-5.488446e-19
-5.478308e-19
-5.468147e-19
-5.457961e-19
-5.447751e-19
-5.437516e-19
-5.427258e-19
-5.416976e-19
-5.406671e-19
-5.396342e-19
-5.385989e-19
-5.375613e-19
-5.365214e-19
-5.354793e-19
-5.344348e-19
-5.333880e-19
-5.323390e-19
-5.312877e-19
-5.302342e-19
-5.291784e-19
-5.281205e-19
-5.270603e-19
-5.259980e-19
-5.249335e-19
-5.238668e-19
-5.227980e-19
-5.217270e-19
-5.206539e-19
-5.195787e-19
-5.185014e-19
-5.174221e-19
-5.163406e-19
-5.152571e-19
-5.141716e-19
-5.130840e-19
-5.119944e-19
-5.109028e-19
-5.098092e-19
-5.087137e-19
-5.076162e-19
-5.065167e-19
-5.054153e-19
-5.043119e-19
-5.032067e-19
-5.020995e-19
-5.009905e-19
-4.998796e-19
-4.987669e-19
-4.976523e-19
-4.965359e-19
-4.954176e-19
-4.942976e-19
-4.931758e-19
-4.920522e-19
-4.909268e-19
-4.897997e-19
-4.886708e-19
-4.875403e-19
-4.864080e-19
-4.852741e-19
-4.841384e-19
-4.830011e-19
-4.818622e-19
-4.807216e-19
-4.795794e-19
-4.784356e-19
-4.772901e-19
-4.761432e-19
-4.749946e-19
-4.738445e-19
-4.726928e-19
-4.715397e-19
-4.703850e-19
-4.692288e-19
-4.680711e-19
-4.669120e-19
-4.657514e-19
-4.645894e-19
-4.634259e-19
-4.622611e-19
-4.610948e-19
-4.599271e-19
-4.587581e-19
-4.575878e-19
-4.564160e-19
-4.552430e-19
-4.540687e-19
-4.528930e-19
-4.517161e-19
-4.505379e-19
-4.493584e-19
-4.481777e-19
-4.469958e-19
-4.458127e-19
-4.446284e-19
-4.434428e-19
-4.422562e-19
-4.410683e-19
-4.398794e-19
-4.386893e-19
-4.374981e-19
-4.363057e-19
-4.351124e-19
-4.339179e-19
-4.327224e-19
-4.315259e-19
-4.303283e-19
-4.291297e-19
-4.279302e-19
-4.267296e-19
-4.255281e-19
-4.243257e-19
-4.231223e-19
-4.219179e-19
-4.207127e-19
-4.195066e-19
-4.182996e-19
-4.170918e-19
-4.158831e-19
-4.146735e-19
-4.134632e-19
-4.122520e-19
-4.110401e-19
-4.098274e-19
-4.086139e-19
-4.073997e-19
-4.061848e-19
-4.049691e-19
-4.037528e-19
-4.025357e-19
-4.013180e-19
-4.000996e-19
-3.988806e-19
-3.976610e-19
-3.964408e-19
-3.952199e-19
-3.939985e-19
-3.927765e-19
-3.915540e-19
-3.903309e-19
-3.891073e-19
-3.878832e-19
-3.866586e-19
-3.854336e-19
-3.842081e-19
-3.829821e-19
-3.817557e-19
-3.805289e-19
-3.793016e-19
-3.780740e-19
-3.768461e-19
-3.756177e-19
-3.743890e-19
-3.731600e-19
-3.719307e-19
-3.707011e-19
-3.694712e-19
-3.682411e-19
-3.670106e-19
-3.657800e-19
-3.645491e-19
-3.633180e-19
-3.620868e-19
-3.608553e-19
-3.596237e-19
-3.583920e-19
-3.571601e-19
-3.559281e-19
-3.546960e-19
-3.534638e-19
-3.522315e-19
-3.509992e-19
-3.497668e-19
-3.485344e-19
-3.473020e-19
-3.460696e-19
-3.448372e-19
-3.436049e-19
-3.423726e-19
-3.411404e-19
-3.399082e-19
-3.386761e-19
-3.374442e-19
-3.362124e-19
-3.349807e-19
-3.337491e-19
-3.325178e-19
-3.312866e-19
-3.300556e-19
-3.288248e-19
-3.275943e-19
-3.263640e-19
-3.251339e-19
-3.239042e-19
-3.226747e-19
-3.214455e-19
-3.202166e-19
-3.189881e-19
-3.177599e-19
-3.165321e-19
-3.153047e-19
-3.140776e-19
-3.128510e-19
-3.116248e-19
-3.103990e-19
-3.091737e-19
-3.079488e-19
-3.067245e-19
-3.055006e-19
-3.042772e-19
-3.030544e-19
-3.018321e-19
-3.006104e-19
-2.993892e-19
-2.981686e-19
-2.969487e-19
-2.957293e-19
-2.945106e-19
-2.932925e-19
-2.920751e-19
-2.908584e-19
-2.896423e-19
-2.884270e-19
-2.872123e-19
-2.859985e-19
-2.847853e-19
-2.835730e-19
-2.823614e-19
-2.811506e-19
-2.799406e-19
-2.787314e-19
-2.775231e-19
-2.763156e-19
-2.751090e-19
-2.739033e-19
-2.726985e-19
-2.714946e-19
-2.702916e-19
-2.690896e-19
-2.678885e-19
-2.666884e-19
-2.654892e-19
-2.642911e-19
-2.630940e-19
-2.618979e-19
-2.607029e-19
-2.595089e-19
-2.583160e-19
-2.571242e-19
-2.559335e-19
-2.547439e-19
-2.535554e-19
-2.523681e-19
-2.511819e-19
-2.499969e-19
-2.488131e-19
-2.476305e-19
-2.464492e-19
-2.452690e-19
-2.440901e-19
-2.429125e-19
-2.417361e-19
-2.405610e-19
-2.393873e-19
-2.382148e-19
-2.370437e-19
-2.358739e-19
-2.347055e-19
-2.335385e-19
-2.323728e-19
-2.312086e-19
-2.300458e-19
-2.288844e-19
-2.277244e-19
-2.265660e-19
-2.254089e-19
-2.242534e-19
-2.230994e-19
-2.219469e-19
-2.207959e-19
-2.196465e-19
-2.184986e-19
-2.173523e-19
-2.162076e-19
-2.150645e-19
-2.139230e-19
-2.127832e-19
-2.116449e-19
-2.105084e-19
-2.093735e-19
-2.082403e-19
-2.071088e-19
-2.059790e-19
-2.048509e-19
-2.037245e-19
-2.026000e-19
-2.014771e-19
-2.003561e-19
-1.992369e-19
-1.981194e-19
-1.970038e-19
-1.958900e-19
-1.947781e-19
-1.936680e-19
-1.925598e-19
-1.914535e-19
-1.903491e-19
-1.892466e-19
-1.881461e-19
-1.870474e-19
-1.859508e-19
-1.848561e-19
-1.837634e-19
-1.826727e-19
-1.815840e-19
-1.804973e-19
-1.794126e-19
-1.783300e-19
-1.772495e-19
-1.761711e-19
-1.750947e-19
-1.740204e-19
-1.729483e-19
-1.718782e-19
-1.708104e-19
-1.697446e-19
-1.686811e-19
-1.676197e-19
-1.665605e-19
-1.655035e-19
-1.644487e-19
-1.633962e-19
-1.623459e-19
-1.612979e-19
-1.602521e-19
-1.592086e-19
-1.581675e-19
-1.571286e-19
-1.560920e-19
-1.550578e-19
-1.540259e-19
-1.529964e-19
-1.519693e-19
-1.509445e-19
-1.499221e-19
-1.489022e-19
-1.478846e-19
-1.468695e-19
-1.458569e-19
-1.448467e-19
-1.438389e-19
-1.428337e-19
-1.418309e-19
-1.408307e-19
-1.398329e-19
-1.388377e-19
-1.378451e-19
-1.368550e-19
-1.358675e-19
-1.348825e-19
-1.339002e-19
-1.329204e-19
-1.319433e-19
-1.309688e-19
-1.299969e-19
-1.290277e-19
-1.280611e-19
-1.270972e-19
-1.261360e-19
-1.251775e-19
-1.242217e-19
-1.232687e-19
-1.223183e-19
-1.213708e-19
-1.204259e-19
-1.194839e-19
-1.185446e-19
-1.176081e-19
-1.166744e-19
-1.157435e-19
-1.148155e-19
-1.138903e-19
-1.129679e-19
-1.120484e-19
-1.111317e-19
-1.102180e-19
-1.093071e-19
-1.083992e-19
-1.074941e-19
-1.065920e-19
-1.056928e-19
-1.047966e-19
-1.039033e-19
-1.030130e-19
-1.021256e-19
-1.012413e-19
-1.003600e-19
-9.948165e-20
-9.860635e-20
-9.773408e-20
-9.686486e-20
-9.599870e-20
-9.513559e-20
-9.427557e-20
-9.341863e-20
-9.256479e-20
-9.171406e-20
-9.086644e-20
-9.002195e-20
-8.918061e-20
-8.834241e-20
-8.750736e-20
-8.667549e-20
-8.584680e-20
-8.502130e-20
-8.419900e-20
-8.337990e-20
-8.256403e-20
-8.175138e-20
-8.094198e-20
-8.013582e-20
-7.933293e-20
-7.853330e-20
-7.773695e-20
-7.694389e-20
-7.615413e-20
-7.536767e-20
-7.458453e-20
-7.380472e-20
-7.302825e-20
-7.225512e-20
-7.148535e-20
-7.071894e-20
-6.995590e-20
-6.919625e-20
-6.843999e-20
-6.768713e-20
-6.693768e-20
-6.619166e-20
-6.544906e-20
-6.470990e-20
-6.397419e-20
-6.324193e-20
-6.251314e-20
-6.178782e-20
-6.106599e-20
-6.034765e-20
-5.963281e-20
-5.892147e-20
-5.821366e-20
-5.750937e-20
-5.680862e-20
-5.611140e-20
-5.541775e-20
-5.472765e-20
-5.404112e-20
-5.335817e-20
-5.267880e-20
-5.200303e-20
-5.133086e-20
-5.066230e-20
-4.999736e-20
-4.933605e-20
-4.867837e-20
-4.802433e-20
-4.737395e-20
-4.672722e-20
-4.608416e-20
-4.544477e-20
-4.480907e-20
-4.417705e-20
-4.354874e-20
-4.292413e-20
-4.230323e-20
-4.168605e-20
-4.107260e-20
-4.046289e-20
-3.985692e-20
-3.925469e-20
-3.865623e-20
-3.806153e-20
-3.747061e-20
-3.688346e-20
-3.630010e-20
-3.572053e-20
-3.514477e-20
-3.457281e-20
-3.400467e-20
-3.344035e-20
-3.287986e-20
-3.232320e-20
-3.177039e-20
-3.122142e-20
-3.067631e-20
-3.013506e-20
-2.959769e-20
-2.906418e-20
-2.853456e-20
-2.800883e-20
-2.748699e-20
-2.696906e-20
-2.645503e-20
-2.594491e-20
-2.543872e-20
-2.493645e-20
-2.443812e-20
-2.394372e-20
-2.345327e-20
-2.296677e-20
-2.248422e-20
-2.200564e-20
-2.153102e-20
-2.106038e-20
-2.059372e-20
-2.013105e-20
-1.967236e-20
-1.921768e-20
-1.876699e-20
-1.832031e-20
-1.787765e-20
-1.743900e-20
-1.700438e-20
-1.657379e-20
-1.614723e-20
-1.572472e-20
-1.530624e-20
-1.489182e-20
-1.448145e-20
-1.407515e-20
-1.367290e-20
-1.327473e-20
-1.288063e-20
-1.249062e-20
-1.210468e-20
-1.172284e-20
-1.134509e-20
-1.097144e-20
-1.060189e-20
-1.023645e-20
-9.875120e-21
-9.517907e-21
-9.164816e-21
-8.815849e-21
-8.471012e-21
-8.130308e-21
-7.793743e-21
-7.461319e-21
-7.133041e-21
-6.808913e-21
-6.488939e-21
-6.173123e-21
-5.861469e-21
-5.553980e-21
-5.250661e-21
-4.951514e-21
-4.656544e-21
-4.365755e-21
-4.079149e-21
-3.796731e-21
-3.518503e-21
-3.244470e-21
-2.974634e-21
-2.708999e-21
-2.447569e-21
-2.190345e-21
-1.937333e-21
-1.688533e-21
-1.443951e-21
-1.203588e-21
-9.674474e-22
-7.355324e-22
-5.078458e-22
-2.843904e-22
-6.516872e-23
1.498164e-22
3.605623e-22
5.670664e-22
7.693262e-22
9.673393e-22
1.161103e-21
1.350615e-21
1.535874e-21
1.716876e-21
1.893620e-21
2.066103e-21
2.234323e-21
2.398279e-21
2.557967e-21
2.713387e-21
2.864537e-21
3.011414e-21
3.154016e-21
3.292342e-21
3.426391e-21
3.556160e-21
3.681648e-21
3.802853e-21
3.919775e-21
4.032410e-21
4.140759e-21
4.244820e-21
4.344591e-21
4.440071e-21
4.531259e-21
4.618154e-21
4.700755e-21
4.779060e-21
4.853069e-21
4.922782e-21
4.988196e-21
5.049311e-21
5.106127e-21
5.158642e-21
5.206857e-21
5.250770e-21
5.290380e-21
5.325688e-21
5.356694e-21
5.383395e-21
5.405793e-21
5.423886e-21
5.437676e-21
5.447160e-21
5.452340e-21
5.453215e-21
