-1.684987e-21
-1.685640e-21
-1.689422e-21
-1.696335e-21
-1.706377e-21
-1.719549e-21
-1.735851e-21
-1.755282e-21
-1.777841e-21
-1.803530e-21
-1.832347e-21
-1.864293e-21
-1.899365e-21
-1.937566e-21
-1.978893e-21
-2.023346e-21
-2.070926e-21
-2.121630e-21
-2.175459e-21
-2.232412e-21
-2.292488e-21
-2.355686e-21
-2.422007e-21
-2.491448e-21
-2.564009e-21
-2.639689e-21
-2.718488e-21
-2.800404e-21
-2.885436e-21
-2.973583e-21
-3.064845e-21
-3.159219e-21
-3.256706e-21
-3.357303e-21
-3.461009e-21
-3.567824e-21
-3.677746e-21
-3.790773e-21
-3.906904e-21
-4.026138e-21
-4.148473e-21
-4.273908e-21
-4.402442e-21
-4.534071e-21
-4.668797e-21
-4.806615e-21
-4.947525e-21
-5.091525e-21
-5.238614e-21
-5.388789e-21
-5.542048e-21
-5.698390e-21
-5.857813e-21
-6.020315e-21
-6.185894e-21
-6.354548e-21
-6.526275e-21
-6.701072e-21
-6.878938e-21
-7.059870e-21
-7.243867e-21
-7.430925e-21
-7.621043e-21
-7.814218e-21
-8.010449e-21
-8.209732e-21
-8.412065e-21
-8.617446e-21
-8.825872e-21
-9.037340e-21
-9.251849e-21
-9.469395e-21
-9.689976e-21
-9.913589e-21
-1.014023e-20
-1.036990e-20
-1.060259e-20
-1.083831e-20
-1.107704e-20
-1.131878e-20
-1.156354e-20
-1.181131e-20
-1.206208e-20
-1.231586e-20
-1.257264e-20
-1.283241e-20
-1.309518e-20
-1.336094e-20
-1.362968e-20
-1.390141e-20
-1.417612e-20
-1.445381e-20
-1.473447e-20
-1.501810e-20
-1.530470e-20
-1.559426e-20
-1.588679e-20
-1.618226e-20
-1.648070e-20
-1.678208e-20
-1.708640e-20
-1.739367e-20
-1.770387e-20
-1.801701e-20
-1.833308e-20
-1.865208e-20
-1.897400e-20
-1.929884e-20
-1.962659e-20
-1.995725e-20
-2.029082e-20
-2.062729e-20
-2.096666e-20
-2.130893e-20
-2.165408e-20
-2.200213e-20
-2.235305e-20
-2.270685e-20
-2.306352e-20
-2.342306e-20
-2.378547e-20
-2.415074e-20
-2.451886e-20
-2.488983e-20
-2.526365e-20
-2.564031e-20
-2.601981e-20
-2.640214e-20
-2.678730e-20
-2.717528e-20
-2.756608e-20
-2.795970e-20
-2.835612e-20
-2.875535e-20
-2.915737e-20
-2.956220e-20
-2.996981e-20
-3.038020e-20
-3.079337e-20
-3.120932e-20
-3.162804e-20
-3.204952e-20
-3.247376e-20
-3.290076e-20
-3.333050e-20
-3.376299e-20
-3.419821e-20
-3.463617e-20
-3.507685e-20
-3.552026e-20
-3.596638e-20
-3.641522e-20
-3.686676e-20
-3.732100e-20
-3.777793e-20
-3.823756e-20
-3.869987e-20
-3.916485e-20
-3.963251e-20
-4.010283e-20
-4.057582e-20
-4.105146e-20
-4.152975e-20
-4.201068e-20
-4.249425e-20
-4.298045e-20
-4.346927e-20
-4.396072e-20
-4.445478e-20
-4.495145e-20
-4.545071e-20
-4.595258e-20
-4.645703e-20
-4.696407e-20
-4.747368e-20
-4.798586e-20
-4.850061e-20
-4.901792e-20
-4.953777e-20
-5.006018e-20
-5.058512e-20
-5.111259e-20
-5.164260e-20
-5.217512e-20
-5.271015e-20
-5.324769e-20
-5.378773e-20
-5.433027e-20
-5.487529e-20
-5.542279e-20
-5.597277e-20
-5.652521e-20
-5.708011e-20
-5.763747e-20
-5.819727e-20
-5.875952e-20
-5.932419e-20
-5.989129e-20
-6.046081e-20
-6.103275e-20
-6.160708e-20
-6.218382e-20
-6.276295e-20
-6.334446e-20
-6.392834e-20
-6.451460e-20
-6.510322e-20
-6.569420e-20
-6.628752e-20
-6.688319e-20
-6.748118e-20
-6.808151e-20
-6.868415e-20
-6.928911e-20
-6.989637e-20
-7.050593e-20
-7.111777e-20
-7.173190e-20
-7.234830e-20
-7.296697e-20
-7.358790e-20
-7.421109e-20
-7.483651e-20
-7.546417e-20
-7.609406e-20
-7.672618e-20
-7.736050e-20
-7.799703e-20
-7.863576e-20
-7.927668e-20
-7.991979e-20
-8.056506e-20
-8.121251e-20
-8.186211e-20
-8.251386e-20
-8.316776e-20
-8.382379e-20
-8.448195e-20
-8.514222e-20
-8.580461e-20
-8.646910e-20
-8.713569e-20
-8.780436e-20
-8.847511e-20
-8.914793e-20
-8.982281e-20
-9.049975e-20
-9.117873e-20
-9.185975e-20
-9.254279e-20
-9.322786e-20
-9.391494e-20
-9.460402e-20
-9.529510e-20
-9.598817e-20
-9.668321e-20
-9.738022e-20
-9.807920e-20
-9.878013e-20
-9.948300e-20
-1.001878e-19
-1.008945e-19
-1.016032e-19
-1.023138e-19
-1.030262e-19
-1.037406e-19
-1.044568e-19
-1.051749e-19
-1.058949e-19
-1.066168e-19
-1.073405e-19
-1.080660e-19
-1.087933e-19
-1.095225e-19
-1.102535e-19
-1.109863e-19
-1.117209e-19
-1.124573e-19
-1.131954e-19
-1.139354e-19
-1.146771e-19
-1.154205e-19
-1.161657e-19
-1.169126e-19
-1.176612e-19
-1.184116e-19
-1.191636e-19
-1.199174e-19
-1.206728e-19
-1.214299e-19
-1.221887e-19
-1.229491e-19
-1.237112e-19
-1.244749e-19
-1.252403e-19
-1.260073e-19
-1.267759e-19
-1.275461e-19
-1.283178e-19
-1.290912e-19
-1.298662e-19
-1.306427e-19
-1.314207e-19
-1.322003e-19
-1.329815e-19
-1.337642e-19
-1.345483e-19
-1.353340e-19
-1.361212e-19
-1.369099e-19
-1.377001e-19
-1.384917e-19
-1.392848e-19
-1.400794e-19
-1.408753e-19
-1.416728e-19
-1.424716e-19
-1.432718e-19
-1.440735e-19
-1.448765e-19
-1.456810e-19
-1.464867e-19
-1.472939e-19
-1.481024e-19
-1.489123e-19
-1.497234e-19
-1.505359e-19
-1.513498e-19
-1.521649e-19
-1.529813e-19
-1.537990e-19
-1.546180e-19
-1.554382e-19
-1.562597e-19
-1.570824e-19
-1.579064e-19
-1.587315e-19
-1.595579e-19
-1.603855e-19
-1.612143e-19
-1.620443e-19
-1.628754e-19
-1.637077e-19
-1.645412e-19
-1.653758e-19
-1.662115e-19
-1.670484e-19
-1.678864e-19
-1.687254e-19
-1.695656e-19
-1.704068e-19
-1.712491e-19
-1.720925e-19
-1.729369e-19
-1.737824e-19
-1.746288e-19
-1.754763e-19
-1.763249e-19
-1.771744e-19
-1.780249e-19
-1.788763e-19
-1.797288e-19
-1.805822e-19
-1.814365e-19
-1.822918e-19
-1.831480e-19
-1.840051e-19
-1.848631e-19
-1.857220e-19
-1.865818e-19
-1.874425e-19
-1.883041e-19
-1.891664e-19
-1.900297e-19
-1.908937e-19
-1.917586e-19
-1.926243e-19
-1.934908e-19
-1.943581e-19
-1.952261e-19
-1.960949e-19
-1.969645e-19
-1.978348e-19
-1.987059e-19
-1.995777e-19
-2.004502e-19
-2.013234e-19
-2.021973e-19
-2.030718e-19
-2.039471e-19
-2.048230e-19
-2.056996e-19
-2.065768e-19
-2.074546e-19
-2.083330e-19
-2.092121e-19
-2.100917e-19
-2.109720e-19
-2.118528e-19
-2.127342e-19
-2.136161e-19
-2.144986e-19
-2.153816e-19
-2.162651e-19
-2.171491e-19
-2.180337e-19
-2.189187e-19
-2.198042e-19
-2.206902e-19
-2.215766e-19
-2.224635e-19
-2.233508e-19
-2.242385e-19
-2.251266e-19
-2.260152e-19
-2.269041e-19
-2.277934e-19
-2.286831e-19
-2.295732e-19
-2.304636e-19
-2.313543e-19
-2.322454e-19
-2.331368e-19
-2.340284e-19
-2.349204e-19
-2.358127e-19
-2.367052e-19
-2.375980e-19
-2.384910e-19
-2.393843e-19
-2.402778e-19
-2.411716e-19
-2.420655e-19
-2.429596e-19
-2.438539e-19
-2.447484e-19
-2.456431e-19
-2.465379e-19
-2.474328e-19
-2.483279e-19
-2.492231e-19
-2.501184e-19
-2.510138e-19
-2.519093e-19
-2.528049e-19
-2.537005e-19
-2.545962e-19
-2.554919e-19
-2.563876e-19
-2.572834e-19
-2.581792e-19
-2.590750e-19
-2.599708e-19
-2.608665e-19
-2.617623e-19
-2.626579e-19
-2.635535e-19
-2.644491e-19
-2.653446e-19
-2.662400e-19
-2.671353e-19
-2.680304e-19
-2.689255e-19
-2.698204e-19
-2.707152e-19
-2.716098e-19
-2.725043e-19
-2.733986e-19
-2.742927e-19
-2.751866e-19
-2.760803e-19
-2.769738e-19
-2.778670e-19
-2.787600e-19
-2.796528e-19
-2.805453e-19
-2.814375e-19
-2.823294e-19
-2.832211e-19
-2.841124e-19
-2.850034e-19
-2.858941e-19
-2.867845e-19
-2.876745e-19
-2.885641e-19
-2.894534e-19
-2.903423e-19
-2.912307e-19
-2.921188e-19
-2.930065e-19
-2.938938e-19
-2.947806e-19
-2.956669e-19
-2.965528e-19
-2.974383e-19
-2.983232e-19
-2.992077e-19
-3.000917e-19
-3.009751e-19
-3.018581e-19
-3.027405e-19
-3.036223e-19
-3.045036e-19
-3.053843e-19
-3.062645e-19
-3.071441e-19
-3.080230e-19
-3.089014e-19
-3.097791e-19
-3.106563e-19
-3.115327e-19
-3.124086e-19
-3.132837e-19
-3.141582e-19
-3.150320e-19
-3.159051e-19
-3.167775e-19
-3.176492e-19
-3.185202e-19
-3.193904e-19
-3.202599e-19
-3.211286e-19
-3.219965e-19
-3.228637e-19
-3.237301e-19
-3.245957e-19
-3.254604e-19
-3.263244e-19
-3.271875e-19
-3.280498e-19
-3.289112e-19
-3.297717e-19
-3.306314e-19
-3.314902e-19
-3.323481e-19
-3.332051e-19
-3.340612e-19
-3.349164e-19
-3.357706e-19
-3.366239e-19
-3.374762e-19
-3.383275e-19
-3.391779e-19
-3.400273e-19
-3.408757e-19
-3.417230e-19
-3.425694e-19
-3.434147e-19
-3.442590e-19
-3.451022e-19
-3.459444e-19
-3.467855e-19
-3.476255e-19
-3.484644e-19
-3.493023e-19
-3.501390e-19
-3.509746e-19
-3.518090e-19
-3.526423e-19
-3.534745e-19
-3.543055e-19
-3.551353e-19
-3.559640e-19
-3.567914e-19
-3.576176e-19
-3.584427e-19
-3.592665e-19
-3.600891e-19
-3.609104e-19
-3.617305e-19
-3.625493e-19
-3.633668e-19
-3.641831e-19
-3.649980e-19
-3.658117e-19
-3.666240e-19
-3.674351e-19
-3.682448e-19
-3.690531e-19
-3.698601e-19
-3.706657e-19
-3.714700e-19
-3.722729e-19
-3.730743e-19
-3.738744e-19
-3.746731e-19
-3.754703e-19
-3.762661e-19
-3.770605e-19
-3.778534e-19
-3.786449e-19
-3.794349e-19
-3.802234e-19
-3.810104e-19
-3.817960e-19
-3.825800e-19
-3.833625e-19
-3.841435e-19
-3.849229e-19
-3.857008e-19
-3.864771e-19
-3.872519e-19
-3.880251e-19
-3.887967e-19
-3.895667e-19
-3.903351e-19
-3.911019e-19
-3.918671e-19
-3.926306e-19
-3.933926e-19
-3.941528e-19
-3.949114e-19
-3.956683e-19
-3.964236e-19
-3.971772e-19
-3.979290e-19
-3.986792e-19
-3.994276e-19
-4.001744e-19
-4.009194e-19
-4.016626e-19
-4.024041e-19
-4.031439e-19
-4.038818e-19
-4.046180e-19
-4.053525e-19
-4.060851e-19
-4.068159e-19
-4.075449e-19
-4.082721e-19
-4.089974e-19
-4.097209e-19
-4.104426e-19
-4.111624e-19
-4.118803e-19
-4.125963e-19
-4.133105e-19
-4.140228e-19
-4.147332e-19
-4.154416e-19
-4.161482e-19
-4.168528e-19
-4.175555e-19
-4.182563e-19
-4.189550e-19
-4.196519e-19
-4.203467e-19
-4.210396e-19
-4.217305e-19
-4.224194e-19
-4.231063e-19
-4.237912e-19
-4.244741e-19
-4.251549e-19
-4.258337e-19
-4.265105e-19
-4.271852e-19
-4.278578e-19
-4.285284e-19
-4.291969e-19
-4.298633e-19
-4.305276e-19
-4.311898e-19
-4.318499e-19
-4.325079e-19
-4.331637e-19
-4.338174e-19
-4.344690e-19
-4.351184e-19
-4.357657e-19
-4.364108e-19
-4.370537e-19
-4.376945e-19
-4.383330e-19
-4.389694e-19
-4.396035e-19
-4.402355e-19
-4.408652e-19
-4.414927e-19
-4.421180e-19
-4.427410e-19
-4.433617e-19
-4.439802e-19
-4.445965e-19
-4.452104e-19
-4.458221e-19
-4.464315e-19
-4.470386e-19
-4.476434e-19
-4.482459e-19
-4.488460e-19
-4.494439e-19
-4.500394e-19
-4.506325e-19
-4.512234e-19
-4.518118e-19
-4.523979e-19
-4.529817e-19
-4.535630e-19
-4.541420e-19
-4.547186e-19
-4.552928e-19
-4.558646e-19
-4.564339e-19
-4.570009e-19
-4.575654e-19
-4.581275e-19
-4.586872e-19
-4.592444e-19
-4.597991e-19
-4.603514e-19
-4.609013e-19
-4.614486e-19
-4.619935e-19
-4.625359e-19
-4.630758e-19
-4.636132e-19
-4.641481e-19
-4.646805e-19
-4.652104e-19
-4.657378e-19
-4.662626e-19
-4.667848e-19
-4.673046e-19
-4.678218e-19
-4.683364e-19
-4.688485e-19
-4.693579e-19
-4.698649e-19
-4.703692e-19
-4.708710e-19
-4.713701e-19
-4.718667e-19
-4.723606e-19
-4.728520e-19
-4.733407e-19
-4.738268e-19
-4.743102e-19
-4.747911e-19
-4.752693e-19
-4.757448e-19
-4.762177e-19
-4.766879e-19
-4.771555e-19
-4.776204e-19
-4.780826e-19
-4.785421e-19
-4.789990e-19
-4.794531e-19
-4.799046e-19
-4.803534e-19
-4.807994e-19
-4.812427e-19
-4.816834e-19
-4.821212e-19
-4.825564e-19
-4.829888e-19
-4.834185e-19
-4.838454e-19
-4.842696e-19
-4.846910e-19
-4.851097e-19
-4.855256e-19
-4.859387e-19
-4.863490e-19
-4.867566e-19
-4.871614e-19
-4.875633e-19
-4.879625e-19
-4.883589e-19
-4.887525e-19
-4.891432e-19
-4.895312e-19
-4.899163e-19
-4.902986e-19
-4.906781e-19
-4.910547e-19
-4.914285e-19
-4.917995e-19
-4.921676e-19
-4.925328e-19
-4.928952e-19
-4.932547e-19
-4.936114e-19
-4.939652e-19
-4.943161e-19
-4.946642e-19
-4.950093e-19
-4.953516e-19
-4.956910e-19
-4.960274e-19
-4.963610e-19
-4.966917e-19
-4.970195e-19
-4.973443e-19
-4.976662e-19
-4.979853e-19
-4.983014e-19
-4.986145e-19
-4.989248e-19
-4.992321e-19
-4.995364e-19
-4.998378e-19
-5.001363e-19
-5.004318e-19
-5.007244e-19
-5.010140e-19
-5.013007e-19
-5.015843e-19
-5.018651e-19
-5.021428e-19
-5.024176e-19
-5.026894e-19
-5.029582e-19
-5.032240e-19
-5.034869e-19
-5.037467e-19
-5.040036e-19
-5.042574e-19
-5.045083e-19
-5.047561e-19
-5.050010e-19
-5.052428e-19
-5.054816e-19
-5.057175e-19
-5.059503e-19
-5.061800e-19
-5.064068e-19
-5.066305e-19
-5.068512e-19
-5.070689e-19
-5.072835e-19
-5.074951e-19
-5.077036e-19
-5.079091e-19
-5.081116e-19
-5.083110e-19
-5.085074e-19
-5.087007e-19
-5.088910e-19
-5.090782e-19
-5.092623e-19
-5.094434e-19
-5.096214e-19
-5.097964e-19
-5.099683e-19
-5.101371e-19
-5.103028e-19
-5.104655e-19
-5.106251e-19
-5.107816e-19
-5.109351e-19
-5.110854e-19
-5.112327e-19
-5.113769e-19
-5.115180e-19
-5.116560e-19
-5.117910e-19
-5.119228e-19
-5.120515e-19
-5.121772e-19
-5.122997e-19
-5.124192e-19
-5.125355e-19
-5.126488e-19
-5.127589e-19
-5.128660e-19
-5.129699e-19
-5.130708e-19
-5.131685e-19
-5.132631e-19
-5.133546e-19
-5.134430e-19
-5.135283e-19
-5.136105e-19
-5.136895e-19
-5.137655e-19
-5.138383e-19
-5.139080e-19
-5.139746e-19
-5.140381e-19
-5.140985e-19
-5.141557e-19
-5.142098e-19
-5.142608e-19
-5.143087e-19
-5.143535e-19
-5.143951e-19
-5.144336e-19
-5.144690e-19
-5.145012e-19
-5.145304e-19
-5.145564e-19
-5.145793e-19
-5.145990e-19
-5.146157e-19
-5.146292e-19
-5.146396e-19
-5.146468e-19
-5.146510e-19
-5.146520e-19
-5.146498e-19
-5.146446e-19
-5.146362e-19
-5.146247e-19
-5.146101e-19
-5.145923e-19
-5.145715e-19
-5.145475e-19
-5.145203e-19
-5.144901e-19
-5.144567e-19
-5.144202e-19
-5.143806e-19
-5.143378e-19
-5.142920e-19
-5.142430e-19
-5.141909e-19
-5.141356e-19
-5.140773e-19
-5.140158e-19
-5.139512e-19
-5.138835e-19
-5.138127e-19
-5.137387e-19
-5.136617e-19
-5.135815e-19
-5.134982e-19
-5.134118e-19
-5.133223e-19
-5.132297e-19
-5.131340e-19
-5.130352e-19
-5.129332e-19
-5.128282e-19
-5.127200e-19
-5.126088e-19
-5.124944e-19
-5.123770e-19
-5.122564e-19
-5.121328e-19
-5.120060e-19
-5.118762e-19
-5.117433e-19
-5.116073e-19
-5.114682e-19
-5.113260e-19
-5.111807e-19
-5.110323e-19
-5.108809e-19
-5.107264e-19
-5.105688e-19
-5.104081e-19
-5.102443e-19
-5.100775e-19
-5.099076e-19
-5.097347e-19
-5.095586e-19
-5.093795e-19
-5.091974e-19
-5.090122e-19
-5.088239e-19
-5.086326e-19
-5.084382e-19
-5.082408e-19
-5.080403e-19
-5.078368e-19
-5.076302e-19
-5.074206e-19
-5.072080e-19
-5.069923e-19
-5.067736e-19
-5.065518e-19
-5.063271e-19
-5.060993e-19
-5.058685e-19
-5.056346e-19
-5.053978e-19
-5.051579e-19
-5.049151e-19
-5.046692e-19
-5.044203e-19
-5.041684e-19
-5.039136e-19
-5.036557e-19
-5.033948e-19
-5.031310e-19
-5.028641e-19
-5.025943e-19
-5.023215e-19
-5.020457e-19
-5.017670e-19
-5.014853e-19
-5.012006e-19
-5.009130e-19
-5.006224e-19
-5.003288e-19
-5.000323e-19
-4.997328e-19
-4.994304e-19
-4.991251e-19
-4.988168e-19
-4.985056e-19
-4.981915e-19
-4.978744e-19
-4.975544e-19
-4.972315e-19
-4.969057e-19
-4.965770e-19
-4.962454e-19
-4.959109e-19
-4.955734e-19
-4.952331e-19
-4.948899e-19
-4.945438e-19
-4.941949e-19
-4.938430e-19
-4.934883e-19
-4.931307e-19
-4.927703e-19
-4.924069e-19
-4.920408e-19
-4.916718e-19
-4.912999e-19
-4.909252e-19
-4.905477e-19
-4.901673e-19
-4.897841e-19
-4.893981e-19
-4.890093e-19
-4.886176e-19
-4.882232e-19
-4.878259e-19
-4.874258e-19
-4.870230e-19
-4.866174e-19
-4.862089e-19
-4.857977e-19
-4.853838e-19
-4.849670e-19
-4.845475e-19
-4.841252e-19
-4.837002e-19
-4.832725e-19
-4.828419e-19
-4.824087e-19
-4.819727e-19
-4.815340e-19
-4.810926e-19
-4.806484e-19
-4.802016e-19
-4.797520e-19
-4.792997e-19
-4.788448e-19
-4.783871e-19
-4.779268e-19
-4.774638e-19
-4.769981e-19
-4.765298e-19
-4.760588e-19
-4.755851e-19
-4.751088e-19
-4.746299e-19
-4.741483e-19
-4.736640e-19
-4.731772e-19
-4.726877e-19
-4.721957e-19
-4.717010e-19
-4.712037e-19
-4.707038e-19
-4.702013e-19
-4.696962e-19
-4.691886e-19
-4.686784e-19
-4.681656e-19
-4.676503e-19
-4.671324e-19
-4.666120e-19
-4.660890e-19
-4.655635e-19
-4.650355e-19
-4.645049e-19
-4.639719e-19
-4.634363e-19
-4.628982e-19
-4.623576e-19
-4.618146e-19
-4.612691e-19
-4.607210e-19
-4.601706e-19
-4.596176e-19
-4.590622e-19
-4.585044e-19
-4.579441e-19
-4.573814e-19
-4.568162e-19
-4.562487e-19
-4.556787e-19
-4.551063e-19
-4.545315e-19
-4.539543e-19
-4.533748e-19
-4.527928e-19
-4.522085e-19
-4.516219e-19
-4.510328e-19
-4.504414e-19
-4.498477e-19
-4.492516e-19
-4.486533e-19
-4.480525e-19
-4.474495e-19
-4.468442e-19
-4.462366e-19
-4.456266e-19
-4.450144e-19
-4.444000e-19
-4.437832e-19
-4.431642e-19
-4.425429e-19
-4.419194e-19
-4.412937e-19
-4.406657e-19
-4.400355e-19
-4.394031e-19
-4.387684e-19
-4.381316e-19
-4.374926e-19
-4.368514e-19
-4.362080e-19
-4.355625e-19
-4.349147e-19
-4.342649e-19
-4.336129e-19
-4.329587e-19
-4.323024e-19
-4.316440e-19
-4.309835e-19
-4.303209e-19
-4.296562e-19
-4.289894e-19
-4.283205e-19
-4.276495e-19
-4.269765e-19
-4.263014e-19
-4.256243e-19
-4.249451e-19
-4.242639e-19
-4.235807e-19
-4.228955e-19
-4.222082e-19
-4.215190e-19
-4.208277e-19
-4.201345e-19
-4.194393e-19
-4.187422e-19
-4.180431e-19
-4.173420e-19
-4.166390e-19
-4.159341e-19
-4.152272e-19
-4.145185e-19
-4.138078e-19
-4.130952e-19
-4.123808e-19
-4.116644e-19
-4.109462e-19
-4.102262e-19
-4.095043e-19
-4.087805e-19
-4.080549e-19
-4.073275e-19
-4.065982e-19
-4.058672e-19
-4.051344e-19
-4.043997e-19
-4.036633e-19
-4.029251e-19
-4.021852e-19
-4.014434e-19
-4.007000e-19
-3.999548e-19
-3.992079e-19
-3.984593e-19
-3.977089e-19
-3.969569e-19
-3.962031e-19
-3.954477e-19
-3.946906e-19
-3.939319e-19
-3.931715e-19
-3.924094e-19
-3.916457e-19
-3.908804e-19
-3.901135e-19
-3.893449e-19
-3.885748e-19
-3.878031e-19
-3.870298e-19
-3.862549e-19
-3.854785e-19
-3.847005e-19
-3.839210e-19
-3.831399e-19
-3.823573e-19
-3.815732e-19
-3.807876e-19
-3.800005e-19
-3.792120e-19
-3.784219e-19
-3.776304e-19
-3.768374e-19
-3.760430e-19
-3.752472e-19
-3.744499e-19
-3.736512e-19
-3.728511e-19
-3.720496e-19
-3.712467e-19
-3.704424e-19
-3.696368e-19
-3.688298e-19
-3.680215e-19
-3.672118e-19
-3.664008e-19
-3.655885e-19
-3.647748e-19
-3.639599e-19
-3.631437e-19
-3.623262e-19
-3.615074e-19
-3.606874e-19
-3.598661e-19
-3.590436e-19
-3.582199e-19
-3.573949e-19
-3.565687e-19
-3.557414e-19
-3.549128e-19
-3.540831e-19
-3.532522e-19
-3.524201e-19
-3.515869e-19
-3.507525e-19
-3.499170e-19
-3.490805e-19
-3.482427e-19
-3.474039e-19
-3.465641e-19
-3.457231e-19
-3.448811e-19
-3.440380e-19
-3.431938e-19
-3.423487e-19
-3.415025e-19
-3.406553e-19
-3.398070e-19
-3.389578e-19
-3.381076e-19
-3.372565e-19
-3.364043e-19
-3.355512e-19
-3.346972e-19
-3.338422e-19
-3.329864e-19
-3.321296e-19
-3.312719e-19
-3.304133e-19
-3.295538e-19
-3.286935e-19
-3.278323e-19
-3.269702e-19
-3.261073e-19
-3.252436e-19
-3.243791e-19
-3.235138e-19
-3.226476e-19
-3.217807e-19
-3.209130e-19
-3.200446e-19
-3.191753e-19
-3.183054e-19
-3.174347e-19
-3.165633e-19
-3.156912e-19
-3.148183e-19
-3.139448e-19
-3.130706e-19
-3.121958e-19
-3.113202e-19
-3.104441e-19
-3.095673e-19
-3.086898e-19
-3.078118e-19
-3.069331e-19
-3.060539e-19
-3.051741e-19
-3.042936e-19
-3.034127e-19
-3.025312e-19
-3.016491e-19
-3.007665e-19
-2.998834e-19
-2.989998e-19
-2.981157e-19
-2.972311e-19
-2.963460e-19
-2.954605e-19
-2.945745e-19
-2.936880e-19
-2.928011e-19
-2.919138e-19
-2.910261e-19
-2.901380e-19
-2.892495e-19
-2.883607e-19
-2.874714e-19
-2.865818e-19
-2.856919e-19
-2.848016e-19
-2.839110e-19
-2.830200e-19
-2.821288e-19
-2.812373e-19
-2.803455e-19
-2.794534e-19
-2.785611e-19
-2.776685e-19
-2.767757e-19
-2.758826e-19
-2.749894e-19
-2.740959e-19
-2.732022e-19
-2.723084e-19
-2.714144e-19
-2.705202e-19
-2.696259e-19
-2.687314e-19
-2.678368e-19
-2.669421e-19
-2.660473e-19
-2.651523e-19
-2.642573e-19
-2.633622e-19
-2.624671e-19
-2.615719e-19
-2.606767e-19
-2.597814e-19
-2.588861e-19
-2.579908e-19
-2.570955e-19
-2.562002e-19
-2.553049e-19
-2.544097e-19
-2.535145e-19
-2.526194e-19
-2.517243e-19
-2.508293e-19
-2.499344e-19
-2.490396e-19
-2.481450e-19
-2.472504e-19
-2.463560e-19
-2.454617e-19
-2.445675e-19
-2.436736e-19
-2.427798e-19
-2.418862e-19
-2.409928e-19
-2.400996e-19
-2.392066e-19
-2.383138e-19
-2.374213e-19
-2.365291e-19
-2.356371e-19
-2.347453e-19
-2.338539e-19
-2.329628e-19
-2.320719e-19
-2.311814e-19
-2.302912e-19
-2.294014e-19
-2.285119e-19
-2.276227e-19
-2.267339e-19
-2.258456e-19
-2.249576e-19
-2.240700e-19
-2.231828e-19
-2.222960e-19
-2.214097e-19
-2.205239e-19
-2.196384e-19
-2.187535e-19
-2.178690e-19
-2.169851e-19
-2.161016e-19
-2.152186e-19
-2.143362e-19
-2.134543e-19
-2.125729e-19
-2.116921e-19
-2.108119e-19
-2.099322e-19
-2.090531e-19
-2.081746e-19
-2.072968e-19
-2.064195e-19
-2.055429e-19
-2.046669e-19
-2.037916e-19
-2.029169e-19
-2.020429e-19
-2.011696e-19
-2.002969e-19
-1.994250e-19
-1.985538e-19
-1.976833e-19
-1.968136e-19
-1.959446e-19
-1.950763e-19
-1.942089e-19
-1.933422e-19
-1.924763e-19
-1.916111e-19
-1.907468e-19
-1.898834e-19
-1.890207e-19
-1.881589e-19
-1.872979e-19
-1.864378e-19
-1.855786e-19
-1.847203e-19
-1.838628e-19
-1.830063e-19
-1.821507e-19
-1.812960e-19
-1.804422e-19
-1.795894e-19
-1.787375e-19
-1.778866e-19
-1.770367e-19
-1.761877e-19
-1.753398e-19
-1.744929e-19
-1.736470e-19
-1.728021e-19
-1.719582e-19
-1.711154e-19
-1.702737e-19
-1.694330e-19
-1.685934e-19
-1.677549e-19
-1.669175e-19
-1.660812e-19
-1.652461e-19
-1.644120e-19
-1.635791e-19
-1.627474e-19
-1.619168e-19
-1.610874e-19
-1.602591e-19
-1.594321e-19
-1.586063e-19
-1.577816e-19
-1.569582e-19
-1.561360e-19
-1.553151e-19
-1.544954e-19
-1.536770e-19
-1.528598e-19
-1.520440e-19
-1.512294e-19
-1.504161e-19
-1.496041e-19
-1.487935e-19
-1.479842e-19
-1.471762e-19
-1.463696e-19
-1.455643e-19
-1.447604e-19
-1.439579e-19
-1.431568e-19
-1.423570e-19
-1.415587e-19
-1.407618e-19
-1.399664e-19
-1.391723e-19
-1.383797e-19
-1.375886e-19
-1.367990e-19
-1.360108e-19
-1.352241e-19
-1.344389e-19
-1.336552e-19
-1.328730e-19
-1.320924e-19
-1.313132e-19
-1.305357e-19
-1.297596e-19
-1.289852e-19
-1.282123e-19
-1.274410e-19
-1.266712e-19
-1.259031e-19
-1.251366e-19
-1.243717e-19
-1.236085e-19
-1.228468e-19
-1.220869e-19
-1.213285e-19
-1.205719e-19
-1.198169e-19
-1.190636e-19
-1.183120e-19
-1.175621e-19
-1.168139e-19
-1.160674e-19
-1.153227e-19
-1.145797e-19
-1.138384e-19
-1.130989e-19
-1.123612e-19
-1.116252e-19
-1.108910e-19
-1.101586e-19
-1.094280e-19
-1.086992e-19
-1.079723e-19
-1.072471e-19
-1.065239e-19
-1.058024e-19
-1.050828e-19
-1.043651e-19
-1.036492e-19
-1.029352e-19
-1.022231e-19
-1.015129e-19
-1.008046e-19
-1.000983e-19
-9.939381e-20
-9.869129e-20
-9.799071e-20
-9.729207e-20
-9.659540e-20
-9.590069e-20
-9.520796e-20
-9.451721e-20
-9.382845e-20
-9.314169e-20
-9.245694e-20
-9.177420e-20
-9.109349e-20
-9.041482e-20
-8.973818e-20
-8.906359e-20
-8.839106e-20
-8.772060e-20
-8.705221e-20
-8.638590e-20
-8.572169e-20
-8.505957e-20
-8.439956e-20
-8.374166e-20
-8.308588e-20
-8.243224e-20
-8.178073e-20
-8.113137e-20
-8.048416e-20
-7.983912e-20
-7.919625e-20
-7.855555e-20
-7.791704e-20
-7.728072e-20
-7.664660e-20
-7.601470e-20
-7.538500e-20
-7.475754e-20
-7.413230e-20
-7.350930e-20
-7.288856e-20
-7.227006e-20
-7.165383e-20
-7.103986e-20
-7.042818e-20
-6.981878e-20
-6.921167e-20
-6.860686e-20
-6.800435e-20
-6.740416e-20
-6.680629e-20
-6.621075e-20
-6.561755e-20
-6.502668e-20
-6.443817e-20
-6.385202e-20
-6.326823e-20
-6.268681e-20
-6.210777e-20
-6.153112e-20
-6.095686e-20
-6.038499e-20
-5.981554e-20
-5.924850e-20
-5.868388e-20
-5.812168e-20
-5.756192e-20
-5.700460e-20
-5.644973e-20
-5.589732e-20
-5.534736e-20
-5.479988e-20
-5.425486e-20
-5.371233e-20
-5.317229e-20
-5.263474e-20
-5.209969e-20
-5.156715e-20
-5.103713e-20
-5.050962e-20
-4.998464e-20
-4.946219e-20
-4.894229e-20
-4.842493e-20
-4.791012e-20
-4.739787e-20
-4.688818e-20
-4.638107e-20
-4.587653e-20
-4.537458e-20
-4.487521e-20
-4.437844e-20
-4.388427e-20
-4.339271e-20
-4.290377e-20
-4.241744e-20
-4.193374e-20
-4.145267e-20
-4.097423e-20
-4.049844e-20
-4.002530e-20
-3.955481e-20
-3.908698e-20
-3.862182e-20
-3.815933e-20
-3.769951e-20
-3.724238e-20
-3.678794e-20
-3.633619e-20
-3.588714e-20
-3.544079e-20
-3.499716e-20
-3.455624e-20
-3.411804e-20
-3.368257e-20
-3.324983e-20
-3.281982e-20
-3.239256e-20
-3.196805e-20
-3.154628e-20
-3.112728e-20
-3.071104e-20
-3.029756e-20
-2.988686e-20
-2.947894e-20
-2.907380e-20
-2.867145e-20
-2.827189e-20
-2.787512e-20
-2.748116e-20
-2.709001e-20
-2.670167e-20
-2.631614e-20
-2.593344e-20
-2.555356e-20
-2.517651e-20
-2.480230e-20
-2.443092e-20
-2.406240e-20
-2.369671e-20
-2.333389e-20
-2.297392e-20
-2.261681e-20
-2.226257e-20
-2.191120e-20
-2.156270e-20
-2.121708e-20
-2.087435e-20
-2.053450e-20
-2.019755e-20
-1.986349e-20
-1.953233e-20
-1.920408e-20
-1.887873e-20
-1.855629e-20
-1.823677e-20
-1.792017e-20
-1.760649e-20
-1.729574e-20
-1.698792e-20
-1.668304e-20
-1.638109e-20
-1.608209e-20
-1.578603e-20
-1.549292e-20
-1.520277e-20
-1.491557e-20
-1.463133e-20
-1.435005e-20
-1.407174e-20
-1.379641e-20
-1.352404e-20
-1.325465e-20
-1.298824e-20
-1.272482e-20
-1.246438e-20
-1.220693e-20
-1.195248e-20
-1.170102e-20
-1.145256e-20
-1.120710e-20
-1.096465e-20
-1.072520e-20
-1.048877e-20
-1.025535e-20
-1.002495e-20
-9.797562e-21
-9.573201e-21
-9.351864e-21
-9.133556e-21
-8.918277e-21
-8.706032e-21
-8.496822e-21
-8.290650e-21
-8.087519e-21
-7.887431e-21
-7.690388e-21
-7.496394e-21
-7.305449e-21
-7.117558e-21
-6.932721e-21
-6.750941e-21
-6.572221e-21
-6.396562e-21
-6.223967e-21
-6.054437e-21
-5.887976e-21
-5.724584e-21
-5.564264e-21
-5.407019e-21
-5.252848e-21
-5.101756e-21
-4.953742e-21
-4.808811e-21
-4.666962e-21
-4.528197e-21
-4.392520e-21
-4.259930e-21
-4.130430e-21
-4.004021e-21
-3.880705e-21
-3.760484e-21
-3.643358e-21
-3.529329e-21
-3.418399e-21
-3.310569e-21
-3.205841e-21
-3.104214e-21
-3.005692e-21
-2.910274e-21
-2.817963e-21
-2.728759e-21
-2.642663e-21
-2.559677e-21
-2.479801e-21
-2.403036e-21
-2.329384e-21
-2.258845e-21
-2.191420e-21
-2.127110e-21
-2.065916e-21
-2.007838e-21
-1.952877e-21
-1.901034e-21
-1.852310e-21
-1.806704e-21
-1.764218e-21
-1.724853e-21
-1.688608e-21
-1.655484e-21
-1.625481e-21
-1.598600e-21
-1.574841e-21
-1.554205e-21
-1.536692e-21
-1.522301e-21
-1.511033e-21
-1.502889e-21
-1.497868e-21
-1.495970e-21
