3.089760e-21
3.090865e-21
3.087744e-21
3.080399e-21
3.068829e-21
3.053034e-21
3.033015e-21
3.008772e-21
2.980305e-21
2.947615e-21
2.910702e-21
2.869566e-21
2.824209e-21
2.774630e-21
2.720830e-21
2.662810e-21
2.600571e-21
2.534114e-21
2.463438e-21
2.388546e-21
2.309438e-21
2.226115e-21
2.138578e-21
2.046829e-21
1.950867e-21
1.850696e-21
1.746315e-21
1.637726e-21
1.524931e-21
1.407931e-21
1.286727e-21
1.161320e-21
1.031714e-21
8.979077e-22
7.599045e-22
6.177056e-22
4.713128e-22
3.207280e-22
1.659530e-22
6.989616e-24
-1.561601e-22
-3.234941e-22
-4.950103e-22
-6.707067e-22
-8.505811e-22
-1.034631e-21
-1.222855e-21
-1.415250e-21
-1.611813e-21
-1.812543e-21
-2.017437e-21
-2.226492e-21
-2.439706e-21
-2.657076e-21
-2.878600e-21
-3.104274e-21
-3.334096e-21
-3.568064e-21
-3.806174e-21
-4.048423e-21
-4.294808e-21
-4.545327e-21
-4.799976e-21
-5.058752e-21
-5.321652e-21
-5.588673e-21
-5.859811e-21
-6.135063e-21
-6.414426e-21
-6.697896e-21
-6.985470e-21
-7.277145e-21
-7.572916e-21
-7.872779e-21
-8.176733e-21
-8.484772e-21
-8.796892e-21
-9.113091e-21
-9.433364e-21
-9.757707e-21
-1.008612e-20
-1.041859e-20
-1.075512e-20
-1.109570e-20
-1.144033e-20
-1.178901e-20
-1.214173e-20
-1.249849e-20
-1.285928e-20
-1.322410e-20
-1.359294e-20
-1.396580e-20
-1.434267e-20
-1.472356e-20
-1.510845e-20
-1.549734e-20
-1.589022e-20
-1.628710e-20
-1.668796e-20
-1.709281e-20
-1.750163e-20
-1.791442e-20
-1.833118e-20
-1.875190e-20
-1.917657e-20
-1.960520e-20
-2.003777e-20
-2.047428e-20
-2.091473e-20
-2.135910e-20
-2.180740e-20
-2.225962e-20
-2.271575e-20
-2.317579e-20
-2.363972e-20
-2.410756e-20
-2.457929e-20
-2.505489e-20
-2.553438e-20
-2.601774e-20
-2.650497e-20
-2.699606e-20
-2.749100e-20
-2.798980e-20
-2.849243e-20
-2.899890e-20
-2.950920e-20
-3.002333e-20
-3.054127e-20
-3.106303e-20
-3.158859e-20
-3.211794e-20
-3.265109e-20
-3.318803e-20
-3.372874e-20
-3.427323e-20
-3.482148e-20
-3.537349e-20
-3.592926e-20
-3.648877e-20
-3.705201e-20
-3.761899e-20
-3.818970e-20
-3.876412e-20
-3.934225e-20
-3.992409e-20
-4.050962e-20
-4.109884e-20
-4.169175e-20
-4.228832e-20
-4.288857e-20
-4.349248e-20
-4.410004e-20
-4.471124e-20
-4.532608e-20
-4.594455e-20
-4.656665e-20
-4.719236e-20
-4.782168e-20
-4.845459e-20
-4.909110e-20
-4.973120e-20
-5.037487e-20
-5.102211e-20
-5.167291e-20
-5.232726e-20
-5.298516e-20
-5.364659e-20
-5.431155e-20
-5.498003e-20
-5.565203e-20
-5.632752e-20
-5.700652e-20
-5.768900e-20
-5.837496e-20
-5.906439e-20
-5.975728e-20
-6.045363e-20
-6.115342e-20
-6.185665e-20
-6.256331e-20
-6.327338e-20
-6.398687e-20
-6.470376e-20
-6.542404e-20
-6.614770e-20
-6.687474e-20
-6.760515e-20
-6.833892e-20
-6.907603e-20
-6.981649e-20
-7.056027e-20
-7.130738e-20
-7.205779e-20
-7.281152e-20
-7.356853e-20
-7.432883e-20
-7.509241e-20
-7.585925e-20
-7.662935e-20
-7.740269e-20
-7.817928e-20
-7.895909e-20
-7.974212e-20
-8.052836e-20
-8.131780e-20
-8.211043e-20
-8.290624e-20
-8.370522e-20
-8.450736e-20
-8.531265e-20
-8.612108e-20
-8.693265e-20
-8.774733e-20
-8.856513e-20
-8.938602e-20
-9.021001e-20
-9.103708e-20
-9.186722e-20
-9.270042e-20
-9.353668e-20
-9.437597e-20
-9.521829e-20
-9.606364e-20
-9.691199e-20
-9.776334e-20
-9.861768e-20
-9.947500e-20
-1.003353e-19
-1.011985e-19
-1.020647e-19
-1.029338e-19
-1.038059e-19
-1.046809e-19
-1.055587e-19
-1.064395e-19
-1.073232e-19
-1.082097e-19
-1.090991e-19
-1.099913e-19
-1.108864e-19
-1.117842e-19
-1.126850e-19
-1.135885e-19
-1.144948e-19
-1.154039e-19
-1.163158e-19
-1.172304e-19
-1.181478e-19
-1.190679e-19
-1.199908e-19
-1.209164e-19
-1.218446e-19
-1.227756e-19
-1.237093e-19
-1.246456e-19
-1.255846e-19
-1.265262e-19
-1.274705e-19
-1.284174e-19
-1.293669e-19
-1.303190e-19
-1.312737e-19
-1.322310e-19
-1.331908e-19
-1.341532e-19
-1.351182e-19
-1.360857e-19
-1.370557e-19
-1.380282e-19
-1.390032e-19
-1.399807e-19
-1.409607e-19
-1.419431e-19
-1.429279e-19
-1.439153e-19
-1.449050e-19
-1.458971e-19
-1.468917e-19
-1.478886e-19
-1.488879e-19
-1.498896e-19
-1.508936e-19
-1.519000e-19
-1.529087e-19
-1.539197e-19
-1.549330e-19
-1.559486e-19
-1.569665e-19
-1.579866e-19
-1.590090e-19
-1.600337e-19
-1.610605e-19
-1.620896e-19
-1.631209e-19
-1.641543e-19
-1.651900e-19
-1.662278e-19
-1.672678e-19
-1.683099e-19
-1.693541e-19
-1.704004e-19
-1.714489e-19
-1.724994e-19
-1.735520e-19
-1.746067e-19
-1.756634e-19
-1.767221e-19
-1.777829e-19
-1.788457e-19
-1.799105e-19
-1.809773e-19
-1.820460e-19
-1.831167e-19
-1.841893e-19
-1.852639e-19
-1.863404e-19
-1.874188e-19
-1.884991e-19
-1.895813e-19
-1.906653e-19
-1.917512e-19
-1.928389e-19
-1.939285e-19
-1.950199e-19
-1.961130e-19
-1.972080e-19
-1.983047e-19
-1.994032e-19
-2.005035e-19
-2.016054e-19
-2.027091e-19
-2.038145e-19
-2.049216e-19
-2.060304e-19
-2.071408e-19
-2.082529e-19
-2.093666e-19
-2.104820e-19
-2.115989e-19
-2.127175e-19
-2.138376e-19
-2.149593e-19
-2.160826e-19
-2.172074e-19
-2.183338e-19
-2.194616e-19
-2.205910e-19
-2.217218e-19
-2.228541e-19
-2.239879e-19
-2.251231e-19
-2.262598e-19
-2.273978e-19
-2.285373e-19
-2.296782e-19
-2.308204e-19
-2.319640e-19
-2.331090e-19
-2.342553e-19
-2.354029e-19
-2.365518e-19
-2.377020e-19
-2.388535e-19
-2.400062e-19
-2.411602e-19
-2.423155e-19
-2.434719e-19
-2.446296e-19
-2.457885e-19
-2.469485e-19
-2.481097e-19
-2.492721e-19
-2.504356e-19
-2.516002e-19
-2.527659e-19
-2.539327e-19
-2.551006e-19
-2.562696e-19
-2.574396e-19
-2.586107e-19
-2.597827e-19
-2.609558e-19
-2.621299e-19
-2.633050e-19
-2.644810e-19
-2.656580e-19
-2.668359e-19
-2.680147e-19
-2.691945e-19
-2.703751e-19
-2.715566e-19
-2.727390e-19
-2.739222e-19
-2.751063e-19
-2.762912e-19
-2.774769e-19
-2.786634e-19
-2.798506e-19
-2.810387e-19
-2.822275e-19
-2.834170e-19
-2.846072e-19
-2.857981e-19
-2.869898e-19
-2.881821e-19
-2.893750e-19
-2.905687e-19
-2.917629e-19
-2.929578e-19
-2.941532e-19
-2.953493e-19
-2.965459e-19
-2.977431e-19
-2.989409e-19
-3.001391e-19
-3.013379e-19
-3.025372e-19
-3.037370e-19
-3.049372e-19
-3.061379e-19
-3.073391e-19
-3.085406e-19
-3.097426e-19
-3.109450e-19
-3.121478e-19
-3.133509e-19
-3.145544e-19
-3.157582e-19
-3.169624e-19
-3.181668e-19
-3.193716e-19
-3.205766e-19
-3.217819e-19
-3.229875e-19
-3.241933e-19
-3.253993e-19
-3.266055e-19
-3.278120e-19
-3.290185e-19
-3.302253e-19
-3.314322e-19
-3.326392e-19
-3.338464e-19
-3.350537e-19
-3.362610e-19
-3.374684e-19
-3.386759e-19
-3.398835e-19
-3.410910e-19
-3.422986e-19
-3.435062e-19
-3.447137e-19
-3.459213e-19
-3.471288e-19
-3.483362e-19
-3.495436e-19
-3.507508e-19
-3.519580e-19
-3.531651e-19
-3.543720e-19
-3.555787e-19
-3.567854e-19
-3.579918e-19
-3.591980e-19
-3.604041e-19
-3.616099e-19
-3.628155e-19
-3.640208e-19
-3.652259e-19
-3.664307e-19
-3.676352e-19
-3.688394e-19
-3.700432e-19
-3.712468e-19
-3.724500e-19
-3.736528e-19
-3.748552e-19
-3.760572e-19
-3.772588e-19
-3.784600e-19
-3.796608e-19
-3.808611e-19
-3.820609e-19
-3.832603e-19
-3.844591e-19
-3.856574e-19
-3.868552e-19
-3.880525e-19
-3.892492e-19
-3.904453e-19
-3.916408e-19
-3.928358e-19
-3.940301e-19
-3.952238e-19
-3.964168e-19
-3.976092e-19
-3.988009e-19
-3.999920e-19
-4.011823e-19
-4.023719e-19
-4.035607e-19
-4.047489e-19
-4.059362e-19
-4.071228e-19
-4.083086e-19
-4.094936e-19
-4.106778e-19
-4.118611e-19
-4.130436e-19
-4.142252e-19
-4.154059e-19
-4.165858e-19
-4.177647e-19
-4.189428e-19
-4.201199e-19
-4.212960e-19
-4.224712e-19
-4.236454e-19
-4.248186e-19
-4.259908e-19
-4.271620e-19
-4.283321e-19
-4.295012e-19
-4.306692e-19
-4.318362e-19
-4.330020e-19
-4.341668e-19
-4.353304e-19
-4.364929e-19
-4.376543e-19
-4.388145e-19
-4.399735e-19
-4.411313e-19
-4.422879e-19
-4.434433e-19
-4.445975e-19
-4.457504e-19
-4.469020e-19
-4.480524e-19
-4.492015e-19
-4.503492e-19
-4.514957e-19
-4.526408e-19
-4.537846e-19
-4.549270e-19
-4.560681e-19
-4.572077e-19
-4.583460e-19
-4.594828e-19
-4.606182e-19
-4.617522e-19
-4.628847e-19
-4.640157e-19
-4.651453e-19
-4.662733e-19
-4.673999e-19
-4.685249e-19
-4.696484e-19
-4.707703e-19
-4.718906e-19
-4.730094e-19
-4.741266e-19
-4.752421e-19
-4.763561e-19
-4.774684e-19
-4.785790e-19
-4.796880e-19
-4.807954e-19
-4.819010e-19
-4.830049e-19
-4.841071e-19
-4.852076e-19
-4.863063e-19
-4.874033e-19
-4.884985e-19
-4.895920e-19
-4.906836e-19
-4.917734e-19
-4.928614e-19
-4.939475e-19
-4.950318e-19
-4.961143e-19
-4.971948e-19
-4.982735e-19
-4.993503e-19
-5.004251e-19
-5.014981e-19
-5.025691e-19
-5.036381e-19
-5.047051e-19
-5.057702e-19
-5.068333e-19
-5.078944e-19
-5.089534e-19
-5.100104e-19
-5.110654e-19
-5.121183e-19
-5.131692e-19
-5.142179e-19
-5.152646e-19
-5.163091e-19
-5.173516e-19
-5.183918e-19
-5.194300e-19
-5.204660e-19
-5.214998e-19
-5.225314e-19
-5.235608e-19
-5.245880e-19
-5.256130e-19
-5.266357e-19
-5.276562e-19
-5.286745e-19
-5.296904e-19
-5.307041e-19
-5.317155e-19
-5.327245e-19
-5.337313e-19
-5.347357e-19
-5.357377e-19
-5.367374e-19
-5.377348e-19
-5.387297e-19
-5.397222e-19
-5.407124e-19
-5.417001e-19
-5.426854e-19
-5.436682e-19
-5.446486e-19
-5.456265e-19
-5.466019e-19
-5.475748e-19
-5.485453e-19
-5.495132e-19
-5.504786e-19
-5.514414e-19
-5.524017e-19
-5.533594e-19
-5.543146e-19
-5.552671e-19
-5.562171e-19
-5.571645e-19
-5.581092e-19
-5.590513e-19
-5.599907e-19
-5.609275e-19
-5.618617e-19
-5.627931e-19
-5.637219e-19
-5.646479e-19
-5.655713e-19
-5.664919e-19
-5.674098e-19
-5.683249e-19
-5.692373e-19
-5.701469e-19
-5.710538e-19
-5.719578e-19
-5.728591e-19
-5.737575e-19
-5.746531e-19
-5.755459e-19
-5.764358e-19
-5.773228e-19
-5.782070e-19
-5.790883e-19
-5.799668e-19
-5.808423e-19
-5.817149e-19
-5.825846e-19
-5.834514e-19
-5.843152e-19
-5.851761e-19
-5.860340e-19
-5.868889e-19
-5.877409e-19
-5.885898e-19
-5.894358e-19
-5.902787e-19
-5.911186e-19
-5.919555e-19
-5.927893e-19
-5.936201e-19
-5.944478e-19
-5.952724e-19
-5.960939e-19
-5.969124e-19
-5.977277e-19
-5.985399e-19
-5.993490e-19
-6.001550e-19
-6.009578e-19
-6.017574e-19
-6.025539e-19
-6.033472e-19
-6.041374e-19
-6.049243e-19
-6.057080e-19
-6.064885e-19
-6.072658e-19
-6.080399e-19
-6.088107e-19
-6.095783e-19
-6.103426e-19
-6.111036e-19
-6.118613e-19
-6.126158e-19
-6.133670e-19
-6.141148e-19
-6.148594e-19
-6.156006e-19
-6.163385e-19
-6.170730e-19
-6.178042e-19
-6.185320e-19
-6.192565e-19
-6.199775e-19
-6.206952e-19
-6.214095e-19
-6.221204e-19
-6.228279e-19
-6.235319e-19
-6.242325e-19
-6.249297e-19
-6.256234e-19
-6.263137e-19
-6.270005e-19
-6.276839e-19
-6.283637e-19
-6.290401e-19
-6.297129e-19
-6.303823e-19
-6.310481e-19
-6.317104e-19
-6.323692e-19
-6.330245e-19
-6.336762e-19
-6.343243e-19
-6.349689e-19
-6.356099e-19
-6.362473e-19
-6.368812e-19
-6.375114e-19
-6.381381e-19
-6.387611e-19
-6.393806e-19
-6.399964e-19
-6.406085e-19
-6.412171e-19
-6.418219e-19
-6.424232e-19
-6.430207e-19
-6.436146e-19
-6.442049e-19
-6.447914e-19
-6.453742e-19
-6.459534e-19
-6.465288e-19
-6.471006e-19
-6.476686e-19
-6.482329e-19
-6.487934e-19
-6.493503e-19
-6.499033e-19
-6.504526e-19
-6.509982e-19
-6.515400e-19
-6.520780e-19
-6.526123e-19
-6.531427e-19
-6.536694e-19
-6.541923e-19
-6.547113e-19
-6.552266e-19
-6.557380e-19
-6.562456e-19
-6.567494e-19
-6.572493e-19
-6.577454e-19
-6.582377e-19
-6.587261e-19
-6.592106e-19
-6.596913e-19
-6.601681e-19
-6.606410e-19
-6.611100e-19
-6.615752e-19
-6.620364e-19
-6.624938e-19
-6.629472e-19
-6.633967e-19
-6.638424e-19
-6.642841e-19
-6.647218e-19
-6.651556e-19
-6.655855e-19
-6.660115e-19
-6.664335e-19
-6.668515e-19
-6.672656e-19
-6.676757e-19
-6.680819e-19
-6.684841e-19
-6.688823e-19
-6.692765e-19
-6.696667e-19
-6.700529e-19
-6.704352e-19
-6.708134e-19
-6.711876e-19
-6.715578e-19
-6.719240e-19
-6.722862e-19
-6.726444e-19
-6.729985e-19
-6.733486e-19
-6.736946e-19
-6.740366e-19
-6.743746e-19
-6.747085e-19
-6.750383e-19
-6.753641e-19
-6.756859e-19
-6.760035e-19
-6.763171e-19
-6.766266e-19
-6.769321e-19
-6.772334e-19
-6.775307e-19
-6.778239e-19
-6.781130e-19
-6.783979e-19
-6.786788e-19
-6.789556e-19
-6.792283e-19
-6.794969e-19
-6.797613e-19
-6.800217e-19
-6.802779e-19
-6.805300e-19
-6.807780e-19
-6.810218e-19
-6.812615e-19
-6.814971e-19
-6.817285e-19
-6.819558e-19
-6.821790e-19
-6.823980e-19
-6.826129e-19
-6.828236e-19
-6.830301e-19
-6.832325e-19
-6.834308e-19
-6.836249e-19
-6.838148e-19
-6.840005e-19
-6.841821e-19
-6.843595e-19
-6.845328e-19
-6.847018e-19
-6.848667e-19
-6.850274e-19
-6.851840e-19
-6.853363e-19
-6.854845e-19
-6.856284e-19
-6.857682e-19
-6.859038e-19
-6.860352e-19
-6.861625e-19
-6.862855e-19
-6.864043e-19
-6.865189e-19
-6.866294e-19
-6.867356e-19
-6.868376e-19
-6.869354e-19
-6.870291e-19
-6.871185e-19
-6.872037e-19
-6.872847e-19
-6.873615e-19
-6.874341e-19
-6.875025e-19
-6.875666e-19
-6.876266e-19
-6.876823e-19
-6.877338e-19
-6.877812e-19
-6.878243e-19
-6.878632e-19
-6.878978e-19
-6.879283e-19
-6.879545e-19
-6.879766e-19
-6.879944e-19
-6.880080e-19
-6.880173e-19
-6.880225e-19
-6.880234e-19
-6.880202e-19
-6.880127e-19
-6.880010e-19
-6.879850e-19
-6.879649e-19
-6.879405e-19
-6.879120e-19
-6.878792e-19
-6.878422e-19
-6.878010e-19
-6.877555e-19
-6.877059e-19
-6.876520e-19
-6.875939e-19
-6.875317e-19
-6.874652e-19
-6.873945e-19
-6.873196e-19
-6.872404e-19
-6.871571e-19
-6.870696e-19
-6.869778e-19
-6.868819e-19
-6.867817e-19
-6.866774e-19
-6.865689e-19
-6.864561e-19
-6.863392e-19
-6.862180e-19
-6.860927e-19
-6.859632e-19
-6.858294e-19
-6.856915e-19
-6.855494e-19
-6.854032e-19
-6.852527e-19
-6.850980e-19
-6.849392e-19
-6.847762e-19
-6.846090e-19
-6.844376e-19
-6.842621e-19
-6.840824e-19
-6.838985e-19
-6.837105e-19
-6.835183e-19
-6.833219e-19
-6.831214e-19
-6.829167e-19
-6.827079e-19
-6.824949e-19
-6.822777e-19
-6.820565e-19
-6.818310e-19
-6.816015e-19
-6.813677e-19
-6.811299e-19
-6.808879e-19
-6.806418e-19
-6.803916e-19
-6.801372e-19
-6.798788e-19
-6.796162e-19
-6.793495e-19
-6.790787e-19
-6.788037e-19
-6.785247e-19
-6.782416e-19
-6.779543e-19
-6.776630e-19
-6.773676e-19
-6.770681e-19
-6.767645e-19
-6.764569e-19
-6.761452e-19
-6.758293e-19
-6.755095e-19
-6.751855e-19
-6.748575e-19
-6.745255e-19
-6.741894e-19
-6.738492e-19
-6.735050e-19
-6.731568e-19
-6.728045e-19
-6.724482e-19
-6.720879e-19
-6.717236e-19
-6.713552e-19
-6.709828e-19
-6.706064e-19
-6.702261e-19
-6.698417e-19
-6.694533e-19
-6.690609e-19
-6.686645e-19
-6.682642e-19
-6.678599e-19
-6.674516e-19
-6.670394e-19
-6.666231e-19
-6.662030e-19
-6.657789e-19
-6.653508e-19
-6.649188e-19
-6.644829e-19
-6.640430e-19
-6.635992e-19
-6.631515e-19
-6.626999e-19
-6.622444e-19
-6.617849e-19
-6.613216e-19
-6.608544e-19
-6.603833e-19
-6.599083e-19
-6.594295e-19
-6.589467e-19
-6.584602e-19
-6.579697e-19
-6.574754e-19
-6.569773e-19
-6.564753e-19
-6.559695e-19
-6.554599e-19
-6.549465e-19
-6.544292e-19
-6.539082e-19
-6.533833e-19
-6.528546e-19
-6.523222e-19
-6.517860e-19
-6.512460e-19
-6.507022e-19
-6.501547e-19
-6.496034e-19
-6.490484e-19
-6.484896e-19
-6.479271e-19
-6.473609e-19
-6.467909e-19
-6.462173e-19
-6.456399e-19
-6.450588e-19
-6.444741e-19
-6.438856e-19
-6.432935e-19
-6.426977e-19
-6.420982e-19
-6.414951e-19
-6.408884e-19
-6.402780e-19
-6.396639e-19
-6.390463e-19
-6.384250e-19
-6.378001e-19
-6.371716e-19
-6.365395e-19
-6.359038e-19
-6.352646e-19
-6.346217e-19
-6.339753e-19
-6.333254e-19
-6.326719e-19
-6.320148e-19
-6.313542e-19
-6.306901e-19
-6.300225e-19
-6.293514e-19
-6.286768e-19
-6.279986e-19
-6.273170e-19
-6.266320e-19
-6.259434e-19
-6.252514e-19
-6.245559e-19
-6.238570e-19
-6.231547e-19
-6.224490e-19
-6.217398e-19
-6.210272e-19
-6.203112e-19
-6.195918e-19
-6.188691e-19
-6.181430e-19
-6.174135e-19
-6.166806e-19
-6.159445e-19
-6.152049e-19
-6.144621e-19
-6.137159e-19
-6.129664e-19
-6.122136e-19
-6.114576e-19
-6.106982e-19
-6.099356e-19
-6.091697e-19
-6.084005e-19
-6.076281e-19
-6.068525e-19
-6.060737e-19
-6.052916e-19
-6.045063e-19
-6.037178e-19
-6.029262e-19
-6.021313e-19
-6.013333e-19
-6.005322e-19
-5.997278e-19
-5.989204e-19
-5.981098e-19
-5.972961e-19
-5.964793e-19
-5.956594e-19
-5.948364e-19
-5.940103e-19
-5.931811e-19
-5.923489e-19
-5.915137e-19
-5.906754e-19
-5.898340e-19
-5.889897e-19
-5.881423e-19
-5.872920e-19
-5.864386e-19
-5.855823e-19
-5.847230e-19
-5.838608e-19
-5.829956e-19
-5.821275e-19
-5.812564e-19
-5.803825e-19
-5.795056e-19
-5.786259e-19
-5.777432e-19
-5.768577e-19
-5.759693e-19
-5.750781e-19
-5.741841e-19
-5.732872e-19
-5.723875e-19
-5.714850e-19
-5.705797e-19
-5.696716e-19
-5.687607e-19
-5.678471e-19
-5.669308e-19
-5.660116e-19
-5.650898e-19
-5.641653e-19
-5.632380e-19
-5.623080e-19
-5.613754e-19
-5.604401e-19
-5.595021e-19
-5.585615e-19
-5.576183e-19
-5.566724e-19
-5.557239e-19
-5.547728e-19
-5.538191e-19
-5.528628e-19
-5.519040e-19
-5.509426e-19
-5.499787e-19
-5.490122e-19
-5.480432e-19
-5.470717e-19
-5.460978e-19
-5.451213e-19
-5.441423e-19
-5.431609e-19
-5.421771e-19
-5.411908e-19
-5.402020e-19
-5.392109e-19
-5.382173e-19
-5.372214e-19
-5.362231e-19
-5.352224e-19
-5.342194e-19
-5.332141e-19
-5.322064e-19
-5.311964e-19
-5.301841e-19
-5.291695e-19
-5.281526e-19
-5.271334e-19
-5.261120e-19
-5.250884e-19
-5.240625e-19
-5.230344e-19
-5.220041e-19
-5.209716e-19
-5.199370e-19
-5.189002e-19
-5.178612e-19
-5.168201e-19
-5.157768e-19
-5.147314e-19
-5.136840e-19
-5.126344e-19
-5.115828e-19
-5.105291e-19
-5.094733e-19
-5.084155e-19
-5.073557e-19
-5.062939e-19
-5.052300e-19
-5.041642e-19
-5.030964e-19
-5.020267e-19
-5.009550e-19
-4.998813e-19
-4.988058e-19
-4.977283e-19
-4.966490e-19
-4.955677e-19
-4.944846e-19
-4.933996e-19
-4.923128e-19
-4.912242e-19
-4.901337e-19
-4.890415e-19
-4.879474e-19
-4.868516e-19
-4.857540e-19
-4.846547e-19
-4.835536e-19
-4.824508e-19
-4.813463e-19
-4.802401e-19
-4.791322e-19
-4.780227e-19
-4.769114e-19
-4.757986e-19
-4.746841e-19
-4.735680e-19
-4.724503e-19
-4.713311e-19
-4.702102e-19
-4.690878e-19
-4.679638e-19
-4.668383e-19
-4.657113e-19
-4.645828e-19
-4.634528e-19
-4.623213e-19
-4.611883e-19
-4.600539e-19
-4.589181e-19
-4.577808e-19
-4.566422e-19
-4.555021e-19
-4.543607e-19
-4.532179e-19
-4.520737e-19
-4.509282e-19
-4.497814e-19
-4.486332e-19
-4.474838e-19
-4.463331e-19
-4.451811e-19
-4.440278e-19
-4.428733e-19
-4.417176e-19
-4.405607e-19
-4.394026e-19
-4.382433e-19
-4.370828e-19
-4.359212e-19
-4.347584e-19
-4.335945e-19
-4.324295e-19
-4.312633e-19
-4.300961e-19
-4.289279e-19
-4.277585e-19
-4.265882e-19
-4.254168e-19
-4.242443e-19
-4.230709e-19
-4.218965e-19
-4.207212e-19
-4.195448e-19
-4.183676e-19
-4.171894e-19
-4.160102e-19
-4.148302e-19
-4.136493e-19
-4.124676e-19
-4.112849e-19
-4.101015e-19
-4.089172e-19
-4.077321e-19
-4.065462e-19
-4.053595e-19
-4.041720e-19
-4.029838e-19
-4.017948e-19
-4.006051e-19
-3.994148e-19
-3.982237e-19
-3.970319e-19
-3.958394e-19
-3.946464e-19
-3.934526e-19
-3.922583e-19
-3.910633e-19
-3.898677e-19
-3.886716e-19
-3.874749e-19
-3.862776e-19
-3.850798e-19
-3.838815e-19
-3.826826e-19
-3.814833e-19
-3.802835e-19
-3.790833e-19
-3.778825e-19
-3.766814e-19
-3.754798e-19
-3.742778e-19
-3.730755e-19
-3.718727e-19
-3.706696e-19
-3.694662e-19
-3.682624e-19
-3.670583e-19
-3.658539e-19
-3.646492e-19
-3.634442e-19
-3.622390e-19
-3.610335e-19
-3.598278e-19
-3.586219e-19
-3.574158e-19
-3.562095e-19
-3.550030e-19
-3.537964e-19
-3.525896e-19
-3.513827e-19
-3.501757e-19
-3.489686e-19
-3.477614e-19
-3.465542e-19
-3.453469e-19
-3.441395e-19
-3.429322e-19
-3.417248e-19
-3.405174e-19
-3.393101e-19
-3.381028e-19
-3.368955e-19
-3.356883e-19
-3.344812e-19
-3.332742e-19
-3.320672e-19
-3.308604e-19
-3.296538e-19
-3.284473e-19
-3.272410e-19
-3.260348e-19
-3.248288e-19
-3.236231e-19
-3.224176e-19
-3.212123e-19
-3.200073e-19
-3.188025e-19
-3.175981e-19
-3.163939e-19
-3.151901e-19
-3.139865e-19
-3.127834e-19
-3.115805e-19
-3.103781e-19
-3.091760e-19
-3.079744e-19
-3.067732e-19
-3.055723e-19
-3.043720e-19
-3.031721e-19
-3.019727e-19
-3.007737e-19
-2.995753e-19
-2.983774e-19
-2.971800e-19
-2.959832e-19
-2.947869e-19
-2.935913e-19
-2.923962e-19
-2.912017e-19
-2.900078e-19
-2.888146e-19
-2.876220e-19
-2.864301e-19
-2.852389e-19
-2.840484e-19
-2.828585e-19
-2.816694e-19
-2.804811e-19
-2.792934e-19
-2.781066e-19
-2.769205e-19
-2.757353e-19
-2.745508e-19
-2.733672e-19
-2.721844e-19
-2.710024e-19
-2.698213e-19
-2.686412e-19
-2.674619e-19
-2.662835e-19
-2.651060e-19
-2.639295e-19
-2.627539e-19
-2.615793e-19
-2.604057e-19
-2.592331e-19
-2.580615e-19
-2.568909e-19
-2.557214e-19
-2.545529e-19
-2.533854e-19
-2.522191e-19
-2.510539e-19
-2.498897e-19
-2.487267e-19
-2.475649e-19
-2.464041e-19
-2.452446e-19
-2.440862e-19
-2.429291e-19
-2.417731e-19
-2.406184e-19
-2.394649e-19
-2.383126e-19
-2.371616e-19
-2.360120e-19
-2.348635e-19
-2.337165e-19
-2.325707e-19
-2.314262e-19
-2.302832e-19
-2.291414e-19
-2.280011e-19
-2.268621e-19
-2.257246e-19
-2.245885e-19
-2.234538e-19
-2.223205e-19
-2.211887e-19
-2.200584e-19
-2.189296e-19
-2.178023e-19
-2.166765e-19
-2.155522e-19
-2.144294e-19
-2.133083e-19
-2.121887e-19
-2.110707e-19
-2.099542e-19
-2.088394e-19
-2.077262e-19
-2.066147e-19
-2.055048e-19
-2.043966e-19
-2.032900e-19
-2.021852e-19
-2.010820e-19
-1.999806e-19
-1.988809e-19
-1.977829e-19
-1.966868e-19
-1.955923e-19
-1.944997e-19
-1.934089e-19
-1.923199e-19
-1.912327e-19
-1.901473e-19
-1.890638e-19
-1.879822e-19
-1.869025e-19
-1.858246e-19
-1.847487e-19
-1.836746e-19
-1.826025e-19
-1.815324e-19
-1.804642e-19
-1.793979e-19
-1.783337e-19
-1.772715e-19
-1.762112e-19
-1.751530e-19
-1.740968e-19
-1.730427e-19
-1.719906e-19
-1.709407e-19
-1.698928e-19
-1.688470e-19
-1.678033e-19
-1.667617e-19
-1.657223e-19
-1.646850e-19
-1.636499e-19
-1.626169e-19
-1.615862e-19
-1.605576e-19
-1.595313e-19
-1.585072e-19
-1.574853e-19
-1.564657e-19
-1.554484e-19
-1.544333e-19
-1.534205e-19
-1.524100e-19
-1.514018e-19
-1.503960e-19
-1.493925e-19
-1.483913e-19
-1.473925e-19
-1.463961e-19
-1.454021e-19
-1.444104e-19
-1.434212e-19
-1.424344e-19
-1.414500e-19
-1.404681e-19
-1.394886e-19
-1.385116e-19
-1.375371e-19
-1.365651e-19
-1.355956e-19
-1.346286e-19
-1.336641e-19
-1.327022e-19
-1.317428e-19
-1.307860e-19
-1.298318e-19
-1.288801e-19
-1.279311e-19
-1.269847e-19
-1.260408e-19
-1.250997e-19
-1.241611e-19
-1.232253e-19
-1.222921e-19
-1.213616e-19
-1.204337e-19
-1.195086e-19
-1.185862e-19
-1.176665e-19
-1.167496e-19
-1.158354e-19
-1.149239e-19
-1.140152e-19
-1.131093e-19
-1.122062e-19
-1.113059e-19
-1.104085e-19
-1.095138e-19
-1.086220e-19
-1.077330e-19
-1.068469e-19
-1.059636e-19
-1.050833e-19
-1.042058e-19
-1.033312e-19
-1.024596e-19
-1.015908e-19
-1.007250e-19
-9.986213e-20
-9.900221e-20
-9.814526e-20
-9.729128e-20
-9.644029e-20
-9.559229e-20
-9.474730e-20
-9.390533e-20
-9.306638e-20
-9.223047e-20
-9.139760e-20
-9.056779e-20
-8.974105e-20
-8.891739e-20
-8.809681e-20
-8.727933e-20
-8.646496e-20
-8.565370e-20
-8.484557e-20
-8.404058e-20
-8.323873e-20
-8.244004e-20
-8.164452e-20
-8.085217e-20
-8.006301e-20
-7.927704e-20
-7.849428e-20
-7.771473e-20
-7.693841e-20
-7.616532e-20
-7.539547e-20
-7.462887e-20
-7.386554e-20
-7.310547e-20
-7.234869e-20
-7.159519e-20
-7.084499e-20
-7.009810e-20
-6.935453e-20
-6.861428e-20
-6.787737e-20
-6.714380e-20
-6.641359e-20
-6.568673e-20
-6.496325e-20
-6.424314e-20
-6.352642e-20
-6.281310e-20
-6.210319e-20
-6.139669e-20
-6.069361e-20
-5.999396e-20
-5.929776e-20
-5.860500e-20
-5.791570e-20
-5.722986e-20
-5.654750e-20
-5.586861e-20
-5.519322e-20
-5.452133e-20
-5.385295e-20
-5.318807e-20
-5.252673e-20
-5.186891e-20
-5.121463e-20
-5.056390e-20
-4.991672e-20
-4.927311e-20
-4.863307e-20
-4.799660e-20
-4.736372e-20
-4.673444e-20
-4.610876e-20
-4.548668e-20
-4.486823e-20
-4.425339e-20
-4.364219e-20
-4.303463e-20
-4.243072e-20
-4.183046e-20
-4.123386e-20
-4.064093e-20
-4.005168e-20
-3.946611e-20
-3.888423e-20
-3.830604e-20
-3.773157e-20
-3.716080e-20
-3.659375e-20
-3.603043e-20
-3.547084e-20
-3.491499e-20
-3.436288e-20
-3.381453e-20
-3.326993e-20
-3.272911e-20
-3.219205e-20
-3.165877e-20
-3.112928e-20
-3.060359e-20
-3.008169e-20
-2.956359e-20
-2.904931e-20
-2.853884e-20
-2.803220e-20
-2.752939e-20
-2.703041e-20
-2.653528e-20
-2.604399e-20
-2.555656e-20
-2.507299e-20
-2.459328e-20
-2.411745e-20
-2.364549e-20
-2.317742e-20
-2.271324e-20
-2.225295e-20
-2.179656e-20
-2.134408e-20
-2.089551e-20
-2.045085e-20
-2.001012e-20
-1.957332e-20
-1.914045e-20
-1.871152e-20
-1.828653e-20
-1.786550e-20
-1.744841e-20
-1.703529e-20
-1.662613e-20
-1.622094e-20
-1.581972e-20
-1.542248e-20
-1.502923e-20
-1.463996e-20
-1.425469e-20
-1.387342e-20
-1.349615e-20
-1.312289e-20
-1.275363e-20
-1.238840e-20
-1.202719e-20
-1.167000e-20
-1.131684e-20
-1.096772e-20
-1.062263e-20
-1.028159e-20
-9.944597e-21
-9.611653e-21
-9.282763e-21
-8.957933e-21
-8.637166e-21
-8.320466e-21
-8.007836e-21
-7.699282e-21
-7.394806e-21
-7.094412e-21
-6.798104e-21
-6.505885e-21
-6.217759e-21
-5.933730e-21
-5.653802e-21
-5.377976e-21
-5.106258e-21
-4.838650e-21
-4.575155e-21
-4.315777e-21
-4.060519e-21
-3.809384e-21
-3.562375e-21
-3.319495e-21
-3.080747e-21
-2.846135e-21
-2.615660e-21
-2.389326e-21
-2.167136e-21
-1.949092e-21
-1.735197e-21
-1.525453e-21
-1.319864e-21
-1.118431e-21
-9.211571e-22
-7.280450e-22
-5.390968e-22
-3.543150e-22
-1.737016e-22
2.740985e-24
1.750107e-22
3.431053e-22
5.070228e-22
6.667612e-22
8.223185e-22
9.736927e-22
1.120882e-21
1.263885e-21
1.402699e-21
1.537323e-21
1.667755e-21
1.793994e-21
1.916038e-21
2.033885e-21
2.147534e-21
2.256984e-21
2.362234e-21
2.463281e-21
2.560125e-21
2.652764e-21
2.741198e-21
2.825425e-21
2.905444e-21
2.981254e-21
3.052855e-21
3.120245e-21
3.183423e-21
3.242390e-21
3.297143e-21
3.347683e-21
3.394008e-21
3.436118e-21
3.474013e-21
3.507692e-21
3.537154e-21
3.562400e-21
3.583429e-21
3.600240e-21
3.612834e-21
3.621210e-21
3.625368e-21
3.625308e-21
