-1.567424e-21
-1.568073e-21
-1.571852e-21
-1.578761e-21
-1.588799e-21
-1.601965e-21
-1.618261e-21
-1.637686e-21
-1.660239e-21
-1.685920e-21
-1.714729e-21
-1.746666e-21
-1.781729e-21
-1.819920e-21
-1.861237e-21
-1.905680e-21
-1.953247e-21
-2.003940e-21
-2.057756e-21
-2.114696e-21
-2.174759e-21
-2.237943e-21
-2.304249e-21
-2.373675e-21
-2.446220e-21
-2.521884e-21
-2.600666e-21
-2.682564e-21
-2.767578e-21
-2.855707e-21
-2.946949e-21
-3.041304e-21
-3.138770e-21
-3.239346e-21
-3.343032e-21
-3.449824e-21
-3.559723e-21
-3.672727e-21
-3.788835e-21
-3.908045e-21
-4.030355e-21
-4.155765e-21
-4.284272e-21
-4.415876e-21
-4.550574e-21
-4.688365e-21
-4.829247e-21
-4.973218e-21
-5.120277e-21
-5.270422e-21
-5.423651e-21
-5.579963e-21
-5.739354e-21
-5.901824e-21
-6.067370e-21
-6.235991e-21
-6.407684e-21
-6.582447e-21
-6.760278e-21
-6.941174e-21
-7.125135e-21
-7.312157e-21
-7.502238e-21
-7.695375e-21
-7.891567e-21
-8.090812e-21
-8.293105e-21
-8.498446e-21
-8.706832e-21
-8.918259e-21
-9.132726e-21
-9.350230e-21
-9.570768e-21
-9.794337e-21
-1.002094e-20
-1.025056e-20
-1.048321e-20
-1.071888e-20
-1.095756e-20
-1.119926e-20
-1.144397e-20
-1.169169e-20
-1.194242e-20
-1.219615e-20
-1.245287e-20
-1.271260e-20
-1.297532e-20
-1.324102e-20
-1.350972e-20
-1.378139e-20
-1.405605e-20
-1.433368e-20
-1.461429e-20
-1.489787e-20
-1.518441e-20
-1.547392e-20
-1.576638e-20
-1.606181e-20
-1.636018e-20
-1.666150e-20
-1.696577e-20
-1.727298e-20
-1.758312e-20
-1.789620e-20
-1.821221e-20
-1.853115e-20
-1.885300e-20
-1.917778e-20
-1.950547e-20
-1.983607e-20
-2.016957e-20
-2.050598e-20
-2.084529e-20
-2.118749e-20
-2.153258e-20
-2.188055e-20
-2.223141e-20
-2.258514e-20
-2.294174e-20
-2.330122e-20
-2.366355e-20
-2.402875e-20
-2.439680e-20
-2.476770e-20
-2.514145e-20
-2.551804e-20
-2.589746e-20
-2.627972e-20
-2.666481e-20
-2.705272e-20
-2.744344e-20
-2.783698e-20
-2.823333e-20
-2.863248e-20
-2.903443e-20
-2.943917e-20
-2.984670e-20
-3.025702e-20
-3.067011e-20
-3.108598e-20
-3.150462e-20
-3.192602e-20
-3.235018e-20
-3.277709e-20
-3.320675e-20
-3.363916e-20
-3.407430e-20
-3.451217e-20
-3.495277e-20
-3.539609e-20
-3.584213e-20
-3.629088e-20
-3.674233e-20
-3.719649e-20
-3.765333e-20
-3.811287e-20
-3.857509e-20
-3.903999e-20
-3.950755e-20
-3.997779e-20
-4.045068e-20
-4.092623e-20
-4.140442e-20
-4.188526e-20
-4.236874e-20
-4.285485e-20
-4.334358e-20
-4.383493e-20
-4.432889e-20
-4.482547e-20
-4.532464e-20
-4.582640e-20
-4.633076e-20
-4.683770e-20
-4.734721e-20
-4.785930e-20
-4.837395e-20
-4.889115e-20
-4.941091e-20
-4.993321e-20
-5.045806e-20
-5.098543e-20
-5.151533e-20
-5.204775e-20
-5.258268e-20
-5.312011e-20
-5.366005e-20
-5.420248e-20
-5.474740e-20
-5.529479e-20
-5.584466e-20
-5.639700e-20
-5.695180e-20
-5.750904e-20
-5.806874e-20
-5.863087e-20
-5.919544e-20
-5.976243e-20
-6.033184e-20
-6.090366e-20
-6.147789e-20
-6.205451e-20
-6.263353e-20
-6.321493e-20
-6.379870e-20
-6.438484e-20
-6.497335e-20
-6.556421e-20
-6.615742e-20
-6.675297e-20
-6.735085e-20
-6.795106e-20
-6.855359e-20
-6.915843e-20
-6.976557e-20
-7.037501e-20
-7.098673e-20
-7.160074e-20
-7.221703e-20
-7.283558e-20
-7.345639e-20
-7.407945e-20
-7.470475e-20
-7.533229e-20
-7.596206e-20
-7.659405e-20
-7.722825e-20
-7.786466e-20
-7.850326e-20
-7.914406e-20
-7.978704e-20
-8.043219e-20
-8.107950e-20
-8.172898e-20
-8.238061e-20
-8.303437e-20
-8.369028e-20
-8.434831e-20
-8.500845e-20
-8.567071e-20
-8.633507e-20
-8.700153e-20
-8.767007e-20
-8.834069e-20
-8.901338e-20
-8.968813e-20
-9.036493e-20
-9.104378e-20
-9.172466e-20
-9.240757e-20
-9.309251e-20
-9.377945e-20
-9.446840e-20
-9.515934e-20
-9.585227e-20
-9.654718e-20
-9.724406e-20
-9.794290e-20
-9.864369e-20
-9.934642e-20
-1.000511e-19
-1.007577e-19
-1.014662e-19
-1.021766e-19
-1.028889e-19
-1.036032e-19
-1.043193e-19
-1.050372e-19
-1.057571e-19
-1.064788e-19
-1.072023e-19
-1.079277e-19
-1.086549e-19
-1.093840e-19
-1.101148e-19
-1.108475e-19
-1.115819e-19
-1.123182e-19
-1.130562e-19
-1.137959e-19
-1.145375e-19
-1.152808e-19
-1.160258e-19
-1.167726e-19
-1.175211e-19
-1.182713e-19
-1.190232e-19
-1.197768e-19
-1.205320e-19
-1.212890e-19
-1.220476e-19
-1.228079e-19
-1.235698e-19
-1.243334e-19
-1.250986e-19
-1.258655e-19
-1.266339e-19
-1.274039e-19
-1.281756e-19
-1.289488e-19
-1.297236e-19
-1.304999e-19
-1.312778e-19
-1.320573e-19
-1.328383e-19
-1.336208e-19
-1.344048e-19
-1.351904e-19
-1.359774e-19
-1.367659e-19
-1.375560e-19
-1.383474e-19
-1.391404e-19
-1.399348e-19
-1.407306e-19
-1.415278e-19
-1.423265e-19
-1.431266e-19
-1.439281e-19
-1.447310e-19
-1.455352e-19
-1.463409e-19
-1.471478e-19
-1.479562e-19
-1.487659e-19
-1.495769e-19
-1.503892e-19
-1.512029e-19
-1.520179e-19
-1.528341e-19
-1.536516e-19
-1.544704e-19
-1.552905e-19
-1.561118e-19
-1.569344e-19
-1.577582e-19
-1.585832e-19
-1.594094e-19
-1.602369e-19
-1.610655e-19
-1.618953e-19
-1.627263e-19
-1.635584e-19
-1.643917e-19
-1.652261e-19
-1.660617e-19
-1.668984e-19
-1.677362e-19
-1.685751e-19
-1.694150e-19
-1.702561e-19
-1.710982e-19
-1.719414e-19
-1.727857e-19
-1.736310e-19
-1.744773e-19
-1.753246e-19
-1.761730e-19
-1.770223e-19
-1.778726e-19
-1.787239e-19
-1.795762e-19
-1.804294e-19
-1.812836e-19
-1.821387e-19
-1.829947e-19
-1.838517e-19
-1.847095e-19
-1.855683e-19
-1.864279e-19
-1.872884e-19
-1.881497e-19
-1.890119e-19
-1.898750e-19
-1.907389e-19
-1.916036e-19
-1.924691e-19
-1.933354e-19
-1.942025e-19
-1.950704e-19
-1.959390e-19
-1.968084e-19
-1.976786e-19
-1.985495e-19
-1.994211e-19
-2.002934e-19
-2.011664e-19
-2.020401e-19
-2.029145e-19
-2.037896e-19
-2.046653e-19
-2.055417e-19
-2.064187e-19
-2.072964e-19
-2.081746e-19
-2.090535e-19
-2.099330e-19
-2.108130e-19
-2.116937e-19
-2.125748e-19
-2.134566e-19
-2.143389e-19
-2.152217e-19
-2.161051e-19
-2.169889e-19
-2.178733e-19
-2.187581e-19
-2.196434e-19
-2.205292e-19
-2.214155e-19
-2.223022e-19
-2.231893e-19
-2.240768e-19
-2.249648e-19
-2.258532e-19
-2.267419e-19
-2.276310e-19
-2.285206e-19
-2.294104e-19
-2.303006e-19
-2.311912e-19
-2.320821e-19
-2.329732e-19
-2.338647e-19
-2.347565e-19
-2.356486e-19
-2.365410e-19
-2.374336e-19
-2.383264e-19
-2.392195e-19
-2.401128e-19
-2.410064e-19
-2.419001e-19
-2.427941e-19
-2.436882e-19
-2.445825e-19
-2.454770e-19
-2.463716e-19
-2.472664e-19
-2.481612e-19
-2.490563e-19
-2.499514e-19
-2.508466e-19
-2.517419e-19
-2.526373e-19
-2.535327e-19
-2.544282e-19
-2.553237e-19
-2.562193e-19
-2.571149e-19
-2.580105e-19
-2.589061e-19
-2.598017e-19
-2.606973e-19
-2.615928e-19
-2.624883e-19
-2.633837e-19
-2.642791e-19
-2.651744e-19
-2.660696e-19
-2.669647e-19
-2.678597e-19
-2.687545e-19
-2.696493e-19
-2.705439e-19
-2.714383e-19
-2.723326e-19
-2.732267e-19
-2.741206e-19
-2.750143e-19
-2.759078e-19
-2.768011e-19
-2.776942e-19
-2.785870e-19
-2.794796e-19
-2.803719e-19
-2.812639e-19
-2.821557e-19
-2.830471e-19
-2.839383e-19
-2.848291e-19
-2.857196e-19
-2.866097e-19
-2.874996e-19
-2.883890e-19
-2.892781e-19
-2.901668e-19
-2.910551e-19
-2.919430e-19
-2.928305e-19
-2.937175e-19
-2.946042e-19
-2.954903e-19
-2.963761e-19
-2.972613e-19
-2.981461e-19
-2.990304e-19
-2.999141e-19
-3.007974e-19
-3.016802e-19
-3.025624e-19
-3.034440e-19
-3.043251e-19
-3.052057e-19
-3.060857e-19
-3.069650e-19
-3.078438e-19
-3.087220e-19
-3.095996e-19
-3.104765e-19
-3.113528e-19
-3.122284e-19
-3.131034e-19
-3.139777e-19
-3.148513e-19
-3.157242e-19
-3.165964e-19
-3.174679e-19
-3.183387e-19
-3.192087e-19
-3.200780e-19
-3.209466e-19
-3.218143e-19
-3.226813e-19
-3.235475e-19
-3.244129e-19
-3.252775e-19
-3.261412e-19
-3.270042e-19
-3.278663e-19
-3.287275e-19
-3.295879e-19
-3.304474e-19
-3.313060e-19
-3.321637e-19
-3.330205e-19
-3.338764e-19
-3.347314e-19
-3.355854e-19
-3.364385e-19
-3.372906e-19
-3.381418e-19
-3.389920e-19
-3.398412e-19
-3.406894e-19
-3.415366e-19
-3.423827e-19
-3.432279e-19
-3.440720e-19
-3.449150e-19
-3.457570e-19
-3.465979e-19
-3.474378e-19
-3.482765e-19
-3.491142e-19
-3.499507e-19
-3.507861e-19
-3.516204e-19
-3.524535e-19
-3.532855e-19
-3.541163e-19
-3.549459e-19
-3.557744e-19
-3.566017e-19
-3.574277e-19
-3.582526e-19
-3.590762e-19
-3.598986e-19
-3.607198e-19
-3.615397e-19
-3.623583e-19
-3.631757e-19
-3.639917e-19
-3.648065e-19
-3.656200e-19
-3.664322e-19
-3.672430e-19
-3.680525e-19
-3.688607e-19
-3.696675e-19
-3.704730e-19
-3.712770e-19
-3.720797e-19
-3.728811e-19
-3.736810e-19
-3.744794e-19
-3.752765e-19
-3.760722e-19
-3.768664e-19
-3.776591e-19
-3.784504e-19
-3.792402e-19
-3.800286e-19
-3.808154e-19
-3.816008e-19
-3.823846e-19
-3.831669e-19
-3.839477e-19
-3.847270e-19
-3.855047e-19
-3.862809e-19
-3.870555e-19
-3.878285e-19
-3.885999e-19
-3.893698e-19
-3.901380e-19
-3.909047e-19
-3.916697e-19
-3.924331e-19
-3.931948e-19
-3.939549e-19
-3.947133e-19
-3.954701e-19
-3.962252e-19
-3.969786e-19
-3.977303e-19
-3.984803e-19
-3.992285e-19
-3.999751e-19
-4.007199e-19
-4.014630e-19
-4.022044e-19
-4.029439e-19
-4.036817e-19
-4.044178e-19
-4.051520e-19
-4.058845e-19
-4.066151e-19
-4.073440e-19
-4.080710e-19
-4.087962e-19
-4.095195e-19
-4.102410e-19
-4.109606e-19
-4.116784e-19
-4.123943e-19
-4.131083e-19
-4.138204e-19
-4.145306e-19
-4.152390e-19
-4.159454e-19
-4.166498e-19
-4.173523e-19
-4.180529e-19
-4.187516e-19
-4.194482e-19
-4.201429e-19
-4.208357e-19
-4.215264e-19
-4.222152e-19
-4.229019e-19
-4.235866e-19
-4.242693e-19
-4.249500e-19
-4.256287e-19
-4.263053e-19
-4.269798e-19
-4.276523e-19
-4.283227e-19
-4.289911e-19
-4.296573e-19
-4.303215e-19
-4.309835e-19
-4.316435e-19
-4.323013e-19
-4.329570e-19
-4.336106e-19
-4.342620e-19
-4.349113e-19
-4.355584e-19
-4.362034e-19
-4.368461e-19
-4.374867e-19
-4.381252e-19
-4.387614e-19
-4.393954e-19
-4.400272e-19
-4.406568e-19
-4.412841e-19
-4.419092e-19
-4.425321e-19
-4.431527e-19
-4.437711e-19
-4.443872e-19
-4.450010e-19
-4.456125e-19
-4.462218e-19
-4.468287e-19
-4.474334e-19
-4.480357e-19
-4.486358e-19
-4.492335e-19
-4.498288e-19
-4.504219e-19
-4.510125e-19
-4.516009e-19
-4.521868e-19
-4.527704e-19
-4.533517e-19
-4.539305e-19
-4.545069e-19
-4.550810e-19
-4.556527e-19
-4.562219e-19
-4.567887e-19
-4.573531e-19
-4.579151e-19
-4.584746e-19
-4.590317e-19
-4.595863e-19
-4.601385e-19
-4.606882e-19
-4.612354e-19
-4.617802e-19
-4.623225e-19
-4.628623e-19
-4.633995e-19
-4.639343e-19
-4.644666e-19
-4.649963e-19
-4.655236e-19
-4.660483e-19
-4.665704e-19
-4.670900e-19
-4.676071e-19
-4.681216e-19
-4.686335e-19
-4.691429e-19
-4.696497e-19
-4.701539e-19
-4.706556e-19
-4.711546e-19
-4.716510e-19
-4.721449e-19
-4.726361e-19
-4.731247e-19
-4.736107e-19
-4.740940e-19
-4.745748e-19
-4.750528e-19
-4.755283e-19
-4.760010e-19
-4.764712e-19
-4.769386e-19
-4.774034e-19
-4.778655e-19
-4.783249e-19
-4.787817e-19
-4.792357e-19
-4.796871e-19
-4.801357e-19
-4.805817e-19
-4.810249e-19
-4.814654e-19
-4.819032e-19
-4.823382e-19
-4.827706e-19
-4.832001e-19
-4.836270e-19
-4.840510e-19
-4.844724e-19
-4.848909e-19
-4.853067e-19
-4.857197e-19
-4.861300e-19
-4.865374e-19
-4.869421e-19
-4.873440e-19
-4.877431e-19
-4.881394e-19
-4.885329e-19
-4.889235e-19
-4.893114e-19
-4.896964e-19
-4.900786e-19
-4.904580e-19
-4.908345e-19
-4.912083e-19
-4.915791e-19
-4.919471e-19
-4.923123e-19
-4.926746e-19
-4.930340e-19
-4.933906e-19
-4.937443e-19
-4.940952e-19
-4.944431e-19
-4.947882e-19
-4.951304e-19
-4.954697e-19
-4.958061e-19
-4.961396e-19
-4.964701e-19
-4.967978e-19
-4.971226e-19
-4.974445e-19
-4.977634e-19
-4.980794e-19
-4.983925e-19
-4.987027e-19
-4.990099e-19
-4.993142e-19
-4.996155e-19
-4.999139e-19
-5.002094e-19
-5.005019e-19
-5.007914e-19
-5.010780e-19
-5.013616e-19
-5.016423e-19
-5.019199e-19
-5.021946e-19
-5.024664e-19
-5.027351e-19
-5.030009e-19
-5.032636e-19
-5.035234e-19
-5.037802e-19
-5.040340e-19
-5.042848e-19
-5.045326e-19
-5.047774e-19
-5.050192e-19
-5.052579e-19
-5.054937e-19
-5.057264e-19
-5.059562e-19
-5.061828e-19
-5.064065e-19
-5.066272e-19
-5.068448e-19
-5.070593e-19
-5.072709e-19
-5.074794e-19
-5.076848e-19
-5.078872e-19
-5.080866e-19
-5.082829e-19
-5.084762e-19
-5.086664e-19
-5.088536e-19
-5.090377e-19
-5.092187e-19
-5.093967e-19
-5.095716e-19
-5.097434e-19
-5.099122e-19
-5.100779e-19
-5.102406e-19
-5.104001e-19
-5.105566e-19
-5.107100e-19
-5.108603e-19
-5.110076e-19
-5.111517e-19
-5.112928e-19
-5.114308e-19
-5.115657e-19
-5.116975e-19
-5.118262e-19
-5.119518e-19
-5.120743e-19
-5.121937e-19
-5.123100e-19
-5.124233e-19
-5.125334e-19
-5.126404e-19
-5.127443e-19
-5.128451e-19
-5.129428e-19
-5.130374e-19
-5.131289e-19
-5.132173e-19
-5.133025e-19
-5.133847e-19
-5.134637e-19
-5.135397e-19
-5.136125e-19
-5.136822e-19
-5.137487e-19
-5.138122e-19
-5.138726e-19
-5.139298e-19
-5.139839e-19
-5.140349e-19
-5.140827e-19
-5.141275e-19
-5.141691e-19
-5.142076e-19
-5.142430e-19
-5.142752e-19
-5.143043e-19
-5.143303e-19
-5.143532e-19
-5.143730e-19
-5.143896e-19
-5.144031e-19
-5.144135e-19
-5.144207e-19
-5.144249e-19
-5.144259e-19
-5.144237e-19
-5.144185e-19
-5.144101e-19
-5.143986e-19
-5.143840e-19
-5.143662e-19
-5.143454e-19
-5.143214e-19
-5.142942e-19
-5.142640e-19
-5.142306e-19
-5.141941e-19
-5.141545e-19
-5.141118e-19
-5.140659e-19
-5.140169e-19
-5.139648e-19
-5.139096e-19
-5.138513e-19
-5.137898e-19
-5.137252e-19
-5.136575e-19
-5.135867e-19
-5.135128e-19
-5.134358e-19
-5.133556e-19
-5.132724e-19
-5.131860e-19
-5.130965e-19
-5.130039e-19
-5.129082e-19
-5.128094e-19
-5.127075e-19
-5.126025e-19
-5.124943e-19
-5.123831e-19
-5.122688e-19
-5.121514e-19
-5.120308e-19
-5.119072e-19
-5.117805e-19
-5.116507e-19
-5.115178e-19
-5.113818e-19
-5.112428e-19
-5.111006e-19
-5.109554e-19
-5.108070e-19
-5.106556e-19
-5.105011e-19
-5.103436e-19
-5.101829e-19
-5.100192e-19
-5.098524e-19
-5.096826e-19
-5.095097e-19
-5.093337e-19
-5.091546e-19
-5.089725e-19
-5.087873e-19
-5.085991e-19
-5.084078e-19
-5.082135e-19
-5.080161e-19
-5.078157e-19
-5.076122e-19
-5.074057e-19
-5.071962e-19
-5.069836e-19
-5.067680e-19
-5.065493e-19
-5.063276e-19
-5.061029e-19
-5.058752e-19
-5.056444e-19
-5.054107e-19
-5.051739e-19
-5.049341e-19
-5.046913e-19
-5.044454e-19
-5.041966e-19
-5.039448e-19
-5.036900e-19
-5.034322e-19
-5.031714e-19
-5.029076e-19
-5.026408e-19
-5.023711e-19
-5.020983e-19
-5.018226e-19
-5.015439e-19
-5.012623e-19
-5.009777e-19
-5.006901e-19
-5.003996e-19
-5.001061e-19
-4.998097e-19
-4.995103e-19
-4.992080e-19
-4.989027e-19
-4.985945e-19
-4.982834e-19
-4.979693e-19
-4.976524e-19
-4.973325e-19
-4.970096e-19
-4.966839e-19
-4.963553e-19
-4.960237e-19
-4.956893e-19
-4.953520e-19
-4.950117e-19
-4.946686e-19
-4.943226e-19
-4.939737e-19
-4.936220e-19
-4.932673e-19
-4.929098e-19
-4.925495e-19
-4.921863e-19
-4.918202e-19
-4.914513e-19
-4.910795e-19
-4.907049e-19
-4.903275e-19
-4.899472e-19
-4.895641e-19
-4.891782e-19
-4.887894e-19
-4.883979e-19
-4.880035e-19
-4.876064e-19
-4.872064e-19
-4.868037e-19
-4.863982e-19
-4.859898e-19
-4.855787e-19
-4.851649e-19
-4.847482e-19
-4.843288e-19
-4.839067e-19
-4.834818e-19
-4.830541e-19
-4.826237e-19
-4.821906e-19
-4.817547e-19
-4.813161e-19
-4.808748e-19
-4.804308e-19
-4.799840e-19
-4.795346e-19
-4.790824e-19
-4.786276e-19
-4.781701e-19
-4.777099e-19
-4.772470e-19
-4.767814e-19
-4.763132e-19
-4.758423e-19
-4.753688e-19
-4.748926e-19
-4.744138e-19
-4.739323e-19
-4.734482e-19
-4.729615e-19
-4.724722e-19
-4.719802e-19
-4.714856e-19
-4.709885e-19
-4.704887e-19
-4.699864e-19
-4.694815e-19
-4.689740e-19
-4.684639e-19
-4.679512e-19
-4.674360e-19
-4.669183e-19
-4.663980e-19
-4.658752e-19
-4.653498e-19
-4.648219e-19
-4.642915e-19
-4.637586e-19
-4.632232e-19
-4.626852e-19
-4.621448e-19
-4.616019e-19
-4.610565e-19
-4.605086e-19
-4.599583e-19
-4.594055e-19
-4.588503e-19
-4.582926e-19
-4.577324e-19
-4.571699e-19
-4.566049e-19
-4.560374e-19
-4.554676e-19
-4.548954e-19
-4.543208e-19
-4.537437e-19
-4.531643e-19
-4.525825e-19
-4.519984e-19
-4.514119e-19
-4.508230e-19
-4.502318e-19
-4.496382e-19
-4.490423e-19
-4.484441e-19
-4.478435e-19
-4.472407e-19
-4.466355e-19
-4.460280e-19
-4.454183e-19
-4.448062e-19
-4.441919e-19
-4.435753e-19
-4.429565e-19
-4.423354e-19
-4.417121e-19
-4.410865e-19
-4.404587e-19
-4.398286e-19
-4.391964e-19
-4.385619e-19
-4.379253e-19
-4.372864e-19
-4.366454e-19
-4.360022e-19
-4.353568e-19
-4.347093e-19
-4.340596e-19
-4.334078e-19
-4.327538e-19
-4.320977e-19
-4.314395e-19
-4.307791e-19
-4.301167e-19
-4.294522e-19
-4.287855e-19
-4.281168e-19
-4.274461e-19
-4.267732e-19
-4.260983e-19
-4.254214e-19
-4.247424e-19
-4.240614e-19
-4.233783e-19
-4.226933e-19
-4.220062e-19
-4.213172e-19
-4.206261e-19
-4.199331e-19
-4.192381e-19
-4.185411e-19
-4.178422e-19
-4.171414e-19
-4.164386e-19
-4.157338e-19
-4.150272e-19
-4.143186e-19
-4.136081e-19
-4.128958e-19
-4.121815e-19
-4.114654e-19
-4.107474e-19
-4.100275e-19
-4.093058e-19
-4.085822e-19
-4.078568e-19
-4.071296e-19
-4.064006e-19
-4.056698e-19
-4.049371e-19
-4.042027e-19
-4.034665e-19
-4.027285e-19
-4.019887e-19
-4.012472e-19
-4.005040e-19
-3.997590e-19
-3.990123e-19
-3.982639e-19
-3.975137e-19
-3.967619e-19
-3.960084e-19
-3.952532e-19
-3.944963e-19
-3.937378e-19
-3.929776e-19
-3.922157e-19
-3.914523e-19
-3.906872e-19
-3.899205e-19
-3.891521e-19
-3.883822e-19
-3.876107e-19
-3.868376e-19
-3.860630e-19
-3.852868e-19
-3.845090e-19
-3.837297e-19
-3.829489e-19
-3.821665e-19
-3.813826e-19
-3.805973e-19
-3.798104e-19
-3.790220e-19
-3.782322e-19
-3.774409e-19
-3.766482e-19
-3.758540e-19
-3.750584e-19
-3.742613e-19
-3.734629e-19
-3.726630e-19
-3.718617e-19
-3.710591e-19
-3.702550e-19
-3.694496e-19
-3.686429e-19
-3.678348e-19
-3.670253e-19
-3.662146e-19
-3.654025e-19
-3.645891e-19
-3.637744e-19
-3.629584e-19
-3.621411e-19
-3.613226e-19
-3.605028e-19
-3.596818e-19
-3.588595e-19
-3.580360e-19
-3.572113e-19
-3.563853e-19
-3.555582e-19
-3.547299e-19
-3.539004e-19
-3.530697e-19
-3.522379e-19
-3.514049e-19
-3.505708e-19
-3.497356e-19
-3.488992e-19
-3.480618e-19
-3.472232e-19
-3.463836e-19
-3.455429e-19
-3.447011e-19
-3.438582e-19
-3.430143e-19
-3.421694e-19
-3.413235e-19
-3.404765e-19
-3.396285e-19
-3.387796e-19
-3.379296e-19
-3.370787e-19
-3.362268e-19
-3.353740e-19
-3.345202e-19
-3.336655e-19
-3.328099e-19
-3.319533e-19
-3.310959e-19
-3.302375e-19
-3.293783e-19
-3.285182e-19
-3.276573e-19
-3.267955e-19
-3.259329e-19
-3.250694e-19
-3.242052e-19
-3.233401e-19
-3.224742e-19
-3.216075e-19
-3.207401e-19
-3.198719e-19
-3.190029e-19
-3.181333e-19
-3.172628e-19
-3.163917e-19
-3.155198e-19
-3.146472e-19
-3.137740e-19
-3.129001e-19
-3.120255e-19
-3.111502e-19
-3.102743e-19
-3.093978e-19
-3.085206e-19
-3.076428e-19
-3.067644e-19
-3.058854e-19
-3.050059e-19
-3.041257e-19
-3.032450e-19
-3.023638e-19
-3.014820e-19
-3.005997e-19
-2.997168e-19
-2.988335e-19
-2.979496e-19
-2.970653e-19
-2.961805e-19
-2.952952e-19
-2.944095e-19
-2.935233e-19
-2.926367e-19
-2.917497e-19
-2.908622e-19
-2.899744e-19
-2.890862e-19
-2.881976e-19
-2.873086e-19
-2.864193e-19
-2.855296e-19
-2.846396e-19
-2.837492e-19
-2.828586e-19
-2.819676e-19
-2.810764e-19
-2.801849e-19
-2.792931e-19
-2.784010e-19
-2.775087e-19
-2.766162e-19
-2.757234e-19
-2.748304e-19
-2.739372e-19
-2.730438e-19
-2.721503e-19
-2.712565e-19
-2.703626e-19
-2.694686e-19
-2.685744e-19
-2.676800e-19
-2.667856e-19
-2.658911e-19
-2.649964e-19
-2.641017e-19
-2.632069e-19
-2.623120e-19
-2.614171e-19
-2.605221e-19
-2.596271e-19
-2.587321e-19
-2.578371e-19
-2.569421e-19
-2.560471e-19
-2.551521e-19
-2.542571e-19
-2.533622e-19
-2.524674e-19
-2.515726e-19
-2.506779e-19
-2.497833e-19
-2.488888e-19
-2.479944e-19
-2.471001e-19
-2.462059e-19
-2.453119e-19
-2.444181e-19
-2.435244e-19
-2.426309e-19
-2.417376e-19
-2.408444e-19
-2.399515e-19
-2.390588e-19
-2.381664e-19
-2.372741e-19
-2.363822e-19
-2.354905e-19
-2.345990e-19
-2.337079e-19
-2.328170e-19
-2.319265e-19
-2.310362e-19
-2.301463e-19
-2.292568e-19
-2.283675e-19
-2.274787e-19
-2.265902e-19
-2.257021e-19
-2.248144e-19
-2.239271e-19
-2.230402e-19
-2.221537e-19
-2.212677e-19
-2.203821e-19
-2.194970e-19
-2.186123e-19
-2.177282e-19
-2.168445e-19
-2.159613e-19
-2.150786e-19
-2.141965e-19
-2.133148e-19
-2.124338e-19
-2.115533e-19
-2.106733e-19
-2.097939e-19
-2.089151e-19
-2.080369e-19
-2.071593e-19
-2.062824e-19
-2.054060e-19
-2.045303e-19
-2.036553e-19
-2.027809e-19
-2.019072e-19
-2.010342e-19
-2.001618e-19
-1.992902e-19
-1.984193e-19
-1.975491e-19
-1.966796e-19
-1.958109e-19
-1.949429e-19
-1.940758e-19
-1.932093e-19
-1.923437e-19
-1.914789e-19
-1.906149e-19
-1.897517e-19
-1.888893e-19
-1.880278e-19
-1.871671e-19
-1.863073e-19
-1.854484e-19
-1.845903e-19
-1.837332e-19
-1.828769e-19
-1.820216e-19
-1.811672e-19
-1.803137e-19
-1.794612e-19
-1.786096e-19
-1.777590e-19
-1.769093e-19
-1.760607e-19
-1.752130e-19
-1.743664e-19
-1.735208e-19
-1.726762e-19
-1.718326e-19
-1.709901e-19
-1.701486e-19
-1.693083e-19
-1.684690e-19
-1.676307e-19
-1.667936e-19
-1.659576e-19
-1.651227e-19
-1.642890e-19
-1.634564e-19
-1.626249e-19
-1.617946e-19
-1.609655e-19
-1.601375e-19
-1.593108e-19
-1.584852e-19
-1.576609e-19
-1.568378e-19
-1.560159e-19
-1.551952e-19
-1.543758e-19
-1.535577e-19
-1.527408e-19
-1.519252e-19
-1.511109e-19
-1.502979e-19
-1.494862e-19
-1.486759e-19
-1.478669e-19
-1.470592e-19
-1.462528e-19
-1.454478e-19
-1.446442e-19
-1.438420e-19
-1.430412e-19
-1.422417e-19
-1.414437e-19
-1.406471e-19
-1.398519e-19
-1.390581e-19
-1.382658e-19
-1.374750e-19
-1.366856e-19
-1.358977e-19
-1.351113e-19
-1.343264e-19
-1.335429e-19
-1.327610e-19
-1.319807e-19
-1.312018e-19
-1.304245e-19
-1.296488e-19
-1.288746e-19
-1.281020e-19
-1.273310e-19
-1.265615e-19
-1.257937e-19
-1.250275e-19
-1.242628e-19
-1.234999e-19
-1.227385e-19
-1.219788e-19
-1.212208e-19
-1.204644e-19
-1.197097e-19
-1.189567e-19
-1.182053e-19
-1.174557e-19
-1.167078e-19
-1.159616e-19
-1.152171e-19
-1.144744e-19
-1.137334e-19
-1.129941e-19
-1.122567e-19
-1.115210e-19
-1.107871e-19
-1.100550e-19
-1.093246e-19
-1.085961e-19
-1.078694e-19
-1.071446e-19
-1.064216e-19
-1.057004e-19
-1.049811e-19
-1.042636e-19
-1.035480e-19
-1.028343e-19
-1.021225e-19
-1.014125e-19
-1.007045e-19
-9.999840e-20
-9.929421e-20
-9.859196e-20
-9.789165e-20
-9.719328e-20
-9.649688e-20
-9.580244e-20
-9.510997e-20
-9.441948e-20
-9.373099e-20
-9.304450e-20
-9.236001e-20
-9.167754e-20
-9.099709e-20
-9.031868e-20
-8.964230e-20
-8.896798e-20
-8.829571e-20
-8.762551e-20
-8.695738e-20
-8.629134e-20
-8.562738e-20
-8.496552e-20
-8.430577e-20
-8.364813e-20
-8.299262e-20
-8.233923e-20
-8.168798e-20
-8.103888e-20
-8.039193e-20
-7.974714e-20
-7.910453e-20
-7.846409e-20
-7.782583e-20
-7.718977e-20
-7.655591e-20
-7.592425e-20
-7.529482e-20
-7.466760e-20
-7.404262e-20
-7.341988e-20
-7.279938e-20
-7.218114e-20
-7.156516e-20
-7.095144e-20
-7.034001e-20
-6.973086e-20
-6.912400e-20
-6.851943e-20
-6.791718e-20
-6.731724e-20
-6.671962e-20
-6.612432e-20
-6.553136e-20
-6.494075e-20
-6.435248e-20
-6.376657e-20
-6.318303e-20
-6.260186e-20
-6.202306e-20
-6.144665e-20
-6.087263e-20
-6.030101e-20
-5.973180e-20
-5.916500e-20
-5.860062e-20
-5.803866e-20
-5.747915e-20
-5.692207e-20
-5.636743e-20
-5.581526e-20
-5.526554e-20
-5.471829e-20
-5.417351e-20
-5.363122e-20
-5.309141e-20
-5.255410e-20
-5.201928e-20
-5.148698e-20
-5.095719e-20
-5.042991e-20
-4.990517e-20
-4.938295e-20
-4.886328e-20
-4.834615e-20
-4.783157e-20
-4.731955e-20
-4.681009e-20
-4.630321e-20
-4.579890e-20
-4.529717e-20
-4.479803e-20
-4.430149e-20
-4.380755e-20
-4.331621e-20
-4.282749e-20
-4.234138e-20
-4.185790e-20
-4.137706e-20
-4.089884e-20
-4.042327e-20
-3.995035e-20
-3.948008e-20
-3.901248e-20
-3.854753e-20
-3.808526e-20
-3.762566e-20
-3.716875e-20
-3.671452e-20
-3.626299e-20
-3.581416e-20
-3.536803e-20
-3.492461e-20
-3.448390e-20
-3.404591e-20
-3.361065e-20
-3.317813e-20
-3.274833e-20
-3.232128e-20
-3.189698e-20
-3.147543e-20
-3.105663e-20
-3.064060e-20
-3.022733e-20
-2.981683e-20
-2.940912e-20
-2.900418e-20
-2.860203e-20
-2.820268e-20
-2.780612e-20
-2.741236e-20
-2.702141e-20
-2.663327e-20
-2.624794e-20
-2.586544e-20
-2.548576e-20
-2.510891e-20
-2.473490e-20
-2.436372e-20
-2.399539e-20
-2.362991e-20
-2.326727e-20
-2.290750e-20
-2.255059e-20
-2.219654e-20
-2.184536e-20
-2.149706e-20
-2.115163e-20
-2.080909e-20
-2.046943e-20
-2.013267e-20
-1.979880e-20
-1.946782e-20
-1.913976e-20
-1.881460e-20
-1.849235e-20
-1.817301e-20
-1.785659e-20
-1.754310e-20
-1.723253e-20
-1.692490e-20
-1.662019e-20
-1.631843e-20
-1.601960e-20
-1.572373e-20
-1.543080e-20
-1.514082e-20
-1.485380e-20
-1.456973e-20
-1.428863e-20
-1.401050e-20
-1.373534e-20
-1.346314e-20
-1.319393e-20
-1.292769e-20
-1.266444e-20
-1.240417e-20
-1.214689e-20
-1.189261e-20
-1.164132e-20
-1.139303e-20
-1.114774e-20
-1.090545e-20
-1.066617e-20
-1.042990e-20
-1.019664e-20
-9.966404e-21
-9.739183e-21
-9.514983e-21
-9.293808e-21
-9.075659e-21
-8.860540e-21
-8.648453e-21
-8.439402e-21
-8.233387e-21
-8.030412e-21
-7.830480e-21
-7.633592e-21
-7.439751e-21
-7.248960e-21
-7.061221e-21
-6.876536e-21
-6.694907e-21
-6.516337e-21
-6.340828e-21
-6.168381e-21
-5.999000e-21
-5.832685e-21
-5.669440e-21
-5.509265e-21
-5.352164e-21
-5.198138e-21
-5.047188e-21
-4.899317e-21
-4.754527e-21
-4.612819e-21
-4.474194e-21
-4.338656e-21
-4.206204e-21
-4.076842e-21
-3.950570e-21
-3.827390e-21
-3.707303e-21
-3.590312e-21
-3.476417e-21
-3.365619e-21
-3.257921e-21
-3.153323e-21
-3.051827e-21
-2.953434e-21
-2.858145e-21
-2.765962e-21
-2.676885e-21
-2.590915e-21
-2.508054e-21
-2.428303e-21
-2.351662e-21
-2.278132e-21
-2.207715e-21
-2.140412e-21
-2.076222e-21
-2.015147e-21
-1.957188e-21
-1.902345e-21
-1.850619e-21
-1.802011e-21
-1.756521e-21
-1.714150e-21
-1.674898e-21
-1.638765e-21
-1.605753e-21
-1.575862e-21
-1.549092e-21
-1.525442e-21
-1.504915e-21
-1.487509e-21
-1.473225e-21
-1.462064e-21
-1.454025e-21
-1.449108e-21
-1.447314e-21
