1.027904e-18
1.027903e-18
1.027899e-18
1.027891e-18
1.027881e-18
1.027867e-18
1.027850e-18
1.027830e-18
1.027807e-18
1.027781e-18
1.027752e-18
1.027720e-18
1.027684e-18
1.027645e-18
1.027604e-18
1.027559e-18
1.027511e-18
1.027459e-18
1.027405e-18
1.027348e-18
1.027287e-18
1.027223e-18
1.027157e-18
1.027087e-18
1.027014e-18
1.026938e-18
1.026858e-18
1.026776e-18
1.026690e-18
1.026602e-18
1.026510e-18
1.026415e-18
1.026317e-18
1.026216e-18
1.026112e-18
1.026005e-18
1.025894e-18
1.025781e-18
1.025664e-18
1.025544e-18
1.025422e-18
1.025296e-18
1.025167e-18
1.025035e-18
1.024899e-18
1.024761e-18
1.024620e-18
1.024475e-18
1.024328e-18
1.024177e-18
1.024023e-18
1.023866e-18
1.023706e-18
1.023544e-18
1.023377e-18
1.023208e-18
1.023036e-18
1.022861e-18
1.022682e-18
1.022501e-18
1.022317e-18
1.022129e-18
1.021938e-18
1.021745e-18
1.021548e-18
1.021348e-18
1.021145e-18
1.020940e-18
1.020731e-18
1.020519e-18
1.020304e-18
1.020086e-18
1.019865e-18
1.019640e-18
1.019413e-18
1.019183e-18
1.018950e-18
1.018714e-18
1.018475e-18
1.018232e-18
1.017987e-18
1.017739e-18
1.017487e-18
1.017233e-18
1.016976e-18
1.016716e-18
1.016452e-18
1.016186e-18
1.015917e-18
1.015645e-18
1.015369e-18
1.015091e-18
1.014810e-18
1.014526e-18
1.014239e-18
1.013949e-18
1.013656e-18
1.013360e-18
1.013061e-18
1.012759e-18
1.012454e-18
1.012146e-18
1.011836e-18
1.011522e-18
1.011205e-18
1.010886e-18
1.010564e-18
1.010238e-18
1.009910e-18
1.009579e-18
1.009245e-18
1.008908e-18
1.008568e-18
1.008225e-18
1.007879e-18
1.007531e-18
1.007179e-18
1.006825e-18
1.006468e-18
1.006108e-18
1.005745e-18
1.005379e-18
1.005011e-18
1.004639e-18
1.004265e-18
1.003888e-18
1.003508e-18
1.003125e-18
1.002739e-18
1.002351e-18
1.001959e-18
1.001565e-18
1.001168e-18
1.000768e-18
1.000366e-18
9.999606e-19
9.995525e-19
9.991415e-19
9.987279e-19
9.983114e-19
9.978922e-19
9.974702e-19
9.970454e-19
9.966179e-19
9.961876e-19
9.957546e-19
9.953189e-19
9.948804e-19
9.944392e-19
9.939953e-19
9.935486e-19
9.930993e-19
9.926472e-19
9.921925e-19
9.917350e-19
9.912749e-19
9.908120e-19
9.903465e-19
9.898784e-19
9.894075e-19
9.889340e-19
9.884579e-19
9.879790e-19
9.874976e-19
9.870135e-19
9.865268e-19
9.860374e-19
9.855455e-19
9.850509e-19
9.845537e-19
9.840539e-19
9.835515e-19
9.830465e-19
9.825390e-19
9.820288e-19
9.815161e-19
9.810009e-19
9.804830e-19
9.799626e-19
9.794397e-19
9.789142e-19
9.783862e-19
9.778557e-19
9.773227e-19
9.767871e-19
9.762490e-19
9.757085e-19
9.751654e-19
9.746199e-19
9.740718e-19
9.735213e-19
9.729683e-19
9.724129e-19
9.718550e-19
9.712947e-19
9.707319e-19
9.701667e-19
9.695991e-19
9.690290e-19
9.684566e-19
9.678817e-19
9.673044e-19
9.667248e-19
9.661427e-19
9.655583e-19
9.649715e-19
9.643824e-19
9.637909e-19
9.631970e-19
9.626008e-19
9.620023e-19
9.614014e-19
9.607983e-19
9.601928e-19
9.595850e-19
9.589749e-19
9.583625e-19
9.577479e-19
9.571309e-19
9.565117e-19
9.558903e-19
9.552665e-19
9.546406e-19
9.540124e-19
9.533820e-19
9.527493e-19
9.521145e-19
9.514774e-19
9.508381e-19
9.501967e-19
9.495530e-19
9.489072e-19
9.482592e-19
9.476091e-19
9.469568e-19
9.463024e-19
9.456458e-19
9.449871e-19
9.443263e-19
9.436634e-19
9.429984e-19
9.423312e-19
9.416620e-19
9.409908e-19
9.403174e-19
9.396420e-19
9.389645e-19
9.382850e-19
9.376034e-19
9.369198e-19
9.362342e-19
9.355466e-19
9.348570e-19
9.341654e-19
9.334718e-19
9.327762e-19
9.320787e-19
9.313791e-19
9.306777e-19
9.299743e-19
9.292689e-19
9.285616e-19
9.278525e-19
9.271414e-19
9.264284e-19
9.257135e-19
9.249967e-19
9.242780e-19
9.235575e-19
9.228351e-19
9.221109e-19
9.213848e-19
9.206569e-19
9.199272e-19
9.191957e-19
9.184623e-19
9.177272e-19
9.169903e-19
9.162516e-19
9.155111e-19
9.147689e-19
9.140249e-19
9.132792e-19
9.125318e-19
9.117826e-19
9.110317e-19
9.102791e-19
9.095248e-19
9.087689e-19
9.080112e-19
9.072519e-19
9.064909e-19
9.057283e-19
9.049640e-19
9.041981e-19
9.034306e-19
9.026615e-19
9.018907e-19
9.011184e-19
9.003445e-19
8.995690e-19
8.987920e-19
8.980134e-19
8.972332e-19
8.964515e-19
8.956683e-19
8.948836e-19
8.940974e-19
8.933096e-19
8.925204e-19
8.917297e-19
8.909375e-19
8.901439e-19
8.893488e-19
8.885523e-19
8.877543e-19
8.869550e-19
8.861542e-19
8.853520e-19
8.845484e-19
8.837435e-19
8.829371e-19
8.821294e-19
8.813204e-19
8.805100e-19
8.796983e-19
8.788852e-19
8.780709e-19
8.772552e-19
8.764383e-19
8.756200e-19
8.748005e-19
8.739798e-19
8.731577e-19
8.723345e-19
8.715100e-19
8.706843e-19
8.698573e-19
8.690292e-19
8.681999e-19
8.673694e-19
8.665377e-19
8.657048e-19
8.648708e-19
8.640357e-19
8.631994e-19
8.623620e-19
8.615235e-19
8.606839e-19
8.598433e-19
8.590015e-19
8.581586e-19
8.573147e-19
8.564698e-19
8.556238e-19
8.547768e-19
8.539287e-19
8.530797e-19
8.522297e-19
8.513786e-19
8.505266e-19
8.496736e-19
8.488197e-19
8.479648e-19
8.471090e-19
8.462523e-19
8.453946e-19
8.445361e-19
8.436766e-19
8.428163e-19
8.419551e-19
8.410930e-19
8.402301e-19
8.393663e-19
8.385017e-19
8.376363e-19
8.367701e-19
8.359031e-19
8.350353e-19
8.341667e-19
8.332974e-19
8.324272e-19
8.315564e-19
8.306848e-19
8.298125e-19
8.289395e-19
8.280657e-19
8.271913e-19
8.263162e-19
8.254404e-19
8.245640e-19
8.236869e-19
8.228092e-19
8.219308e-19
8.210518e-19
8.201723e-19
8.192921e-19
8.184113e-19
8.175300e-19
8.166481e-19
8.157656e-19
8.148826e-19
8.139991e-19
8.131150e-19
8.122305e-19
8.113454e-19
8.104599e-19
8.095738e-19
8.086873e-19
8.078004e-19
8.069130e-19
8.060252e-19
8.051369e-19
8.042482e-19
8.033592e-19
8.024697e-19
8.015799e-19
8.006896e-19
7.997991e-19
7.989081e-19
7.980169e-19
7.971253e-19
7.962334e-19
7.953412e-19
7.944487e-19
7.935559e-19
7.926629e-19
7.917696e-19
7.908760e-19
7.899822e-19
7.890882e-19
7.881939e-19
7.872995e-19
7.864048e-19
7.855100e-19
7.846150e-19
7.837198e-19
7.828245e-19
7.819290e-19
7.810334e-19
7.801377e-19
7.792419e-19
7.783460e-19
7.774500e-19
7.765539e-19
7.756578e-19
7.747616e-19
7.738653e-19
7.729691e-19
7.720728e-19
7.711765e-19
7.702802e-19
7.693839e-19
7.684876e-19
7.675914e-19
7.666952e-19
7.657991e-19
7.649030e-19
7.640070e-19
7.631111e-19
7.622153e-19
7.613196e-19
7.604241e-19
7.595286e-19
7.586333e-19
7.577382e-19
7.568432e-19
7.559484e-19
7.550538e-19
7.541594e-19
7.532652e-19
7.523712e-19
7.514775e-19
7.505840e-19
7.496907e-19
7.487977e-19
7.479050e-19
7.470125e-19
7.461204e-19
7.452286e-19
7.443370e-19
7.434459e-19
7.425550e-19
7.416645e-19
7.407744e-19
7.398846e-19
7.389952e-19
7.381062e-19
7.372176e-19
7.363295e-19
7.354417e-19
7.345544e-19
7.336675e-19
7.327811e-19
7.318952e-19
7.310098e-19
7.301248e-19
7.292403e-19
7.283564e-19
7.274730e-19
7.265901e-19
7.257077e-19
7.248259e-19
7.239447e-19
7.230641e-19
7.221840e-19
7.213045e-19
7.204257e-19
7.195475e-19
7.186699e-19
7.177929e-19
7.169166e-19
7.160409e-19
7.151660e-19
7.142917e-19
7.134181e-19
7.125452e-19
7.116730e-19
7.108016e-19
7.099309e-19
7.090609e-19
7.081917e-19
7.073233e-19
7.064556e-19
7.055888e-19
7.047227e-19
7.038575e-19
7.029930e-19
7.021294e-19
7.012667e-19
7.004048e-19
6.995437e-19
6.986836e-19
6.978243e-19
6.969659e-19
6.961084e-19
6.952519e-19
6.943963e-19
6.935416e-19
6.926878e-19
6.918350e-19
6.909832e-19
6.901324e-19
6.892825e-19
6.884337e-19
6.875858e-19
6.867390e-19
6.858932e-19
6.850485e-19
6.842048e-19
6.833621e-19
6.825206e-19
6.816801e-19
6.808407e-19
6.800024e-19
6.791652e-19
6.783292e-19
6.774942e-19
6.766605e-19
6.758278e-19
6.749964e-19
6.741661e-19
6.733370e-19
6.725091e-19
6.716824e-19
6.708569e-19
6.700326e-19
6.692096e-19
6.683878e-19
6.675673e-19
6.667480e-19
6.659300e-19
6.651133e-19
6.642979e-19
6.634838e-19
6.626710e-19
6.618595e-19
6.610494e-19
6.602406e-19
6.594331e-19
6.586270e-19
6.578223e-19
6.570190e-19
6.562171e-19
6.554166e-19
6.546174e-19
6.538197e-19
6.530235e-19
6.522287e-19
6.514353e-19
6.506434e-19
6.498530e-19
6.490640e-19
6.482765e-19
6.474906e-19
6.467061e-19
6.459232e-19
6.451418e-19
6.443619e-19
6.435835e-19
6.428068e-19
6.420316e-19
6.412579e-19
6.404859e-19
6.397155e-19
6.389466e-19
6.381794e-19
6.374138e-19
6.366498e-19
6.358874e-19
6.351268e-19
6.343677e-19
6.336104e-19
6.328547e-19
6.321007e-19
6.313484e-19
6.305978e-19
6.298489e-19
6.291018e-19
6.283564e-19
6.276127e-19
6.268708e-19
6.261306e-19
6.253922e-19
6.246556e-19
6.239208e-19
6.231877e-19
6.224565e-19
6.217271e-19
6.209995e-19
6.202737e-19
6.195498e-19
6.188277e-19
6.181075e-19
6.173892e-19
6.166727e-19
6.159581e-19
6.152454e-19
6.145347e-19
6.138258e-19
6.131188e-19
6.124138e-19
6.117107e-19
6.110095e-19
6.103103e-19
6.096131e-19
6.089178e-19
6.082246e-19
6.075333e-19
6.068440e-19
6.061567e-19
6.054714e-19
6.047881e-19
6.041069e-19
6.034277e-19
6.027505e-19
6.020754e-19
6.014024e-19
6.007314e-19
6.000626e-19
5.993958e-19
5.987311e-19
5.980685e-19
5.974080e-19
5.967496e-19
5.960934e-19
5.954393e-19
5.947873e-19
5.941375e-19
5.934898e-19
5.928443e-19
5.922010e-19
5.915599e-19
5.909210e-19
5.902842e-19
5.896497e-19
5.890174e-19
5.883873e-19
5.877594e-19
5.871338e-19
5.865104e-19
5.858892e-19
5.852704e-19
5.846537e-19
5.840394e-19
5.834274e-19
5.828176e-19
5.822101e-19
5.816050e-19
5.810021e-19
5.804016e-19
5.798034e-19
5.792075e-19
5.786140e-19
5.780228e-19
5.774340e-19
5.768475e-19
5.762634e-19
5.756817e-19
5.751024e-19
5.745254e-19
5.739509e-19
5.733787e-19
5.728090e-19
5.722417e-19
5.716768e-19
5.711143e-19
5.705543e-19
5.699968e-19
5.694417e-19
5.688890e-19
5.683388e-19
5.677911e-19
5.672459e-19
5.667031e-19
5.661629e-19
5.656251e-19
5.650899e-19
5.645571e-19
5.640269e-19
5.634992e-19
5.629741e-19
5.624515e-19
5.619314e-19
5.614139e-19
5.608989e-19
5.603865e-19
5.598767e-19
5.593694e-19
5.588647e-19
5.583627e-19
5.578632e-19
5.573663e-19
5.568720e-19
5.563803e-19
5.558913e-19
5.554049e-19
5.549211e-19
5.544399e-19
5.539614e-19
5.534855e-19
5.530123e-19
5.525418e-19
5.520739e-19
5.516087e-19
5.511461e-19
5.506863e-19
5.502291e-19
5.497746e-19
5.493229e-19
5.488738e-19
5.484274e-19
5.479838e-19
5.475429e-19
5.471047e-19
5.466692e-19
5.462365e-19
5.458065e-19
5.453793e-19
5.449548e-19
5.445331e-19
5.441141e-19
5.436979e-19
5.432845e-19
5.428738e-19
5.424660e-19
5.420609e-19
5.416586e-19
5.412591e-19
5.408625e-19
5.404686e-19
5.400775e-19
5.396893e-19
5.393039e-19
5.389213e-19
5.385415e-19
5.381646e-19
5.377905e-19
5.374193e-19
5.370509e-19
5.366854e-19
5.363227e-19
5.359629e-19
5.356059e-19
5.352519e-19
5.349007e-19
5.345523e-19
5.342069e-19
5.338644e-19
5.335247e-19
5.331880e-19
5.328541e-19
5.325232e-19
5.321951e-19
5.318700e-19
5.315478e-19
5.312285e-19
5.309121e-19
5.305987e-19
5.302882e-19
5.299806e-19
5.296760e-19
5.293743e-19
5.290756e-19
5.287798e-19
5.284870e-19
5.281971e-19
5.279102e-19
5.276263e-19
5.273453e-19
5.270673e-19
5.267923e-19
5.265202e-19
5.262512e-19
5.259851e-19
5.257220e-19
5.254619e-19
5.252048e-19
5.249507e-19
5.246996e-19
5.244515e-19
5.242064e-19
5.239643e-19
5.237252e-19
5.234892e-19
5.232562e-19
5.230261e-19
5.227992e-19
5.225752e-19
5.223543e-19
5.221364e-19
5.219215e-19
5.217097e-19
5.215009e-19
5.212952e-19
5.210925e-19
5.208928e-19
5.206962e-19
5.205027e-19
5.203122e-19
5.201248e-19
5.199404e-19
5.197591e-19
5.195809e-19
5.194057e-19
5.192336e-19
5.190645e-19
5.188986e-19
5.187357e-19
5.185759e-19
5.184191e-19
5.182655e-19
5.181149e-19
5.179674e-19
5.178230e-19
5.176817e-19
5.175435e-19
5.174084e-19
5.172763e-19
5.171474e-19
5.170215e-19
5.168988e-19
5.167791e-19
5.166626e-19
5.165491e-19
5.164388e-19
5.163315e-19
5.162274e-19
5.161264e-19
5.160285e-19
5.159337e-19
5.158420e-19
5.157534e-19
5.156679e-19
5.155855e-19
5.155063e-19
5.154302e-19
5.153571e-19
5.152872e-19
5.152205e-19
5.151568e-19
5.150963e-19
5.150388e-19
5.149846e-19
5.149334e-19
5.148853e-19
5.148404e-19
5.147986e-19
5.147599e-19
5.147244e-19
5.146919e-19
5.146626e-19
5.146364e-19
5.146134e-19
5.145935e-19
5.145767e-19
5.145630e-19
5.145525e-19
5.145450e-19
5.145408e-19
5.145396e-19
5.145416e-19
5.145467e-19
5.145549e-19
5.145662e-19
5.145807e-19
5.145983e-19
5.146190e-19
5.146429e-19
5.146699e-19
5.147000e-19
5.147332e-19
5.147696e-19
5.148090e-19
5.148516e-19
5.148974e-19
5.149462e-19
5.149982e-19
5.150533e-19
5.151115e-19
5.151728e-19
5.152373e-19
5.153049e-19
5.153756e-19
5.154494e-19
5.155263e-19
5.156063e-19
5.156895e-19
5.157758e-19
5.158651e-19
5.159576e-19
5.160532e-19
5.161519e-19
5.162538e-19
5.163587e-19
5.164667e-19
5.165779e-19
5.166921e-19
5.168094e-19
5.169299e-19
5.170534e-19
5.171800e-19
5.173097e-19
5.174426e-19
5.175785e-19
5.177175e-19
5.178596e-19
5.180047e-19
5.181530e-19
5.183043e-19
5.184588e-19
5.186163e-19
5.187768e-19
5.189405e-19
5.191072e-19
5.192770e-19
5.194499e-19
5.196258e-19
5.198048e-19
5.199869e-19
5.201720e-19
5.203602e-19
5.205514e-19
5.207457e-19
5.209431e-19
5.211435e-19
5.213469e-19
5.215534e-19
5.217629e-19
5.219755e-19
5.221911e-19
5.224097e-19
5.226314e-19
5.228560e-19
5.230838e-19
5.233145e-19
5.235483e-19
5.237850e-19
5.240248e-19
5.242676e-19
5.245134e-19
5.247623e-19
5.250141e-19
5.252689e-19
5.255267e-19
5.257875e-19
5.260513e-19
5.263181e-19
5.265878e-19
5.268606e-19
5.271363e-19
5.274150e-19
5.276967e-19
5.279813e-19
5.282689e-19
5.285594e-19
5.288529e-19
5.291494e-19
5.294488e-19
5.297512e-19
5.300565e-19
5.303647e-19
5.306759e-19
5.309900e-19
5.313070e-19
5.316269e-19
5.319498e-19
5.322756e-19
5.326043e-19
5.329358e-19
5.332703e-19
5.336077e-19
5.339480e-19
5.342912e-19
5.346373e-19
5.349862e-19
5.353380e-19
5.356927e-19
5.360503e-19
5.364107e-19
5.367740e-19
5.371402e-19
5.375092e-19
5.378810e-19
5.382557e-19
5.386332e-19
5.390136e-19
5.393967e-19
5.397828e-19
5.401716e-19
5.405632e-19
5.409577e-19
5.413549e-19
5.417550e-19
5.421578e-19
5.425635e-19
5.429719e-19
5.433831e-19
5.437971e-19
5.442138e-19
5.446333e-19
5.450556e-19
5.454806e-19
5.459084e-19
5.463389e-19
5.467722e-19
5.472082e-19
5.476469e-19
5.480883e-19
5.485325e-19
5.489794e-19
5.494289e-19
5.498812e-19
5.503362e-19
5.507939e-19
5.512542e-19
5.517172e-19
5.521829e-19
5.526513e-19
5.531223e-19
5.535960e-19
5.540724e-19
5.545513e-19
5.550330e-19
5.555172e-19
5.560041e-19
5.564936e-19
5.569857e-19
5.574805e-19
5.579778e-19
5.584777e-19
5.589802e-19
5.594853e-19
5.599930e-19
5.605033e-19
5.610161e-19
5.615315e-19
5.620494e-19
5.625699e-19
5.630929e-19
5.636184e-19
5.641465e-19
5.646771e-19
5.652102e-19
5.657459e-19
5.662840e-19
5.668246e-19
5.673677e-19
5.679133e-19
5.684614e-19
5.690120e-19
5.695650e-19
5.701204e-19
5.706783e-19
5.712387e-19
5.718015e-19
5.723667e-19
5.729343e-19
5.735044e-19
5.740768e-19
5.746517e-19
5.752289e-19
5.758086e-19
5.763906e-19
5.769750e-19
5.775617e-19
5.781509e-19
5.787423e-19
5.793361e-19
5.799323e-19
5.805307e-19
5.811315e-19
5.817347e-19
5.823401e-19
5.829478e-19
5.835578e-19
5.841701e-19
5.847847e-19
5.854015e-19
5.860206e-19
5.866420e-19
5.872656e-19
5.878914e-19
5.885195e-19
5.891498e-19
5.897824e-19
5.904171e-19
5.910540e-19
5.916931e-19
5.923345e-19
5.929779e-19
5.936236e-19
5.942714e-19
5.949214e-19
5.955735e-19
5.962278e-19
5.968842e-19
5.975427e-19
5.982033e-19
5.988661e-19
5.995309e-19
6.001978e-19
6.008669e-19
6.015379e-19
6.022111e-19
6.028863e-19
6.035635e-19
6.042428e-19
6.049242e-19
6.056075e-19
6.062929e-19
6.069803e-19
6.076697e-19
6.083610e-19
6.090544e-19
6.097497e-19
6.104470e-19
6.111463e-19
6.118475e-19
6.125506e-19
6.132557e-19
6.139627e-19
6.146716e-19
6.153824e-19
6.160951e-19
6.168097e-19
6.175262e-19
6.182445e-19
6.189647e-19
6.196868e-19
6.204107e-19
6.211365e-19
6.218641e-19
6.225934e-19
6.233246e-19
6.240577e-19
6.247924e-19
6.255290e-19
6.262674e-19
6.270075e-19
6.277494e-19
6.284930e-19
6.292383e-19
6.299854e-19
6.307342e-19
6.314847e-19
6.322370e-19
6.329909e-19
6.337465e-19
6.345037e-19
6.352627e-19
6.360232e-19
6.367855e-19
6.375493e-19
6.383148e-19
6.390819e-19
6.398507e-19
6.406210e-19
6.413929e-19
6.421664e-19
6.429414e-19
6.437180e-19
6.444962e-19
6.452759e-19
6.460572e-19
6.468400e-19
6.476242e-19
6.484100e-19
6.491973e-19
6.499861e-19
6.507763e-19
6.515681e-19
6.523612e-19
6.531558e-19
6.539519e-19
6.547494e-19
6.555483e-19
6.563486e-19
6.571503e-19
6.579534e-19
6.587578e-19
6.595637e-19
6.603709e-19
6.611794e-19
6.619893e-19
6.628005e-19
6.636131e-19
6.644269e-19
6.652421e-19
6.660585e-19
6.668762e-19
6.676952e-19
6.685155e-19
6.693370e-19
6.701597e-19
6.709837e-19
6.718088e-19
6.726352e-19
6.734628e-19
6.742916e-19
6.751216e-19
6.759527e-19
6.767850e-19
6.776185e-19
6.784531e-19
6.792888e-19
6.801256e-19
6.809635e-19
6.818026e-19
6.826427e-19
6.834839e-19
6.843262e-19
6.851695e-19
6.860139e-19
6.868593e-19
6.877058e-19
6.885532e-19
6.894017e-19
6.902511e-19
6.911016e-19
6.919530e-19
6.928054e-19
6.936587e-19
6.945130e-19
6.953682e-19
6.962244e-19
6.970814e-19
6.979394e-19
6.987982e-19
6.996579e-19
7.005185e-19
7.013800e-19
7.022423e-19
7.031055e-19
7.039694e-19
7.048342e-19
7.056998e-19
7.065662e-19
7.074334e-19
7.083014e-19
7.091701e-19
7.100396e-19
7.109098e-19
7.117808e-19
7.126525e-19
7.135249e-19
7.143980e-19
7.152717e-19
7.161462e-19
7.170214e-19
7.178972e-19
7.187736e-19
7.196507e-19
7.205284e-19
7.214067e-19
7.222857e-19
7.231652e-19
7.240453e-19
7.249260e-19
7.258073e-19
7.266891e-19
7.275714e-19
7.284543e-19
7.293377e-19
7.302216e-19
7.311060e-19
7.319909e-19
7.328763e-19
7.337621e-19
7.346484e-19
7.355352e-19
7.364223e-19
7.373099e-19
7.381979e-19
7.390864e-19
7.399752e-19
7.408643e-19
7.417539e-19
7.426438e-19
7.435341e-19
7.444247e-19
7.453156e-19
7.462068e-19
7.470983e-19
7.479902e-19
7.488823e-19
7.497747e-19
7.506673e-19
7.515602e-19
7.524533e-19
7.533467e-19
7.542403e-19
7.551341e-19
7.560281e-19
7.569222e-19
7.578166e-19
7.587111e-19
7.596057e-19
7.605005e-19
7.613954e-19
7.622905e-19
7.631856e-19
7.640809e-19
7.649762e-19
7.658716e-19
7.667671e-19
7.676627e-19
7.685582e-19
7.694538e-19
7.703495e-19
7.712451e-19
7.721407e-19
7.730364e-19
7.739320e-19
7.748275e-19
7.757231e-19
7.766185e-19
7.775139e-19
7.784093e-19
7.793045e-19
7.801996e-19
7.810947e-19
7.819896e-19
7.828844e-19
7.837790e-19
7.846735e-19
7.855678e-19
7.864619e-19
7.873559e-19
7.882497e-19
7.891432e-19
7.900365e-19
7.909296e-19
7.918225e-19
7.927151e-19
7.936075e-19
7.944996e-19
7.953914e-19
7.962829e-19
7.971740e-19
7.980649e-19
7.989555e-19
7.998457e-19
8.007356e-19
8.016251e-19
8.025142e-19
8.034030e-19
8.042913e-19
8.051793e-19
8.060668e-19
8.069539e-19
8.078406e-19
8.087269e-19
8.096126e-19
8.104980e-19
8.113828e-19
8.122671e-19
8.131510e-19
8.140343e-19
8.149171e-19
8.157994e-19
8.166812e-19
8.175624e-19
8.184430e-19
8.193230e-19
8.202025e-19
8.210814e-19
8.219596e-19
8.228372e-19
8.237143e-19
8.245906e-19
8.254664e-19
8.263414e-19
8.272158e-19
8.280895e-19
8.289625e-19
8.298348e-19
8.307064e-19
8.315773e-19
8.324474e-19
8.333168e-19
8.341855e-19
8.350534e-19
8.359204e-19
8.367868e-19
8.376523e-19
8.385170e-19
8.393808e-19
8.402439e-19
8.411061e-19
8.419675e-19
8.428280e-19
8.436876e-19
8.445463e-19
8.454042e-19
8.462611e-19
8.471171e-19
8.479723e-19
8.488264e-19
8.496797e-19
8.505319e-19
8.513832e-19
8.522336e-19
8.530829e-19
8.539313e-19
8.547786e-19
8.556249e-19
8.564702e-19
8.573145e-19
8.581577e-19
8.589999e-19
8.598410e-19
8.606810e-19
8.615199e-19
8.623577e-19
8.631944e-19
8.640300e-19
8.648644e-19
8.656978e-19
8.665299e-19
8.673609e-19
8.681908e-19
8.690194e-19
8.698469e-19
8.706732e-19
8.714982e-19
8.723221e-19
8.731447e-19
8.739660e-19
8.747861e-19
8.756050e-19
8.764226e-19
8.772389e-19
8.780539e-19
8.788676e-19
8.796800e-19
8.804911e-19
8.813008e-19
8.821092e-19
8.829163e-19
8.837220e-19
8.845263e-19
8.853293e-19
8.861308e-19
8.869310e-19
8.877298e-19
8.885271e-19
8.893230e-19
8.901175e-19
8.909105e-19
8.917021e-19
8.924922e-19
8.932808e-19
8.940679e-19
8.948536e-19
8.956377e-19
8.964203e-19
8.972014e-19
8.979810e-19
8.987590e-19
8.995355e-19
9.003104e-19
9.010838e-19
9.018555e-19
9.026257e-19
9.033943e-19
9.041612e-19
9.049266e-19
9.056903e-19
9.064524e-19
9.072128e-19
9.079716e-19
9.087287e-19
9.094841e-19
9.102379e-19
9.109899e-19
9.117403e-19
9.124889e-19
9.132359e-19
9.139811e-19
9.147246e-19
9.154663e-19
9.162062e-19
9.169444e-19
9.176809e-19
9.184155e-19
9.191484e-19
9.198794e-19
9.206087e-19
9.213361e-19
9.220617e-19
9.227854e-19
9.235074e-19
9.242274e-19
9.249456e-19
9.256620e-19
9.263764e-19
9.270890e-19
9.277996e-19
9.285084e-19
9.292152e-19
9.299202e-19
9.306232e-19
9.313242e-19
9.320233e-19
9.327205e-19
9.334156e-19
9.341088e-19
9.348001e-19
9.354893e-19
9.361765e-19
9.368618e-19
9.375450e-19
9.382262e-19
9.389053e-19
9.395824e-19
9.402575e-19
9.409305e-19
9.416014e-19
9.422703e-19
9.429371e-19
9.436018e-19
9.442644e-19
9.449249e-19
9.455833e-19
9.462395e-19
9.468937e-19
9.475456e-19
9.481955e-19
9.488432e-19
9.494887e-19
9.501321e-19
9.507733e-19
9.514122e-19
9.520491e-19
9.526837e-19
9.533161e-19
9.539462e-19
9.545742e-19
9.551999e-19
9.558234e-19
9.564446e-19
9.570636e-19
9.576803e-19
9.582948e-19
9.589070e-19
9.595169e-19
9.601245e-19
9.607298e-19
9.613328e-19
9.619335e-19
9.625318e-19
9.631278e-19
9.637215e-19
9.643129e-19
9.649019e-19
9.654886e-19
9.660728e-19
9.666548e-19
9.672343e-19
9.678115e-19
9.683862e-19
9.689586e-19
9.695285e-19
9.700961e-19
9.706612e-19
9.712239e-19
9.717841e-19
9.723420e-19
9.728973e-19
9.734502e-19
9.740007e-19
9.745487e-19
9.750942e-19
9.756372e-19
9.761778e-19
9.767158e-19
9.772514e-19
9.777844e-19
9.783150e-19
9.788430e-19
9.793685e-19
9.798914e-19
9.804118e-19
9.809297e-19
9.814450e-19
9.819578e-19
9.824680e-19
9.829756e-19
9.834806e-19
9.839831e-19
9.844830e-19
9.849802e-19
9.854749e-19
9.859670e-19
9.864564e-19
9.869433e-19
9.874275e-19
9.879091e-19
9.883880e-19
9.888643e-19
9.893380e-19
9.898090e-19
9.902773e-19
9.907430e-19
9.912060e-19
9.916663e-19
9.921240e-19
9.925789e-19
9.930312e-19
9.934808e-19
9.939276e-19
9.943718e-19
9.948132e-19
9.952519e-19
9.956879e-19
9.961212e-19
9.965517e-19
9.969795e-19
9.974045e-19
9.978268e-19
9.982463e-19
9.986630e-19
9.990770e-19
9.994883e-19
9.998967e-19
1.000302e-18
1.000705e-18
1.001105e-18
1.001503e-18
1.001897e-18
1.002289e-18
1.002678e-18
1.003064e-18
1.003447e-18
1.003827e-18
1.004205e-18
1.004580e-18
1.004951e-18
1.005321e-18
1.005687e-18
1.006050e-18
1.006411e-18
1.006768e-18
1.007123e-18
1.007475e-18
1.007824e-18
1.008170e-18
1.008513e-18
1.008854e-18
1.009191e-18
1.009526e-18
1.009857e-18
1.010186e-18
1.010512e-18
1.010835e-18
1.011155e-18
1.011472e-18
1.011786e-18
1.012098e-18
1.012406e-18
1.012711e-18
1.013014e-18
1.013313e-18
1.013610e-18
1.013904e-18
1.014194e-18
1.014482e-18
1.014767e-18
1.015049e-18
1.015327e-18
1.015603e-18
1.015876e-18
1.016146e-18
1.016413e-18
1.016677e-18
1.016938e-18
1.017196e-18
1.017451e-18
1.017703e-18
1.017952e-18
1.018198e-18
1.018441e-18
1.018681e-18
1.018918e-18
1.019152e-18
1.019383e-18
1.019611e-18
1.019836e-18
1.020057e-18
1.020276e-18
1.020492e-18
1.020705e-18
1.020915e-18
1.021121e-18
1.021325e-18
1.021526e-18
1.021723e-18
1.021918e-18
1.022109e-18
1.022298e-18
1.022483e-18
1.022665e-18
1.022844e-18
1.023021e-18
1.023194e-18
1.023364e-18
1.023531e-18
1.023695e-18
1.023856e-18
1.024013e-18
1.024168e-18
1.024320e-18
1.024468e-18
1.024614e-18
1.024756e-18
1.024895e-18
1.025032e-18
1.025165e-18
1.025295e-18
1.025422e-18
1.025546e-18
1.025666e-18
1.025784e-18
1.025899e-18
1.026010e-18
1.026118e-18
1.026224e-18
1.026326e-18
1.026425e-18
1.026521e-18
1.026614e-18
1.026703e-18
1.026790e-18
1.026874e-18
1.026954e-18
1.027031e-18
1.027105e-18
1.027177e-18
1.027244e-18
1.027309e-18
1.027371e-18
1.027430e-18
1.027485e-18
1.027538e-18
1.027587e-18
1.027633e-18
1.027676e-18
1.027716e-18
1.027753e-18
1.027786e-18
1.027817e-18
1.027844e-18
1.027869e-18
1.027890e-18
1.027908e-18
1.027923e-18
1.027934e-18
1.027943e-18
1.027949e-18
1.027951e-18
