1.384077e-18
1.384073e-18
1.384065e-18
1.384052e-18
1.384035e-18
1.384014e-18
1.383988e-18
1.383959e-18
1.383925e-18
1.383887e-18
1.383844e-18
1.383798e-18
1.383747e-18
1.383692e-18
1.383633e-18
1.383569e-18
1.383502e-18
1.383430e-18
1.383354e-18
1.383274e-18
1.383189e-18
1.383100e-18
1.383007e-18
1.382910e-18
1.382809e-18
1.382703e-18
1.382593e-18
1.382479e-18
1.382361e-18
1.382238e-18
1.382112e-18
1.381981e-18
1.381846e-18
1.381707e-18
1.381563e-18
1.381415e-18
1.381263e-18
1.381107e-18
1.380947e-18
1.380783e-18
1.380614e-18
1.380441e-18
1.380264e-18
1.380083e-18
1.379898e-18
1.379708e-18
1.379514e-18
1.379316e-18
1.379114e-18
1.378908e-18
1.378698e-18
1.378483e-18
1.378264e-18
1.378042e-18
1.377814e-18
1.377583e-18
1.377348e-18
1.377108e-18
1.376865e-18
1.376617e-18
1.376365e-18
1.376109e-18
1.375849e-18
1.375584e-18
1.375316e-18
1.375043e-18
1.374767e-18
1.374486e-18
1.374201e-18
1.373912e-18
1.373619e-18
1.373322e-18
1.373020e-18
1.372715e-18
1.372405e-18
1.372092e-18
1.371774e-18
1.371452e-18
1.371126e-18
1.370796e-18
1.370462e-18
1.370124e-18
1.369782e-18
1.369436e-18
1.369086e-18
1.368732e-18
1.368373e-18
1.368011e-18
1.367645e-18
1.367274e-18
1.366900e-18
1.366521e-18
1.366139e-18
1.365752e-18
1.365362e-18
1.364967e-18
1.364569e-18
1.364166e-18
1.363760e-18
1.363349e-18
1.362935e-18
1.362516e-18
1.362094e-18
1.361668e-18
1.361237e-18
1.360803e-18
1.360365e-18
1.359923e-18
1.359477e-18
1.359027e-18
1.358573e-18
1.358115e-18
1.357653e-18
1.357187e-18
1.356718e-18
1.356244e-18
1.355767e-18
1.355286e-18
1.354801e-18
1.354312e-18
1.353819e-18
1.353322e-18
1.352821e-18
1.352317e-18
1.351809e-18
1.351297e-18
1.350781e-18
1.350261e-18
1.349737e-18
1.349210e-18
1.348679e-18
1.348143e-18
1.347605e-18
1.347062e-18
1.346516e-18
1.345966e-18
1.345412e-18
1.344854e-18
1.344292e-18
1.343727e-18
1.343158e-18
1.342586e-18
1.342009e-18
1.341429e-18
1.340845e-18
1.340258e-18
1.339667e-18
1.339072e-18
1.338473e-18
1.337871e-18
1.337265e-18
1.336655e-18
1.336042e-18
1.335425e-18
1.334805e-18
1.334180e-18
1.333553e-18
1.332921e-18
1.332286e-18
1.331648e-18
1.331005e-18
1.330360e-18
1.329710e-18
1.329057e-18
1.328401e-18
1.327741e-18
1.327077e-18
1.326410e-18
1.325739e-18
1.325065e-18
1.324388e-18
1.323706e-18
1.323022e-18
1.322333e-18
1.321642e-18
1.320947e-18
1.320248e-18
1.319546e-18
1.318840e-18
1.318132e-18
1.317419e-18
1.316703e-18
1.315984e-18
1.315262e-18
1.314536e-18
1.313806e-18
1.313073e-18
1.312337e-18
1.311598e-18
1.310855e-18
1.310109e-18
1.309359e-18
1.308606e-18
1.307850e-18
1.307091e-18
1.306328e-18
1.305562e-18
1.304793e-18
1.304020e-18
1.303244e-18
1.302465e-18
1.301683e-18
1.300898e-18
1.300109e-18
1.299317e-18
1.298522e-18
1.297723e-18
1.296922e-18
1.296117e-18
1.295309e-18
1.294498e-18
1.293684e-18
1.292867e-18
1.292046e-18
1.291223e-18
1.290396e-18
1.289567e-18
1.288734e-18
1.287898e-18
1.287059e-18
1.286217e-18
1.285372e-18
1.284524e-18
1.283673e-18
1.282819e-18
1.281962e-18
1.281102e-18
1.280239e-18
1.279373e-18
1.278504e-18
1.277632e-18
1.276757e-18
1.275879e-18
1.274999e-18
1.274115e-18
1.273228e-18
1.272339e-18
1.271447e-18
1.270552e-18
1.269654e-18
1.268753e-18
1.267849e-18
1.266943e-18
1.266034e-18
1.265122e-18
1.264207e-18
1.263289e-18
1.262369e-18
1.261446e-18
1.260520e-18
1.259592e-18
1.258660e-18
1.257726e-18
1.256790e-18
1.255850e-18
1.254908e-18
1.253963e-18
1.253016e-18
1.252066e-18
1.251114e-18
1.250158e-18
1.249201e-18
1.248240e-18
1.247277e-18
1.246312e-18
1.245344e-18
1.244373e-18
1.243400e-18
1.242424e-18
1.241446e-18
1.240465e-18
1.239482e-18
1.238496e-18
1.237508e-18
1.236518e-18
1.235525e-18
1.234529e-18
1.233531e-18
1.232531e-18
1.231528e-18
1.230523e-18
1.229516e-18
1.228506e-18
1.227494e-18
1.226480e-18
1.225463e-18
1.224444e-18
1.223423e-18
1.222399e-18
1.221374e-18
1.220346e-18
1.219315e-18
1.218283e-18
1.217248e-18
1.216211e-18
1.215172e-18
1.214131e-18
1.213087e-18
1.212042e-18
1.210994e-18
1.209944e-18
1.208892e-18
1.207838e-18
1.206782e-18
1.205723e-18
1.204663e-18
1.203601e-18
1.202536e-18
1.201470e-18
1.200401e-18
1.199331e-18
1.198259e-18
1.197184e-18
1.196108e-18
1.195030e-18
1.193949e-18
1.192867e-18
1.191783e-18
1.190697e-18
1.189609e-18
1.188520e-18
1.187428e-18
1.186335e-18
1.185240e-18
1.184143e-18
1.183044e-18
1.181943e-18
1.180841e-18
1.179737e-18
1.178631e-18
1.177524e-18
1.176414e-18
1.175303e-18
1.174191e-18
1.173076e-18
1.171960e-18
1.170842e-18
1.169723e-18
1.168602e-18
1.167480e-18
1.166355e-18
1.165230e-18
1.164102e-18
1.162974e-18
1.161843e-18
1.160711e-18
1.159578e-18
1.158443e-18
1.157307e-18
1.156169e-18
1.155029e-18
1.153888e-18
1.152746e-18
1.151603e-18
1.150458e-18
1.149311e-18
1.148163e-18
1.147014e-18
1.145864e-18
1.144712e-18
1.143559e-18
1.142404e-18
1.141249e-18
1.140091e-18
1.138933e-18
1.137774e-18
1.136613e-18
1.135451e-18
1.134288e-18
1.133123e-18
1.131958e-18
1.130791e-18
1.129623e-18
1.128454e-18
1.127284e-18
1.126113e-18
1.124940e-18
1.123767e-18
1.122593e-18
1.121417e-18
1.120241e-18
1.119063e-18
1.117884e-18
1.116705e-18
1.115524e-18
1.114343e-18
1.113160e-18
1.111977e-18
1.110793e-18
1.109607e-18
1.108421e-18
1.107234e-18
1.106046e-18
1.104858e-18
1.103668e-18
1.102478e-18
1.101287e-18
1.100095e-18
1.098902e-18
1.097709e-18
1.096514e-18
1.095319e-18
1.094124e-18
1.092927e-18
1.091730e-18
1.090533e-18
1.089334e-18
1.088135e-18
1.086936e-18
1.085735e-18
1.084534e-18
1.083333e-18
1.082131e-18
1.080928e-18
1.079725e-18
1.078521e-18
1.077317e-18
1.076113e-18
1.074907e-18
1.073702e-18
1.072496e-18
1.071289e-18
1.070082e-18
1.068875e-18
1.067667e-18
1.066459e-18
1.065251e-18
1.064042e-18
1.062833e-18
1.061623e-18
1.060413e-18
1.059203e-18
1.057993e-18
1.056782e-18
1.055571e-18
1.054360e-18
1.053149e-18
1.051937e-18
1.050725e-18
1.049514e-18
1.048302e-18
1.047089e-18
1.045877e-18
1.044665e-18
1.043452e-18
1.042239e-18
1.041027e-18
1.039814e-18
1.038601e-18
1.037388e-18
1.036175e-18
1.034962e-18
1.033750e-18
1.032537e-18
1.031324e-18
1.030111e-18
1.028899e-18
1.027686e-18
1.026474e-18
1.025262e-18
1.024049e-18
1.022837e-18
1.021626e-18
1.020414e-18
1.019202e-18
1.017991e-18
1.016780e-18
1.015569e-18
1.014359e-18
1.013149e-18
1.011939e-18
1.010729e-18
1.009520e-18
1.008311e-18
1.007102e-18
1.005893e-18
1.004685e-18
1.003478e-18
1.002271e-18
1.001064e-18
9.998576e-19
9.986517e-19
9.974462e-19
9.962413e-19
9.950368e-19
9.938328e-19
9.926294e-19
9.914264e-19
9.902241e-19
9.890223e-19
9.878210e-19
9.866204e-19
9.854203e-19
9.842209e-19
9.830221e-19
9.818240e-19
9.806265e-19
9.794297e-19
9.782336e-19
9.770383e-19
9.758436e-19
9.746497e-19
9.734565e-19
9.722641e-19
9.710725e-19
9.698816e-19
9.686916e-19
9.675024e-19
9.663140e-19
9.651265e-19
9.639399e-19
9.627541e-19
9.615693e-19
9.603853e-19
9.592023e-19
9.580202e-19
9.568391e-19
9.556589e-19
9.544797e-19
9.533015e-19
9.521244e-19
9.509482e-19
9.497731e-19
9.485991e-19
9.474261e-19
9.462542e-19
9.450834e-19
9.439137e-19
9.427451e-19
9.415777e-19
9.404114e-19
9.392463e-19
9.380824e-19
9.369197e-19
9.357582e-19
9.345979e-19
9.334388e-19
9.322811e-19
9.311245e-19
9.299693e-19
9.288153e-19
9.276627e-19
9.265114e-19
9.253614e-19
9.242128e-19
9.230655e-19
9.219196e-19
9.207751e-19
9.196320e-19
9.184904e-19
9.173501e-19
9.162114e-19
9.150741e-19
9.139382e-19
9.128039e-19
9.116710e-19
9.105397e-19
9.094099e-19
9.082817e-19
9.071550e-19
9.060299e-19
9.049063e-19
9.037844e-19
9.026641e-19
9.015454e-19
9.004283e-19
8.993130e-19
8.981992e-19
8.970872e-19
8.959768e-19
8.948682e-19
8.937613e-19
8.926561e-19
8.915527e-19
8.904510e-19
8.893511e-19
8.882530e-19
8.871567e-19
8.860623e-19
8.849696e-19
8.838788e-19
8.827898e-19
8.817028e-19
8.806176e-19
8.795343e-19
8.784529e-19
8.773734e-19
8.762959e-19
8.752203e-19
8.741466e-19
8.730750e-19
8.720053e-19
8.709377e-19
8.698720e-19
8.688084e-19
8.677468e-19
8.666873e-19
8.656298e-19
8.645744e-19
8.635211e-19
8.624699e-19
8.614208e-19
8.603739e-19
8.593291e-19
8.582864e-19
8.572460e-19
8.562077e-19
8.551715e-19
8.541376e-19
8.531060e-19
8.520765e-19
8.510493e-19
8.500243e-19
8.490016e-19
8.479812e-19
8.469631e-19
8.459473e-19
8.449338e-19
8.439226e-19
8.429138e-19
8.419074e-19
8.409032e-19
8.399015e-19
8.389022e-19
8.379053e-19
8.369108e-19
8.359187e-19
8.349290e-19
8.339418e-19
8.329571e-19
8.319749e-19
8.309951e-19
8.300178e-19
8.290431e-19
8.280708e-19
8.271011e-19
8.261340e-19
8.251694e-19
8.242074e-19
8.232479e-19
8.222911e-19
8.213368e-19
8.203852e-19
8.194362e-19
8.184899e-19
8.175462e-19
8.166051e-19
8.156667e-19
8.147311e-19
8.137981e-19
8.128678e-19
8.119402e-19
8.110154e-19
8.100933e-19
8.091740e-19
8.082574e-19
8.073437e-19
8.064327e-19
8.055245e-19
8.046191e-19
8.037165e-19
8.028167e-19
8.019198e-19
8.010258e-19
8.001346e-19
7.992463e-19
7.983609e-19
7.974784e-19
7.965987e-19
7.957220e-19
7.948483e-19
7.939774e-19
7.931095e-19
7.922446e-19
7.913826e-19
7.905237e-19
7.896677e-19
7.888147e-19
7.879647e-19
7.871178e-19
7.862739e-19
7.854330e-19
7.845952e-19
7.837604e-19
7.829288e-19
7.821002e-19
7.812747e-19
7.804523e-19
7.796330e-19
7.788168e-19
7.780038e-19
7.771939e-19
7.763872e-19
7.755836e-19
7.747832e-19
7.739860e-19
7.731920e-19
7.724012e-19
7.716136e-19
7.708292e-19
7.700480e-19
7.692701e-19
7.684955e-19
7.677241e-19
7.669559e-19
7.661911e-19
7.654295e-19
7.646712e-19
7.639163e-19
7.631646e-19
7.624163e-19
7.616713e-19
7.609296e-19
7.601913e-19
7.594564e-19
7.587248e-19
7.579966e-19
7.572718e-19
7.565504e-19
7.558324e-19
7.551178e-19
7.544066e-19
7.536989e-19
7.529946e-19
7.522937e-19
7.515963e-19
7.509024e-19
7.502119e-19
7.495249e-19
7.488414e-19
7.481615e-19
7.474850e-19
7.468120e-19
7.461425e-19
7.454766e-19
7.448142e-19
7.441554e-19
7.435001e-19
7.428484e-19
7.422003e-19
7.415557e-19
7.409147e-19
7.402773e-19
7.396436e-19
7.390134e-19
7.383868e-19
7.377639e-19
7.371446e-19
7.365289e-19
7.359169e-19
7.353086e-19
7.347039e-19
7.341028e-19
7.335055e-19
7.329118e-19
7.323219e-19
7.317356e-19
7.311530e-19
7.305742e-19
7.299990e-19
7.294276e-19
7.288599e-19
7.282960e-19
7.277358e-19
7.271794e-19
7.266267e-19
7.260778e-19
7.255327e-19
7.249913e-19
7.244538e-19
7.239200e-19
7.233900e-19
7.228639e-19
7.223415e-19
7.218230e-19
7.213083e-19
7.207974e-19
7.202904e-19
7.197872e-19
7.192879e-19
7.187924e-19
7.183008e-19
7.178130e-19
7.173292e-19
7.168492e-19
7.163731e-19
7.159008e-19
7.154325e-19
7.149681e-19
7.145076e-19
7.140510e-19
7.135984e-19
7.131496e-19
7.127048e-19
7.122639e-19
7.118270e-19
7.113940e-19
7.109650e-19
7.105399e-19
7.101188e-19
7.097016e-19
7.092885e-19
7.088793e-19
7.084741e-19
7.080728e-19
7.076756e-19
7.072824e-19
7.068932e-19
7.065079e-19
7.061267e-19
7.057495e-19
7.053764e-19
7.050072e-19
7.046421e-19
7.042810e-19
7.039240e-19
7.035709e-19
7.032220e-19
7.028771e-19
7.025362e-19
7.021994e-19
7.018667e-19
7.015381e-19
7.012135e-19
7.008930e-19
7.005765e-19
7.002642e-19
6.999559e-19
6.996518e-19
6.993517e-19
6.990557e-19
6.987638e-19
6.984761e-19
6.981924e-19
6.979129e-19
6.976374e-19
6.973661e-19
6.970989e-19
6.968359e-19
6.965769e-19
6.963221e-19
6.960715e-19
6.958249e-19
6.955825e-19
6.953443e-19
6.951102e-19
6.948802e-19
6.946545e-19
6.944328e-19
6.942153e-19
6.940020e-19
6.937928e-19
6.935878e-19
6.933870e-19
6.931904e-19
6.929979e-19
6.928096e-19
6.926254e-19
6.924455e-19
6.922697e-19
6.920981e-19
6.919307e-19
6.917675e-19
6.916085e-19
6.914536e-19
6.913030e-19
6.911566e-19
6.910143e-19
6.908763e-19
6.907424e-19
6.906128e-19
6.904873e-19
6.903661e-19
6.902491e-19
6.901363e-19
6.900276e-19
6.899232e-19
6.898231e-19
6.897271e-19
6.896353e-19
6.895478e-19
6.894644e-19
6.893853e-19
6.893104e-19
6.892398e-19
6.891733e-19
6.891111e-19
6.890531e-19
6.889993e-19
6.889497e-19
6.889044e-19
6.888632e-19
6.888264e-19
6.887937e-19
6.887652e-19
6.887410e-19
6.887210e-19
6.887053e-19
6.886937e-19
6.886864e-19
6.886833e-19
6.886845e-19
6.886898e-19
6.886994e-19
6.887132e-19
6.887313e-19
6.887535e-19
6.887800e-19
6.888108e-19
6.888457e-19
6.888849e-19
6.889283e-19
6.889759e-19
6.890277e-19
6.890838e-19
6.891441e-19
6.892086e-19
6.892773e-19
6.893502e-19
6.894274e-19
6.895088e-19
6.895944e-19
6.896842e-19
6.897782e-19
6.898764e-19
6.899789e-19
6.900855e-19
6.901964e-19
6.903115e-19
6.904307e-19
6.905542e-19
6.906819e-19
6.908138e-19
6.909499e-19
6.910901e-19
6.912346e-19
6.913833e-19
6.915362e-19
6.916932e-19
6.918545e-19
6.920199e-19
6.921895e-19
6.923633e-19
6.925413e-19
6.927235e-19
6.929098e-19
6.931003e-19
6.932950e-19
6.934938e-19
6.936969e-19
6.939040e-19
6.941154e-19
6.943309e-19
6.945505e-19
6.947744e-19
6.950023e-19
6.952344e-19
6.954707e-19
6.957111e-19
6.959556e-19
6.962043e-19
6.964571e-19
6.967141e-19
6.969751e-19
6.972403e-19
6.975096e-19
6.977831e-19
6.980606e-19
6.983422e-19
6.986280e-19
6.989179e-19
6.992118e-19
6.995099e-19
6.998121e-19
7.001183e-19
7.004286e-19
7.007430e-19
7.010615e-19
7.013841e-19
7.017107e-19
7.020414e-19
7.023762e-19
7.027150e-19
7.030579e-19
7.034048e-19
7.037558e-19
7.041108e-19
7.044698e-19
7.048329e-19
7.052000e-19
7.055711e-19
7.059463e-19
7.063254e-19
7.067086e-19
7.070958e-19
7.074869e-19
7.078821e-19
7.082813e-19
7.086844e-19
7.090915e-19
7.095026e-19
7.099177e-19
7.103367e-19
7.107597e-19
7.111867e-19
7.116176e-19
7.120524e-19
7.124912e-19
7.129340e-19
7.133806e-19
7.138312e-19
7.142857e-19
7.147441e-19
7.152064e-19
7.156726e-19
7.161427e-19
7.166167e-19
7.170946e-19
7.175763e-19
7.180620e-19
7.185515e-19
7.190448e-19
7.195420e-19
7.200431e-19
7.205480e-19
7.210567e-19
7.215693e-19
7.220857e-19
7.226059e-19
7.231299e-19
7.236577e-19
7.241893e-19
7.247247e-19
7.252639e-19
7.258069e-19
7.263536e-19
7.269041e-19
7.274584e-19
7.280164e-19
7.285782e-19
7.291437e-19
7.297129e-19
7.302858e-19
7.308625e-19
7.314429e-19
7.320270e-19
7.326147e-19
7.332062e-19
7.338013e-19
7.344002e-19
7.350026e-19
7.356088e-19
7.362186e-19
7.368320e-19
7.374491e-19
7.380698e-19
7.386941e-19
7.393221e-19
7.399536e-19
7.405888e-19
7.412275e-19
7.418698e-19
7.425157e-19
7.431652e-19
7.438182e-19
7.444748e-19
7.451349e-19
7.457986e-19
7.464657e-19
7.471364e-19
7.478106e-19
7.484884e-19
7.491696e-19
7.498543e-19
7.505424e-19
7.512341e-19
7.519292e-19
7.526277e-19
7.533297e-19
7.540352e-19
7.547440e-19
7.554563e-19
7.561720e-19
7.568911e-19
7.576136e-19
7.583394e-19
7.590687e-19
7.598013e-19
7.605372e-19
7.612766e-19
7.620192e-19
7.627652e-19
7.635145e-19
7.642671e-19
7.650230e-19
7.657822e-19
7.665447e-19
7.673105e-19
7.680795e-19
7.688518e-19
7.696273e-19
7.704061e-19
7.711880e-19
7.719733e-19
7.727617e-19
7.735533e-19
7.743481e-19
7.751461e-19
7.759472e-19
7.767515e-19
7.775590e-19
7.783696e-19
7.791833e-19
7.800002e-19
7.808202e-19
7.816432e-19
7.824694e-19
7.832986e-19
7.841309e-19
7.849663e-19
7.858047e-19
7.866461e-19
7.874906e-19
7.883381e-19
7.891886e-19
7.900421e-19
7.908986e-19
7.917581e-19
7.926205e-19
7.934859e-19
7.943543e-19
7.952256e-19
7.960998e-19
7.969769e-19
7.978569e-19
7.987398e-19
7.996256e-19
8.005143e-19
8.014058e-19
8.023002e-19
8.031974e-19
8.040974e-19
8.050003e-19
8.059059e-19
8.068144e-19
8.077256e-19
8.086396e-19
8.095564e-19
8.104759e-19
8.113982e-19
8.123232e-19
8.132509e-19
8.141813e-19
8.151144e-19
8.160502e-19
8.169886e-19
8.179297e-19
8.188735e-19
8.198199e-19
8.207689e-19
8.217205e-19
8.226748e-19
8.236316e-19
8.245910e-19
8.255530e-19
8.265175e-19
8.274846e-19
8.284542e-19
8.294263e-19
8.304009e-19
8.313781e-19
8.323577e-19
8.333397e-19
8.343243e-19
8.353113e-19
8.363007e-19
8.372926e-19
8.382868e-19
8.392835e-19
8.402825e-19
8.412839e-19
8.422877e-19
8.432939e-19
8.443023e-19
8.453132e-19
8.463263e-19
8.473417e-19
8.483594e-19
8.493794e-19
8.504016e-19
8.514261e-19
8.524529e-19
8.534819e-19
8.545130e-19
8.555464e-19
8.565820e-19
8.576198e-19
8.586597e-19
8.597017e-19
8.607459e-19
8.617923e-19
8.628407e-19
8.638913e-19
8.649439e-19
8.659986e-19
8.670554e-19
8.681142e-19
8.691751e-19
8.702380e-19
8.713028e-19
8.723697e-19
8.734386e-19
8.745095e-19
8.755823e-19
8.766570e-19
8.777337e-19
8.788123e-19
8.798928e-19
8.809752e-19
8.820595e-19
8.831456e-19
8.842336e-19
8.853235e-19
8.864151e-19
8.875086e-19
8.886039e-19
8.897010e-19
8.907998e-19
8.919004e-19
8.930028e-19
8.941069e-19
8.952127e-19
8.963202e-19
8.974294e-19
8.985402e-19
8.996528e-19
9.007670e-19
9.018828e-19
9.030003e-19
9.041194e-19
9.052400e-19
9.063623e-19
9.074861e-19
9.086115e-19
9.097384e-19
9.108669e-19
9.119969e-19
9.131283e-19
9.142613e-19
9.153957e-19
9.165316e-19
9.176690e-19
9.188077e-19
9.199479e-19
9.210895e-19
9.222325e-19
9.233769e-19
9.245226e-19
9.256697e-19
9.268181e-19
9.279679e-19
9.291189e-19
9.302713e-19
9.314249e-19
9.325798e-19
9.337359e-19
9.348933e-19
9.360519e-19
9.372117e-19
9.383727e-19
9.395349e-19
9.406982e-19
9.418627e-19
9.430284e-19
9.441951e-19
9.453630e-19
9.465320e-19
9.477020e-19
9.488731e-19
9.500453e-19
9.512185e-19
9.523928e-19
9.535680e-19
9.547443e-19
9.559215e-19
9.570997e-19
9.582788e-19
9.594589e-19
9.606399e-19
9.618218e-19
9.630046e-19
9.641883e-19
9.653729e-19
9.665583e-19
9.677445e-19
9.689316e-19
9.701195e-19
9.713082e-19
9.724976e-19
9.736878e-19
9.748788e-19
9.760705e-19
9.772629e-19
9.784561e-19
9.796499e-19
9.808444e-19
9.820396e-19
9.832354e-19
9.844319e-19
9.856289e-19
9.868266e-19
9.880249e-19
9.892237e-19
9.904231e-19
9.916231e-19
9.928236e-19
9.940246e-19
9.952261e-19
9.964281e-19
9.976306e-19
9.988335e-19
1.000037e-18
1.001241e-18
1.002445e-18
1.003650e-18
1.004855e-18
1.006060e-18
1.007266e-18
1.008472e-18
1.009678e-18
1.010885e-18
1.012092e-18
1.013299e-18
1.014507e-18
1.015715e-18
1.016923e-18
1.018131e-18
1.019340e-18
1.020548e-18
1.021757e-18
1.022966e-18
1.024175e-18
1.025385e-18
1.026594e-18
1.027804e-18
1.029013e-18
1.030223e-18
1.031433e-18
1.032643e-18
1.033853e-18
1.035063e-18
1.036272e-18
1.037482e-18
1.038692e-18
1.039902e-18
1.041112e-18
1.042321e-18
1.043531e-18
1.044741e-18
1.045950e-18
1.047159e-18
1.048368e-18
1.049577e-18
1.050786e-18
1.051995e-18
1.053203e-18
1.054411e-18
1.055619e-18
1.056827e-18
1.058035e-18
1.059242e-18
1.060449e-18
1.061655e-18
1.062861e-18
1.064067e-18
1.065273e-18
1.066478e-18
1.067683e-18
1.068887e-18
1.070091e-18
1.071295e-18
1.072498e-18
1.073701e-18
1.074903e-18
1.076105e-18
1.077306e-18
1.078507e-18
1.079707e-18
1.080907e-18
1.082106e-18
1.083305e-18
1.084503e-18
1.085700e-18
1.086897e-18
1.088093e-18
1.089289e-18
1.090484e-18
1.091678e-18
1.092871e-18
1.094064e-18
1.095256e-18
1.096448e-18
1.097638e-18
1.098828e-18
1.100017e-18
1.101206e-18
1.102393e-18
1.103580e-18
1.104766e-18
1.105951e-18
1.107135e-18
1.108318e-18
1.109501e-18
1.110682e-18
1.111863e-18
1.113042e-18
1.114221e-18
1.115399e-18
1.116576e-18
1.117752e-18
1.118926e-18
1.120100e-18
1.121273e-18
1.122445e-18
1.123615e-18
1.124785e-18
1.125953e-18
1.127121e-18
1.128287e-18
1.129452e-18
1.130616e-18
1.131779e-18
1.132941e-18
1.134101e-18
1.135260e-18
1.136419e-18
1.137575e-18
1.138731e-18
1.139885e-18
1.141038e-18
1.142190e-18
1.143341e-18
1.144490e-18
1.145638e-18
1.146784e-18
1.147929e-18
1.149073e-18
1.150215e-18
1.151356e-18
1.152496e-18
1.153634e-18
1.154771e-18
1.155906e-18
1.157040e-18
1.158172e-18
1.159303e-18
1.160432e-18
1.161560e-18
1.162687e-18
1.163811e-18
1.164934e-18
1.166056e-18
1.167176e-18
1.168294e-18
1.169411e-18
1.170526e-18
1.171640e-18
1.172752e-18
1.173862e-18
1.174970e-18
1.176077e-18
1.177182e-18
1.178286e-18
1.179387e-18
1.180487e-18
1.181585e-18
1.182682e-18
1.183776e-18
1.184869e-18
1.185960e-18
1.187049e-18
1.188136e-18
1.189221e-18
1.190305e-18
1.191387e-18
1.192466e-18
1.193544e-18
1.194620e-18
1.195694e-18
1.196766e-18
1.197836e-18
1.198904e-18
1.199970e-18
1.201034e-18
1.202096e-18
1.203156e-18
1.204214e-18
1.205270e-18
1.206324e-18
1.207376e-18
1.208426e-18
1.209473e-18
1.210519e-18
1.211562e-18
1.212603e-18
1.213642e-18
1.214679e-18
1.215714e-18
1.216746e-18
1.217777e-18
1.218805e-18
1.219831e-18
1.220854e-18
1.221876e-18
1.222895e-18
1.223912e-18
1.224926e-18
1.225938e-18
1.226948e-18
1.227956e-18
1.228961e-18
1.229964e-18
1.230965e-18
1.231963e-18
1.232958e-18
1.233952e-18
1.234943e-18
1.235931e-18
1.236917e-18
1.237901e-18
1.238882e-18
1.239861e-18
1.240837e-18
1.241811e-18
1.242782e-18
1.243750e-18
1.244716e-18
1.245680e-18
1.246641e-18
1.247600e-18
1.248555e-18
1.249509e-18
1.250459e-18
1.251407e-18
1.252353e-18
1.253296e-18
1.254236e-18
1.255173e-18
1.256108e-18
1.257040e-18
1.257970e-18
1.258896e-18
1.259820e-18
1.260742e-18
1.261660e-18
1.262576e-18
1.263489e-18
1.264399e-18
1.265307e-18
1.266211e-18
1.267113e-18
1.268012e-18
1.268909e-18
1.269802e-18
1.270693e-18
1.271580e-18
1.272465e-18
1.273347e-18
1.274226e-18
1.275102e-18
1.275975e-18
1.276846e-18
1.277713e-18
1.278577e-18
1.279439e-18
1.280297e-18
1.281153e-18
1.282005e-18
1.282855e-18
1.283701e-18
1.284545e-18
1.285385e-18
1.286223e-18
1.287057e-18
1.287888e-18
1.288716e-18
1.289542e-18
1.290364e-18
1.291183e-18
1.291999e-18
1.292811e-18
1.293621e-18
1.294427e-18
1.295231e-18
1.296031e-18
1.296828e-18
1.297622e-18
1.298412e-18
1.299200e-18
1.299984e-18
1.300765e-18
1.301543e-18
1.302317e-18
1.303088e-18
1.303857e-18
1.304621e-18
1.305383e-18
1.306141e-18
1.306896e-18
1.307648e-18
1.308396e-18
1.309141e-18
1.309883e-18
1.310621e-18
1.311356e-18
1.312088e-18
1.312816e-18
1.313541e-18
1.314262e-18
1.314980e-18
1.315695e-18
1.316406e-18
1.317114e-18
1.317819e-18
1.318520e-18
1.319217e-18
1.319912e-18
1.320602e-18
1.321290e-18
1.321973e-18
1.322654e-18
1.323330e-18
1.324004e-18
1.324673e-18
1.325340e-18
1.326002e-18
1.326662e-18
1.327317e-18
1.327969e-18
1.328618e-18
1.329263e-18
1.329904e-18
1.330542e-18
1.331176e-18
1.331807e-18
1.332434e-18
1.333058e-18
1.333677e-18
1.334294e-18
1.334906e-18
1.335515e-18
1.336120e-18
1.336722e-18
1.337320e-18
1.337914e-18
1.338505e-18
1.339092e-18
1.339675e-18
1.340254e-18
1.340830e-18
1.341402e-18
1.341971e-18
1.342536e-18
1.343096e-18
1.343654e-18
1.344207e-18
1.344757e-18
1.345303e-18
1.345845e-18
1.346383e-18
1.346918e-18
1.347449e-18
1.347976e-18
1.348499e-18
1.349018e-18
1.349534e-18
1.350046e-18
1.350554e-18
1.351058e-18
1.351558e-18
1.352055e-18
1.352547e-18
1.353036e-18
1.353521e-18
1.354002e-18
1.354479e-18
1.354953e-18
1.355422e-18
1.355888e-18
1.356349e-18
1.356807e-18
1.357261e-18
1.357711e-18
1.358157e-18
1.358599e-18
1.359037e-18
1.359471e-18
1.359901e-18
1.360328e-18
1.360750e-18
1.361168e-18
1.361583e-18
1.361993e-18
1.362400e-18
1.362803e-18
1.363201e-18
1.363596e-18
1.363986e-18
1.364373e-18
1.364756e-18
1.365134e-18
1.365509e-18
1.365879e-18
1.366246e-18
1.366608e-18
1.366967e-18
1.367322e-18
1.367672e-18
1.368018e-18
1.368361e-18
1.368699e-18
1.369033e-18
1.369364e-18
1.369690e-18
1.370012e-18
1.370330e-18
1.370644e-18
1.370954e-18
1.371260e-18
1.371562e-18
1.371859e-18
1.372153e-18
1.372442e-18
1.372728e-18
1.373009e-18
1.373286e-18
1.373559e-18
1.373828e-18
1.374093e-18
1.374354e-18
1.374611e-18
1.374863e-18
1.375111e-18
1.375356e-18
1.375596e-18
1.375832e-18
1.376064e-18
1.376291e-18
1.376515e-18
1.376734e-18
1.376950e-18
1.377161e-18
1.377368e-18
1.377571e-18
1.377769e-18
1.377964e-18
1.378154e-18
1.378340e-18
1.378522e-18
1.378700e-18
1.378874e-18
1.379043e-18
1.379209e-18
1.379370e-18
1.379527e-18
1.379680e-18
1.379828e-18
1.379973e-18
1.380113e-18
1.380249e-18
1.380381e-18
1.380509e-18
1.380632e-18
1.380751e-18
1.380866e-18
1.380977e-18
1.381084e-18
1.381187e-18
1.381285e-18
1.381379e-18
1.381469e-18
1.381555e-18
1.381636e-18
1.381713e-18
1.381786e-18
1.381855e-18
1.381920e-18
1.381980e-18
1.382037e-18
1.382089e-18
1.382136e-18
1.382180e-18
1.382219e-18
1.382255e-18
1.382286e-18
1.382312e-18
1.382335e-18
1.382353e-18
1.382367e-18
1.382377e-18
1.382383e-18
