1.027639e-18
1.027637e-18
1.027633e-18
1.027625e-18
1.027615e-18
1.027601e-18
1.027584e-18
1.027564e-18
1.027541e-18
1.027515e-18
1.027485e-18
1.027453e-18
1.027417e-18
1.027378e-18
1.027336e-18
1.027291e-18
1.027243e-18
1.027191e-18
1.027137e-18
1.027079e-18
1.027018e-18
1.026955e-18
1.026887e-18
1.026817e-18
1.026744e-18
1.026668e-18
1.026588e-18
1.026505e-18
1.026420e-18
1.026331e-18
1.026238e-18
1.026143e-18
1.026045e-18
1.025943e-18
1.025839e-18
1.025731e-18
1.025620e-18
1.025506e-18
1.025389e-18
1.025269e-18
1.025146e-18
1.025019e-18
1.024889e-18
1.024757e-18
1.024621e-18
1.024482e-18
1.024340e-18
1.024195e-18
1.024046e-18
1.023895e-18
1.023740e-18
1.023582e-18
1.023421e-18
1.023257e-18
1.023090e-18
1.022920e-18
1.022747e-18
1.022570e-18
1.022391e-18
1.022208e-18
1.022022e-18
1.021833e-18
1.021641e-18
1.021446e-18
1.021248e-18
1.021047e-18
1.020842e-18
1.020634e-18
1.020424e-18
1.020210e-18
1.019993e-18
1.019773e-18
1.019550e-18
1.019323e-18
1.019094e-18
1.018862e-18
1.018626e-18
1.018387e-18
1.018145e-18
1.017901e-18
1.017653e-18
1.017401e-18
1.017147e-18
1.016890e-18
1.016629e-18
1.016366e-18
1.016099e-18
1.015830e-18
1.015557e-18
1.015281e-18
1.015002e-18
1.014720e-18
1.014434e-18
1.014146e-18
1.013855e-18
1.013560e-18
1.013263e-18
1.012962e-18
1.012658e-18
1.012351e-18
1.012041e-18
1.011728e-18
1.011412e-18
1.011093e-18
1.010771e-18
1.010446e-18
1.010117e-18
1.009786e-18
1.009451e-18
1.009113e-18
1.008773e-18
1.008429e-18
1.008082e-18
1.007732e-18
1.007379e-18
1.007023e-18
1.006664e-18
1.006301e-18
1.005936e-18
1.005568e-18
1.005196e-18
1.004822e-18
1.004444e-18
1.004063e-18
1.003680e-18
1.003293e-18
1.002903e-18
1.002510e-18
1.002114e-18
1.001715e-18
1.001313e-18
1.000908e-18
1.000500e-18
1.000089e-18
9.996744e-19
9.992570e-19
9.988367e-19
9.984133e-19
9.979868e-19
9.975573e-19
9.971248e-19
9.966892e-19
9.962506e-19
9.958090e-19
9.953643e-19
9.949166e-19
9.944658e-19
9.940120e-19
9.935552e-19
9.930953e-19
9.926325e-19
9.921666e-19
9.916976e-19
9.912257e-19
9.907507e-19
9.902727e-19
9.897917e-19
9.893076e-19
9.888206e-19
9.883305e-19
9.878374e-19
9.873414e-19
9.868423e-19
9.863401e-19
9.858350e-19
9.853269e-19
9.848158e-19
9.843016e-19
9.837845e-19
9.832644e-19
9.827412e-19
9.822151e-19
9.816860e-19
9.811539e-19
9.806188e-19
9.800807e-19
9.795396e-19
9.789955e-19
9.784485e-19
9.778984e-19
9.773454e-19
9.767894e-19
9.762304e-19
9.756685e-19
9.751035e-19
9.745356e-19
9.739648e-19
9.733909e-19
9.728141e-19
9.722343e-19
9.716516e-19
9.710659e-19
9.704772e-19
9.698856e-19
9.692910e-19
9.686935e-19
9.680930e-19
9.674895e-19
9.668832e-19
9.662738e-19
9.656615e-19
9.650463e-19
9.644281e-19
9.638070e-19
9.631830e-19
9.625560e-19
9.619261e-19
9.612932e-19
9.606574e-19
9.600187e-19
9.593771e-19
9.587325e-19
9.580850e-19
9.574346e-19
9.567813e-19
9.561250e-19
9.554659e-19
9.548038e-19
9.541388e-19
9.534709e-19
9.528001e-19
9.521264e-19
9.514498e-19
9.507703e-19
9.500879e-19
9.494026e-19
9.487144e-19
9.480233e-19
9.473293e-19
9.466324e-19
9.459327e-19
9.452300e-19
9.445245e-19
9.438161e-19
9.431048e-19
9.423907e-19
9.416737e-19
9.409538e-19
9.402310e-19
9.395054e-19
9.387769e-19
9.380455e-19
9.373113e-19
9.365742e-19
9.358343e-19
9.350915e-19
9.343459e-19
9.335974e-19
9.328461e-19
9.320919e-19
9.313349e-19
9.305750e-19
9.298123e-19
9.290468e-19
9.282785e-19
9.275073e-19
9.267333e-19
9.259564e-19
9.251768e-19
9.243943e-19
9.236090e-19
9.228209e-19
9.220299e-19
9.212362e-19
9.204396e-19
9.196403e-19
9.188381e-19
9.180332e-19
9.172254e-19
9.164149e-19
9.156015e-19
9.147854e-19
9.139665e-19
9.131448e-19
9.123203e-19
9.114930e-19
9.106629e-19
9.098301e-19
9.089945e-19
9.081561e-19
9.073150e-19
9.064711e-19
9.056244e-19
9.047750e-19
9.039228e-19
9.030678e-19
9.022101e-19
9.013497e-19
9.004865e-19
8.996205e-19
8.987519e-19
8.978804e-19
8.970063e-19
8.961294e-19
8.952498e-19
8.943674e-19
8.934823e-19
8.925945e-19
8.917040e-19
8.908108e-19
8.899148e-19
8.890161e-19
8.881147e-19
8.872107e-19
8.863039e-19
8.853944e-19
8.844822e-19
8.835673e-19
8.826497e-19
8.817294e-19
8.808065e-19
8.798808e-19
8.789525e-19
8.780215e-19
8.770878e-19
8.761515e-19
8.752125e-19
8.742708e-19
8.733264e-19
8.723794e-19
8.714297e-19
8.704774e-19
8.695224e-19
8.685647e-19
8.676045e-19
8.666415e-19
8.656760e-19
8.647078e-19
8.637369e-19
8.627634e-19
8.617873e-19
8.608086e-19
8.598272e-19
8.588433e-19
8.578567e-19
8.568675e-19
8.558756e-19
8.548812e-19
8.538842e-19
8.528845e-19
8.518823e-19
8.508775e-19
8.498700e-19
8.488600e-19
8.478474e-19
8.468322e-19
8.458145e-19
8.447941e-19
8.437712e-19
8.427457e-19
8.417176e-19
8.406870e-19
8.396538e-19
8.386181e-19
8.375798e-19
8.365389e-19
8.354955e-19
8.344496e-19
8.334011e-19
8.323500e-19
8.312965e-19
8.302403e-19
8.291817e-19
8.281205e-19
8.270569e-19
8.259907e-19
8.249219e-19
8.238507e-19
8.227769e-19
8.217007e-19
8.206219e-19
8.195407e-19
8.184569e-19
8.173707e-19
8.162819e-19
8.151907e-19
8.140970e-19
8.130008e-19
8.119021e-19
8.108010e-19
8.096973e-19
8.085913e-19
8.074827e-19
8.063717e-19
8.052582e-19
8.041423e-19
8.030239e-19
8.019031e-19
8.007798e-19
7.996541e-19
7.985260e-19
7.973954e-19
7.962624e-19
7.951270e-19
7.939891e-19
7.928489e-19
7.917062e-19
7.905611e-19
7.894136e-19
7.882637e-19
7.871113e-19
7.859566e-19
7.847995e-19
7.836400e-19
7.824781e-19
7.813138e-19
7.801472e-19
7.789782e-19
7.778068e-19
7.766330e-19
7.754568e-19
7.742783e-19
7.730975e-19
7.719142e-19
7.707287e-19
7.695408e-19
7.683505e-19
7.671579e-19
7.659629e-19
7.647657e-19
7.635660e-19
7.623641e-19
7.611599e-19
7.599533e-19
7.587444e-19
7.575332e-19
7.563197e-19
7.551039e-19
7.538857e-19
7.526653e-19
7.514426e-19
7.502176e-19
7.489903e-19
7.477608e-19
7.465289e-19
7.452948e-19
7.440584e-19
7.428198e-19
7.415788e-19
7.403357e-19
7.390902e-19
7.378425e-19
7.365926e-19
7.353404e-19
7.340860e-19
7.328294e-19
7.315705e-19
7.303093e-19
7.290460e-19
7.277804e-19
7.265127e-19
7.252427e-19
7.239705e-19
7.226961e-19
7.214194e-19
7.201406e-19
7.188596e-19
7.175764e-19
7.162911e-19
7.150035e-19
7.137138e-19
7.124218e-19
7.111278e-19
7.098315e-19
7.085331e-19
7.072325e-19
7.059298e-19
7.046249e-19
7.033179e-19
7.020087e-19
7.006974e-19
6.993840e-19
6.980684e-19
6.967507e-19
6.954309e-19
6.941090e-19
6.927849e-19
6.914588e-19
6.901305e-19
6.888001e-19
6.874676e-19
6.861331e-19
6.847964e-19
6.834577e-19
6.821169e-19
6.807740e-19
6.794290e-19
6.780819e-19
6.767328e-19
6.753817e-19
6.740284e-19
6.726732e-19
6.713158e-19
6.699565e-19
6.685950e-19
6.672316e-19
6.658661e-19
6.644986e-19
6.631290e-19
6.617575e-19
6.603839e-19
6.590083e-19
6.576307e-19
6.562511e-19
6.548696e-19
6.534860e-19
6.521004e-19
6.507128e-19
6.493233e-19
6.479317e-19
6.465382e-19
6.451428e-19
6.437453e-19
6.423459e-19
6.409446e-19
6.395413e-19
6.381360e-19
6.367288e-19
6.353197e-19
6.339086e-19
6.324956e-19
6.310807e-19
6.296639e-19
6.282451e-19
6.268244e-19
6.254018e-19
6.239773e-19
6.225509e-19
6.211227e-19
6.196925e-19
6.182604e-19
6.168265e-19
6.153906e-19
6.139529e-19
6.125133e-19
6.110719e-19
6.096286e-19
6.081834e-19
6.067364e-19
6.052876e-19
6.038369e-19
6.023843e-19
6.009300e-19
5.994737e-19
5.980157e-19
5.965559e-19
5.950942e-19
5.936307e-19
5.921654e-19
5.906983e-19
5.892294e-19
5.877588e-19
5.862863e-19
5.848120e-19
5.833360e-19
5.818582e-19
5.803786e-19
5.788972e-19
5.774141e-19
5.759292e-19
5.744426e-19
5.729542e-19
5.714641e-19
5.699722e-19
5.684786e-19
5.669832e-19
5.654862e-19
5.639874e-19
5.624869e-19
5.609847e-19
5.594808e-19
5.579751e-19
5.564678e-19
5.549588e-19
5.534481e-19
5.519357e-19
5.504216e-19
5.489059e-19
5.473884e-19
5.458694e-19
5.443486e-19
5.428262e-19
5.413021e-19
5.397764e-19
5.382491e-19
5.367201e-19
5.351895e-19
5.336572e-19
5.321233e-19
5.305878e-19
5.290507e-19
5.275120e-19
5.259716e-19
5.244297e-19
5.228862e-19
5.213410e-19
5.197943e-19
5.182460e-19
5.166962e-19
5.151447e-19
5.135917e-19
5.120371e-19
5.104810e-19
5.089233e-19
5.073641e-19
5.058033e-19
5.042409e-19
5.026771e-19
5.011117e-19
4.995448e-19
4.979763e-19
4.964064e-19
4.948349e-19
4.932620e-19
4.916875e-19
4.901115e-19
4.885341e-19
4.869551e-19
4.853747e-19
4.837928e-19
4.822094e-19
4.806245e-19
4.790382e-19
4.774505e-19
4.758612e-19
4.742706e-19
4.726784e-19
4.710849e-19
4.694899e-19
4.678935e-19
4.662956e-19
4.646964e-19
4.630957e-19
4.614936e-19
4.598901e-19
4.582852e-19
4.566789e-19
4.550713e-19
4.534622e-19
4.518517e-19
4.502399e-19
4.486267e-19
4.470122e-19
4.453963e-19
4.437790e-19
4.421604e-19
4.405404e-19
4.389191e-19
4.372965e-19
4.356725e-19
4.340472e-19
4.324206e-19
4.307926e-19
4.291634e-19
4.275328e-19
4.259010e-19
4.242678e-19
4.226334e-19
4.209976e-19
4.193606e-19
4.177223e-19
4.160828e-19
4.144419e-19
4.127999e-19
4.111565e-19
4.095119e-19
4.078661e-19
4.062190e-19
4.045707e-19
4.029211e-19
4.012703e-19
3.996183e-19
3.979651e-19
3.963107e-19
3.946551e-19
3.929982e-19
3.913402e-19
3.896810e-19
3.880206e-19
3.863590e-19
3.846962e-19
3.830323e-19
3.813672e-19
3.797009e-19
3.780335e-19
3.763650e-19
3.746953e-19
3.730244e-19
3.713524e-19
3.696793e-19
3.680051e-19
3.663297e-19
3.646532e-19
3.629756e-19
3.612970e-19
3.596172e-19
3.579363e-19
3.562543e-19
3.545713e-19
3.528871e-19
3.512019e-19
3.495156e-19
3.478283e-19
3.461399e-19
3.444505e-19
3.427600e-19
3.410684e-19
3.393758e-19
3.376822e-19
3.359876e-19
3.342919e-19
3.325952e-19
3.308975e-19
3.291989e-19
3.274992e-19
3.257985e-19
3.240968e-19
3.223941e-19
3.206904e-19
3.189858e-19
3.172802e-19
3.155737e-19
3.138661e-19
3.121577e-19
3.104482e-19
3.087378e-19
3.070265e-19
3.053143e-19
3.036011e-19
3.018870e-19
3.001720e-19
2.984561e-19
2.967392e-19
2.950215e-19
2.933029e-19
2.915833e-19
2.898629e-19
2.881416e-19
2.864194e-19
2.846964e-19
2.829725e-19
2.812477e-19
2.795221e-19
2.777956e-19
2.760683e-19
2.743401e-19
2.726111e-19
2.708813e-19
2.691507e-19
2.674192e-19
2.656869e-19
2.639538e-19
2.622199e-19
2.604852e-19
2.587498e-19
2.570135e-19
2.552764e-19
2.535386e-19
2.518000e-19
2.500607e-19
2.483205e-19
2.465797e-19
2.448380e-19
2.430957e-19
2.413525e-19
2.396087e-19
2.378641e-19
2.361188e-19
2.343728e-19
2.326261e-19
2.308787e-19
2.291305e-19
2.273817e-19
2.256322e-19
2.238819e-19
2.221311e-19
2.203795e-19
2.186273e-19
2.168744e-19
2.151208e-19
2.133666e-19
2.116117e-19
2.098562e-19
2.081001e-19
2.063433e-19
2.045859e-19
2.028279e-19
2.010692e-19
1.993100e-19
1.975501e-19
1.957897e-19
1.940286e-19
1.922670e-19
1.905047e-19
1.887419e-19
1.869786e-19
1.852146e-19
1.834501e-19
1.816850e-19
1.799194e-19
1.781532e-19
1.763865e-19
1.746193e-19
1.728515e-19
1.710832e-19
1.693144e-19
1.675451e-19
1.657752e-19
1.640049e-19
1.622340e-19
1.604627e-19
1.586909e-19
1.569186e-19
1.551458e-19
1.533725e-19
1.515988e-19
1.498246e-19
1.480500e-19
1.462749e-19
1.444994e-19
1.427234e-19
1.409470e-19
1.391702e-19
1.373929e-19
1.356153e-19
1.338372e-19
1.320587e-19
1.302798e-19
1.285005e-19
1.267209e-19
1.249408e-19
1.231604e-19
1.213796e-19
1.195984e-19
1.178168e-19
1.160349e-19
1.142527e-19
1.124701e-19
1.106871e-19
1.089039e-19
1.071203e-19
1.053363e-19
1.035521e-19
1.017675e-19
9.998265e-20
9.819747e-20
9.641200e-20
9.462624e-20
9.284018e-20
9.105385e-20
8.926724e-20
8.748036e-20
8.569321e-20
8.390581e-20
8.211815e-20
8.033024e-20
7.854209e-20
7.675370e-20
7.496507e-20
7.317622e-20
7.138715e-20
6.959787e-20
6.780837e-20
6.601867e-20
6.422876e-20
6.243867e-20
6.064838e-20
5.885791e-20
5.706727e-20
5.527645e-20
5.348546e-20
5.169431e-20
4.990301e-20
4.811155e-20
4.631995e-20
4.452821e-20
4.273634e-20
4.094433e-20
3.915221e-20
3.735996e-20
3.556760e-20
3.377514e-20
3.198257e-20
3.018991e-20
2.839716e-20
2.660432e-20
2.481140e-20
2.301841e-20
2.122535e-20
1.943223e-20
1.763904e-20
1.584581e-20
1.405253e-20
1.225920e-20
1.046585e-20
8.672456e-21
6.879041e-21
5.085606e-21
3.292157e-21
1.498699e-21
-2.947616e-22
-2.088221e-21
-3.881672e-21
-5.675110e-21
-7.468530e-21
-9.261925e-21
-1.105529e-20
-1.284862e-20
-1.464191e-20
-1.643516e-20
-1.822835e-20
-2.002149e-20
-2.181457e-20
-2.360757e-20
-2.540051e-20
-2.719336e-20
-2.898613e-20
-3.077882e-20
-3.257140e-20
-3.436389e-20
-3.615627e-20
-3.794854e-20
-3.974069e-20
-4.153273e-20
-4.332463e-20
-4.511640e-20
-4.690803e-20
-4.869952e-20
-5.049085e-20
-5.228204e-20
-5.407306e-20
-5.586392e-20
-5.765460e-20
-5.944511e-20
-6.123544e-20
-6.302558e-20
-6.481552e-20
-6.660527e-20
-6.839481e-20
-7.018414e-20
-7.197326e-20
-7.376216e-20
-7.555083e-20
-7.733928e-20
-7.912748e-20
-8.091544e-20
-8.270316e-20
-8.449062e-20
-8.627782e-20
-8.806476e-20
-8.985143e-20
-9.163783e-20
-9.342395e-20
-9.520978e-20
-9.699531e-20
-9.878056e-20
-1.005655e-19
-1.023501e-19
-1.041345e-19
-1.059185e-19
-1.077021e-19
-1.094855e-19
-1.112685e-19
-1.130512e-19
-1.148335e-19
-1.166155e-19
-1.183971e-19
-1.201784e-19
-1.219593e-19
-1.237398e-19
-1.255199e-19
-1.272997e-19
-1.290791e-19
-1.308580e-19
-1.326366e-19
-1.344148e-19
-1.361925e-19
-1.379699e-19
-1.397468e-19
-1.415233e-19
-1.432994e-19
-1.450750e-19
-1.468502e-19
-1.486249e-19
-1.503992e-19
-1.521730e-19
-1.539464e-19
-1.557193e-19
-1.574917e-19
-1.592637e-19
-1.610351e-19
-1.628061e-19
-1.645765e-19
-1.663465e-19
-1.681159e-19
-1.698849e-19
-1.716533e-19
-1.734212e-19
-1.751886e-19
-1.769554e-19
-1.787217e-19
-1.804874e-19
-1.822526e-19
-1.840173e-19
-1.857814e-19
-1.875449e-19
-1.893078e-19
-1.910702e-19
-1.928320e-19
-1.945932e-19
-1.963538e-19
-1.981138e-19
-1.998732e-19
-2.016319e-19
-2.033901e-19
-2.051477e-19
-2.069046e-19
-2.086609e-19
-2.104166e-19
-2.121716e-19
-2.139259e-19
-2.156797e-19
-2.174327e-19
-2.191851e-19
-2.209369e-19
-2.226879e-19
-2.244383e-19
-2.261880e-19
-2.279370e-19
-2.296853e-19
-2.314329e-19
-2.331798e-19
-2.349260e-19
-2.366715e-19
-2.384162e-19
-2.401602e-19
-2.419035e-19
-2.436461e-19
-2.453879e-19
-2.471290e-19
-2.488693e-19
-2.506089e-19
-2.523476e-19
-2.540857e-19
-2.558229e-19
-2.575594e-19
-2.592951e-19
-2.610300e-19
-2.627641e-19
-2.644973e-19
-2.662298e-19
-2.679615e-19
-2.696924e-19
-2.714224e-19
-2.731516e-19
-2.748800e-19
-2.766075e-19
-2.783342e-19
-2.800601e-19
-2.817851e-19
-2.835092e-19
-2.852325e-19
-2.869549e-19
-2.886764e-19
-2.903971e-19
-2.921169e-19
-2.938357e-19
-2.955537e-19
-2.972708e-19
-2.989870e-19
-3.007022e-19
-3.024166e-19
-3.041300e-19
-3.058425e-19
-3.075541e-19
-3.092647e-19
-3.109744e-19
-3.126831e-19
-3.143909e-19
-3.160977e-19
-3.178036e-19
-3.195085e-19
-3.212124e-19
-3.229154e-19
-3.246173e-19
-3.263183e-19
-3.280183e-19
-3.297173e-19
-3.314152e-19
-3.331122e-19
-3.348082e-19
-3.365031e-19
-3.381970e-19
-3.398899e-19
-3.415817e-19
-3.432725e-19
-3.449622e-19
-3.466509e-19
-3.483386e-19
-3.500252e-19
-3.517107e-19
-3.533951e-19
-3.550785e-19
-3.567608e-19
-3.584420e-19
-3.601221e-19
-3.618011e-19
-3.634790e-19
-3.651558e-19
-3.668315e-19
-3.685061e-19
-3.701795e-19
-3.718519e-19
-3.735231e-19
-3.751931e-19
-3.768620e-19
-3.785298e-19
-3.801964e-19
-3.818618e-19
-3.835261e-19
-3.851892e-19
-3.868512e-19
-3.885120e-19
-3.901715e-19
-3.918299e-19
-3.934871e-19
-3.951431e-19
-3.967979e-19
-3.984515e-19
-4.001039e-19
-4.017551e-19
-4.034050e-19
-4.050537e-19
-4.067012e-19
-4.083474e-19
-4.099924e-19
-4.116361e-19
-4.132786e-19
-4.149199e-19
-4.165598e-19
-4.181985e-19
-4.198360e-19
-4.214721e-19
-4.231070e-19
-4.247405e-19
-4.263728e-19
-4.280038e-19
-4.296335e-19
-4.312618e-19
-4.328889e-19
-4.345146e-19
-4.361390e-19
-4.377621e-19
-4.393839e-19
-4.410043e-19
-4.426234e-19
-4.442411e-19
-4.458575e-19
-4.474725e-19
-4.490861e-19
-4.506984e-19
-4.523093e-19
-4.539189e-19
-4.555270e-19
-4.571338e-19
-4.587391e-19
-4.603431e-19
-4.619457e-19
-4.635468e-19
-4.651466e-19
-4.667449e-19
-4.683419e-19
-4.699373e-19
-4.715314e-19
-4.731240e-19
-4.747152e-19
-4.763050e-19
-4.778932e-19
-4.794801e-19
-4.810654e-19
-4.826493e-19
-4.842318e-19
-4.858127e-19
-4.873922e-19
-4.889702e-19
-4.905467e-19
-4.921218e-19
-4.936953e-19
-4.952673e-19
-4.968378e-19
-4.984068e-19
-4.999743e-19
-5.015402e-19
-5.031047e-19
-5.046676e-19
-5.062289e-19
-5.077887e-19
-5.093470e-19
-5.109037e-19
-5.124589e-19
-5.140125e-19
-5.155645e-19
-5.171150e-19
-5.186639e-19
-5.202112e-19
-5.217569e-19
-5.233011e-19
-5.248436e-19
-5.263846e-19
-5.279239e-19
-5.294617e-19
-5.309978e-19
-5.325323e-19
-5.340652e-19
-5.355965e-19
-5.371261e-19
-5.386541e-19
-5.401805e-19
-5.417052e-19
-5.432283e-19
-5.447497e-19
-5.462695e-19
-5.477875e-19
-5.493040e-19
-5.508187e-19
-5.523318e-19
-5.538432e-19
-5.553529e-19
-5.568609e-19
-5.583672e-19
-5.598719e-19
-5.613748e-19
-5.628760e-19
-5.643755e-19
-5.658733e-19
-5.673693e-19
-5.688636e-19
-5.703562e-19
-5.718471e-19
-5.733362e-19
-5.748236e-19
-5.763092e-19
-5.777931e-19
-5.792752e-19
-5.807555e-19
-5.822341e-19
-5.837109e-19
-5.851860e-19
-5.866592e-19
-5.881307e-19
-5.896003e-19
-5.910682e-19
-5.925343e-19
-5.939986e-19
-5.954610e-19
-5.969217e-19
-5.983805e-19
-5.998375e-19
-6.012927e-19
-6.027461e-19
-6.041976e-19
-6.056473e-19
-6.070951e-19
-6.085411e-19
-6.099853e-19
-6.114275e-19
-6.128680e-19
-6.143065e-19
-6.157432e-19
-6.171780e-19
-6.186110e-19
-6.200420e-19
-6.214712e-19
-6.228984e-19
-6.243238e-19
-6.257473e-19
-6.271689e-19
-6.285885e-19
-6.300063e-19
-6.314221e-19
-6.328360e-19
-6.342480e-19
-6.356580e-19
-6.370662e-19
-6.384723e-19
-6.398766e-19
-6.412789e-19
-6.426792e-19
-6.440776e-19
-6.454740e-19
-6.468684e-19
-6.482609e-19
-6.496514e-19
-6.510400e-19
-6.524265e-19
-6.538111e-19
-6.551937e-19
-6.565743e-19
-6.579528e-19
-6.593294e-19
-6.607040e-19
-6.620766e-19
-6.634471e-19
-6.648156e-19
-6.661822e-19
-6.675466e-19
-6.689091e-19
-6.702695e-19
-6.716279e-19
-6.729842e-19
-6.743385e-19
-6.756907e-19
-6.770409e-19
-6.783890e-19
-6.797350e-19
-6.810790e-19
-6.824209e-19
-6.837607e-19
-6.850985e-19
-6.864341e-19
-6.877677e-19
-6.890992e-19
-6.904286e-19
-6.917558e-19
-6.930810e-19
-6.944041e-19
-6.957250e-19
-6.970438e-19
-6.983606e-19
-6.996751e-19
-7.009876e-19
-7.022979e-19
-7.036061e-19
-7.049122e-19
-7.062161e-19
-7.075178e-19
-7.088174e-19
-7.101148e-19
-7.114101e-19
-7.127032e-19
-7.139942e-19
-7.152830e-19
-7.165695e-19
-7.178540e-19
-7.191362e-19
-7.204162e-19
-7.216941e-19
-7.229697e-19
-7.242432e-19
-7.255144e-19
-7.267835e-19
-7.280503e-19
-7.293149e-19
-7.305773e-19
-7.318375e-19
-7.330954e-19
-7.343511e-19
-7.356046e-19
-7.368558e-19
-7.381048e-19
-7.393516e-19
-7.405961e-19
-7.418383e-19
-7.430783e-19
-7.443160e-19
-7.455515e-19
-7.467847e-19
-7.480156e-19
-7.492443e-19
-7.504706e-19
-7.516947e-19
-7.529165e-19
-7.541360e-19
-7.553532e-19
-7.565681e-19
-7.577807e-19
-7.589910e-19
-7.601990e-19
-7.614047e-19
-7.626080e-19
-7.638091e-19
-7.650078e-19
-7.662042e-19
-7.673982e-19
-7.685899e-19
-7.697793e-19
-7.709663e-19
-7.721510e-19
-7.733334e-19
-7.745134e-19
-7.756910e-19
-7.768663e-19
-7.780392e-19
-7.792097e-19
-7.803779e-19
-7.815437e-19
-7.827071e-19
-7.838681e-19
-7.850268e-19
-7.861830e-19
-7.873369e-19
-7.884884e-19
-7.896374e-19
-7.907841e-19
-7.919284e-19
-7.930702e-19
-7.942097e-19
-7.953467e-19
-7.964813e-19
-7.976135e-19
-7.987432e-19
-7.998705e-19
-8.009954e-19
-8.021179e-19
-8.032379e-19
-8.043554e-19
-8.054706e-19
-8.065832e-19
-8.076934e-19
-8.088012e-19
-8.099065e-19
-8.110093e-19
-8.121097e-19
-8.132075e-19
-8.143030e-19
-8.153959e-19
-8.164864e-19
-8.175743e-19
-8.186598e-19
-8.197428e-19
-8.208233e-19
-8.219013e-19
-8.229768e-19
-8.240498e-19
-8.251203e-19
-8.261883e-19
-8.272537e-19
-8.283167e-19
-8.293771e-19
-8.304350e-19
-8.314904e-19
-8.325432e-19
-8.335935e-19
-8.346413e-19
-8.356865e-19
-8.367292e-19
-8.377694e-19
-8.388070e-19
-8.398420e-19
-8.408745e-19
-8.419044e-19
-8.429318e-19
-8.439566e-19
-8.449788e-19
-8.459985e-19
-8.470156e-19
-8.480301e-19
-8.490420e-19
-8.500514e-19
-8.510582e-19
-8.520623e-19
-8.530639e-19
-8.540629e-19
-8.550593e-19
-8.560531e-19
-8.570442e-19
-8.580328e-19
-8.590188e-19
-8.600021e-19
-8.609829e-19
-8.619610e-19
-8.629365e-19
-8.639093e-19
-8.648796e-19
-8.658472e-19
-8.668121e-19
-8.677745e-19
-8.687341e-19
-8.696912e-19
-8.706456e-19
-8.715973e-19
-8.725464e-19
-8.734929e-19
-8.744367e-19
-8.753778e-19
-8.763163e-19
-8.772521e-19
-8.781852e-19
-8.791156e-19
-8.800434e-19
-8.809685e-19
-8.818910e-19
-8.828107e-19
-8.837277e-19
-8.846421e-19
-8.855538e-19
-8.864628e-19
-8.873690e-19
-8.882726e-19
-8.891735e-19
-8.900717e-19
-8.909671e-19
-8.918599e-19
-8.927499e-19
-8.936373e-19
-8.945219e-19
-8.954038e-19
-8.962829e-19
-8.971593e-19
-8.980330e-19
-8.989040e-19
-8.997723e-19
-9.006377e-19
-9.015005e-19
-9.023605e-19
-9.032178e-19
-9.040723e-19
-9.049241e-19
-9.057731e-19
-9.066194e-19
-9.074629e-19
-9.083036e-19
-9.091416e-19
-9.099768e-19
-9.108092e-19
-9.116389e-19
-9.124658e-19
-9.132899e-19
-9.141113e-19
-9.149298e-19
-9.157456e-19
-9.165586e-19
-9.173688e-19
-9.181762e-19
-9.189808e-19
-9.197827e-19
-9.205817e-19
-9.213779e-19
-9.221713e-19
-9.229619e-19
-9.237497e-19
-9.245347e-19
-9.253169e-19
-9.260963e-19
-9.268728e-19
-9.276466e-19
-9.284175e-19
-9.291856e-19
-9.299508e-19
-9.307132e-19
-9.314728e-19
-9.322296e-19
-9.329835e-19
-9.337346e-19
-9.344828e-19
-9.352282e-19
-9.359708e-19
-9.367105e-19
-9.374474e-19
-9.381814e-19
-9.389125e-19
-9.396408e-19
-9.403663e-19
-9.410888e-19
-9.418085e-19
-9.425254e-19
-9.432394e-19
-9.439505e-19
-9.446587e-19
-9.453641e-19
-9.460666e-19
-9.467662e-19
-9.474629e-19
-9.481567e-19
-9.488477e-19
-9.495358e-19
-9.502210e-19
-9.509033e-19
-9.515827e-19
-9.522592e-19
-9.529328e-19
-9.536035e-19
-9.542713e-19
-9.549362e-19
-9.555982e-19
-9.562573e-19
-9.569135e-19
-9.575667e-19
-9.582171e-19
-9.588645e-19
-9.595091e-19
-9.601507e-19
-9.607893e-19
-9.614251e-19
-9.620579e-19
-9.626879e-19
-9.633148e-19
-9.639389e-19
-9.645600e-19
-9.651782e-19
-9.657934e-19
-9.664057e-19
-9.670151e-19
-9.676215e-19
-9.682250e-19
-9.688255e-19
-9.694231e-19
-9.700178e-19
-9.706094e-19
-9.711982e-19
-9.717840e-19
-9.723668e-19
-9.729466e-19
-9.735236e-19
-9.740975e-19
-9.746685e-19
-9.752365e-19
-9.758015e-19
-9.763636e-19
-9.769227e-19
-9.774788e-19
-9.780320e-19
-9.785822e-19
-9.791294e-19
-9.796736e-19
-9.802149e-19
-9.807531e-19
-9.812884e-19
-9.818207e-19
-9.823500e-19
-9.828763e-19
-9.833997e-19
-9.839200e-19
-9.844374e-19
-9.849517e-19
-9.854631e-19
-9.859714e-19
-9.864768e-19
-9.869791e-19
-9.874785e-19
-9.879748e-19
-9.884682e-19
-9.889585e-19
-9.894458e-19
-9.899301e-19
-9.904114e-19
-9.908897e-19
-9.913650e-19
-9.918373e-19
-9.923065e-19
-9.927727e-19
-9.932359e-19
-9.936961e-19
-9.941532e-19
-9.946074e-19
-9.950585e-19
-9.955066e-19
-9.959516e-19
-9.963936e-19
-9.968326e-19
-9.972686e-19
-9.977015e-19
-9.981314e-19
-9.985582e-19
-9.989820e-19
-9.994028e-19
-9.998205e-19
-1.000235e-18
-1.000647e-18
-1.001055e-18
-1.001461e-18
-1.001864e-18
-1.002263e-18
-1.002659e-18
-1.003053e-18
-1.003443e-18
-1.003830e-18
-1.004215e-18
-1.004596e-18
-1.004974e-18
-1.005349e-18
-1.005721e-18
-1.006090e-18
-1.006456e-18
-1.006818e-18
-1.007178e-18
-1.007535e-18
-1.007888e-18
-1.008239e-18
-1.008586e-18
-1.008931e-18
-1.009272e-18
-1.009610e-18
-1.009945e-18
-1.010278e-18
-1.010607e-18
-1.010933e-18
-1.011255e-18
-1.011575e-18
-1.011892e-18
-1.012206e-18
-1.012516e-18
-1.012824e-18
-1.013128e-18
-1.013429e-18
-1.013728e-18
-1.014023e-18
-1.014315e-18
-1.014604e-18
-1.014890e-18
-1.015173e-18
-1.015452e-18
-1.015729e-18
-1.016003e-18
-1.016273e-18
-1.016540e-18
-1.016805e-18
-1.017066e-18
-1.017324e-18
-1.017579e-18
-1.017831e-18
-1.018080e-18
-1.018325e-18
-1.018568e-18
-1.018807e-18
-1.019044e-18
-1.019277e-18
-1.019507e-18
-1.019734e-18
-1.019958e-18
-1.020179e-18
-1.020397e-18
-1.020612e-18
-1.020823e-18
-1.021032e-18
-1.021237e-18
-1.021439e-18
-1.021639e-18
-1.021835e-18
-1.022028e-18
-1.022217e-18
-1.022404e-18
-1.022588e-18
-1.022768e-18
-1.022946e-18
-1.023120e-18
-1.023291e-18
-1.023459e-18
-1.023624e-18
-1.023786e-18
-1.023944e-18
-1.024100e-18
-1.024252e-18
-1.024402e-18
-1.024548e-18
-1.024691e-18
-1.024831e-18
-1.024968e-18
-1.025102e-18
-1.025232e-18
-1.025360e-18
-1.025484e-18
-1.025606e-18
-1.025724e-18
-1.025839e-18
-1.025951e-18
-1.026060e-18
-1.026165e-18
-1.026268e-18
-1.026367e-18
-1.026464e-18
-1.026557e-18
-1.026647e-18
-1.026734e-18
-1.026818e-18
-1.026898e-18
-1.026976e-18
-1.027050e-18
-1.027122e-18
-1.027190e-18
-1.027255e-18
-1.027317e-18
-1.027376e-18
-1.027431e-18
-1.027484e-18
-1.027533e-18
-1.027580e-18
-1.027623e-18
-1.027663e-18
-1.027700e-18
-1.027734e-18
-1.027764e-18
-1.027792e-18
-1.027816e-18
-1.027838e-18
-1.027856e-18
-1.027871e-18
-1.027883e-18
-1.027891e-18
-1.027897e-18
-1.027900e-18
