1.374326e-18
1.374321e-18
1.374312e-18
1.374299e-18
1.374282e-18
1.374260e-18
1.374234e-18
1.374204e-18
1.374170e-18
1.374132e-18
1.374089e-18
1.374042e-18
1.373991e-18
1.373936e-18
1.373877e-18
1.373813e-18
1.373746e-18
1.373674e-18
1.373598e-18
1.373517e-18
1.373433e-18
1.373344e-18
1.373251e-18
1.373154e-18
1.373053e-18
1.372948e-18
1.372838e-18
1.372724e-18
1.372607e-18
1.372484e-18
1.372358e-18
1.372228e-18
1.372093e-18
1.371954e-18
1.371811e-18
1.371664e-18
1.371512e-18
1.371357e-18
1.371197e-18
1.371033e-18
1.370865e-18
1.370692e-18
1.370516e-18
1.370335e-18
1.370150e-18
1.369961e-18
1.369768e-18
1.369571e-18
1.369369e-18
1.369163e-18
1.368953e-18
1.368739e-18
1.368521e-18
1.368299e-18
1.368072e-18
1.367841e-18
1.367606e-18
1.367367e-18
1.367124e-18
1.366876e-18
1.366625e-18
1.366369e-18
1.366109e-18
1.365845e-18
1.365577e-18
1.365304e-18
1.365028e-18
1.364747e-18
1.364462e-18
1.364173e-18
1.363880e-18
1.363582e-18
1.363281e-18
1.362975e-18
1.362665e-18
1.362351e-18
1.362033e-18
1.361711e-18
1.361384e-18
1.361053e-18
1.360719e-18
1.360380e-18
1.360037e-18
1.359689e-18
1.359338e-18
1.358983e-18
1.358623e-18
1.358259e-18
1.357891e-18
1.357519e-18
1.357143e-18
1.356763e-18
1.356378e-18
1.355989e-18
1.355597e-18
1.355200e-18
1.354799e-18
1.354394e-18
1.353984e-18
1.353571e-18
1.353154e-18
1.352732e-18
1.352306e-18
1.351876e-18
1.351442e-18
1.351004e-18
1.350562e-18
1.350116e-18
1.349665e-18
1.349210e-18
1.348752e-18
1.348289e-18
1.347822e-18
1.347351e-18
1.346876e-18
1.346397e-18
1.345913e-18
1.345426e-18
1.344934e-18
1.344439e-18
1.343939e-18
1.343435e-18
1.342927e-18
1.342415e-18
1.341899e-18
1.341379e-18
1.340855e-18
1.340326e-18
1.339794e-18
1.339257e-18
1.338717e-18
1.338172e-18
1.337623e-18
1.337070e-18
1.336513e-18
1.335952e-18
1.335387e-18
1.334818e-18
1.334245e-18
1.333668e-18
1.333086e-18
1.332501e-18
1.331912e-18
1.331318e-18
1.330721e-18
1.330119e-18
1.329513e-18
1.328904e-18
1.328290e-18
1.327672e-18
1.327050e-18
1.326424e-18
1.325794e-18
1.325160e-18
1.324522e-18
1.323880e-18
1.323234e-18
1.322584e-18
1.321930e-18
1.321272e-18
1.320609e-18
1.319943e-18
1.319273e-18
1.318599e-18
1.317920e-18
1.317238e-18
1.316552e-18
1.315861e-18
1.315167e-18
1.314469e-18
1.313766e-18
1.313060e-18
1.312350e-18
1.311635e-18
1.310917e-18
1.310195e-18
1.309468e-18
1.308738e-18
1.308004e-18
1.307266e-18
1.306523e-18
1.305777e-18
1.305027e-18
1.304273e-18
1.303514e-18
1.302752e-18
1.301986e-18
1.301216e-18
1.300442e-18
1.299664e-18
1.298882e-18
1.298096e-18
1.297306e-18
1.296513e-18
1.295715e-18
1.294913e-18
1.294108e-18
1.293298e-18
1.292484e-18
1.291667e-18
1.290846e-18
1.290020e-18
1.289191e-18
1.288358e-18
1.287521e-18
1.286680e-18
1.285835e-18
1.284986e-18
1.284133e-18
1.283276e-18
1.282416e-18
1.281551e-18
1.280683e-18
1.279811e-18
1.278934e-18
1.278054e-18
1.277170e-18
1.276282e-18
1.275391e-18
1.274495e-18
1.273595e-18
1.272692e-18
1.271785e-18
1.270874e-18
1.269959e-18
1.269040e-18
1.268117e-18
1.267190e-18
1.266260e-18
1.265326e-18
1.264387e-18
1.263445e-18
1.262499e-18
1.261550e-18
1.260596e-18
1.259639e-18
1.258678e-18
1.257712e-18
1.256744e-18
1.255771e-18
1.254794e-18
1.253814e-18
1.252830e-18
1.251842e-18
1.250850e-18
1.249854e-18
1.248855e-18
1.247852e-18
1.246845e-18
1.245834e-18
1.244819e-18
1.243801e-18
1.242779e-18
1.241753e-18
1.240723e-18
1.239689e-18
1.238652e-18
1.237611e-18
1.236566e-18
1.235518e-18
1.234465e-18
1.233409e-18
1.232349e-18
1.231286e-18
1.230218e-18
1.229147e-18
1.228072e-18
1.226994e-18
1.225911e-18
1.224825e-18
1.223736e-18
1.222642e-18
1.221545e-18
1.220444e-18
1.219339e-18
1.218231e-18
1.217119e-18
1.216003e-18
1.214883e-18
1.213760e-18
1.212633e-18
1.211503e-18
1.210368e-18
1.209231e-18
1.208089e-18
1.206944e-18
1.205795e-18
1.204642e-18
1.203486e-18
1.202326e-18
1.201162e-18
1.199995e-18
1.198824e-18
1.197649e-18
1.196471e-18
1.195289e-18
1.194104e-18
1.192915e-18
1.191722e-18
1.190525e-18
1.189325e-18
1.188122e-18
1.186914e-18
1.185704e-18
1.184489e-18
1.183271e-18
1.182049e-18
1.180824e-18
1.179595e-18
1.178363e-18
1.177127e-18
1.175887e-18
1.174644e-18
1.173397e-18
1.172147e-18
1.170893e-18
1.169635e-18
1.168374e-18
1.167110e-18
1.165842e-18
1.164570e-18
1.163295e-18
1.162016e-18
1.160734e-18
1.159448e-18
1.158158e-18
1.156866e-18
1.155569e-18
1.154269e-18
1.152966e-18
1.151659e-18
1.150348e-18
1.149034e-18
1.147717e-18
1.146396e-18
1.145072e-18
1.143744e-18
1.142412e-18
1.141078e-18
1.139739e-18
1.138397e-18
1.137052e-18
1.135703e-18
1.134351e-18
1.132996e-18
1.131637e-18
1.130274e-18
1.128908e-18
1.127539e-18
1.126166e-18
1.124790e-18
1.123410e-18
1.122027e-18
1.120641e-18
1.119251e-18
1.117857e-18
1.116461e-18
1.115061e-18
1.113657e-18
1.112250e-18
1.110840e-18
1.109426e-18
1.108009e-18
1.106589e-18
1.105165e-18
1.103738e-18
1.102308e-18
1.100874e-18
1.099437e-18
1.097996e-18
1.096552e-18
1.095105e-18
1.093655e-18
1.092201e-18
1.090744e-18
1.089283e-18
1.087819e-18
1.086352e-18
1.084882e-18
1.083408e-18
1.081931e-18
1.080451e-18
1.078968e-18
1.077481e-18
1.075991e-18
1.074497e-18
1.073001e-18
1.071501e-18
1.069997e-18
1.068491e-18
1.066981e-18
1.065468e-18
1.063952e-18
1.062433e-18
1.060910e-18
1.059384e-18
1.057855e-18
1.056323e-18
1.054788e-18
1.053249e-18
1.051707e-18
1.050162e-18
1.048614e-18
1.047062e-18
1.045507e-18
1.043950e-18
1.042389e-18
1.040824e-18
1.039257e-18
1.037687e-18
1.036113e-18
1.034536e-18
1.032956e-18
1.031373e-18
1.029787e-18
1.028197e-18
1.026605e-18
1.025009e-18
1.023411e-18
1.021809e-18
1.020204e-18
1.018596e-18
1.016985e-18
1.015370e-18
1.013753e-18
1.012133e-18
1.010509e-18
1.008883e-18
1.007253e-18
1.005620e-18
1.003985e-18
1.002346e-18
1.000704e-18
9.990593e-19
9.974114e-19
9.957605e-19
9.941065e-19
9.924495e-19
9.907896e-19
9.891266e-19
9.874605e-19
9.857915e-19
9.841195e-19
9.824445e-19
9.807666e-19
9.790856e-19
9.774017e-19
9.757148e-19
9.740249e-19
9.723321e-19
9.706363e-19
9.689376e-19
9.672359e-19
9.655313e-19
9.638237e-19
9.621132e-19
9.603998e-19
9.586835e-19
9.569643e-19
9.552422e-19
9.535171e-19
9.517892e-19
9.500584e-19
9.483246e-19
9.465880e-19
9.448486e-19
9.431062e-19
9.413610e-19
9.396130e-19
9.378620e-19
9.361083e-19
9.343517e-19
9.325922e-19
9.308299e-19
9.290648e-19
9.272969e-19
9.255261e-19
9.237526e-19
9.219762e-19
9.201970e-19
9.184151e-19
9.166303e-19
9.148428e-19
9.130525e-19
9.112594e-19
9.094635e-19
9.076649e-19
9.058635e-19
9.040594e-19
9.022525e-19
9.004429e-19
8.986306e-19
8.968155e-19
8.949977e-19
8.931772e-19
8.913540e-19
8.895280e-19
8.876994e-19
8.858680e-19
8.840340e-19
8.821973e-19
8.803579e-19
8.785159e-19
8.766711e-19
8.748237e-19
8.729737e-19
8.711210e-19
8.692657e-19
8.674077e-19
8.655471e-19
8.636838e-19
8.618179e-19
8.599495e-19
8.580784e-19
8.562047e-19
8.543284e-19
8.524495e-19
8.505680e-19
8.486839e-19
8.467973e-19
8.449081e-19
8.430163e-19
8.411220e-19
8.392251e-19
8.373257e-19
8.354237e-19
8.335192e-19
8.316121e-19
8.297025e-19
8.277905e-19
8.258759e-19
8.239588e-19
8.220391e-19
8.201170e-19
8.181924e-19
8.162654e-19
8.143358e-19
8.124038e-19
8.104693e-19
8.085323e-19
8.065929e-19
8.046511e-19
8.027068e-19
8.007601e-19
7.988109e-19
7.968593e-19
7.949053e-19
7.929489e-19
7.909901e-19
7.890288e-19
7.870652e-19
7.850992e-19
7.831308e-19
7.811601e-19
7.791869e-19
7.772114e-19
7.752336e-19
7.732533e-19
7.712708e-19
7.692859e-19
7.672987e-19
7.653091e-19
7.633172e-19
7.613230e-19
7.593265e-19
7.573277e-19
7.553266e-19
7.533232e-19
7.513175e-19
7.493095e-19
7.472993e-19
7.452868e-19
7.432720e-19
7.412550e-19
7.392357e-19
7.372142e-19
7.351904e-19
7.331644e-19
7.311362e-19
7.291058e-19
7.270732e-19
7.250383e-19
7.230013e-19
7.209621e-19
7.189206e-19
7.168770e-19
7.148313e-19
7.127833e-19
7.107332e-19
7.086810e-19
7.066265e-19
7.045700e-19
7.025113e-19
7.004505e-19
6.983875e-19
6.963225e-19
6.942553e-19
6.921860e-19
6.901146e-19
6.880412e-19
6.859656e-19
6.838880e-19
6.818082e-19
6.797265e-19
6.776426e-19
6.755567e-19
6.734688e-19
6.713788e-19
6.692868e-19
6.671927e-19
6.650966e-19
6.629985e-19
6.608984e-19
6.587963e-19
6.566922e-19
6.545861e-19
6.524781e-19
6.503680e-19
6.482560e-19
6.461420e-19
6.440260e-19
6.419081e-19
6.397883e-19
6.376665e-19
6.355428e-19
6.334171e-19
6.312895e-19
6.291601e-19
6.270287e-19
6.248954e-19
6.227602e-19
6.206231e-19
6.184842e-19
6.163434e-19
6.142007e-19
6.120561e-19
6.099097e-19
6.077614e-19
6.056113e-19
6.034594e-19
6.013056e-19
5.991500e-19
5.969926e-19
5.948334e-19
5.926724e-19
5.905096e-19
5.883450e-19
5.861786e-19
5.840105e-19
5.818405e-19
5.796688e-19
5.774954e-19
5.753202e-19
5.731433e-19
5.709646e-19
5.687842e-19
5.666021e-19
5.644182e-19
5.622327e-19
5.600454e-19
5.578565e-19
5.556658e-19
5.534735e-19
5.512795e-19
5.490838e-19
5.468865e-19
5.446875e-19
5.424868e-19
5.402846e-19
5.380806e-19
5.358751e-19
5.336679e-19
5.314591e-19
5.292487e-19
5.270367e-19
5.248231e-19
5.226079e-19
5.203912e-19
5.181728e-19
5.159529e-19
5.137314e-19
5.115084e-19
5.092838e-19
5.070577e-19
5.048301e-19
5.026009e-19
5.003702e-19
4.981379e-19
4.959042e-19
4.936690e-19
4.914323e-19
4.891941e-19
4.869544e-19
4.847132e-19
4.824706e-19
4.802265e-19
4.779809e-19
4.757339e-19
4.734855e-19
4.712356e-19
4.689843e-19
4.667316e-19
4.644775e-19
4.622220e-19
4.599651e-19
4.577067e-19
4.554470e-19
4.531860e-19
4.509235e-19
4.486597e-19
4.463945e-19
4.441280e-19
4.418601e-19
4.395909e-19
4.373204e-19
4.350485e-19
4.327754e-19
4.305009e-19
4.282251e-19
4.259480e-19
4.236697e-19
4.213900e-19
4.191091e-19
4.168269e-19
4.145434e-19
4.122587e-19
4.099728e-19
4.076856e-19
4.053972e-19
4.031075e-19
4.008167e-19
3.985246e-19
3.962313e-19
3.939368e-19
3.916412e-19
3.893443e-19
3.870463e-19
3.847471e-19
3.824467e-19
3.801452e-19
3.778425e-19
3.755387e-19
3.732338e-19
3.709277e-19
3.686205e-19
3.663122e-19
3.640028e-19
3.616923e-19
3.593807e-19
3.570680e-19
3.547542e-19
3.524394e-19
3.501235e-19
3.478065e-19
3.454885e-19
3.431694e-19
3.408494e-19
3.385282e-19
3.362061e-19
3.338829e-19
3.315588e-19
3.292336e-19
3.269074e-19
3.245803e-19
3.222522e-19
3.199231e-19
3.175930e-19
3.152620e-19
3.129300e-19
3.105971e-19
3.082632e-19
3.059284e-19
3.035927e-19
3.012561e-19
2.989185e-19
2.965801e-19
2.942408e-19
2.919006e-19
2.895595e-19
2.872175e-19
2.848746e-19
2.825309e-19
2.801864e-19
2.778410e-19
2.754948e-19
2.731477e-19
2.707998e-19
2.684511e-19
2.661016e-19
2.637513e-19
2.614002e-19
2.590483e-19
2.566956e-19
2.543422e-19
2.519880e-19
2.496330e-19
2.472773e-19
2.449208e-19
2.425636e-19
2.402056e-19
2.378470e-19
2.354876e-19
2.331275e-19
2.307667e-19
2.284053e-19
2.260431e-19
2.236802e-19
2.213167e-19
2.189525e-19
2.165877e-19
2.142222e-19
2.118560e-19
2.094893e-19
2.071219e-19
2.047538e-19
2.023852e-19
2.000159e-19
1.976461e-19
1.952756e-19
1.929046e-19
1.905330e-19
1.881608e-19
1.857880e-19
1.834147e-19
1.810409e-19
1.786665e-19
1.762915e-19
1.739160e-19
1.715401e-19
1.691636e-19
1.667865e-19
1.644090e-19
1.620310e-19
1.596525e-19
1.572736e-19
1.548941e-19
1.525142e-19
1.501339e-19
1.477531e-19
1.453718e-19
1.429901e-19
1.406080e-19
1.382255e-19
1.358425e-19
1.334592e-19
1.310754e-19
1.286913e-19
1.263068e-19
1.239218e-19
1.215366e-19
1.191509e-19
1.167649e-19
1.143786e-19
1.119919e-19
1.096049e-19
1.072176e-19
1.048299e-19
1.024419e-19
1.000537e-19
9.766510e-20
9.527624e-20
9.288710e-20
9.049768e-20
8.810799e-20
8.571804e-20
8.332784e-20
8.093739e-20
7.854670e-20
7.615578e-20
7.376464e-20
7.137328e-20
6.898171e-20
6.658993e-20
6.419796e-20
6.180581e-20
5.941347e-20
5.702095e-20
5.462828e-20
5.223544e-20
4.984245e-20
4.744931e-20
4.505604e-20
4.266264e-20
4.026912e-20
3.787548e-20
3.548173e-20
3.308788e-20
3.069394e-20
2.829991e-20
2.590580e-20
2.351162e-20
2.111737e-20
1.872307e-20
1.632872e-20
1.393432e-20
1.153989e-20
9.145430e-21
6.750949e-21
4.356455e-21
1.961955e-21
-4.325448e-22
-2.827036e-21
-5.221513e-21
-7.615966e-21
-1.001039e-20
-1.240478e-20
-1.479912e-20
-1.719341e-20
-1.958764e-20
-2.198180e-20
-2.437590e-20
-2.676991e-20
-2.916383e-20
-3.155766e-20
-3.395138e-20
-3.634500e-20
-3.873849e-20
-4.113187e-20
-4.352511e-20
-4.591821e-20
-4.831117e-20
-5.070397e-20
-5.309661e-20
-5.548909e-20
-5.788138e-20
-6.027350e-20
-6.266543e-20
-6.505716e-20
-6.744868e-20
-6.983999e-20
-7.223109e-20
-7.462196e-20
-7.701259e-20
-7.940299e-20
-8.179313e-20
-8.418302e-20
-8.657265e-20
-8.896201e-20
-9.135109e-20
-9.373989e-20
-9.612840e-20
-9.851661e-20
-1.009045e-19
-1.032921e-19
-1.056794e-19
-1.080663e-19
-1.104529e-19
-1.128392e-19
-1.152251e-19
-1.176106e-19
-1.199958e-19
-1.223807e-19
-1.247651e-19
-1.271492e-19
-1.295328e-19
-1.319161e-19
-1.342990e-19
-1.366814e-19
-1.390634e-19
-1.414450e-19
-1.438262e-19
-1.462069e-19
-1.485871e-19
-1.509670e-19
-1.533463e-19
-1.557252e-19
-1.581035e-19
-1.604814e-19
-1.628589e-19
-1.652358e-19
-1.676122e-19
-1.699880e-19
-1.723634e-19
-1.747382e-19
-1.771125e-19
-1.794863e-19
-1.818595e-19
-1.842321e-19
-1.866042e-19
-1.889757e-19
-1.913466e-19
-1.937169e-19
-1.960866e-19
-1.984558e-19
-2.008243e-19
-2.031922e-19
-2.055595e-19
-2.079261e-19
-2.102921e-19
-2.126575e-19
-2.150222e-19
-2.173863e-19
-2.197497e-19
-2.221124e-19
-2.244744e-19
-2.268358e-19
-2.291964e-19
-2.315563e-19
-2.339156e-19
-2.362741e-19
-2.386319e-19
-2.409890e-19
-2.433453e-19
-2.457009e-19
-2.480557e-19
-2.504098e-19
-2.527631e-19
-2.551156e-19
-2.574674e-19
-2.598183e-19
-2.621685e-19
-2.645178e-19
-2.668664e-19
-2.692141e-19
-2.715610e-19
-2.739071e-19
-2.762523e-19
-2.785967e-19
-2.809403e-19
-2.832830e-19
-2.856248e-19
-2.879657e-19
-2.903058e-19
-2.926450e-19
-2.949832e-19
-2.973206e-19
-2.996571e-19
-3.019926e-19
-3.043273e-19
-3.066610e-19
-3.089937e-19
-3.113255e-19
-3.136564e-19
-3.159863e-19
-3.183152e-19
-3.206432e-19
-3.229702e-19
-3.252962e-19
-3.276212e-19
-3.299452e-19
-3.322682e-19
-3.345901e-19
-3.369111e-19
-3.392310e-19
-3.415499e-19
-3.438678e-19
-3.461846e-19
-3.485003e-19
-3.508150e-19
-3.531286e-19
-3.554411e-19
-3.577525e-19
-3.600629e-19
-3.623721e-19
-3.646803e-19
-3.669873e-19
-3.692932e-19
-3.715980e-19
-3.739016e-19
-3.762041e-19
-3.785055e-19
-3.808057e-19
-3.831047e-19
-3.854026e-19
-3.876993e-19
-3.899948e-19
-3.922891e-19
-3.945822e-19
-3.968741e-19
-3.991648e-19
-4.014543e-19
-4.037425e-19
-4.060296e-19
-4.083154e-19
-4.105999e-19
-4.128832e-19
-4.151652e-19
-4.174460e-19
-4.197255e-19
-4.220037e-19
-4.242806e-19
-4.265562e-19
-4.288305e-19
-4.311035e-19
-4.333752e-19
-4.356456e-19
-4.379147e-19
-4.401824e-19
-4.424487e-19
-4.447138e-19
-4.469774e-19
-4.492397e-19
-4.515007e-19
-4.537602e-19
-4.560184e-19
-4.582752e-19
-4.605305e-19
-4.627845e-19
-4.650371e-19
-4.672882e-19
-4.695380e-19
-4.717863e-19
-4.740331e-19
-4.762785e-19
-4.785225e-19
-4.807650e-19
-4.830060e-19
-4.852456e-19
-4.874836e-19
-4.897202e-19
-4.919553e-19
-4.941889e-19
-4.964210e-19
-4.986516e-19
-5.008807e-19
-5.031082e-19
-5.053342e-19
-5.075587e-19
-5.097816e-19
-5.120029e-19
-5.142227e-19
-5.164410e-19
-5.186576e-19
-5.208727e-19
-5.230862e-19
-5.252981e-19
-5.275084e-19
-5.297171e-19
-5.319241e-19
-5.341296e-19
-5.363334e-19
-5.385356e-19
-5.407361e-19
-5.429350e-19
-5.451323e-19
-5.473279e-19
-5.495218e-19
-5.517140e-19
-5.539046e-19
-5.560935e-19
-5.582807e-19
-5.604661e-19
-5.626499e-19
-5.648320e-19
-5.670123e-19
-5.691909e-19
-5.713678e-19
-5.735429e-19
-5.757163e-19
-5.778880e-19
-5.800578e-19
-5.822260e-19
-5.843923e-19
-5.865568e-19
-5.887196e-19
-5.908806e-19
-5.930398e-19
-5.951971e-19
-5.973527e-19
-5.995064e-19
-6.016583e-19
-6.038084e-19
-6.059567e-19
-6.081031e-19
-6.102476e-19
-6.123903e-19
-6.145311e-19
-6.166701e-19
-6.188071e-19
-6.209423e-19
-6.230756e-19
-6.252070e-19
-6.273365e-19
-6.294641e-19
-6.315898e-19
-6.337135e-19
-6.358353e-19
-6.379552e-19
-6.400731e-19
-6.421891e-19
-6.443032e-19
-6.464152e-19
-6.485253e-19
-6.506335e-19
-6.527396e-19
-6.548438e-19
-6.569459e-19
-6.590461e-19
-6.611443e-19
-6.632404e-19
-6.653345e-19
-6.674266e-19
-6.695167e-19
-6.716047e-19
-6.736907e-19
-6.757747e-19
-6.778566e-19
-6.799364e-19
-6.820141e-19
-6.840898e-19
-6.861634e-19
-6.882349e-19
-6.903043e-19
-6.923716e-19
-6.944368e-19
-6.964999e-19
-6.985608e-19
-7.006197e-19
-7.026764e-19
-7.047310e-19
-7.067834e-19
-7.088336e-19
-7.108818e-19
-7.129277e-19
-7.149715e-19
-7.170131e-19
-7.190525e-19
-7.210898e-19
-7.231248e-19
-7.251576e-19
-7.271883e-19
-7.292167e-19
-7.312429e-19
-7.332669e-19
-7.352886e-19
-7.373081e-19
-7.393254e-19
-7.413404e-19
-7.433531e-19
-7.453636e-19
-7.473719e-19
-7.493778e-19
-7.513815e-19
-7.533829e-19
-7.553820e-19
-7.573788e-19
-7.593733e-19
-7.613654e-19
-7.633553e-19
-7.653428e-19
-7.673281e-19
-7.693109e-19
-7.712915e-19
-7.732697e-19
-7.752455e-19
-7.772190e-19
-7.791901e-19
-7.811588e-19
-7.831252e-19
-7.850892e-19
-7.870508e-19
-7.890100e-19
-7.909668e-19
-7.929212e-19
-7.948732e-19
-7.968227e-19
-7.987699e-19
-8.007146e-19
-8.026569e-19
-8.045967e-19
-8.065341e-19
-8.084690e-19
-8.104015e-19
-8.123315e-19
-8.142590e-19
-8.161841e-19
-8.181067e-19
-8.200267e-19
-8.219443e-19
-8.238594e-19
-8.257720e-19
-8.276821e-19
-8.295897e-19
-8.314947e-19
-8.333972e-19
-8.352972e-19
-8.371946e-19
-8.390895e-19
-8.409818e-19
-8.428716e-19
-8.447588e-19
-8.466434e-19
-8.485255e-19
-8.504050e-19
-8.522819e-19
-8.541562e-19
-8.560279e-19
-8.578970e-19
-8.597635e-19
-8.616274e-19
-8.634886e-19
-8.653472e-19
-8.672032e-19
-8.690566e-19
-8.709073e-19
-8.727554e-19
-8.746008e-19
-8.764436e-19
-8.782837e-19
-8.801211e-19
-8.819558e-19
-8.837879e-19
-8.856173e-19
-8.874439e-19
-8.892679e-19
-8.910892e-19
-8.929078e-19
-8.947236e-19
-8.965367e-19
-8.983471e-19
-9.001548e-19
-9.019598e-19
-9.037619e-19
-9.055614e-19
-9.073581e-19
-9.091520e-19
-9.109432e-19
-9.127316e-19
-9.145172e-19
-9.163000e-19
-9.180801e-19
-9.198573e-19
-9.216318e-19
-9.234035e-19
-9.251723e-19
-9.269384e-19
-9.287016e-19
-9.304620e-19
-9.322196e-19
-9.339743e-19
-9.357262e-19
-9.374752e-19
-9.392214e-19
-9.409648e-19
-9.427053e-19
-9.444429e-19
-9.461776e-19
-9.479095e-19
-9.496385e-19
-9.513646e-19
-9.530878e-19
-9.548081e-19
-9.565255e-19
-9.582400e-19
-9.599515e-19
-9.616602e-19
-9.633659e-19
-9.650688e-19
-9.667686e-19
-9.684656e-19
-9.701596e-19
-9.718506e-19
-9.735387e-19
-9.752238e-19
-9.769060e-19
-9.785852e-19
-9.802614e-19
-9.819346e-19
-9.836049e-19
-9.852721e-19
-9.869364e-19
-9.885977e-19
-9.902559e-19
-9.919112e-19
-9.935634e-19
-9.952126e-19
-9.968588e-19
-9.985019e-19
-1.000142e-18
-1.001779e-18
-1.003413e-18
-1.005044e-18
-1.006672e-18
-1.008297e-18
-1.009919e-18
-1.011537e-18
-1.013153e-18
-1.014766e-18
-1.016375e-18
-1.017982e-18
-1.019585e-18
-1.021185e-18
-1.022782e-18
-1.024376e-18
-1.025967e-18
-1.027555e-18
-1.029139e-18
-1.030721e-18
-1.032299e-18
-1.033875e-18
-1.035447e-18
-1.037016e-18
-1.038581e-18
-1.040144e-18
-1.041704e-18
-1.043260e-18
-1.044813e-18
-1.046363e-18
-1.047910e-18
-1.049453e-18
-1.050994e-18
-1.052531e-18
-1.054065e-18
-1.055596e-18
-1.057123e-18
-1.058648e-18
-1.060169e-18
-1.061687e-18
-1.063201e-18
-1.064713e-18
-1.066221e-18
-1.067726e-18
-1.069228e-18
-1.070726e-18
-1.072222e-18
-1.073714e-18
-1.075202e-18
-1.076688e-18
-1.078170e-18
-1.079649e-18
-1.081125e-18
-1.082597e-18
-1.084066e-18
-1.085532e-18
-1.086994e-18
-1.088453e-18
-1.089909e-18
-1.091362e-18
-1.092811e-18
-1.094257e-18
-1.095699e-18
-1.097139e-18
-1.098575e-18
-1.100007e-18
-1.101436e-18
-1.102862e-18
-1.104285e-18
-1.105704e-18
-1.107120e-18
-1.108532e-18
-1.109941e-18
-1.111347e-18
-1.112749e-18
-1.114148e-18
-1.115544e-18
-1.116936e-18
-1.118325e-18
-1.119710e-18
-1.121092e-18
-1.122470e-18
-1.123846e-18
-1.125217e-18
-1.126586e-18
-1.127950e-18
-1.129312e-18
-1.130670e-18
-1.132025e-18
-1.133376e-18
-1.134723e-18
-1.136068e-18
-1.137408e-18
-1.138746e-18
-1.140080e-18
-1.141410e-18
-1.142737e-18
-1.144060e-18
-1.145380e-18
-1.146697e-18
-1.148010e-18
-1.149319e-18
-1.150625e-18
-1.151928e-18
-1.153227e-18
-1.154523e-18
-1.155815e-18
-1.157103e-18
-1.158388e-18
-1.159670e-18
-1.160947e-18
-1.162222e-18
-1.163493e-18
-1.164760e-18
-1.166024e-18
-1.167284e-18
-1.168541e-18
-1.169794e-18
-1.171044e-18
-1.172290e-18
-1.173532e-18
-1.174771e-18
-1.176007e-18
-1.177238e-18
-1.178466e-18
-1.179691e-18
-1.180912e-18
-1.182130e-18
-1.183343e-18
-1.184554e-18
-1.185760e-18
-1.186963e-18
-1.188163e-18
-1.189359e-18
-1.190551e-18
-1.191739e-18
-1.192924e-18
-1.194106e-18
-1.195283e-18
-1.196458e-18
-1.197628e-18
-1.198795e-18
-1.199958e-18
-1.201117e-18
-1.202273e-18
-1.203426e-18
-1.204574e-18
-1.205719e-18
-1.206860e-18
-1.207998e-18
-1.209132e-18
-1.210262e-18
-1.211388e-18
-1.212511e-18
-1.213630e-18
-1.214746e-18
-1.215858e-18
-1.216966e-18
-1.218070e-18
-1.219171e-18
-1.220268e-18
-1.221361e-18
-1.222451e-18
-1.223537e-18
-1.224619e-18
-1.225697e-18
-1.226772e-18
-1.227843e-18
-1.228910e-18
-1.229973e-18
-1.231033e-18
-1.232089e-18
-1.233141e-18
-1.234190e-18
-1.235235e-18
-1.236276e-18
-1.237313e-18
-1.238346e-18
-1.239376e-18
-1.240402e-18
-1.241424e-18
-1.242443e-18
-1.243457e-18
-1.244468e-18
-1.245475e-18
-1.246479e-18
-1.247478e-18
-1.248474e-18
-1.249466e-18
-1.250454e-18
-1.251438e-18
-1.252419e-18
-1.253395e-18
-1.254368e-18
-1.255337e-18
-1.256303e-18
-1.257264e-18
-1.258222e-18
-1.259175e-18
-1.260125e-18
-1.261071e-18
-1.262014e-18
-1.262952e-18
-1.263887e-18
-1.264818e-18
-1.265745e-18
-1.266668e-18
-1.267587e-18
-1.268502e-18
-1.269414e-18
-1.270322e-18
-1.271225e-18
-1.272125e-18
-1.273022e-18
-1.273914e-18
-1.274802e-18
-1.275687e-18
-1.276567e-18
-1.277444e-18
-1.278317e-18
-1.279186e-18
-1.280051e-18
-1.280912e-18
-1.281769e-18
-1.282623e-18
-1.283472e-18
-1.284318e-18
-1.285159e-18
-1.285997e-18
-1.286831e-18
-1.287661e-18
-1.288487e-18
-1.289309e-18
-1.290127e-18
-1.290941e-18
-1.291752e-18
-1.292558e-18
-1.293361e-18
-1.294159e-18
-1.294954e-18
-1.295745e-18
-1.296531e-18
-1.297314e-18
-1.298093e-18
-1.298868e-18
-1.299639e-18
-1.300406e-18
-1.301169e-18
-1.301928e-18
-1.302683e-18
-1.303435e-18
-1.304182e-18
-1.304925e-18
-1.305664e-18
-1.306400e-18
-1.307131e-18
-1.307859e-18
-1.308582e-18
-1.309301e-18
-1.310017e-18
-1.310728e-18
-1.311436e-18
-1.312139e-18
-1.312839e-18
-1.313534e-18
-1.314226e-18
-1.314913e-18
-1.315597e-18
-1.316277e-18
-1.316952e-18
-1.317624e-18
-1.318291e-18
-1.318955e-18
-1.319614e-18
-1.320270e-18
-1.320921e-18
-1.321569e-18
-1.322212e-18
-1.322852e-18
-1.323487e-18
-1.324118e-18
-1.324746e-18
-1.325369e-18
-1.325988e-18
-1.326604e-18
-1.327215e-18
-1.327822e-18
-1.328425e-18
-1.329024e-18
-1.329620e-18
-1.330211e-18
-1.330798e-18
-1.331381e-18
-1.331959e-18
-1.332534e-18
-1.333105e-18
-1.333672e-18
-1.334235e-18
-1.334793e-18
-1.335348e-18
-1.335898e-18
-1.336445e-18
-1.336987e-18
-1.337526e-18
-1.338060e-18
-1.338590e-18
-1.339116e-18
-1.339638e-18
-1.340156e-18
-1.340670e-18
-1.341180e-18
-1.341686e-18
-1.342188e-18
-1.342685e-18
-1.343179e-18
-1.343668e-18
-1.344153e-18
-1.344635e-18
-1.345112e-18
-1.345585e-18
-1.346054e-18
-1.346519e-18
-1.346980e-18
-1.347436e-18
-1.347889e-18
-1.348338e-18
-1.348782e-18
-1.349222e-18
-1.349659e-18
-1.350091e-18
-1.350519e-18
-1.350943e-18
-1.351362e-18
-1.351778e-18
-1.352190e-18
-1.352597e-18
-1.353000e-18
-1.353400e-18
-1.353795e-18
-1.354186e-18
-1.354573e-18
-1.354956e-18
-1.355334e-18
-1.355709e-18
-1.356079e-18
-1.356445e-18
-1.356808e-18
-1.357166e-18
-1.357520e-18
-1.357869e-18
-1.358215e-18
-1.358556e-18
-1.358894e-18
-1.359227e-18
-1.359556e-18
-1.359881e-18
-1.360202e-18
-1.360519e-18
-1.360831e-18
-1.361140e-18
-1.361444e-18
-1.361744e-18
-1.362040e-18
-1.362332e-18
-1.362620e-18
-1.362904e-18
-1.363183e-18
-1.363458e-18
-1.363729e-18
-1.363996e-18
-1.364259e-18
-1.364518e-18
-1.364773e-18
-1.365023e-18
-1.365269e-18
-1.365511e-18
-1.365749e-18
-1.365983e-18
-1.366213e-18
-1.366438e-18
-1.366660e-18
-1.366877e-18
-1.367090e-18
-1.367299e-18
-1.367503e-18
-1.367704e-18
-1.367900e-18
-1.368093e-18
-1.368281e-18
-1.368465e-18
-1.368644e-18
-1.368820e-18
-1.368991e-18
-1.369159e-18
-1.369322e-18
-1.369481e-18
-1.369635e-18
-1.369786e-18
-1.369933e-18
-1.370075e-18
-1.370213e-18
-1.370347e-18
-1.370477e-18
-1.370602e-18
-1.370724e-18
-1.370841e-18
-1.370954e-18
-1.371063e-18
-1.371168e-18
-1.371268e-18
-1.371365e-18
-1.371457e-18
-1.371545e-18
-1.371629e-18
-1.371709e-18
-1.371784e-18
-1.371855e-18
-1.371923e-18
-1.371986e-18
-1.372045e-18
-1.372099e-18
-1.372150e-18
-1.372196e-18
-1.372238e-18
-1.372276e-18
-1.372310e-18
-1.372340e-18
-1.372365e-18
-1.372386e-18
-1.372404e-18
-1.372417e-18
-1.372425e-18
-1.372430e-18
