-5.818939e-22
-5.823260e-22
-5.827570e-22
-5.831870e-22
-5.836159e-22
-5.840438e-22
-5.844706e-22
-5.848964e-22
-5.853210e-22
-5.857446e-22
-5.861671e-22
-5.865884e-22
-5.870085e-22
-5.874276e-22
-5.878454e-22
-5.882621e-22
-5.886776e-22
-5.890919e-22
-5.895050e-22
-5.899169e-22
-5.903275e-22
-5.907368e-22
-5.911449e-22
-5.915518e-22
-5.919573e-22
-5.923615e-22
-5.927645e-22
-5.931661e-22
-5.935663e-22
-5.939652e-22
-5.943628e-22
-5.947590e-22
-5.951537e-22
-5.955471e-22
-5.959391e-22
-5.963296e-22
-5.967187e-22
-5.971064e-22
-5.974926e-22
-5.978773e-22
-5.982606e-22
-5.986423e-22
-5.990225e-22
-5.994012e-22
-5.997784e-22
-6.001540e-22
-6.005280e-22
-6.009005e-22
-6.012714e-22
-6.016407e-22
-6.020084e-22
-6.023744e-22
-6.027389e-22
-6.031016e-22
-6.034628e-22
-6.038222e-22
-6.041800e-22
-6.045360e-22
-6.048904e-22
-6.052430e-22
-6.055939e-22
-6.059430e-22
-6.062904e-22
-6.066360e-22
-6.069799e-22
-6.073219e-22
-6.076622e-22
-6.080006e-22
-6.083371e-22
-6.086719e-22
-6.090048e-22
-6.093358e-22
-6.096649e-22
-6.099921e-22
-6.103174e-22
-6.106409e-22
-6.109623e-22
-6.112819e-22
-6.115995e-22
-6.119151e-22
-6.122287e-22
-6.125403e-22
-6.128500e-22
-6.131576e-22
-6.134632e-22
-6.137668e-22
-6.140683e-22
-6.143677e-22
-6.146651e-22
-6.149604e-22
-6.152536e-22
-6.155446e-22
-6.158336e-22
-6.161204e-22
-6.164051e-22
-6.166876e-22
-6.169679e-22
-6.172460e-22
-6.175220e-22
-6.177957e-22
-6.180673e-22
-6.183365e-22
-6.186036e-22
-6.188684e-22
-6.191309e-22
-6.193912e-22
-6.196491e-22
-6.199048e-22
-6.201581e-22
-6.204091e-22
-6.206578e-22
-6.209041e-22
-6.211481e-22
-6.213897e-22
-6.216289e-22
-6.218657e-22
-6.221001e-22
-6.223321e-22
-6.225616e-22
-6.227887e-22
-6.230134e-22
-6.232356e-22
-6.234553e-22
-6.236725e-22
-6.238872e-22
-6.240994e-22
-6.243091e-22
-6.245162e-22
-6.247208e-22
-6.249228e-22
-6.251223e-22
-6.253192e-22
-6.255135e-22
-6.257052e-22
-6.258942e-22
-6.260807e-22
-6.262645e-22
-6.264456e-22
-6.266241e-22
-6.267999e-22
-6.269730e-22
-6.271435e-22
-6.273112e-22
-6.274762e-22
-6.276385e-22
-6.277980e-22
-6.279548e-22
-6.281089e-22
-6.282601e-22
-6.284086e-22
-6.285543e-22
-6.286971e-22
-6.288372e-22
-6.289744e-22
-6.291088e-22
-6.292403e-22
-6.293690e-22
-6.294948e-22
-6.296177e-22
-6.297377e-22
-6.298548e-22
-6.299690e-22
-6.300803e-22
-6.301886e-22
-6.302940e-22
-6.303964e-22
-6.304959e-22
-6.305923e-22
-6.306858e-22
-6.307763e-22
-6.308637e-22
-6.309482e-22
-6.310296e-22
-6.311080e-22
-6.311833e-22
-6.312555e-22
-6.313247e-22
-6.313907e-22
-6.314537e-22
-6.315136e-22
-6.315704e-22
-6.316240e-22
-6.316745e-22
-6.317218e-22
-6.317660e-22
-6.318070e-22
-6.318449e-22
-6.318795e-22
-6.319109e-22
-6.319392e-22
-6.319642e-22
-6.319860e-22
-6.320045e-22
-6.320198e-22
-6.320318e-22
-6.320406e-22
-6.320461e-22
-6.320483e-22
-6.320472e-22
-6.320428e-22
-6.320350e-22
-6.320239e-22
-6.320095e-22
-6.319918e-22
-6.319707e-22
-6.319462e-22
-6.319183e-22
-6.318871e-22
-6.318524e-22
-6.318144e-22
-6.317729e-22
-6.317280e-22
-6.316797e-22
-6.316279e-22
-6.315727e-22
-6.315140e-22
-6.314518e-22
-6.313861e-22
-6.313170e-22
-6.312443e-22
-6.311682e-22
-6.310885e-22
-6.310053e-22
-6.309185e-22
-6.308282e-22
-6.307344e-22
-6.306370e-22
-6.305360e-22
-6.304314e-22
-6.303233e-22
-6.302115e-22
-6.300961e-22
-6.299771e-22
-6.298545e-22
-6.297282e-22
-6.295983e-22
-6.294647e-22
-6.293275e-22
-6.291866e-22
-6.290420e-22
-6.288938e-22
-6.287418e-22
-6.285861e-22
-6.284268e-22
-6.282636e-22
-6.280968e-22
-6.279262e-22
-6.277519e-22
-6.275738e-22
-6.273920e-22
-6.272063e-22
-6.270169e-22
-6.268237e-22
-6.266267e-22
-6.264259e-22
-6.262213e-22
-6.260129e-22
-6.258006e-22
-6.255845e-22
-6.253645e-22
-6.251407e-22
-6.249131e-22
-6.246815e-22
-6.244461e-22
-6.242068e-22
-6.239636e-22
-6.237165e-22
-6.234655e-22
-6.232106e-22
-6.229518e-22
-6.226890e-22
-6.224223e-22
-6.221516e-22
-6.218770e-22
-6.215984e-22
-6.213159e-22
-6.210293e-22
-6.207388e-22
-6.204443e-22
-6.201459e-22
-6.198434e-22
-6.195368e-22
-6.192263e-22
-6.189118e-22
-6.185932e-22
-6.182705e-22
-6.179439e-22
-6.176131e-22
-6.172784e-22
-6.169395e-22
-6.165966e-22
-6.162496e-22
-6.158985e-22
-6.155433e-22
-6.151840e-22
-6.148206e-22
-6.144530e-22
-6.140814e-22
-6.137056e-22
-6.133257e-22
-6.129417e-22
-6.125535e-22
-6.121612e-22
-6.117647e-22
-6.113640e-22
-6.109592e-22
-6.105501e-22
-6.101369e-22
-6.097196e-22
-6.092980e-22
-6.088722e-22
-6.084422e-22
-6.080080e-22
-6.075696e-22
-6.071269e-22
-6.066800e-22
-6.062289e-22
-6.057735e-22
-6.053139e-22
-6.048501e-22
-6.043819e-22
-6.039096e-22
-6.034329e-22
-6.029520e-22
-6.024667e-22
-6.019772e-22
-6.014834e-22
-6.009853e-22
-6.004829e-22
-5.999762e-22
-5.994652e-22
-5.989499e-22
-5.984302e-22
-5.979063e-22
-5.973779e-22
-5.968453e-22
-5.963083e-22
-5.957669e-22
-5.952212e-22
-5.946712e-22
-5.941168e-22
-5.935580e-22
-5.929948e-22
-5.924273e-22
-5.918554e-22
-5.912791e-22
-5.906984e-22
-5.901133e-22
-5.895238e-22
-5.889300e-22
-5.883317e-22
-5.877290e-22
-5.871219e-22
-5.865103e-22
-5.858944e-22
-5.852740e-22
-5.846492e-22
-5.840199e-22
-5.833863e-22
-5.827481e-22
-5.821056e-22
-5.814585e-22
-5.808071e-22
-5.801511e-22
-5.794907e-22
-5.788259e-22
-5.781565e-22
-5.774827e-22
-5.768044e-22
-5.761217e-22
-5.754344e-22
-5.747427e-22
-5.740465e-22
-5.733458e-22
-5.726406e-22
-5.719309e-22
-5.712167e-22
-5.704980e-22
-5.697748e-22
-5.690470e-22
-5.683148e-22
-5.675780e-22
-5.668368e-22
-5.660910e-22
-5.653407e-22
-5.645858e-22
-5.638264e-22
-5.630625e-22
-5.622941e-22
-5.615211e-22
-5.607436e-22
-5.599615e-22
-5.591749e-22
-5.583838e-22
-5.575881e-22
-5.567878e-22
-5.559830e-22
-5.551736e-22
-5.543597e-22
-5.535412e-22
-5.527182e-22
-5.518906e-22
-5.510584e-22
-5.502217e-22
-5.493804e-22
-5.485345e-22
-5.476841e-22
-5.468291e-22
-5.459695e-22
-5.451053e-22
-5.442365e-22
-5.433632e-22
-5.424853e-22
-5.416028e-22
-5.407157e-22
-5.398241e-22
-5.389278e-22
-5.380270e-22
-5.371216e-22
-5.362116e-22
-5.352970e-22
-5.343778e-22
-5.334540e-22
-5.325256e-22
-5.315927e-22
-5.306551e-22
-5.297130e-22
-5.287662e-22
-5.278149e-22
-5.268589e-22
-5.258984e-22
-5.249332e-22
-5.239635e-22
-5.229892e-22
-5.220102e-22
-5.210267e-22
-5.200386e-22
-5.190458e-22
-5.180485e-22
-5.170466e-22
-5.160400e-22
-5.150289e-22
-5.140132e-22
-5.129929e-22
-5.119679e-22
-5.109384e-22
-5.099043e-22
-5.088656e-22
-5.078222e-22
-5.067743e-22
-5.057218e-22
-5.046647e-22
-5.036030e-22
-5.025367e-22
-5.014658e-22
-5.003903e-22
-4.993103e-22
-4.982256e-22
-4.971363e-22
-4.960425e-22
-4.949440e-22
-4.938410e-22
-4.927334e-22
-4.916212e-22
-4.905044e-22
-4.893831e-22
-4.882571e-22
-4.871266e-22
-4.859915e-22
-4.848518e-22
-4.837075e-22
-4.825587e-22
-4.814053e-22
-4.802473e-22
-4.790848e-22
-4.779177e-22
-4.767460e-22
-4.755697e-22
-4.743889e-22
-4.732036e-22
-4.720136e-22
-4.708192e-22
-4.696201e-22
-4.684165e-22
-4.672084e-22
-4.659957e-22
-4.647785e-22
-4.635567e-22
-4.623304e-22
-4.610995e-22
-4.598641e-22
-4.586242e-22
-4.573798e-22
-4.561308e-22
-4.548773e-22
-4.536193e-22
-4.523567e-22
-4.510897e-22
-4.498181e-22
-4.485420e-22
-4.472614e-22
-4.459763e-22
-4.446867e-22
-4.433926e-22
-4.420940e-22
-4.407909e-22
-4.394834e-22
-4.381713e-22
-4.368548e-22
-4.355337e-22
-4.342083e-22
-4.328783e-22
-4.315439e-22
-4.302050e-22
-4.288616e-22
-4.275138e-22
-4.261615e-22
-4.248048e-22
-4.234437e-22
-4.220781e-22
-4.207080e-22
-4.193336e-22
-4.179547e-22
-4.165713e-22
-4.151836e-22
-4.137914e-22
-4.123949e-22
-4.109939e-22
-4.095885e-22
-4.081787e-22
-4.067645e-22
-4.053460e-22
-4.039230e-22
-4.024957e-22
-4.010640e-22
-3.996279e-22
-3.981875e-22
-3.967427e-22
-3.952935e-22
-3.938400e-22
-3.923822e-22
-3.909200e-22
-3.894534e-22
-3.879826e-22
-3.865074e-22
-3.850279e-22
-3.835440e-22
-3.820559e-22
-3.805635e-22
-3.790667e-22
-3.775657e-22
-3.760604e-22
-3.745508e-22
-3.730369e-22
-3.715188e-22
-3.699964e-22
-3.684697e-22
-3.669388e-22
-3.654036e-22
-3.638642e-22
-3.623205e-22
-3.607727e-22
-3.592206e-22
-3.576642e-22
-3.561037e-22
-3.545390e-22
-3.529700e-22
-3.513969e-22
-3.498196e-22
-3.482381e-22
-3.466525e-22
-3.450626e-22
-3.434686e-22
-3.418705e-22
-3.402682e-22
-3.386618e-22
-3.370512e-22
-3.354366e-22
-3.338177e-22
-3.321948e-22
-3.305678e-22
-3.289367e-22
-3.273015e-22
-3.256622e-22
-3.240188e-22
-3.223714e-22
-3.207199e-22
-3.190643e-22
-3.174047e-22
-3.157411e-22
-3.140734e-22
-3.124017e-22
-3.107260e-22
-3.090463e-22
-3.073625e-22
-3.056748e-22
-3.039831e-22
-3.022874e-22
-3.005877e-22
-2.988841e-22
-2.971765e-22
-2.954650e-22
-2.937495e-22
-2.920301e-22
-2.903068e-22
-2.885796e-22
-2.868484e-22
-2.851134e-22
-2.833744e-22
-2.816316e-22
-2.798849e-22
-2.781344e-22
-2.763800e-22
-2.746217e-22
-2.728596e-22
-2.710937e-22
-2.693239e-22
-2.675504e-22
-2.657730e-22
-2.639918e-22
-2.622069e-22
-2.604182e-22
-2.586257e-22
-2.568294e-22
-2.550294e-22
-2.532256e-22
-2.514182e-22
-2.496070e-22
-2.477920e-22
-2.459734e-22
-2.441511e-22
-2.423251e-22
-2.404954e-22
-2.386621e-22
-2.368251e-22
-2.349844e-22
-2.331401e-22
-2.312922e-22
-2.294406e-22
-2.275855e-22
-2.257267e-22
-2.238644e-22
-2.219985e-22
-2.201290e-22
-2.182559e-22
-2.163793e-22
-2.144992e-22
-2.126155e-22
-2.107283e-22
-2.088376e-22
-2.069434e-22
-2.050457e-22
-2.031446e-22
-2.012399e-22
-1.993318e-22
-1.974203e-22
-1.955053e-22
-1.935869e-22
-1.916651e-22
-1.897399e-22
-1.878112e-22
-1.858792e-22
-1.839438e-22
-1.820051e-22
-1.800630e-22
-1.781176e-22
-1.761688e-22
-1.742167e-22
-1.722613e-22
-1.703026e-22
-1.683407e-22
-1.663754e-22
-1.644069e-22
-1.624351e-22
-1.604601e-22
-1.584819e-22
-1.565004e-22
-1.545158e-22
-1.525279e-22
-1.505369e-22
-1.485427e-22
-1.465453e-22
-1.445448e-22
-1.425411e-22
-1.405343e-22
-1.385244e-22
-1.365114e-22
-1.344953e-22
-1.324761e-22
-1.304539e-22
-1.284286e-22
-1.264003e-22
-1.243689e-22
-1.223345e-22
-1.202971e-22
-1.182567e-22
-1.162133e-22
-1.141670e-22
-1.121177e-22
-1.100654e-22
-1.080102e-22
-1.059521e-22
-1.038911e-22
-1.018272e-22
-9.976040e-23
-9.769073e-23
-9.561820e-23
-9.354283e-23
-9.146462e-23
-8.938358e-23
-8.729974e-23
-8.521311e-23
-8.312369e-23
-8.103150e-23
-7.893655e-23
-7.683886e-23
-7.473843e-23
-7.263529e-23
-7.052944e-23
-6.842090e-23
-6.630968e-23
-6.419580e-23
-6.207926e-23
-5.996008e-23
-5.783827e-23
-5.571385e-23
-5.358683e-23
-5.145722e-23
-4.932503e-23
-4.719029e-23
-4.505300e-23
-4.291318e-23
-4.077084e-23
-3.862599e-23
-3.647865e-23
-3.432883e-23
-3.217654e-23
-3.002180e-23
-2.786463e-23
-2.570503e-23
-2.354302e-23
-2.137861e-23
-1.921182e-23
-1.704266e-23
-1.487115e-23
-1.269729e-23
-1.052111e-23
-8.342616e-24
-6.161823e-24
-3.978745e-24
-1.793396e-24
3.942087e-25
2.584056e-24
4.776131e-24
6.970420e-24
9.166909e-24
1.136558e-23
1.356643e-23
1.576943e-23
1.797457e-23
2.018184e-23
2.239122e-23
2.460270e-23
2.681627e-23
2.903190e-23
3.124959e-23
3.346932e-23
3.569107e-23
3.791484e-23
4.014060e-23
4.236834e-23
4.459805e-23
4.682971e-23
4.906330e-23
5.129882e-23
5.353624e-23
5.577556e-23
5.801675e-23
6.025980e-23
6.250470e-23
6.475143e-23
6.699998e-23
6.925033e-23
7.150246e-23
7.375637e-23
7.601203e-23
7.826943e-23
8.052856e-23
8.278939e-23
8.505192e-23
8.731613e-23
8.958201e-23
9.184953e-23
9.411868e-23
9.638945e-23
9.866183e-23
1.009358e-22
1.032113e-22
1.054884e-22
1.077670e-22
1.100472e-22
1.123288e-22
1.146120e-22
1.168966e-22
1.191827e-22
1.214702e-22
1.237592e-22
1.260496e-22
1.283413e-22
1.306345e-22
1.329290e-22
1.352249e-22
1.375221e-22
1.398206e-22
1.421204e-22
1.444215e-22
1.467239e-22
1.490275e-22
1.513324e-22
1.536385e-22
1.559458e-22
1.582543e-22
1.605639e-22
1.628747e-22
1.651867e-22
1.674998e-22
1.698140e-22
1.721292e-22
1.744456e-22
1.767630e-22
1.790815e-22
1.814009e-22
1.837214e-22
1.860429e-22
1.883654e-22
1.906888e-22
1.930132e-22
1.953385e-22
1.976647e-22
1.999917e-22
2.023197e-22
2.046486e-22
2.069782e-22
2.093087e-22
2.116400e-22
2.139722e-22
2.163050e-22
2.186387e-22
2.209731e-22
2.233082e-22
2.256440e-22
2.279805e-22
2.303177e-22
2.326556e-22
2.349941e-22
2.373332e-22
2.396730e-22
2.420133e-22
2.443542e-22
2.466957e-22
2.490377e-22
2.513802e-22
2.537232e-22
2.560667e-22
2.584107e-22
2.607552e-22
2.631001e-22
2.654454e-22
2.677911e-22
2.701372e-22
2.724837e-22
2.748305e-22
2.771776e-22
2.795251e-22
2.818729e-22
2.842210e-22
2.865693e-22
2.889179e-22
2.912667e-22
2.936157e-22
2.959650e-22
2.983144e-22
3.006639e-22
3.030137e-22
3.053635e-22
3.077135e-22
3.100635e-22
3.124136e-22
3.147638e-22
3.171140e-22
3.194643e-22
3.218145e-22
3.241648e-22
3.265150e-22
3.288652e-22
3.312153e-22
3.335653e-22
3.359152e-22
3.382650e-22
3.406147e-22
3.429642e-22
3.453136e-22
3.476628e-22
3.500117e-22
3.523605e-22
3.547090e-22
3.570572e-22
3.594052e-22
3.617529e-22
3.641002e-22
3.664473e-22
3.687940e-22
3.711403e-22
3.734863e-22
3.758318e-22
3.781770e-22
3.805217e-22
3.828659e-22
3.852097e-22
3.875530e-22
3.898958e-22
3.922381e-22
3.945798e-22
3.969210e-22
3.992616e-22
4.016016e-22
4.039409e-22
4.062797e-22
4.086178e-22
4.109553e-22
4.132920e-22
4.156281e-22
4.179634e-22
4.202981e-22
4.226319e-22
4.249650e-22
4.272973e-22
4.296288e-22
4.319594e-22
4.342893e-22
4.366182e-22
4.389463e-22
4.412735e-22
4.435997e-22
4.459251e-22
4.482495e-22
4.505729e-22
4.528953e-22
4.552167e-22
4.575371e-22
4.598565e-22
4.621748e-22
4.644920e-22
4.668081e-22
4.691232e-22
4.714370e-22
4.737498e-22
4.760614e-22
4.783718e-22
4.806809e-22
4.829889e-22
4.852956e-22
4.876011e-22
4.899053e-22
4.922082e-22
4.945099e-22
4.968101e-22
4.991091e-22
5.014066e-22
5.037028e-22
5.059976e-22
5.082910e-22
5.105829e-22
5.128734e-22
5.151624e-22
5.174500e-22
5.197360e-22
5.220205e-22
5.243034e-22
5.265848e-22
5.288647e-22
5.311429e-22
5.334195e-22
5.356945e-22
5.379678e-22
5.402395e-22
5.425094e-22
5.447777e-22
5.470443e-22
5.493091e-22
5.515721e-22
5.538334e-22
5.560929e-22
5.583506e-22
5.606064e-22
5.628604e-22
5.651126e-22
5.673628e-22
5.696112e-22
5.718576e-22
5.741022e-22
5.763447e-22
5.785853e-22
5.808239e-22
5.830605e-22
5.852950e-22
5.875276e-22
5.897580e-22
5.919864e-22
5.942127e-22
5.964369e-22
5.986589e-22
6.008788e-22
6.030966e-22
6.053121e-22
6.075255e-22
6.097366e-22
6.119455e-22
6.141522e-22
6.163565e-22
6.185586e-22
6.207584e-22
6.229558e-22
6.251509e-22
6.273437e-22
6.295340e-22
6.317220e-22
6.339076e-22
6.360907e-22
6.382714e-22
6.404496e-22
6.426253e-22
6.447986e-22
6.469693e-22
6.491374e-22
6.513031e-22
6.534661e-22
6.556266e-22
6.577844e-22
6.599397e-22
6.620923e-22
6.642422e-22
6.663895e-22
6.685341e-22
6.706759e-22
6.728151e-22
6.749515e-22
6.770851e-22
6.792159e-22
6.813440e-22
6.834692e-22
6.855916e-22
6.877112e-22
6.898279e-22
6.919417e-22
6.940526e-22
6.961606e-22
6.982657e-22
7.003678e-22
7.024670e-22
7.045631e-22
7.066563e-22
7.087464e-22
7.108335e-22
7.129176e-22
7.149985e-22
7.170764e-22
7.191512e-22
7.212229e-22
7.232914e-22
7.253568e-22
7.274190e-22
7.294780e-22
7.315338e-22
7.335864e-22
7.356357e-22
7.376818e-22
7.397246e-22
7.417641e-22
7.438003e-22
7.458332e-22
7.478628e-22
7.498890e-22
7.519118e-22
7.539312e-22
7.559472e-22
7.579598e-22
7.599690e-22
7.619747e-22
7.639769e-22
7.659757e-22
7.679709e-22
7.699626e-22
7.719508e-22
7.739354e-22
7.759165e-22
7.778939e-22
7.798678e-22
7.818380e-22
7.838046e-22
7.857675e-22
7.877268e-22
7.896824e-22
7.916343e-22
7.935824e-22
7.955269e-22
7.974675e-22
7.994045e-22
8.013376e-22
8.032669e-22
8.051924e-22
8.071141e-22
8.090320e-22
8.109459e-22
8.128560e-22
8.147622e-22
8.166645e-22
8.185629e-22
8.204573e-22
8.223478e-22
8.242343e-22
8.261168e-22
8.279953e-22
8.298697e-22
8.317402e-22
8.336066e-22
8.354689e-22
8.373271e-22
8.391812e-22
8.410313e-22
8.428772e-22
8.447189e-22
8.465565e-22
8.483899e-22
8.502191e-22
8.520441e-22
8.538649e-22
8.556815e-22
8.574938e-22
8.593018e-22
8.611055e-22
8.629050e-22
8.647001e-22
8.664909e-22
8.682774e-22
8.700595e-22
8.718372e-22
8.736106e-22
8.753795e-22
8.771440e-22
8.789041e-22
8.806598e-22
8.824109e-22
8.841576e-22
8.858998e-22
8.876375e-22
8.893707e-22
8.910993e-22
8.928234e-22
8.945430e-22
8.962579e-22
8.979683e-22
8.996740e-22
9.013751e-22
9.030716e-22
9.047634e-22
9.064506e-22
9.081331e-22
9.098108e-22
9.114839e-22
9.131523e-22
9.148159e-22
9.164747e-22
9.181288e-22
9.197781e-22
9.214227e-22
9.230624e-22
9.246973e-22
9.263273e-22
9.279525e-22
9.295729e-22
9.311883e-22
9.327989e-22
9.344046e-22
9.360053e-22
9.376011e-22
9.391920e-22
9.407779e-22
9.423588e-22
9.439348e-22
9.455057e-22
9.470717e-22
9.486326e-22
9.501885e-22
9.517393e-22
9.532850e-22
9.548257e-22
9.563613e-22
9.578917e-22
9.594171e-22
9.609373e-22
9.624524e-22
9.639623e-22
9.654670e-22
9.669666e-22
9.684610e-22
9.699501e-22
9.714341e-22
9.729128e-22
9.743862e-22
9.758544e-22
9.773173e-22
9.787749e-22
9.802273e-22
9.816743e-22
9.831160e-22
9.845523e-22
9.859833e-22
9.874090e-22
9.888293e-22
9.902442e-22
9.916537e-22
9.930577e-22
9.944564e-22
9.958496e-22
9.972374e-22
9.986198e-22
9.999966e-22
1.001368e-21
1.002734e-21
1.004094e-21
1.005449e-21
1.006798e-21
1.008142e-21
1.009480e-21
1.010813e-21
1.012140e-21
1.013462e-21
1.014778e-21
1.016088e-21
1.017393e-21
1.018692e-21
1.019985e-21
1.021273e-21
1.022555e-21
1.023831e-21
1.025102e-21
1.026367e-21
1.027626e-21
1.028880e-21
1.030128e-21
1.031370e-21
1.032606e-21
1.033837e-21
1.035062e-21
1.036281e-21
1.037494e-21
1.038702e-21
1.039903e-21
1.041099e-21
1.042289e-21
1.043473e-21
1.044651e-21
1.045824e-21
1.046990e-21
1.048151e-21
1.049306e-21
1.050454e-21
1.051597e-21
1.052734e-21
1.053865e-21
1.054990e-21
1.056109e-21
1.057223e-21
1.058330e-21
1.059431e-21
1.060526e-21
1.061615e-21
1.062698e-21
1.063775e-21
1.064847e-21
1.065912e-21
1.066971e-21
1.068023e-21
1.069070e-21
1.070111e-21
1.071146e-21
1.072174e-21
1.073197e-21
1.074213e-21
1.075223e-21
1.076227e-21
1.077225e-21
1.078217e-21
1.079203e-21
1.080182e-21
1.081155e-21
1.082122e-21
1.083083e-21
1.084038e-21
1.084986e-21
1.085929e-21
1.086865e-21
1.087794e-21
1.088718e-21
1.089635e-21
1.090546e-21
1.091451e-21
1.092349e-21
1.093241e-21
1.094127e-21
1.095007e-21
1.095880e-21
1.096747e-21
1.097607e-21
1.098462e-21
1.099310e-21
1.100151e-21
1.100986e-21
1.101815e-21
1.102638e-21
1.103454e-21
1.104263e-21
1.105067e-21
1.105864e-21
1.106654e-21
1.107438e-21
1.108216e-21
1.108987e-21
1.109752e-21
1.110510e-21
1.111262e-21
1.112007e-21
1.112746e-21
1.113479e-21
1.114205e-21
1.114924e-21
1.115637e-21
1.116344e-21
1.117044e-21
1.117738e-21
1.118425e-21
1.119105e-21
1.119779e-21
1.120447e-21
1.121108e-21
1.121762e-21
1.122410e-21
1.123051e-21
1.123686e-21
1.124314e-21
1.124935e-21
1.125550e-21
1.126159e-21
1.126761e-21
1.127356e-21
1.127944e-21
1.128526e-21
1.129102e-21
1.129671e-21
1.130233e-21
1.130788e-21
1.131337e-21
1.131879e-21
1.132415e-21
1.132944e-21
1.133466e-21
1.133982e-21
1.134491e-21
1.134993e-21
1.135489e-21
1.135978e-21
1.136460e-21
1.136936e-21
1.137405e-21
1.137867e-21
1.138323e-21
1.138771e-21
1.139214e-21
1.139649e-21
1.140078e-21
1.140500e-21
1.140915e-21
1.141324e-21
1.141725e-21
1.142120e-21
1.142509e-21
1.142890e-21
1.143265e-21
1.143634e-21
1.143995e-21
1.144350e-21
1.144697e-21
1.145039e-21
1.145373e-21
1.145701e-21
1.146021e-21
1.146335e-21
1.146643e-21
1.146943e-21
1.147237e-21
1.147524e-21
1.147804e-21
1.148077e-21
1.148344e-21
1.148604e-21
1.148857e-21
1.149103e-21
1.149342e-21
1.149575e-21
1.149801e-21
1.150020e-21
1.150232e-21
1.150437e-21
1.150636e-21
1.150828e-21
1.151012e-21
1.151191e-21
1.151362e-21
1.151526e-21
1.151684e-21
1.151835e-21
1.151979e-21
1.152116e-21
1.152246e-21
1.152370e-21
1.152486e-21
1.152596e-21
1.152699e-21
1.152795e-21
1.152885e-21
1.152967e-21
1.153043e-21
1.153112e-21
1.153174e-21
1.153229e-21
1.153277e-21
1.153318e-21
1.153353e-21
1.153381e-21
1.153402e-21
1.153416e-21
1.153423e-21
1.153423e-21
1.153417e-21
1.153404e-21
1.153384e-21
1.153357e-21
1.153323e-21
1.153282e-21
1.153235e-21
1.153180e-21
1.153119e-21
1.153051e-21
1.152976e-21
1.152894e-21
1.152806e-21
1.152710e-21
1.152608e-21
1.152499e-21
1.152383e-21
1.152260e-21
1.152131e-21
1.151994e-21
1.151851e-21
1.151701e-21
1.151544e-21
1.151380e-21
1.151209e-21
1.151032e-21
1.150848e-21
1.150657e-21
1.150459e-21
1.150254e-21
1.150042e-21
1.149824e-21
1.149599e-21
1.149367e-21
1.149128e-21
1.148882e-21
1.148630e-21
1.148371e-21
1.148105e-21
1.147832e-21
1.147552e-21
1.147266e-21
1.146973e-21
1.146672e-21
1.146366e-21
1.146052e-21
1.145732e-21
1.145404e-21
1.145070e-21
1.144730e-21
1.144382e-21
1.144028e-21
1.143667e-21
1.143299e-21
1.142924e-21
1.142543e-21
1.142155e-21
1.141760e-21
1.141358e-21
1.140950e-21
1.140535e-21
1.140113e-21
1.139685e-21
1.139249e-21
1.138807e-21
1.138358e-21
1.137903e-21
1.137441e-21
1.136972e-21
1.136496e-21
1.136014e-21
1.135525e-21
1.135029e-21
1.134527e-21
1.134018e-21
1.133502e-21
1.132979e-21
1.132450e-21
1.131914e-21
1.131372e-21
1.130823e-21
1.130267e-21
1.129705e-21
1.129135e-21
1.128560e-21
1.127977e-21
1.127388e-21
1.126793e-21
1.126190e-21
1.125582e-21
1.124966e-21
1.124344e-21
1.123715e-21
1.123080e-21
1.122438e-21
1.121790e-21
1.121135e-21
1.120473e-21
1.119805e-21
1.119130e-21
1.118449e-21
1.117761e-21
1.117067e-21
1.116366e-21
1.115658e-21
1.114944e-21
1.114224e-21
1.113497e-21
1.112763e-21
1.112023e-21
1.111277e-21
1.110524e-21
1.109764e-21
1.108999e-21
1.108226e-21
1.107447e-21
1.106662e-21
1.105870e-21
1.105072e-21
1.104267e-21
1.103456e-21
1.102639e-21
1.101815e-21
1.100985e-21
1.100148e-21
1.099305e-21
1.098455e-21
1.097600e-21
1.096737e-21
1.095869e-21
1.094994e-21
1.094113e-21
1.093225e-21
1.092331e-21
1.091431e-21
1.090524e-21
1.089611e-21
1.088692e-21
1.087767e-21
1.086835e-21
1.085897e-21
1.084953e-21
1.084002e-21
1.083045e-21
1.082082e-21
1.081113e-21
1.080138e-21
1.079156e-21
1.078168e-21
1.077174e-21
1.076174e-21
1.075167e-21
1.074155e-21
1.073136e-21
1.072111e-21
1.071080e-21
1.070042e-21
1.068999e-21
1.067950e-21
1.066894e-21
1.065832e-21
1.064765e-21
1.063691e-21
1.062611e-21
1.061525e-21
1.060433e-21
1.059335e-21
1.058231e-21
1.057121e-21
1.056004e-21
1.054882e-21
1.053754e-21
1.052620e-21
1.051480e-21
1.050334e-21
1.049182e-21
1.048024e-21
1.046860e-21
1.045690e-21
1.044514e-21
1.043333e-21
1.042145e-21
1.040952e-21
1.039753e-21
1.038547e-21
1.037337e-21
1.036120e-21
1.034897e-21
1.033669e-21
1.032434e-21
1.031194e-21
1.029948e-21
1.028697e-21
1.027439e-21
1.026176e-21
1.024907e-21
1.023633e-21
1.022352e-21
1.021066e-21
1.019775e-21
1.018477e-21
1.017174e-21
1.015865e-21
1.014551e-21
1.013231e-21
1.011905e-21
1.010574e-21
1.009237e-21
1.007895e-21
1.006547e-21
1.005193e-21
1.003834e-21
1.002469e-21
1.001099e-21
9.997229e-22
9.983416e-22
9.969548e-22
9.955625e-22
9.941648e-22
9.927616e-22
9.913529e-22
9.899388e-22
9.885193e-22
9.870944e-22
9.856640e-22
9.842283e-22
9.827872e-22
9.813408e-22
9.798890e-22
9.784319e-22
9.769694e-22
9.755017e-22
9.740286e-22
9.725503e-22
9.710667e-22
9.695778e-22
9.680837e-22
9.665844e-22
9.650798e-22
9.635701e-22
9.620551e-22
9.605350e-22
9.590097e-22
9.574793e-22
9.559437e-22
9.544030e-22
9.528572e-22
9.513063e-22
9.497503e-22
9.481892e-22
9.466231e-22
9.450519e-22
9.434757e-22
9.418945e-22
9.403083e-22
9.387171e-22
9.371210e-22
9.355198e-22
9.339138e-22
9.323028e-22
9.306869e-22
9.290660e-22
9.274403e-22
9.258097e-22
9.241743e-22
9.225340e-22
9.208889e-22
9.192390e-22
9.175842e-22
9.159247e-22
9.142604e-22
9.125913e-22
9.109175e-22
9.092390e-22
9.075557e-22
9.058678e-22
9.041752e-22
9.024779e-22
9.007759e-22
8.990693e-22
8.973581e-22
8.956422e-22
8.939218e-22
8.921968e-22
8.904672e-22
8.887331e-22
8.869944e-22
8.852513e-22
8.835036e-22
8.817514e-22
8.799947e-22
8.782336e-22
8.764681e-22
8.746981e-22
8.729237e-22
8.711449e-22
8.693618e-22
8.675742e-22
8.657823e-22
8.639861e-22
8.621856e-22
8.603807e-22
8.585716e-22
8.567582e-22
8.549405e-22
8.531186e-22
8.512925e-22
8.494622e-22
8.476277e-22
8.457890e-22
8.439461e-22
8.420991e-22
8.402480e-22
8.383927e-22
8.365334e-22
8.346700e-22
8.328025e-22
8.309310e-22
8.290554e-22
8.271758e-22
8.252923e-22
8.234047e-22
8.215132e-22
8.196177e-22
8.177183e-22
8.158150e-22
8.139078e-22
8.119967e-22
8.100817e-22
8.081629e-22
8.062403e-22
8.043138e-22
8.023836e-22
8.004495e-22
7.985117e-22
7.965702e-22
7.946249e-22
7.926759e-22
7.907232e-22
7.887668e-22
7.868068e-22
7.848431e-22
7.828758e-22
7.809048e-22
7.789303e-22
7.769522e-22
7.749705e-22
7.729853e-22
7.709966e-22
7.690043e-22
7.670086e-22
7.650093e-22
7.630067e-22
7.610005e-22
7.589910e-22
7.569780e-22
7.549617e-22
