9.737182e-23
9.683000e-23
9.628760e-23
9.574465e-23
9.520117e-23
9.465717e-23
9.411266e-23
9.356767e-23
9.302221e-23
9.247631e-23
9.192996e-23
9.138320e-23
9.083604e-23
9.028850e-23
8.974059e-23
8.919233e-23
8.864373e-23
8.809482e-23
8.754562e-23
8.699613e-23
8.644637e-23
8.589637e-23
8.534613e-23
8.479569e-23
8.424504e-23
8.369422e-23
8.314323e-23
8.259210e-23
8.204084e-23
8.148947e-23
8.093800e-23
8.038646e-23
7.983486e-23
7.928321e-23
7.873154e-23
7.817986e-23
7.762818e-23
7.707654e-23
7.652493e-23
7.597338e-23
7.542192e-23
7.487054e-23
7.431928e-23
7.376814e-23
7.321715e-23
7.266633e-23
7.211568e-23
7.156523e-23
7.101499e-23
7.046499e-23
6.991523e-23
6.936574e-23
6.881653e-23
6.826762e-23
6.771903e-23
6.717078e-23
6.662287e-23
6.607534e-23
6.552819e-23
6.498145e-23
6.443512e-23
6.388923e-23
6.334380e-23
6.279884e-23
6.225437e-23
6.171041e-23
6.116697e-23
6.062407e-23
6.008173e-23
5.953996e-23
5.899879e-23
5.845823e-23
5.791829e-23
5.737900e-23
5.684037e-23
5.630242e-23
5.576516e-23
5.522862e-23
5.469281e-23
5.415774e-23
5.362344e-23
5.308992e-23
5.255721e-23
5.202530e-23
5.149423e-23
5.096401e-23
5.043466e-23
4.990619e-23
4.937863e-23
4.885198e-23
4.832627e-23
4.780152e-23
4.727773e-23
4.675493e-23
4.623314e-23
4.571237e-23
4.519263e-23
4.467396e-23
4.415635e-23
4.363984e-23
4.312443e-23
4.261015e-23
4.209701e-23
4.158503e-23
4.107422e-23
4.056460e-23
4.005620e-23
3.954902e-23
3.904309e-23
3.853841e-23
3.803501e-23
3.753291e-23
3.703212e-23
3.653265e-23
3.603453e-23
3.553778e-23
3.504240e-23
3.454842e-23
3.405585e-23
3.356471e-23
3.307502e-23
3.258679e-23
3.210004e-23
3.161479e-23
3.113105e-23
3.064884e-23
3.016818e-23
2.968909e-23
2.921157e-23
2.873565e-23
2.826135e-23
2.778868e-23
2.731766e-23
2.684830e-23
2.638062e-23
2.591464e-23
2.545037e-23
2.498784e-23
2.452705e-23
2.406803e-23
2.361078e-23
2.315534e-23
2.270171e-23
2.224991e-23
2.179995e-23
2.135186e-23
2.090565e-23
2.046133e-23
2.001893e-23
1.957846e-23
1.913993e-23
1.870337e-23
1.826878e-23
1.783618e-23
1.740560e-23
1.697705e-23
1.655053e-23
1.612608e-23
1.570370e-23
1.528342e-23
1.486524e-23
1.444919e-23
1.403528e-23
1.362352e-23
1.321394e-23
1.280654e-23
1.240135e-23
1.199838e-23
1.159765e-23
1.119917e-23
1.080296e-23
1.040903e-23
1.001740e-23
9.628093e-24
9.241115e-24
8.856485e-24
8.474218e-24
8.094331e-24
7.716840e-24
7.341759e-24
6.969105e-24
6.598894e-24
6.231140e-24
5.865860e-24
5.503070e-24
5.142784e-24
4.785018e-24
4.429789e-24
4.077110e-24
3.726999e-24
3.379469e-24
3.034537e-24
2.692218e-24
2.352527e-24
2.015480e-24
1.681092e-24
1.349378e-24
1.020353e-24
6.940324e-25
3.704317e-25
4.956571e-26
-2.685504e-25
-5.839015e-25
-8.964727e-25
-1.206249e-24
-1.513215e-24
-1.817357e-24
-2.118658e-24
-2.417105e-24
-2.712682e-24
-3.005375e-24
-3.295169e-24
-3.582050e-24
-3.866001e-24
-4.147010e-24
-4.425060e-24
-4.700138e-24
-4.972229e-24
-5.241319e-24
-5.507392e-24
-5.770435e-24
-6.030433e-24
-6.287371e-24
-6.541236e-24
-6.792013e-24
-7.039687e-24
-7.284245e-24
-7.525672e-24
-7.763953e-24
-7.999076e-24
-8.231025e-24
-8.459788e-24
-8.685348e-24
-8.907694e-24
-9.126810e-24
-9.342682e-24
-9.555298e-24
-9.764643e-24
-9.970703e-24
-1.017346e-23
-1.037291e-23
-1.056904e-23
-1.076182e-23
-1.095125e-23
-1.113731e-23
-1.132000e-23
-1.149929e-23
-1.167517e-23
-1.184763e-23
-1.201666e-23
-1.218224e-23
-1.234436e-23
-1.250301e-23
-1.265817e-23
-1.280982e-23
-1.295797e-23
-1.310259e-23
-1.324367e-23
-1.338120e-23
-1.351516e-23
-1.364554e-23
-1.377234e-23
-1.389553e-23
-1.401510e-23
-1.413104e-23
-1.424334e-23
-1.435199e-23
-1.445697e-23
-1.455827e-23
-1.465588e-23
-1.474978e-23
-1.483997e-23
-1.492642e-23
-1.500914e-23
-1.508810e-23
-1.516329e-23
-1.523471e-23
-1.530233e-23
-1.536616e-23
-1.542616e-23
-1.548235e-23
-1.553469e-23
-1.558318e-23
-1.562781e-23
-1.566857e-23
-1.570544e-23
-1.573841e-23
-1.576747e-23
-1.579261e-23
-1.581382e-23
-1.583109e-23
-1.584440e-23
-1.585375e-23
-1.585911e-23
-1.586049e-23
-1.585786e-23
-1.585123e-23
-1.584057e-23
-1.582588e-23
-1.580714e-23
-1.578435e-23
-1.575748e-23
-1.572655e-23
-1.569152e-23
-1.565239e-23
-1.560915e-23
-1.556179e-23
-1.551030e-23
-1.545467e-23
-1.539489e-23
-1.533094e-23
-1.526282e-23
-1.519051e-23
-1.511401e-23
-1.503331e-23
-1.494839e-23
-1.485924e-23
-1.476586e-23
-1.466824e-23
-1.456636e-23
-1.446021e-23
-1.434980e-23
-1.423509e-23
-1.411609e-23
-1.399279e-23
-1.386517e-23
-1.373324e-23
-1.359696e-23
-1.345635e-23
-1.331138e-23
-1.316205e-23
-1.300835e-23
-1.285028e-23
-1.268781e-23
-1.252094e-23
-1.234967e-23
-1.217398e-23
-1.199387e-23
-1.180932e-23
-1.162033e-23
-1.142689e-23
-1.122898e-23
-1.102661e-23
-1.081976e-23
-1.060842e-23
-1.039259e-23
-1.017226e-23
-9.947411e-24
-9.718045e-24
-9.484150e-24
-9.245719e-24
-9.002743e-24
-8.755214e-24
-8.503125e-24
-8.246467e-24
-7.985232e-24
-7.719413e-24
-7.449002e-24
-7.173990e-24
-6.894372e-24
-6.610138e-24
-6.321281e-24
-6.027794e-24
-5.729670e-24
-5.426900e-24
-5.119479e-24
-4.807398e-24
-4.490650e-24
-4.169229e-24
-3.843127e-24
-3.512337e-24
-3.176853e-24
-2.836667e-24
-2.491773e-24
-2.142164e-24
-1.787834e-24
-1.428775e-24
-1.064981e-24
-6.964468e-25
-3.231647e-25
5.487142e-26
4.376676e-25
8.252302e-25
1.217565e-24
1.614679e-24
2.016577e-24
2.423266e-24
2.834751e-24
3.251039e-24
3.672134e-24
4.098043e-24
4.528771e-24
4.964324e-24
5.404708e-24
5.849927e-24
6.299987e-24
6.754893e-24
7.214651e-24
7.679265e-24
8.148742e-24
8.623085e-24
9.102299e-24
9.586391e-24
1.007536e-23
1.056922e-23
1.106797e-23
1.157162e-23
1.208016e-23
1.259361e-23
1.311197e-23
1.363524e-23
1.416343e-23
1.469654e-23
1.523458e-23
1.577755e-23
1.632545e-23
1.687828e-23
1.743606e-23
1.799879e-23
1.856646e-23
1.913909e-23
1.971667e-23
2.029921e-23
2.088672e-23
2.147919e-23
2.207664e-23
2.267905e-23
2.328644e-23
2.389882e-23
2.451617e-23
2.513851e-23
2.576584e-23
2.639816e-23
2.703547e-23
2.767778e-23
2.832508e-23
2.897739e-23
2.963471e-23
3.029703e-23
3.096435e-23
3.163669e-23
3.231405e-23
3.299641e-23
3.368380e-23
3.437620e-23
3.507363e-23
3.577607e-23
3.648355e-23
3.719604e-23
3.791357e-23
3.863612e-23
3.936371e-23
4.009633e-23
4.083398e-23
4.157667e-23
4.232439e-23
4.307715e-23
4.383494e-23
4.459778e-23
4.536565e-23
4.613857e-23
4.691652e-23
4.769952e-23
4.848756e-23
4.928065e-23
5.007877e-23
5.088194e-23
5.169016e-23
5.250342e-23
5.332172e-23
5.414506e-23
5.497345e-23
5.580689e-23
5.664537e-23
5.748889e-23
5.833746e-23
5.919107e-23
6.004972e-23
6.091341e-23
6.178215e-23
6.265592e-23
6.353474e-23
6.441859e-23
6.530748e-23
6.620141e-23
6.710038e-23
6.800438e-23
6.891341e-23
6.982748e-23
7.074658e-23
7.167071e-23
7.259986e-23
7.353404e-23
7.447325e-23
7.541748e-23
7.636673e-23
7.732100e-23
7.828029e-23
7.924460e-23
8.021391e-23
8.118824e-23
8.216758e-23
8.315192e-23
8.414127e-23
8.513562e-23
8.613497e-23
8.713931e-23
8.814865e-23
8.916298e-23
9.018230e-23
9.120660e-23
9.223589e-23
9.327015e-23
9.430939e-23
9.535360e-23
9.640278e-23
9.745693e-23
9.851604e-23
9.958011e-23
1.006491e-22
1.017231e-22
1.028020e-22
1.038859e-22
1.049747e-22
1.060684e-22
1.071671e-22
1.082707e-22
1.093792e-22
1.104927e-22
1.116110e-22
1.127343e-22
1.138625e-22
1.149956e-22
1.161335e-22
1.172764e-22
1.184242e-22
1.195768e-22
1.207343e-22
1.218967e-22
1.230639e-22
1.242360e-22
1.254130e-22
1.265948e-22
1.277815e-22
1.289730e-22
1.301693e-22
1.313705e-22
1.325765e-22
1.337873e-22
1.350029e-22
1.362233e-22
1.374485e-22
1.386785e-22
1.399133e-22
1.411529e-22
1.423973e-22
1.436464e-22
1.449003e-22
1.461589e-22
1.474223e-22
1.486904e-22
1.499633e-22
1.512408e-22
1.525231e-22
1.538102e-22
1.551019e-22
1.563983e-22
1.576994e-22
1.590052e-22
1.603157e-22
1.616308e-22
1.629507e-22
1.642751e-22
1.656042e-22
1.669380e-22
1.682764e-22
1.696194e-22
1.709670e-22
1.723192e-22
1.736760e-22
1.750374e-22
1.764034e-22
1.777740e-22
1.791491e-22
1.805288e-22
1.819131e-22
1.833018e-22
1.846951e-22
1.860930e-22
1.874953e-22
1.889022e-22
1.903135e-22
1.917293e-22
1.931496e-22
1.945744e-22
1.960036e-22
1.974373e-22
1.988754e-22
2.003180e-22
2.017649e-22
2.032163e-22
2.046721e-22
2.061322e-22
2.075968e-22
2.090657e-22
2.105390e-22
2.120166e-22
2.134985e-22
2.149848e-22
2.164754e-22
2.179704e-22
2.194696e-22
2.209731e-22
2.224809e-22
2.239929e-22
2.255092e-22
2.270298e-22
2.285545e-22
2.300835e-22
2.316167e-22
2.331542e-22
2.346958e-22
2.362415e-22
2.377915e-22
2.393456e-22
2.409038e-22
2.424662e-22
2.440327e-22
2.456033e-22
2.471779e-22
2.487567e-22
2.503396e-22
2.519265e-22
2.535174e-22
2.551124e-22
2.567114e-22
2.583145e-22
2.599215e-22
2.615325e-22
2.631475e-22
2.647664e-22
2.663893e-22
2.680161e-22
2.696469e-22
2.712815e-22
2.729201e-22
2.745625e-22
2.762088e-22
2.778590e-22
2.795130e-22
2.811708e-22
2.828325e-22
2.844980e-22
2.861672e-22
2.878402e-22
2.895170e-22
2.911976e-22
2.928818e-22
2.945698e-22
2.962616e-22
2.979569e-22
2.996560e-22
3.013588e-22
3.030652e-22
3.047752e-22
3.064889e-22
3.082061e-22
3.099270e-22
3.116514e-22
3.133794e-22
3.151110e-22
3.168461e-22
3.185847e-22
3.203268e-22
3.220724e-22
3.238215e-22
3.255740e-22
3.273300e-22
3.290894e-22
3.308522e-22
3.326185e-22
3.343881e-22
3.361611e-22
3.379374e-22
3.397171e-22
3.415001e-22
3.432864e-22
3.450760e-22
3.468688e-22
3.486650e-22
3.504643e-22
3.522669e-22
3.540727e-22
3.558817e-22
3.576939e-22
3.595093e-22
3.613278e-22
3.631494e-22
3.649741e-22
3.668019e-22
3.686328e-22
3.704668e-22
3.723038e-22
3.741439e-22
3.759869e-22
3.778330e-22
3.796820e-22
3.815340e-22
3.833890e-22
3.852468e-22
3.871076e-22
3.889713e-22
3.908378e-22
3.927072e-22
3.945795e-22
3.964545e-22
3.983324e-22
4.002131e-22
4.020965e-22
4.039827e-22
4.058716e-22
4.077633e-22
4.096576e-22
4.115546e-22
4.134543e-22
4.153567e-22
4.172616e-22
4.191692e-22
4.210794e-22
4.229921e-22
4.249074e-22
4.268252e-22
4.287455e-22
4.306684e-22
4.325937e-22
4.345215e-22
4.364517e-22
4.383843e-22
4.403194e-22
4.422568e-22
4.441966e-22
4.461388e-22
4.480833e-22
4.500301e-22
4.519791e-22
4.539305e-22
4.558841e-22
4.578399e-22
4.597980e-22
4.617583e-22
4.637207e-22
4.656853e-22
4.676520e-22
4.696208e-22
4.715918e-22
4.735648e-22
4.755398e-22
4.775170e-22
4.794961e-22
4.814772e-22
4.834603e-22
4.854454e-22
4.874324e-22
4.894213e-22
4.914121e-22
4.934048e-22
4.953993e-22
4.973957e-22
4.993939e-22
5.013939e-22
5.033957e-22
5.053993e-22
5.074045e-22
5.094115e-22
5.114202e-22
5.134305e-22
5.154425e-22
5.174562e-22
5.194714e-22
5.214883e-22
5.235067e-22
5.255266e-22
5.275481e-22
5.295711e-22
5.315956e-22
5.336215e-22
5.356489e-22
5.376777e-22
5.397079e-22
5.417395e-22
5.437724e-22
5.458067e-22
5.478423e-22
5.498792e-22
5.519173e-22
5.539567e-22
5.559974e-22
5.580392e-22
5.600822e-22
5.621264e-22
5.641718e-22
5.662182e-22
5.682658e-22
5.703144e-22
5.723641e-22
5.744148e-22
5.764666e-22
5.785193e-22
5.805730e-22
5.826276e-22
5.846832e-22
5.867397e-22
5.887970e-22
5.908552e-22
5.929142e-22
5.949741e-22
5.970347e-22
5.990961e-22
6.011582e-22
6.032211e-22
6.052847e-22
6.073489e-22
6.094138e-22
6.114793e-22
6.135455e-22
6.156122e-22
6.176795e-22
6.197473e-22
6.218157e-22
6.238845e-22
6.259538e-22
6.280236e-22
6.300938e-22
6.321644e-22
6.342354e-22
6.363067e-22
6.383784e-22
6.404504e-22
6.425227e-22
6.445952e-22
6.466680e-22
6.487410e-22
6.508142e-22
6.528876e-22
6.549611e-22
6.570348e-22
6.591085e-22
6.611824e-22
6.632563e-22
6.653302e-22
6.674042e-22
6.694781e-22
6.715520e-22
6.736258e-22
6.756996e-22
6.777732e-22
6.798468e-22
6.819201e-22
6.839933e-22
6.860663e-22
6.881391e-22
6.902116e-22
6.922838e-22
6.943558e-22
6.964274e-22
6.984987e-22
7.005696e-22
7.026401e-22
7.047102e-22
7.067799e-22
7.088491e-22
7.109179e-22
7.129861e-22
7.150538e-22
7.171209e-22
7.191874e-22
7.212534e-22
7.233187e-22
7.253834e-22
7.274473e-22
7.295106e-22
7.315732e-22
7.336350e-22
7.356960e-22
7.377562e-22
7.398157e-22
7.418742e-22
7.439319e-22
7.459887e-22
7.480446e-22
7.500995e-22
7.521535e-22
7.542065e-22
7.562585e-22
7.583094e-22
7.603593e-22
7.624080e-22
7.644557e-22
7.665022e-22
7.685476e-22
7.705918e-22
7.726348e-22
7.746765e-22
7.767170e-22
7.787562e-22
7.807941e-22
7.828306e-22
7.848659e-22
7.868997e-22
7.889321e-22
7.909631e-22
7.929926e-22
7.950207e-22
7.970473e-22
7.990723e-22
8.010958e-22
8.031177e-22
8.051380e-22
8.071567e-22
8.091737e-22
8.111891e-22
8.132028e-22
8.152147e-22
8.172249e-22
8.192334e-22
8.212400e-22
8.232448e-22
8.252478e-22
8.272489e-22
8.292481e-22
8.312454e-22
8.332408e-22
8.352341e-22
8.372255e-22
8.392149e-22
8.412022e-22
8.431875e-22
8.451707e-22
8.471518e-22
8.491307e-22
8.511075e-22
8.530821e-22
8.550544e-22
8.570246e-22
8.589925e-22
8.609581e-22
8.629213e-22
8.648823e-22
8.668409e-22
8.687971e-22
8.707509e-22
8.727023e-22
8.746512e-22
8.765976e-22
8.785416e-22
8.804830e-22
8.824218e-22
8.843581e-22
8.862917e-22
8.882228e-22
8.901512e-22
8.920769e-22
8.939999e-22
8.959202e-22
8.978378e-22
8.997525e-22
9.016645e-22
9.035737e-22
9.054800e-22
9.073834e-22
9.092840e-22
9.111816e-22
9.130763e-22
9.149680e-22
9.168567e-22
9.187424e-22
9.206251e-22
9.225047e-22
9.243812e-22
9.262546e-22
9.281249e-22
9.299920e-22
9.318560e-22
9.337167e-22
9.355742e-22
9.374284e-22
9.392794e-22
9.411270e-22
9.429713e-22
9.448123e-22
9.466499e-22
9.484841e-22
9.503148e-22
9.521422e-22
9.539660e-22
9.557864e-22
9.576032e-22
9.594165e-22
9.612262e-22
9.630323e-22
9.648349e-22
9.666337e-22
9.684289e-22
9.702205e-22
9.720083e-22
9.737924e-22
9.755727e-22
9.773493e-22
9.791220e-22
9.808909e-22
9.826560e-22
9.844172e-22
9.861745e-22
9.879278e-22
9.896773e-22
9.914227e-22
9.931642e-22
9.949016e-22
9.966350e-22
9.983644e-22
1.000090e-21
1.001811e-21
1.003528e-21
1.005241e-21
1.006949e-21
1.008654e-21
1.010354e-21
1.012050e-21
1.013742e-21
1.015429e-21
1.017113e-21
1.018791e-21
1.020466e-21
1.022136e-21
1.023802e-21
1.025463e-21
1.027119e-21
1.028772e-21
1.030420e-21
1.032063e-21
1.033702e-21
1.035336e-21
1.036965e-21
1.038590e-21
1.040211e-21
1.041826e-21
1.043437e-21
1.045044e-21
1.046645e-21
1.048242e-21
1.049834e-21
1.051421e-21
1.053004e-21
1.054581e-21
1.056154e-21
1.057722e-21
1.059285e-21
1.060843e-21
1.062396e-21
1.063944e-21
1.065487e-21
1.067026e-21
1.068559e-21
1.070087e-21
1.071610e-21
1.073128e-21
1.074640e-21
1.076148e-21
1.077650e-21
1.079148e-21
1.080640e-21
1.082127e-21
1.083608e-21
1.085085e-21
1.086556e-21
1.088021e-21
1.089482e-21
1.090937e-21
1.092386e-21
1.093831e-21
1.095269e-21
1.096703e-21
1.098131e-21
1.099553e-21
1.100970e-21
1.102382e-21
1.103788e-21
1.105188e-21
1.106583e-21
1.107972e-21
1.109355e-21
1.110733e-21
1.112105e-21
1.113472e-21
1.114833e-21
1.116188e-21
1.117537e-21
1.118881e-21
1.120219e-21
1.121551e-21
1.122877e-21
1.124197e-21
1.125512e-21
1.126820e-21
1.128123e-21
1.129420e-21
1.130710e-21
1.131995e-21
1.133274e-21
1.134547e-21
1.135814e-21
1.137074e-21
1.138329e-21
1.139578e-21
1.140820e-21
1.142057e-21
1.143287e-21
1.144511e-21
1.145729e-21
1.146940e-21
1.148146e-21
1.149345e-21
1.150538e-21
1.151725e-21
1.152905e-21
1.154080e-21
1.155247e-21
1.156409e-21
1.157564e-21
1.158713e-21
1.159855e-21
1.160991e-21
1.162120e-21
1.163243e-21
1.164360e-21
1.165470e-21
1.166573e-21
1.167670e-21
1.168761e-21
1.169845e-21
1.170922e-21
1.171993e-21
1.173057e-21
1.174114e-21
1.175165e-21
1.176209e-21
1.177246e-21
1.178277e-21
1.179301e-21
1.180319e-21
1.181329e-21
1.182333e-21
1.183330e-21
1.184320e-21
1.185303e-21
1.186280e-21
1.187249e-21
1.188212e-21
1.189168e-21
1.190117e-21
1.191059e-21
1.191994e-21
1.192922e-21
1.193843e-21
1.194758e-21
1.195665e-21
1.196565e-21
1.197458e-21
1.198344e-21
1.199223e-21
1.200095e-21
1.200960e-21
1.201818e-21
1.202668e-21
1.203512e-21
1.204348e-21
1.205177e-21
1.205999e-21
1.206814e-21
1.207622e-21
1.208422e-21
1.209215e-21
1.210001e-21
1.210779e-21
1.211550e-21
1.212314e-21
1.213071e-21
1.213820e-21
1.214562e-21
1.215297e-21
1.216024e-21
1.216743e-21
1.217456e-21
1.218161e-21
1.218858e-21
1.219548e-21
1.220231e-21
1.220906e-21
1.221573e-21
1.222234e-21
1.222886e-21
1.223531e-21
1.224169e-21
1.224799e-21
1.225421e-21
1.226036e-21
1.226643e-21
1.227243e-21
1.227835e-21
1.228419e-21
1.228996e-21
1.229565e-21
1.230126e-21
1.230680e-21
1.231226e-21
1.231764e-21
1.232294e-21
1.232817e-21
1.233332e-21
1.233840e-21
1.234339e-21
1.234831e-21
1.235315e-21
1.235791e-21
1.236259e-21
1.236720e-21
1.237173e-21
1.237617e-21
1.238054e-21
1.238483e-21
1.238905e-21
1.239318e-21
1.239723e-21
1.240121e-21
1.240510e-21
1.240892e-21
1.241266e-21
1.241631e-21
1.241989e-21
1.242339e-21
1.242681e-21
1.243014e-21
1.243340e-21
1.243658e-21
1.243968e-21
1.244269e-21
1.244563e-21
1.244849e-21
1.245126e-21
1.245396e-21
1.245657e-21
1.245910e-21
1.246155e-21
1.246392e-21
1.246621e-21
1.246842e-21
1.247055e-21
1.247259e-21
1.247455e-21
1.247644e-21
1.247824e-21
1.247995e-21
1.248159e-21
1.248314e-21
1.248462e-21
1.248601e-21
1.248731e-21
1.248854e-21
1.248968e-21
1.249074e-21
1.249172e-21
1.249261e-21
1.249343e-21
1.249416e-21
1.249480e-21
1.249537e-21
1.249585e-21
1.249625e-21
1.249656e-21
1.249679e-21
1.249694e-21
1.249701e-21
1.249699e-21
1.249689e-21
1.249670e-21
1.249643e-21
1.249608e-21
1.249564e-21
1.249512e-21
1.249452e-21
1.249383e-21
1.249306e-21
1.249221e-21
1.249127e-21
1.249024e-21
1.248913e-21
1.248794e-21
1.248667e-21
1.248530e-21
1.248386e-21
1.248233e-21
1.248072e-21
1.247902e-21
1.247724e-21
1.247537e-21
1.247342e-21
1.247138e-21
1.246926e-21
1.246705e-21
1.246476e-21
1.246238e-21
1.245992e-21
1.245738e-21
1.245475e-21
1.245203e-21
1.244923e-21
1.244634e-21
1.244337e-21
1.244032e-21
1.243718e-21
1.243395e-21
1.243064e-21
1.242724e-21
1.242376e-21
1.242019e-21
1.241654e-21
1.241280e-21
1.240898e-21
1.240507e-21
1.240108e-21
1.239700e-21
1.239283e-21
1.238858e-21
1.238425e-21
1.237982e-21
1.237532e-21
1.237072e-21
1.236605e-21
1.236128e-21
1.235643e-21
1.235150e-21
1.234648e-21
1.234137e-21
1.233618e-21
1.233090e-21
1.232554e-21
1.232009e-21
1.231456e-21
1.230894e-21
1.230323e-21
1.229744e-21
1.229157e-21
1.228560e-21
1.227956e-21
1.227342e-21
1.226720e-21
1.226090e-21
1.225451e-21
1.224803e-21
1.224147e-21
1.223482e-21
1.222809e-21
1.222127e-21
1.221437e-21
1.220738e-21
1.220030e-21
1.219314e-21
1.218590e-21
1.217856e-21
1.217115e-21
1.216364e-21
1.215606e-21
1.214838e-21
1.214062e-21
1.213278e-21
1.212485e-21
1.211683e-21
1.210873e-21
1.210055e-21
1.209228e-21
1.208392e-21
1.207548e-21
1.206695e-21
1.205834e-21
1.204964e-21
1.204086e-21
1.203200e-21
1.202304e-21
1.201401e-21
1.200488e-21
1.199568e-21
1.198639e-21
1.197701e-21
1.196755e-21
1.195800e-21
1.194837e-21
1.193865e-21
1.192885e-21
1.191897e-21
1.190900e-21
1.189895e-21
1.188881e-21
1.187858e-21
1.186828e-21
1.185789e-21
1.184741e-21
1.183685e-21
1.182621e-21
1.181548e-21
1.180467e-21
1.179377e-21
1.178279e-21
1.177172e-21
1.176058e-21
1.174935e-21
1.173803e-21
1.172663e-21
1.171515e-21
1.170358e-21
1.169193e-21
1.168020e-21
1.166838e-21
1.165648e-21
1.164450e-21
1.163244e-21
1.162029e-21
1.160805e-21
1.159574e-21
1.158334e-21
1.157086e-21
1.155830e-21
1.154565e-21
1.153293e-21
1.152012e-21
1.150722e-21
1.149425e-21
1.148119e-21
1.146805e-21
1.145483e-21
1.144152e-21
1.142814e-21
1.141467e-21
1.140112e-21
1.138749e-21
1.137378e-21
1.135999e-21
1.134611e-21
1.133215e-21
1.131812e-21
1.130400e-21
1.128980e-21
1.127552e-21
1.126116e-21
1.124672e-21
1.123219e-21
1.121759e-21
1.120291e-21
1.118814e-21
1.117330e-21
1.115837e-21
1.114337e-21
1.112828e-21
1.111312e-21
1.109788e-21
1.108255e-21
1.106715e-21
1.105167e-21
1.103611e-21
1.102047e-21
1.100475e-21
1.098895e-21
1.097307e-21
1.095711e-21
1.094108e-21
1.092497e-21
1.090877e-21
1.089250e-21
1.087616e-21
1.085973e-21
1.084322e-21
1.082664e-21
1.080998e-21
1.079325e-21
1.077643e-21
1.075954e-21
1.074257e-21
1.072552e-21
1.070840e-21
1.069120e-21
1.067392e-21
1.065657e-21
1.063914e-21
1.062163e-21
1.060405e-21
1.058639e-21
1.056866e-21
1.055085e-21
1.053297e-21
1.051500e-21
1.049697e-21
1.047886e-21
1.046067e-21
1.044241e-21
1.042407e-21
1.040566e-21
1.038718e-21
1.036862e-21
1.034998e-21
1.033127e-21
1.031249e-21
1.029363e-21
1.027470e-21
1.025570e-21
1.023663e-21
1.021748e-21
1.019825e-21
1.017896e-21
1.015959e-21
1.014015e-21
1.012063e-21
1.010105e-21
1.008139e-21
1.006166e-21
1.004186e-21
1.002198e-21
1.000204e-21
9.982022e-22
9.961934e-22
9.941776e-22
9.921546e-22
9.901246e-22
9.880875e-22
9.860433e-22
9.839922e-22
9.819340e-22
9.798688e-22
9.777967e-22
9.757176e-22
9.736316e-22
9.715386e-22
9.694388e-22
9.673320e-22
9.652184e-22
9.630979e-22
9.609706e-22
9.588365e-22
9.566955e-22
9.545478e-22
9.523933e-22
9.502321e-22
9.480641e-22
9.458894e-22
9.437080e-22
9.415199e-22
9.393252e-22
9.371238e-22
9.349158e-22
9.327012e-22
9.304800e-22
9.282522e-22
9.260179e-22
9.237770e-22
9.215297e-22
9.192758e-22
9.170155e-22
9.147487e-22
9.124754e-22
9.101958e-22
9.079097e-22
9.056173e-22
9.033185e-22
9.010133e-22
8.987018e-22
8.963840e-22
8.940600e-22
8.917296e-22
8.893931e-22
8.870502e-22
8.847012e-22
8.823460e-22
8.799847e-22
8.776171e-22
8.752435e-22
8.728637e-22
8.704779e-22
8.680860e-22
8.656880e-22
8.632840e-22
8.608741e-22
8.584581e-22
8.560361e-22
8.536083e-22
8.511744e-22
8.487347e-22
8.462891e-22
8.438377e-22
8.413804e-22
8.389173e-22
8.364484e-22
8.339737e-22
8.314932e-22
8.290070e-22
8.265151e-22
8.240175e-22
8.215143e-22
8.190054e-22
8.164908e-22
8.139707e-22
8.114450e-22
8.089137e-22
8.063769e-22
8.038345e-22
8.012867e-22
7.987333e-22
7.961746e-22
7.936104e-22
7.910407e-22
7.884657e-22
7.858854e-22
7.832997e-22
7.807087e-22
7.781123e-22
7.755107e-22
7.729039e-22
7.702918e-22
7.676745e-22
7.650521e-22
7.624244e-22
7.597917e-22
7.571538e-22
7.545108e-22
7.518628e-22
7.492097e-22
7.465516e-22
7.438885e-22
7.412204e-22
7.385474e-22
7.358694e-22
7.331865e-22
7.304988e-22
7.278062e-22
7.251087e-22
7.224065e-22
7.196994e-22
7.169876e-22
7.142711e-22
7.115498e-22
7.088238e-22
7.060932e-22
7.033579e-22
7.006180e-22
6.978735e-22
6.951245e-22
6.923708e-22
6.896127e-22
6.868501e-22
6.840829e-22
6.813114e-22
6.785354e-22
6.757550e-22
6.729702e-22
6.701811e-22
6.673876e-22
6.645899e-22
6.617878e-22
6.589815e-22
6.561710e-22
6.533563e-22
6.505374e-22
6.477143e-22
6.448871e-22
6.420558e-22
6.392205e-22
6.363810e-22
6.335376e-22
6.306901e-22
6.278387e-22
6.249833e-22
6.221239e-22
6.192607e-22
6.163936e-22
6.135226e-22
6.106478e-22
6.077692e-22
6.048869e-22
6.020008e-22
5.991109e-22
5.962174e-22
5.933202e-22
5.904193e-22
5.875148e-22
5.846067e-22
5.816951e-22
5.787799e-22
5.758612e-22
5.729390e-22
5.700133e-22
5.670842e-22
5.641517e-22
5.612157e-22
5.582765e-22
5.553339e-22
5.523879e-22
5.494387e-22
5.464863e-22
5.435306e-22
5.405717e-22
5.376096e-22
5.346444e-22
5.316760e-22
5.287046e-22
5.257301e-22
5.227525e-22
5.197719e-22
5.167883e-22
5.138018e-22
5.108123e-22
5.078199e-22
5.048246e-22
5.018265e-22
4.988255e-22
4.958217e-22
4.928152e-22
4.898059e-22
4.867938e-22
4.837791e-22
4.807617e-22
4.777417e-22
4.747190e-22
4.716938e-22
4.686659e-22
4.656356e-22
4.626027e-22
4.595674e-22
4.565296e-22
4.534894e-22
4.504468e-22
4.474018e-22
4.443544e-22
4.413048e-22
4.382528e-22
4.351986e-22
4.321421e-22
4.290835e-22
4.260226e-22
4.229596e-22
4.198945e-22
4.168273e-22
4.137580e-22
4.106867e-22
4.076133e-22
4.045380e-22
4.014606e-22
3.983814e-22
3.953002e-22
3.922172e-22
3.891323e-22
3.860456e-22
3.829571e-22
3.798668e-22
3.767748e-22
3.736811e-22
3.705857e-22
3.674886e-22
3.643899e-22
3.612896e-22
3.581877e-22
3.550842e-22
3.519793e-22
3.488728e-22
3.457649e-22
3.426556e-22
3.395448e-22
3.364327e-22
3.333192e-22
3.302044e-22
3.270882e-22
3.239709e-22
3.208522e-22
3.177324e-22
3.146114e-22
3.114892e-22
3.083658e-22
3.052414e-22
3.021159e-22
2.989894e-22
2.958618e-22
2.927333e-22
2.896037e-22
2.864733e-22
2.833419e-22
2.802097e-22
2.770766e-22
2.739427e-22
2.708080e-22
2.676725e-22
2.645363e-22
2.613993e-22
2.582617e-22
2.551235e-22
2.519846e-22
