6.222322e-22
6.225017e-22
6.227700e-22
6.230372e-22
6.233033e-22
6.235682e-22
6.238319e-22
6.240944e-22
6.243557e-22
6.246158e-22
6.248747e-22
6.251324e-22
6.253888e-22
6.256440e-22
6.258979e-22
6.261506e-22
6.264020e-22
6.266521e-22
6.269010e-22
6.271485e-22
6.273947e-22
6.276396e-22
6.278832e-22
6.281255e-22
6.283663e-22
6.286059e-22
6.288441e-22
6.290808e-22
6.293163e-22
6.295503e-22
6.297829e-22
6.300141e-22
6.302439e-22
6.304722e-22
6.306991e-22
6.309245e-22
6.311485e-22
6.313710e-22
6.315921e-22
6.318116e-22
6.320297e-22
6.322462e-22
6.324613e-22
6.326748e-22
6.328867e-22
6.330971e-22
6.333060e-22
6.335133e-22
6.337190e-22
6.339232e-22
6.341257e-22
6.343267e-22
6.345260e-22
6.347237e-22
6.349198e-22
6.351143e-22
6.353071e-22
6.354982e-22
6.356877e-22
6.358755e-22
6.360616e-22
6.362460e-22
6.364287e-22
6.366097e-22
6.367890e-22
6.369665e-22
6.371423e-22
6.373164e-22
6.374886e-22
6.376592e-22
6.378279e-22
6.379948e-22
6.381600e-22
6.383233e-22
6.384849e-22
6.386446e-22
6.388024e-22
6.389585e-22
6.391126e-22
6.392649e-22
6.394154e-22
6.395639e-22
6.397106e-22
6.398554e-22
6.399982e-22
6.401391e-22
6.402782e-22
6.404152e-22
6.405504e-22
6.406835e-22
6.408148e-22
6.409440e-22
6.410713e-22
6.411965e-22
6.413198e-22
6.414411e-22
6.415603e-22
6.416775e-22
6.417927e-22
6.419058e-22
6.420169e-22
6.421259e-22
6.422329e-22
6.423377e-22
6.424405e-22
6.425412e-22
6.426397e-22
6.427362e-22
6.428305e-22
6.429227e-22
6.430127e-22
6.431006e-22
6.431864e-22
6.432699e-22
6.433513e-22
6.434305e-22
6.435075e-22
6.435823e-22
6.436548e-22
6.437252e-22
6.437933e-22
6.438592e-22
6.439228e-22
6.439842e-22
6.440433e-22
6.441001e-22
6.441546e-22
6.442069e-22
6.442568e-22
6.443045e-22
6.443498e-22
6.443927e-22
6.444334e-22
6.444717e-22
6.445076e-22
6.445412e-22
6.445724e-22
6.446013e-22
6.446277e-22
6.446518e-22
6.446734e-22
6.446926e-22
6.447094e-22
6.447238e-22
6.447358e-22
6.447452e-22
6.447523e-22
6.447568e-22
6.447589e-22
6.447585e-22
6.447557e-22
6.447503e-22
6.447424e-22
6.447320e-22
6.447191e-22
6.447037e-22
6.446857e-22
6.446651e-22
6.446420e-22
6.446164e-22
6.445881e-22
6.445573e-22
6.445239e-22
6.444879e-22
6.444493e-22
6.444081e-22
6.443643e-22
6.443178e-22
6.442687e-22
6.442170e-22
6.441626e-22
6.441055e-22
6.440458e-22
6.439834e-22
6.439183e-22
6.438505e-22
6.437800e-22
6.437069e-22
6.436309e-22
6.435523e-22
6.434710e-22
6.433868e-22
6.433000e-22
6.432104e-22
6.431180e-22
6.430229e-22
6.429250e-22
6.428243e-22
6.427208e-22
6.426145e-22
6.425053e-22
6.423934e-22
6.422787e-22
6.421611e-22
6.420407e-22
6.419174e-22
6.417913e-22
6.416623e-22
6.415305e-22
6.413957e-22
6.412581e-22
6.411176e-22
6.409742e-22
6.408279e-22
6.406787e-22
6.405266e-22
6.403715e-22
6.402135e-22
6.400525e-22
6.398887e-22
6.397218e-22
6.395520e-22
6.393792e-22
6.392035e-22
6.390247e-22
6.388430e-22
6.386582e-22
6.384705e-22
6.382798e-22
6.380860e-22
6.378892e-22
6.376894e-22
6.374865e-22
6.372806e-22
6.370716e-22
6.368596e-22
6.366445e-22
6.364263e-22
6.362050e-22
6.359807e-22
6.357533e-22
6.355227e-22
6.352891e-22
6.350523e-22
6.348125e-22
6.345695e-22
6.343233e-22
6.340740e-22
6.338216e-22
6.335660e-22
6.333073e-22
6.330454e-22
6.327803e-22
6.325121e-22
6.322406e-22
6.319660e-22
6.316882e-22
6.314072e-22
6.311229e-22
6.308355e-22
6.305448e-22
6.302509e-22
6.299538e-22
6.296534e-22
6.293498e-22
6.290429e-22
6.287327e-22
6.284193e-22
6.281027e-22
6.277827e-22
6.274595e-22
6.271330e-22
6.268032e-22
6.264701e-22
6.261337e-22
6.257940e-22
6.254509e-22
6.251046e-22
6.247549e-22
6.244019e-22
6.240455e-22
6.236858e-22
6.233228e-22
6.229564e-22
6.225866e-22
6.222135e-22
6.218370e-22
6.214571e-22
6.210738e-22
6.206872e-22
6.202971e-22
6.199037e-22
6.195068e-22
6.191066e-22
6.187029e-22
6.182958e-22
6.178853e-22
6.174714e-22
6.170540e-22
6.166332e-22
6.162090e-22
6.157813e-22
6.153501e-22
6.149155e-22
6.144774e-22
6.140359e-22
6.135909e-22
6.131424e-22
6.126904e-22
6.122349e-22
6.117760e-22
6.113135e-22
6.108476e-22
6.103781e-22
6.099051e-22
6.094287e-22
6.089486e-22
6.084651e-22
6.079781e-22
6.074875e-22
6.069934e-22
6.064957e-22
6.059945e-22
6.054897e-22
6.049814e-22
6.044696e-22
6.039541e-22
6.034351e-22
6.029126e-22
6.023864e-22
6.018567e-22
6.013234e-22
6.007865e-22
6.002460e-22
5.997020e-22
5.991543e-22
5.986030e-22
5.980482e-22
5.974897e-22
5.969276e-22
5.963619e-22
5.957925e-22
5.952196e-22
5.946430e-22
5.940628e-22
5.934789e-22
5.928915e-22
5.923003e-22
5.917056e-22
5.911071e-22
5.905051e-22
5.898993e-22
5.892900e-22
5.886769e-22
5.880602e-22
5.874398e-22
5.868158e-22
5.861881e-22
5.855567e-22
5.849216e-22
5.842828e-22
5.836404e-22
5.829943e-22
5.823444e-22
5.816909e-22
5.810337e-22
5.803728e-22
5.797082e-22
5.790398e-22
5.783678e-22
5.776921e-22
5.770126e-22
5.763295e-22
5.756426e-22
5.749520e-22
5.742576e-22
5.735596e-22
5.728578e-22
5.721523e-22
5.714430e-22
5.707300e-22
5.700133e-22
5.692928e-22
5.685686e-22
5.678407e-22
5.671090e-22
5.663736e-22
5.656344e-22
5.648914e-22
5.641447e-22
5.633943e-22
5.626401e-22
5.618821e-22
5.611204e-22
5.603549e-22
5.595856e-22
5.588126e-22
5.580358e-22
5.572552e-22
5.564709e-22
5.556828e-22
5.548909e-22
5.540953e-22
5.532958e-22
5.524926e-22
5.516856e-22
5.508749e-22
5.500603e-22
5.492420e-22
5.484198e-22
5.475939e-22
5.467642e-22
5.459307e-22
5.450935e-22
5.442524e-22
5.434075e-22
5.425589e-22
5.417065e-22
5.408502e-22
5.399902e-22
5.391264e-22
5.382587e-22
5.373873e-22
5.365121e-22
5.356331e-22
5.347502e-22
5.338636e-22
5.329732e-22
5.320790e-22
5.311810e-22
5.302791e-22
5.293735e-22
5.284641e-22
5.275508e-22
5.266338e-22
5.257130e-22
5.247883e-22
5.238599e-22
5.229276e-22
5.219916e-22
5.210517e-22
5.201081e-22
5.191606e-22
5.182093e-22
5.172543e-22
5.162954e-22
5.153327e-22
5.143662e-22
5.133960e-22
5.124219e-22
5.114440e-22
5.104623e-22
5.094768e-22
5.084875e-22
5.074944e-22
5.064975e-22
5.054968e-22
5.044924e-22
5.034841e-22
5.024720e-22
5.014561e-22
5.004364e-22
4.994130e-22
4.983857e-22
4.973546e-22
4.963198e-22
4.952812e-22
4.942387e-22
4.931925e-22
4.921425e-22
4.910887e-22
4.900311e-22
4.889698e-22
4.879046e-22
4.868357e-22
4.857630e-22
4.846865e-22
4.836062e-22
4.825222e-22
4.814344e-22
4.803428e-22
4.792474e-22
4.781483e-22
4.770454e-22
4.759387e-22
4.748283e-22
4.737141e-22
4.725961e-22
4.714744e-22
4.703489e-22
4.692197e-22
4.680867e-22
4.669500e-22
4.658095e-22
4.646652e-22
4.635173e-22
4.623655e-22
4.612101e-22
4.600509e-22
4.588879e-22
4.577212e-22
4.565508e-22
4.553767e-22
4.541988e-22
4.530172e-22
4.518319e-22
4.506429e-22
4.494501e-22
4.482537e-22
4.470535e-22
4.458496e-22
4.446420e-22
4.434307e-22
4.422157e-22
4.409970e-22
4.397746e-22
4.385485e-22
4.373188e-22
4.360853e-22
4.348482e-22
4.336073e-22
4.323628e-22
4.311147e-22
4.298628e-22
4.286073e-22
4.273481e-22
4.260853e-22
4.248188e-22
4.235486e-22
4.222748e-22
4.209974e-22
4.197163e-22
4.184316e-22
4.171432e-22
4.158512e-22
4.145556e-22
4.132563e-22
4.119534e-22
4.106469e-22
4.093368e-22
4.080231e-22
4.067058e-22
4.053848e-22
4.040603e-22
4.027322e-22
4.014005e-22
4.000652e-22
3.987263e-22
3.973839e-22
3.960378e-22
3.946882e-22
3.933351e-22
3.919784e-22
3.906181e-22
3.892542e-22
3.878869e-22
3.865159e-22
3.851415e-22
3.837635e-22
3.823820e-22
3.809969e-22
3.796084e-22
3.782163e-22
3.768207e-22
3.754216e-22
3.740190e-22
3.726129e-22
3.712033e-22
3.697903e-22
3.683737e-22
3.669537e-22
3.655302e-22
3.641032e-22
3.626728e-22
3.612389e-22
3.598016e-22
3.583608e-22
3.569166e-22
3.554690e-22
3.540179e-22
3.525634e-22
3.511055e-22
3.496442e-22
3.481794e-22
3.467113e-22
3.452398e-22
3.437649e-22
3.422866e-22
3.408049e-22
3.393198e-22
3.378314e-22
3.363396e-22
3.348445e-22
3.333460e-22
3.318442e-22
3.303390e-22
3.288305e-22
3.273187e-22
3.258036e-22
3.242851e-22
3.227634e-22
3.212383e-22
3.197100e-22
3.181783e-22
3.166434e-22
3.151052e-22
3.135637e-22
3.120190e-22
3.104710e-22
3.089198e-22
3.073653e-22
3.058076e-22
3.042467e-22
3.026825e-22
3.011151e-22
2.995446e-22
2.979708e-22
2.963938e-22
2.948136e-22
2.932302e-22
2.916437e-22
2.900540e-22
2.884612e-22
2.868651e-22
2.852660e-22
2.836637e-22
2.820582e-22
2.804497e-22
2.788380e-22
2.772232e-22
2.756053e-22
2.739843e-22
2.723603e-22
2.707331e-22
2.691029e-22
2.674696e-22
2.658332e-22
2.641938e-22
2.625513e-22
2.609058e-22
2.592573e-22
2.576058e-22
2.559512e-22
2.542937e-22
2.526331e-22
2.509696e-22
2.493030e-22
2.476335e-22
2.459611e-22
2.442856e-22
2.426072e-22
2.409259e-22
2.392417e-22
2.375545e-22
2.358644e-22
2.341714e-22
2.324755e-22
2.307767e-22
2.290750e-22
2.273704e-22
2.256630e-22
2.239527e-22
2.222395e-22
2.205235e-22
2.188047e-22
2.170831e-22
2.153586e-22
2.136313e-22
2.119012e-22
2.101684e-22
2.084327e-22
2.066943e-22
2.049531e-22
2.032091e-22
2.014625e-22
1.997130e-22
1.979609e-22
1.962060e-22
1.944484e-22
1.926881e-22
1.909251e-22
1.891594e-22
1.873910e-22
1.856200e-22
1.838463e-22
1.820700e-22
1.802910e-22
1.785094e-22
1.767252e-22
1.749384e-22
1.731490e-22
1.713569e-22
1.695623e-22
1.677652e-22
1.659654e-22
1.641631e-22
1.623583e-22
1.605509e-22
1.587410e-22
1.569286e-22
1.551136e-22
1.532962e-22
1.514763e-22
1.496539e-22
1.478291e-22
1.460017e-22
1.441720e-22
1.423398e-22
1.405052e-22
1.386681e-22
1.368287e-22
1.349868e-22
1.331426e-22
1.312960e-22
1.294470e-22
1.275956e-22
1.257419e-22
1.238859e-22
1.220276e-22
1.201669e-22
1.183039e-22
1.164386e-22
1.145711e-22
1.127013e-22
1.108292e-22
1.089548e-22
1.070782e-22
1.051994e-22
1.033183e-22
1.014351e-22
9.954961e-23
9.766196e-23
9.577212e-23
9.388012e-23
9.198595e-23
9.008964e-23
8.819120e-23
8.629062e-23
8.438793e-23
8.248314e-23
8.057625e-23
7.866728e-23
7.675623e-23
7.484313e-23
7.292797e-23
7.101078e-23
6.909156e-23
6.717032e-23
6.524708e-23
6.332184e-23
6.139462e-23
5.946543e-23
5.753427e-23
5.560117e-23
5.366613e-23
5.172916e-23
4.979027e-23
4.784949e-23
4.590680e-23
4.396224e-23
4.201581e-23
4.006752e-23
3.811738e-23
3.616540e-23
3.421161e-23
3.225599e-23
3.029858e-23
2.833938e-23
2.637841e-23
2.441566e-23
2.245117e-23
2.048493e-23
1.851696e-23
1.654727e-23
1.457587e-23
1.260278e-23
1.062800e-23
8.651559e-24
6.673454e-24
4.693702e-24
2.712314e-24
7.293024e-25
-1.255321e-24
-3.241543e-24
-5.229353e-24
-7.218738e-24
-9.209686e-24
-1.120219e-23
-1.319622e-23
-1.519179e-23
-1.718887e-23
-1.918745e-23
-2.118752e-23
-2.318907e-23
-2.519209e-23
-2.719655e-23
-2.920246e-23
-3.120980e-23
-3.321855e-23
-3.522871e-23
-3.724026e-23
-3.925318e-23
-4.126747e-23
-4.328312e-23
-4.530011e-23
-4.731842e-23
-4.933806e-23
-5.135899e-23
-5.338122e-23
-5.540472e-23
-5.742949e-23
-5.945551e-23
-6.148277e-23
-6.351126e-23
-6.554097e-23
-6.757187e-23
-6.960397e-23
-7.163724e-23
-7.367167e-23
-7.570726e-23
-7.774398e-23
-7.978183e-23
-8.182078e-23
-8.386084e-23
-8.590199e-23
-8.794420e-23
-8.998748e-23
-9.203180e-23
-9.407716e-23
-9.612354e-23
-9.817092e-23
-1.002193e-22
-1.022687e-22
-1.043190e-22
-1.063703e-22
-1.084225e-22
-1.104757e-22
-1.125297e-22
-1.145847e-22
-1.166406e-22
-1.186973e-22
-1.207549e-22
-1.228134e-22
-1.248727e-22
-1.269328e-22
-1.289937e-22
-1.310554e-22
-1.331179e-22
-1.351812e-22
-1.372452e-22
-1.393099e-22
-1.413754e-22
-1.434416e-22
-1.455086e-22
-1.475762e-22
-1.496444e-22
-1.517134e-22
-1.537829e-22
-1.558532e-22
-1.579240e-22
-1.599954e-22
-1.620675e-22
-1.641401e-22
-1.662133e-22
-1.682870e-22
-1.703613e-22
-1.724361e-22
-1.745114e-22
-1.765872e-22
-1.786635e-22
-1.807402e-22
-1.828175e-22
-1.848951e-22
-1.869732e-22
-1.890517e-22
-1.911306e-22
-1.932099e-22
-1.952896e-22
-1.973696e-22
-1.994500e-22
-2.015307e-22
-2.036117e-22
-2.056930e-22
-2.077746e-22
-2.098565e-22
-2.119386e-22
-2.140210e-22
-2.161036e-22
-2.181865e-22
-2.202695e-22
-2.223528e-22
-2.244362e-22
-2.265198e-22
-2.286035e-22
-2.306874e-22
-2.327714e-22
-2.348555e-22
-2.369397e-22
-2.390240e-22
-2.411083e-22
-2.431927e-22
-2.452771e-22
-2.473615e-22
-2.494460e-22
-2.515304e-22
-2.536149e-22
-2.556993e-22
-2.577836e-22
-2.598679e-22
-2.619521e-22
-2.640362e-22
-2.661202e-22
-2.682041e-22
-2.702878e-22
-2.723714e-22
-2.744549e-22
-2.765382e-22
-2.786212e-22
-2.807041e-22
-2.827867e-22
-2.848691e-22
-2.869513e-22
-2.890332e-22
-2.911148e-22
-2.931961e-22
-2.952772e-22
-2.973579e-22
-2.994382e-22
-3.015182e-22
-3.035979e-22
-3.056772e-22
-3.077560e-22
-3.098345e-22
-3.119126e-22
-3.139902e-22
-3.160673e-22
-3.181440e-22
-3.202203e-22
-3.222960e-22
-3.243712e-22
-3.264459e-22
-3.285200e-22
-3.305936e-22
-3.326667e-22
-3.347391e-22
-3.368110e-22
-3.388822e-22
-3.409529e-22
-3.430228e-22
-3.450922e-22
-3.471608e-22
-3.492288e-22
-3.512961e-22
-3.533626e-22
-3.554285e-22
-3.574936e-22
-3.595579e-22
-3.616215e-22
-3.636843e-22
-3.657463e-22
-3.678075e-22
-3.698678e-22
-3.719273e-22
-3.739859e-22
-3.760437e-22
-3.781006e-22
-3.801566e-22
-3.822116e-22
-3.842658e-22
-3.863190e-22
-3.883712e-22
-3.904225e-22
-3.924727e-22
-3.945220e-22
-3.965702e-22
-3.986174e-22
-4.006636e-22
-4.027087e-22
-4.047527e-22
-4.067956e-22
-4.088375e-22
-4.108782e-22
-4.129177e-22
-4.149562e-22
-4.169934e-22
-4.190295e-22
-4.210644e-22
-4.230980e-22
-4.251305e-22
-4.271617e-22
-4.291916e-22
-4.312203e-22
-4.332477e-22
-4.352738e-22
-4.372986e-22
-4.393221e-22
-4.413442e-22
-4.433650e-22
-4.453844e-22
-4.474024e-22
-4.494191e-22
-4.514343e-22
-4.534481e-22
-4.554604e-22
-4.574713e-22
-4.594807e-22
-4.614886e-22
-4.634951e-22
-4.655000e-22
-4.675033e-22
-4.695052e-22
-4.715054e-22
-4.735041e-22
-4.755013e-22
-4.774968e-22
-4.794907e-22
-4.814829e-22
-4.834735e-22
-4.854625e-22
-4.874498e-22
-4.894354e-22
-4.914192e-22
-4.934014e-22
-4.953818e-22
-4.973605e-22
-4.993374e-22
-5.013126e-22
-5.032859e-22
-5.052575e-22
-5.072272e-22
-5.091951e-22
-5.111611e-22
-5.131253e-22
-5.150876e-22
-5.170480e-22
-5.190065e-22
-5.209630e-22
-5.229177e-22
-5.248704e-22
-5.268211e-22
-5.287698e-22
-5.307166e-22
-5.326613e-22
-5.346040e-22
-5.365447e-22
-5.384833e-22
-5.404199e-22
-5.423544e-22
-5.442867e-22
-5.462170e-22
-5.481452e-22
-5.500712e-22
-5.519951e-22
-5.539168e-22
-5.558363e-22
-5.577536e-22
-5.596687e-22
-5.615816e-22
-5.634923e-22
-5.654007e-22
-5.673068e-22
-5.692106e-22
-5.711122e-22
-5.730115e-22
-5.749084e-22
-5.768030e-22
-5.786952e-22
-5.805851e-22
-5.824726e-22
-5.843577e-22
-5.862404e-22
-5.881207e-22
-5.899985e-22
-5.918739e-22
-5.937468e-22
-5.956173e-22
-5.974852e-22
-5.993507e-22
-6.012136e-22
-6.030740e-22
-6.049319e-22
-6.067872e-22
-6.086399e-22
-6.104900e-22
-6.123375e-22
-6.141824e-22
-6.160247e-22
-6.178643e-22
-6.197013e-22
-6.215355e-22
-6.233672e-22
-6.251961e-22
-6.270222e-22
-6.288457e-22
-6.306664e-22
-6.324844e-22
-6.342996e-22
-6.361120e-22
-6.379216e-22
-6.397284e-22
-6.415324e-22
-6.433335e-22
-6.451318e-22
-6.469272e-22
-6.487198e-22
-6.505094e-22
-6.522961e-22
-6.540800e-22
-6.558609e-22
-6.576388e-22
-6.594138e-22
-6.611858e-22
-6.629548e-22
-6.647208e-22
-6.664838e-22
-6.682438e-22
-6.700007e-22
-6.717546e-22
-6.735054e-22
-6.752531e-22
-6.769978e-22
-6.787393e-22
-6.804777e-22
-6.822130e-22
-6.839451e-22
-6.856741e-22
-6.873999e-22
-6.891225e-22
-6.908418e-22
-6.925580e-22
-6.942710e-22
-6.959807e-22
-6.976872e-22
-6.993904e-22
-7.010903e-22
-7.027869e-22
-7.044802e-22
-7.061702e-22
-7.078569e-22
-7.095402e-22
-7.112202e-22
-7.128968e-22
-7.145700e-22
-7.162398e-22
-7.179062e-22
-7.195692e-22
-7.212287e-22
-7.228848e-22
-7.245375e-22
-7.261867e-22
-7.278323e-22
-7.294745e-22
-7.311132e-22
-7.327483e-22
-7.343800e-22
-7.360080e-22
-7.376325e-22
-7.392535e-22
-7.408708e-22
-7.424845e-22
-7.440947e-22
-7.457012e-22
-7.473040e-22
-7.489033e-22
-7.504988e-22
-7.520907e-22
-7.536789e-22
-7.552634e-22
-7.568442e-22
-7.584213e-22
-7.599946e-22
-7.615642e-22
-7.631300e-22
-7.646921e-22
-7.662503e-22
-7.678048e-22
-7.693555e-22
-7.709023e-22
-7.724453e-22
-7.739845e-22
-7.755198e-22
-7.770512e-22
-7.785788e-22
-7.801025e-22
-7.816222e-22
-7.831381e-22
-7.846500e-22
-7.861580e-22
-7.876620e-22
-7.891621e-22
-7.906582e-22
-7.921503e-22
-7.936384e-22
-7.951225e-22
-7.966026e-22
-7.980786e-22
-7.995506e-22
-8.010186e-22
-8.024825e-22
-8.039423e-22
-8.053980e-22
-8.068496e-22
-8.082971e-22
-8.097404e-22
-8.111797e-22
-8.126148e-22
-8.140457e-22
-8.154724e-22
-8.168950e-22
-8.183134e-22
-8.197276e-22
-8.211376e-22
-8.225433e-22
-8.239448e-22
-8.253421e-22
-8.267351e-22
-8.281238e-22
-8.295083e-22
-8.308884e-22
-8.322643e-22
-8.336359e-22
-8.350031e-22
-8.363660e-22
-8.377245e-22
-8.390787e-22
-8.404285e-22
-8.417740e-22
-8.431150e-22
-8.444517e-22
-8.457840e-22
-8.471118e-22
-8.484352e-22
-8.497542e-22
-8.510687e-22
-8.523787e-22
-8.536843e-22
-8.549854e-22
-8.562820e-22
-8.575741e-22
-8.588617e-22
-8.601448e-22
-8.614233e-22
-8.626973e-22
-8.639668e-22
-8.652317e-22
-8.664920e-22
-8.677477e-22
-8.689988e-22
-8.702453e-22
-8.714873e-22
-8.727246e-22
-8.739572e-22
-8.751852e-22
-8.764086e-22
-8.776273e-22
-8.788413e-22
-8.800507e-22
-8.812554e-22
-8.824553e-22
-8.836506e-22
-8.848411e-22
-8.860269e-22
-8.872080e-22
-8.883843e-22
-8.895559e-22
-8.907227e-22
-8.918847e-22
-8.930420e-22
-8.941944e-22
-8.953421e-22
-8.964849e-22
-8.976229e-22
-8.987561e-22
-8.998844e-22
-9.010079e-22
-9.021266e-22
-9.032403e-22
-9.043492e-22
-9.054532e-22
-9.065524e-22
-9.076466e-22
-9.087359e-22
-9.098203e-22
-9.108998e-22
-9.119743e-22
-9.130439e-22
-9.141085e-22
-9.151682e-22
-9.162229e-22
-9.172726e-22
-9.183173e-22
-9.193571e-22
-9.203918e-22
-9.214216e-22
-9.224463e-22
-9.234659e-22
-9.244806e-22
-9.254902e-22
-9.264947e-22
-9.274942e-22
-9.284886e-22
-9.294780e-22
-9.304622e-22
-9.314414e-22
-9.324155e-22
-9.333844e-22
-9.343483e-22
-9.353070e-22
-9.362606e-22
-9.372091e-22
-9.381524e-22
-9.390905e-22
-9.400235e-22
-9.409513e-22
-9.418740e-22
-9.427915e-22
-9.437037e-22
-9.446108e-22
-9.455127e-22
-9.464093e-22
-9.473008e-22
-9.481870e-22
-9.490680e-22
-9.499437e-22
-9.508142e-22
-9.516794e-22
-9.525394e-22
-9.533941e-22
-9.542436e-22
-9.550877e-22
-9.559266e-22
-9.567601e-22
-9.575884e-22
-9.584114e-22
-9.592290e-22
-9.600413e-22
-9.608483e-22
-9.616500e-22
-9.624463e-22
-9.632372e-22
-9.640228e-22
-9.648031e-22
-9.655780e-22
-9.663475e-22
-9.671116e-22
-9.678704e-22
-9.686237e-22
-9.693717e-22
-9.701142e-22
-9.708514e-22
-9.715831e-22
-9.723094e-22
-9.730303e-22
-9.737457e-22
-9.744557e-22
-9.751603e-22
-9.758594e-22
-9.765531e-22
-9.772413e-22
-9.779240e-22
-9.786013e-22
-9.792731e-22
-9.799394e-22
-9.806002e-22
-9.812555e-22
-9.819053e-22
-9.825496e-22
-9.831885e-22
-9.838218e-22
-9.844495e-22
-9.850718e-22
-9.856885e-22
-9.862997e-22
-9.869053e-22
-9.875055e-22
-9.881000e-22
-9.886890e-22
-9.892725e-22
-9.898504e-22
-9.904227e-22
-9.909894e-22
-9.915506e-22
-9.921062e-22
-9.926562e-22
-9.932006e-22
-9.937394e-22
-9.942726e-22
-9.948003e-22
-9.953223e-22
-9.958387e-22
-9.963495e-22
-9.968546e-22
-9.973542e-22
-9.978481e-22
-9.983364e-22
-9.988191e-22
-9.992961e-22
-9.997674e-22
-1.000233e-21
-1.000693e-21
-1.001148e-21
-1.001596e-21
-1.002040e-21
-1.002477e-21
-1.002909e-21
-1.003335e-21
-1.003755e-21
-1.004170e-21
-1.004579e-21
-1.004982e-21
-1.005380e-21
-1.005772e-21
-1.006159e-21
-1.006539e-21
-1.006914e-21
-1.007283e-21
-1.007647e-21
-1.008005e-21
-1.008357e-21
-1.008703e-21
-1.009044e-21
-1.009379e-21
-1.009708e-21
-1.010031e-21
-1.010349e-21
-1.010661e-21
-1.010967e-21
-1.011268e-21
-1.011563e-21
-1.011852e-21
-1.012135e-21
-1.012413e-21
-1.012685e-21
-1.012951e-21
-1.013211e-21
-1.013466e-21
-1.013715e-21
-1.013958e-21
-1.014195e-21
-1.014427e-21
-1.014653e-21
-1.014873e-21
-1.015087e-21
-1.015296e-21
-1.015498e-21
-1.015695e-21
-1.015887e-21
-1.016072e-21
-1.016252e-21
-1.016426e-21
-1.016594e-21
-1.016756e-21
-1.016913e-21
-1.017064e-21
-1.017209e-21
-1.017348e-21
-1.017481e-21
-1.017609e-21
-1.017731e-21
-1.017847e-21
-1.017957e-21
-1.018062e-21
-1.018161e-21
-1.018254e-21
-1.018341e-21
-1.018422e-21
-1.018498e-21
-1.018568e-21
-1.018632e-21
-1.018690e-21
-1.018742e-21
-1.018789e-21
-1.018830e-21
-1.018865e-21
-1.018894e-21
-1.018918e-21
-1.018935e-21
-1.018947e-21
-1.018953e-21
-1.018954e-21
-1.018948e-21
-1.018937e-21
-1.018920e-21
-1.018897e-21
-1.018868e-21
-1.018834e-21
-1.018794e-21
-1.018748e-21
-1.018696e-21
-1.018638e-21
-1.018575e-21
-1.018506e-21
-1.018431e-21
-1.018350e-21
-1.018264e-21
-1.018171e-21
-1.018073e-21
-1.017969e-21
-1.017860e-21
-1.017744e-21
-1.017623e-21
-1.017496e-21
-1.017364e-21
-1.017225e-21
-1.017081e-21
-1.016931e-21
-1.016775e-21
-1.016613e-21
-1.016446e-21
-1.016273e-21
-1.016094e-21
-1.015909e-21
-1.015719e-21
-1.015523e-21
-1.015321e-21
-1.015113e-21
-1.014900e-21
-1.014681e-21
-1.014456e-21
-1.014225e-21
-1.013989e-21
-1.013746e-21
-1.013499e-21
-1.013245e-21
-1.012986e-21
-1.012721e-21
-1.012450e-21
-1.012173e-21
-1.011891e-21
-1.011603e-21
-1.011309e-21
-1.011010e-21
-1.010705e-21
-1.010394e-21
-1.010077e-21
-1.009755e-21
-1.009427e-21
-1.009093e-21
-1.008754e-21
-1.008409e-21
-1.008058e-21
-1.007702e-21
-1.007340e-21
-1.006972e-21
-1.006598e-21
-1.006219e-21
-1.005834e-21
-1.005444e-21
-1.005048e-21
-1.004646e-21
-1.004238e-21
-1.003825e-21
-1.003407e-21
-1.002982e-21
-1.002552e-21
-1.002116e-21
-1.001675e-21
-1.001228e-21
-1.000776e-21
-1.000317e-21
-9.998535e-22
-9.993840e-22
-9.989090e-22
-9.984283e-22
-9.979421e-22
-9.974502e-22
-9.969528e-22
-9.964498e-22
-9.959411e-22
-9.954269e-22
-9.949072e-22
-9.943818e-22
-9.938509e-22
-9.933145e-22
-9.927725e-22
-9.922249e-22
-9.916718e-22
-9.911131e-22
-9.905489e-22
-9.899792e-22
-9.894039e-22
-9.888232e-22
-9.882369e-22
-9.876451e-22
-9.870478e-22
-9.864450e-22
-9.858367e-22
-9.852229e-22
-9.846036e-22
-9.839788e-22
-9.833486e-22
-9.827129e-22
-9.820718e-22
-9.814251e-22
-9.807731e-22
-9.801156e-22
-9.794526e-22
-9.787842e-22
-9.781104e-22
-9.774312e-22
-9.767465e-22
-9.760565e-22
-9.753610e-22
-9.746602e-22
-9.739539e-22
-9.732423e-22
-9.725252e-22
-9.718029e-22
-9.710751e-22
-9.703420e-22
-9.696035e-22
-9.688597e-22
-9.681105e-22
-9.673560e-22
-9.665962e-22
-9.658311e-22
-9.650606e-22
-9.642849e-22
-9.635038e-22
-9.627174e-22
-9.619258e-22
-9.611289e-22
-9.603267e-22
-9.595192e-22
-9.587065e-22
-9.578885e-22
-9.570653e-22
-9.562368e-22
-9.554031e-22
-9.545642e-22
-9.537201e-22
-9.528708e-22
-9.520162e-22
-9.511565e-22
-9.502916e-22
-9.494215e-22
-9.485462e-22
-9.476658e-22
-9.467802e-22
-9.458894e-22
-9.449936e-22
-9.440925e-22
-9.431864e-22
-9.422752e-22
-9.413588e-22
-9.404373e-22
-9.395108e-22
-9.385791e-22
-9.376424e-22
-9.367006e-22
-9.357538e-22
-9.348019e-22
-9.338450e-22
-9.328830e-22
-9.319160e-22
-9.309440e-22
-9.299669e-22
-9.289849e-22
-9.279979e-22
-9.270058e-22
-9.260088e-22
-9.250069e-22
-9.240000e-22
-9.229881e-22
-9.219713e-22
-9.209495e-22
-9.199229e-22
-9.188913e-22
-9.178548e-22
-9.168134e-22
-9.157672e-22
-9.147160e-22
-9.136600e-22
-9.125991e-22
-9.115334e-22
-9.104628e-22
-9.093874e-22
-9.083071e-22
-9.072221e-22
-9.061322e-22
-9.050376e-22
-9.039382e-22
-9.028339e-22
-9.017250e-22
-9.006112e-22
-8.994927e-22
-8.983695e-22
-8.972416e-22
-8.961089e-22
-8.949715e-22
-8.938294e-22
-8.926827e-22
-8.915312e-22
-8.903751e-22
-8.892143e-22
-8.880489e-22
-8.868788e-22
-8.857041e-22
-8.845248e-22
-8.833409e-22
-8.821524e-22
-8.809593e-22
-8.797616e-22
-8.785593e-22
-8.773525e-22
-8.761411e-22
-8.749252e-22
-8.737048e-22
-8.724799e-22
-8.712504e-22
-8.700165e-22
-8.687780e-22
-8.675351e-22
-8.662878e-22
-8.650359e-22
-8.637797e-22
-8.625190e-22
-8.612539e-22
-8.599844e-22
-8.587104e-22
-8.574321e-22
-8.561495e-22
-8.548624e-22
-8.535710e-22
-8.522753e-22
-8.509752e-22
-8.496708e-22
-8.483621e-22
-8.470491e-22
-8.457318e-22
-8.444102e-22
-8.430844e-22
-8.417543e-22
-8.404200e-22
-8.390814e-22
-8.377387e-22
-8.363917e-22
-8.350405e-22
-8.336851e-22
-8.323256e-22
-8.309619e-22
-8.295941e-22
-8.282221e-22
-8.268460e-22
-8.254657e-22
-8.240814e-22
-8.226930e-22
-8.213005e-22
-8.199039e-22
-8.185033e-22
-8.170986e-22
-8.156900e-22
-8.142772e-22
-8.128605e-22
-8.114398e-22
-8.100151e-22
-8.085864e-22
-8.071538e-22
-8.057173e-22
-8.042767e-22
-8.028323e-22
-8.013840e-22
-7.999317e-22
-7.984756e-22
-7.970156e-22
-7.955518e-22
-7.940841e-22
-7.926126e-22
-7.911372e-22
-7.896580e-22
-7.881751e-22
-7.866883e-22
-7.851978e-22
-7.837035e-22
-7.822055e-22
-7.807037e-22
-7.791982e-22
-7.776891e-22
-7.761762e-22
-7.746596e-22
-7.731394e-22
-7.716155e-22
-7.700879e-22
-7.685567e-22
-7.670220e-22
-7.654836e-22
-7.639416e-22
-7.623960e-22
-7.608469e-22
-7.592942e-22
-7.577380e-22
-7.561782e-22
-7.546149e-22
-7.530482e-22
-7.514779e-22
-7.499042e-22
-7.483270e-22
-7.467464e-22
-7.451623e-22
-7.435748e-22
-7.419839e-22
-7.403896e-22
-7.387919e-22
-7.371909e-22
-7.355865e-22
-7.339788e-22
-7.323677e-22
-7.307533e-22
-7.291357e-22
-7.275147e-22
-7.258905e-22
