-1.052323e-22
-1.003059e-22
-9.537810e-23
-9.044888e-23
-8.551836e-23
-8.058661e-23
-7.565368e-23
-7.071966e-23
-6.578461e-23
-6.084859e-23
-5.591168e-23
-5.097394e-23
-4.603544e-23
-4.109625e-23
-3.615643e-23
-3.121606e-23
-2.627520e-23
-2.133392e-23
-1.639229e-23
-1.145038e-23
-6.508246e-24
-1.565969e-24
3.376387e-24
8.318754e-24
1.326107e-23
1.820325e-23
2.314524e-23
2.808698e-23
3.302838e-23
3.796938e-23
4.290992e-23
4.784993e-23
5.278933e-23
5.772807e-23
6.266606e-23
6.760325e-23
7.253957e-23
7.747495e-23
8.240931e-23
8.734260e-23
9.227474e-23
9.720566e-23
1.021353e-22
1.070636e-22
1.119905e-22
1.169159e-22
1.218397e-22
1.267619e-22
1.316824e-22
1.366012e-22
1.415181e-22
1.464332e-22
1.513463e-22
1.562573e-22
1.611663e-22
1.660730e-22
1.709776e-22
1.758799e-22
1.807797e-22
1.856772e-22
1.905721e-22
1.954645e-22
2.003542e-22
2.052413e-22
2.101255e-22
2.150069e-22
2.198854e-22
2.247610e-22
2.296334e-22
2.345028e-22
2.393690e-22
2.442319e-22
2.490915e-22
2.539478e-22
2.588006e-22
2.636499e-22
2.684956e-22
2.733376e-22
2.781759e-22
2.830105e-22
2.878412e-22
2.926679e-22
2.974907e-22
3.023095e-22
3.071241e-22
3.119345e-22
3.167407e-22
3.215425e-22
3.263400e-22
3.311330e-22
3.359215e-22
3.407054e-22
3.454847e-22
3.502592e-22
3.550290e-22
3.597939e-22
3.645539e-22
3.693089e-22
3.740588e-22
3.788037e-22
3.835433e-22
3.882777e-22
3.930068e-22
3.977305e-22
4.024488e-22
4.071616e-22
4.118687e-22
4.165703e-22
4.212661e-22
4.259562e-22
4.306404e-22
4.353187e-22
4.399910e-22
4.446573e-22
4.493175e-22
4.539716e-22
4.586194e-22
4.632609e-22
4.678961e-22
4.725248e-22
4.771471e-22
4.817627e-22
4.863718e-22
4.909742e-22
4.955699e-22
5.001587e-22
5.047406e-22
5.093157e-22
5.138837e-22
5.184446e-22
5.229984e-22
5.275451e-22
5.320844e-22
5.366164e-22
5.411411e-22
5.456583e-22
5.501680e-22
5.546701e-22
5.591646e-22
5.636513e-22
5.681303e-22
5.726015e-22
5.770648e-22
5.815201e-22
5.859674e-22
5.904067e-22
5.948377e-22
5.992606e-22
6.036752e-22
6.080815e-22
6.124794e-22
6.168689e-22
6.212498e-22
6.256221e-22
6.299858e-22
6.343408e-22
6.386871e-22
6.430245e-22
6.473531e-22
6.516727e-22
6.559832e-22
6.602848e-22
6.645772e-22
6.688604e-22
6.731343e-22
6.773990e-22
6.816542e-22
6.859001e-22
6.901364e-22
6.943632e-22
6.985804e-22
7.027879e-22
7.069857e-22
7.111737e-22
7.153518e-22
7.195201e-22
7.236783e-22
7.278265e-22
7.319647e-22
7.360927e-22
7.402105e-22
7.443180e-22
7.484152e-22
7.525021e-22
7.565785e-22
7.606443e-22
7.646997e-22
7.687444e-22
7.727785e-22
7.768018e-22
7.808143e-22
7.848160e-22
7.888068e-22
7.927866e-22
7.967555e-22
8.007132e-22
8.046598e-22
8.085953e-22
8.125194e-22
8.164323e-22
8.203339e-22
8.242240e-22
8.281027e-22
8.319698e-22
8.358253e-22
8.396693e-22
8.435015e-22
8.473220e-22
8.511307e-22
8.549275e-22
8.587124e-22
8.624854e-22
8.662463e-22
8.699952e-22
8.737319e-22
8.774565e-22
8.811688e-22
8.848689e-22
8.885565e-22
8.922318e-22
8.958947e-22
8.995450e-22
9.031828e-22
9.068080e-22
9.104205e-22
9.140203e-22
9.176073e-22
9.211815e-22
9.247428e-22
9.282912e-22
9.318266e-22
9.353490e-22
9.388584e-22
9.423546e-22
9.458376e-22
9.493074e-22
9.527638e-22
9.562070e-22
9.596368e-22
9.630531e-22
9.664560e-22
9.698453e-22
9.732210e-22
9.765831e-22
9.799315e-22
9.832662e-22
9.865870e-22
9.898941e-22
9.931873e-22
9.964665e-22
9.997318e-22
1.002983e-21
1.006220e-21
1.009443e-21
1.012652e-21
1.015847e-21
1.019027e-21
1.022193e-21
1.025345e-21
1.028482e-21
1.031605e-21
1.034713e-21
1.037807e-21
1.040886e-21
1.043951e-21
1.047000e-21
1.050036e-21
1.053056e-21
1.056061e-21
1.059052e-21
1.062028e-21
1.064988e-21
1.067934e-21
1.070865e-21
1.073780e-21
1.076681e-21
1.079566e-21
1.082436e-21
1.085291e-21
1.088130e-21
1.090955e-21
1.093763e-21
1.096556e-21
1.099334e-21
1.102096e-21
1.104843e-21
1.107574e-21
1.110290e-21
1.112989e-21
1.115673e-21
1.118341e-21
1.120994e-21
1.123630e-21
1.126251e-21
1.128856e-21
1.131444e-21
1.134017e-21
1.136573e-21
1.139114e-21
1.141638e-21
1.144146e-21
1.146638e-21
1.149114e-21
1.151573e-21
1.154016e-21
1.156443e-21
1.158853e-21
1.161247e-21
1.163624e-21
1.165985e-21
1.168329e-21
1.170657e-21
1.172968e-21
1.175262e-21
1.177540e-21
1.179800e-21
1.182044e-21
1.184272e-21
1.186482e-21
1.188675e-21
1.190852e-21
1.193011e-21
1.195154e-21
1.197279e-21
1.199388e-21
1.201479e-21
1.203553e-21
1.205610e-21
1.207650e-21
1.209673e-21
1.211678e-21
1.213666e-21
1.215637e-21
1.217590e-21
1.219526e-21
1.221444e-21
1.223345e-21
1.225229e-21
1.227095e-21
1.228943e-21
1.230774e-21
1.232587e-21
1.234383e-21
1.236160e-21
1.237921e-21
1.239663e-21
1.241388e-21
1.243094e-21
1.244783e-21
1.246454e-21
1.248108e-21
1.249743e-21
1.251360e-21
1.252959e-21
1.254541e-21
1.256104e-21
1.257649e-21
1.259177e-21
1.260686e-21
1.262176e-21
1.263649e-21
1.265104e-21
1.266540e-21
1.267958e-21
1.269358e-21
1.270739e-21
1.272102e-21
1.273447e-21
1.274774e-21
1.276082e-21
1.277371e-21
1.278642e-21
1.279895e-21
1.281129e-21
1.282345e-21
1.283542e-21
1.284721e-21
1.285881e-21
1.287022e-21
1.288145e-21
1.289249e-21
1.290334e-21
1.291401e-21
1.292449e-21
1.293478e-21
1.294489e-21
1.295480e-21
1.296453e-21
1.297407e-21
1.298342e-21
1.299259e-21
1.300156e-21
1.301035e-21
1.301894e-21
1.302735e-21
1.303557e-21
1.304359e-21
1.305143e-21
1.305908e-21
1.306654e-21
1.307380e-21
1.308088e-21
1.308776e-21
1.309446e-21
1.310096e-21
1.310727e-21
1.311339e-21
1.311932e-21
1.312506e-21
1.313060e-21
1.313595e-21
1.314111e-21
1.314608e-21
1.315086e-21
1.315544e-21
1.315983e-21
1.316402e-21
1.316803e-21
1.317184e-21
1.317546e-21
1.317888e-21
1.318211e-21
1.318514e-21
1.318799e-21
1.319064e-21
1.319309e-21
1.319535e-21
1.319742e-21
1.319929e-21
1.320096e-21
1.320245e-21
1.320373e-21
1.320483e-21
1.320572e-21
1.320643e-21
1.320694e-21
1.320725e-21
1.320737e-21
1.320729e-21
1.320701e-21
1.320654e-21
1.320588e-21
1.320502e-21
1.320396e-21
1.320271e-21
1.320127e-21
1.319962e-21
1.319778e-21
1.319575e-21
1.319352e-21
1.319109e-21
1.318847e-21
1.318565e-21
1.318263e-21
1.317942e-21
1.317601e-21
1.317240e-21
1.316860e-21
1.316460e-21
1.316041e-21
1.315602e-21
1.315143e-21
1.314664e-21
1.314166e-21
1.313649e-21
1.313111e-21
1.312554e-21
1.311977e-21
1.311381e-21
1.310765e-21
1.310129e-21
1.309474e-21
1.308799e-21
1.308104e-21
1.307390e-21
1.306656e-21
1.305902e-21
1.305128e-21
1.304335e-21
1.303523e-21
1.302690e-21
1.301838e-21
1.300967e-21
1.300075e-21
1.299164e-21
1.298234e-21
1.297284e-21
1.296314e-21
1.295324e-21
1.294315e-21
1.293287e-21
1.292238e-21
1.291170e-21
1.290083e-21
1.288976e-21
1.287849e-21
1.286703e-21
1.285537e-21
1.284351e-21
1.283146e-21
1.281922e-21
1.280677e-21
1.279414e-21
1.278131e-21
1.276828e-21
1.275506e-21
1.274164e-21
1.272802e-21
1.271422e-21
1.270021e-21
1.268602e-21
1.267163e-21
1.265704e-21
1.264226e-21
1.262728e-21
1.261212e-21
1.259675e-21
1.258120e-21
1.256544e-21
1.254950e-21
1.253336e-21
1.251703e-21
1.250050e-21
1.248379e-21
1.246687e-21
1.244977e-21
1.243247e-21
1.241498e-21
1.239730e-21
1.237943e-21
1.236136e-21
1.234310e-21
1.232465e-21
1.230601e-21
1.228717e-21
1.226815e-21
1.224893e-21
1.222952e-21
1.220992e-21
1.219013e-21
1.217015e-21
1.214998e-21
1.212962e-21
1.210907e-21
1.208833e-21
1.206739e-21
1.204627e-21
1.202496e-21
1.200346e-21
1.198178e-21
1.195990e-21
1.193783e-21
1.191558e-21
1.189314e-21
1.187051e-21
1.184769e-21
1.182468e-21
1.180149e-21
1.177811e-21
1.175455e-21
1.173079e-21
1.170685e-21
1.168273e-21
1.165841e-21
1.163392e-21
1.160923e-21
1.158437e-21
1.155931e-21
1.153407e-21
1.150865e-21
1.148304e-21
1.145725e-21
1.143128e-21
1.140512e-21
1.137878e-21
1.135225e-21
1.132554e-21
1.129865e-21
1.127158e-21
1.124432e-21
1.121689e-21
1.118927e-21
1.116147e-21
1.113349e-21
1.110533e-21
1.107699e-21
1.104847e-21
1.101977e-21
1.099089e-21
1.096183e-21
1.093259e-21
1.090317e-21
1.087358e-21
1.084380e-21
1.081385e-21
1.078372e-21
1.075342e-21
1.072293e-21
1.069228e-21
1.066144e-21
1.063043e-21
1.059924e-21
1.056788e-21
1.053634e-21
1.050463e-21
1.047275e-21
1.044069e-21
1.040846e-21
1.037605e-21
1.034347e-21
1.031072e-21
1.027779e-21
1.024470e-21
1.021143e-21
1.017799e-21
1.014438e-21
1.011060e-21
1.007665e-21
1.004253e-21
1.000825e-21
9.973788e-22
9.939161e-22
9.904366e-22
9.869403e-22
9.834272e-22
9.798974e-22
9.763510e-22
9.727878e-22
9.692081e-22
9.656118e-22
9.619990e-22
9.583697e-22
9.547240e-22
9.510618e-22
9.473833e-22
9.436884e-22
9.399772e-22
9.362498e-22
9.325061e-22
9.287463e-22
9.249704e-22
9.211783e-22
9.173702e-22
9.135461e-22
9.097061e-22
9.058501e-22
9.019782e-22
8.980905e-22
8.941869e-22
8.902677e-22
8.863327e-22
8.823820e-22
8.784157e-22
8.744338e-22
8.704364e-22
8.664234e-22
8.623951e-22
8.583513e-22
8.542921e-22
8.502176e-22
8.461279e-22
8.420229e-22
8.379027e-22
8.337674e-22
8.296170e-22
8.254516e-22
8.212711e-22
8.170757e-22
8.128654e-22
8.086402e-22
8.044002e-22
8.001454e-22
7.958759e-22
7.915918e-22
7.872930e-22
7.829796e-22
7.786517e-22
7.743093e-22
7.699525e-22
7.655813e-22
7.611958e-22
7.567960e-22
7.523819e-22
7.479537e-22
7.435113e-22
7.390548e-22
7.345843e-22
7.300998e-22
7.256013e-22
7.210890e-22
7.165629e-22
7.120229e-22
7.074692e-22
7.029019e-22
6.983209e-22
6.937263e-22
6.891182e-22
6.844966e-22
6.798616e-22
6.752133e-22
6.705516e-22
6.658766e-22
6.611885e-22
6.564872e-22
6.517727e-22
6.470453e-22
6.423048e-22
6.375514e-22
6.327851e-22
6.280059e-22
6.232140e-22
6.184094e-22
6.135920e-22
6.087621e-22
6.039196e-22
5.990646e-22
5.941972e-22
5.893173e-22
5.844251e-22
5.795207e-22
5.746040e-22
5.696751e-22
5.647342e-22
5.597811e-22
5.548161e-22
5.498392e-22
5.448503e-22
5.398496e-22
5.348372e-22
5.298130e-22
5.247772e-22
5.197298e-22
5.146709e-22
5.096005e-22
5.045186e-22
4.994254e-22
4.943209e-22
4.892052e-22
4.840782e-22
4.789402e-22
4.737911e-22
4.686309e-22
4.634599e-22
4.582779e-22
4.530851e-22
4.478816e-22
4.426673e-22
4.374425e-22
4.322070e-22
4.269610e-22
4.217045e-22
4.164377e-22
4.111605e-22
4.058730e-22
4.005753e-22
3.952675e-22
3.899495e-22
3.846216e-22
3.792837e-22
3.739358e-22
3.685782e-22
3.632107e-22
3.578336e-22
3.524467e-22
3.470503e-22
3.416444e-22
3.362290e-22
3.308042e-22
3.253701e-22
3.199267e-22
3.144741e-22
3.090123e-22
3.035415e-22
2.980616e-22
2.925728e-22
2.870751e-22
2.815686e-22
2.760534e-22
2.705294e-22
2.649969e-22
2.594557e-22
2.539061e-22
2.483480e-22
2.427816e-22
2.372069e-22
2.316239e-22
2.260328e-22
2.204336e-22
2.148263e-22
2.092111e-22
2.035880e-22
1.979570e-22
1.923183e-22
1.866719e-22
1.810178e-22
1.753562e-22
1.696871e-22
1.640105e-22
1.583266e-22
1.526354e-22
1.469369e-22
1.412313e-22
1.355186e-22
1.297989e-22
1.240722e-22
1.183387e-22
1.125983e-22
1.068511e-22
1.010973e-22
9.533687e-23
8.956989e-23
8.379643e-23
7.801657e-23
7.223037e-23
6.643789e-23
6.063922e-23
5.483441e-23
4.902355e-23
4.320669e-23
3.738391e-23
3.155528e-23
2.572087e-23
1.988075e-23
1.403498e-23
8.183640e-24
2.326799e-24
-3.535473e-24
-9.403106e-24
-1.527603e-23
-2.115417e-23
-2.703747e-23
-3.292584e-23
-3.881922e-23
-4.471753e-23
-5.062071e-23
-5.652869e-23
-6.244139e-23
-6.835874e-23
-7.428067e-23
-8.020711e-23
-8.613798e-23
-9.207323e-23
-9.801277e-23
-1.039565e-22
-1.099044e-22
-1.158564e-22
-1.218124e-22
-1.277724e-22
-1.337362e-22
-1.397037e-22
-1.456750e-22
-1.516500e-22
-1.576285e-22
-1.636105e-22
-1.695960e-22
-1.755848e-22
-1.815769e-22
-1.875722e-22
-1.935706e-22
-1.995721e-22
-2.055766e-22
-2.115841e-22
-2.175943e-22
-2.236073e-22
-2.296231e-22
-2.356414e-22
-2.416624e-22
-2.476858e-22
-2.537116e-22
-2.597397e-22
-2.657701e-22
-2.718027e-22
-2.778374e-22
-2.838741e-22
-2.899128e-22
-2.959534e-22
-3.019958e-22
-3.080400e-22
-3.140858e-22
-3.201332e-22
-3.261822e-22
-3.322325e-22
-3.382843e-22
-3.443374e-22
-3.503917e-22
-3.564471e-22
-3.625037e-22
-3.685612e-22
-3.746196e-22
-3.806790e-22
-3.867391e-22
-3.927999e-22
-3.988613e-22
-4.049233e-22
-4.109858e-22
-4.170487e-22
-4.231119e-22
-4.291754e-22
-4.352390e-22
-4.413028e-22
-4.473666e-22
-4.534304e-22
-4.594941e-22
-4.655576e-22
-4.716208e-22
-4.776836e-22
-4.837461e-22
-4.898081e-22
-4.958695e-22
-5.019303e-22
-5.079904e-22
-5.140497e-22
-5.201081e-22
-5.261656e-22
-5.322221e-22
-5.382775e-22
-5.443317e-22
-5.503848e-22
-5.564365e-22
-5.624868e-22
-5.685356e-22
-5.745830e-22
-5.806287e-22
-5.866727e-22
-5.927150e-22
-5.987554e-22
-6.047940e-22
-6.108305e-22
-6.168650e-22
-6.228974e-22
-6.289275e-22
-6.349554e-22
-6.409809e-22
-6.470040e-22
-6.530246e-22
-6.590426e-22
-6.650579e-22
-6.710705e-22
-6.770803e-22
-6.830872e-22
-6.890912e-22
-6.950921e-22
-7.010900e-22
-7.070846e-22
-7.130760e-22
-7.190641e-22
-7.250487e-22
-7.310299e-22
-7.370075e-22
-7.429815e-22
-7.489518e-22
-7.549184e-22
-7.608810e-22
-7.668398e-22
-7.727945e-22
-7.787452e-22
-7.846917e-22
-7.906340e-22
-7.965720e-22
-8.025056e-22
-8.084348e-22
-8.143595e-22
-8.202795e-22
-8.261949e-22
-8.321056e-22
-8.380114e-22
-8.439123e-22
-8.498083e-22
-8.556992e-22
-8.615851e-22
-8.674657e-22
-8.733411e-22
-8.792111e-22
-8.850757e-22
-8.909349e-22
-8.967884e-22
-9.026364e-22
-9.084786e-22
-9.143151e-22
-9.201457e-22
-9.259704e-22
-9.317891e-22
-9.376017e-22
-9.434082e-22
-9.492085e-22
-9.550024e-22
-9.607900e-22
-9.665712e-22
-9.723459e-22
-9.781139e-22
-9.838754e-22
-9.896300e-22
-9.953779e-22
-1.001119e-21
-1.006853e-21
-1.012580e-21
-1.018300e-21
-1.024013e-21
-1.029718e-21
-1.035417e-21
-1.041107e-21
-1.046791e-21
-1.052467e-21
-1.058135e-21
-1.063796e-21
-1.069448e-21
-1.075093e-21
-1.080731e-21
-1.086360e-21
-1.091981e-21
-1.097594e-21
-1.103199e-21
-1.108796e-21
-1.114384e-21
-1.119964e-21
-1.125536e-21
-1.131098e-21
-1.136653e-21
-1.142199e-21
-1.147736e-21
-1.153264e-21
-1.158783e-21
-1.164293e-21
-1.169795e-21
-1.175287e-21
-1.180770e-21
-1.186244e-21
-1.191708e-21
-1.197163e-21
-1.202609e-21
-1.208045e-21
-1.213472e-21
-1.218889e-21
-1.224296e-21
-1.229693e-21
-1.235081e-21
-1.240459e-21
-1.245826e-21
-1.251184e-21
-1.256531e-21
-1.261869e-21
-1.267195e-21
-1.272512e-21
-1.277818e-21
-1.283114e-21
-1.288399e-21
-1.293674e-21
-1.298938e-21
-1.304191e-21
-1.309433e-21
-1.314665e-21
-1.319885e-21
-1.325095e-21
-1.330293e-21
-1.335480e-21
-1.340656e-21
-1.345821e-21
-1.350974e-21
-1.356116e-21
-1.361247e-21
-1.366366e-21
-1.371473e-21
-1.376568e-21
-1.381652e-21
-1.386724e-21
-1.391784e-21
-1.396832e-21
-1.401869e-21
-1.406893e-21
-1.411905e-21
-1.416904e-21
-1.421892e-21
-1.426867e-21
-1.431830e-21
-1.436780e-21
-1.441717e-21
-1.446643e-21
-1.451555e-21
-1.456455e-21
-1.461341e-21
-1.466216e-21
-1.471077e-21
-1.475925e-21
-1.480760e-21
-1.485582e-21
-1.490391e-21
-1.495186e-21
-1.499968e-21
-1.504737e-21
-1.509493e-21
-1.514235e-21
-1.518963e-21
-1.523678e-21
-1.528379e-21
-1.533067e-21
-1.537740e-21
-1.542400e-21
-1.547046e-21
-1.551678e-21
-1.556296e-21
-1.560899e-21
-1.565489e-21
-1.570064e-21
-1.574625e-21
-1.579172e-21
-1.583704e-21
-1.588222e-21
-1.592726e-21
-1.597214e-21
-1.601688e-21
-1.606148e-21
-1.610592e-21
-1.615022e-21
-1.619437e-21
-1.623837e-21
-1.628222e-21
-1.632592e-21
-1.636947e-21
-1.641287e-21
-1.645611e-21
-1.649920e-21
-1.654214e-21
-1.658493e-21
-1.662756e-21
-1.667003e-21
-1.671235e-21
-1.675451e-21
-1.679652e-21
-1.683837e-21
-1.688006e-21
-1.692159e-21
-1.696296e-21
-1.700418e-21
-1.704523e-21
-1.708612e-21
-1.712685e-21
-1.716742e-21
-1.720783e-21
-1.724808e-21
-1.728816e-21
-1.732807e-21
-1.736783e-21
-1.740741e-21
-1.744684e-21
-1.748609e-21
-1.752518e-21
-1.756410e-21
-1.760286e-21
-1.764144e-21
-1.767986e-21
-1.771811e-21
-1.775619e-21
-1.779409e-21
-1.783183e-21
-1.786940e-21
-1.790679e-21
-1.794401e-21
-1.798106e-21
-1.801794e-21
-1.805464e-21
-1.809117e-21
-1.812752e-21
-1.816370e-21
-1.819970e-21
-1.823552e-21
-1.827117e-21
-1.830664e-21
-1.834193e-21
-1.837705e-21
-1.841199e-21
-1.844674e-21
-1.848132e-21
-1.851572e-21
-1.854993e-21
-1.858397e-21
-1.861782e-21
-1.865149e-21
-1.868498e-21
-1.871829e-21
-1.875141e-21
-1.878435e-21
-1.881710e-21
-1.884967e-21
-1.888205e-21
-1.891425e-21
-1.894626e-21
-1.897809e-21
-1.900973e-21
-1.904118e-21
-1.907244e-21
-1.910352e-21
-1.913440e-21
-1.916510e-21
-1.919560e-21
-1.922592e-21
-1.925605e-21
-1.928598e-21
-1.931572e-21
-1.934528e-21
-1.937463e-21
-1.940380e-21
-1.943277e-21
-1.946155e-21
-1.949014e-21
-1.951853e-21
-1.954673e-21
-1.957473e-21
-1.960254e-21
-1.963015e-21
-1.965756e-21
-1.968478e-21
-1.971180e-21
-1.973863e-21
-1.976525e-21
-1.979168e-21
-1.981791e-21
-1.984394e-21
-1.986977e-21
-1.989540e-21
-1.992083e-21
-1.994606e-21
-1.997109e-21
-1.999591e-21
-2.002054e-21
-2.004496e-21
-2.006919e-21
-2.009320e-21
-2.011702e-21
-2.014063e-21
-2.016404e-21
-2.018725e-21
-2.021025e-21
-2.023304e-21
-2.025564e-21
-2.027802e-21
-2.030020e-21
-2.032217e-21
-2.034394e-21
-2.036550e-21
-2.038686e-21
-2.040800e-21
-2.042894e-21
-2.044967e-21
-2.047019e-21
-2.049051e-21
-2.051061e-21
-2.053051e-21
-2.055019e-21
-2.056967e-21
-2.058893e-21
-2.060799e-21
-2.062683e-21
-2.064547e-21
-2.066389e-21
-2.068210e-21
-2.070010e-21
-2.071789e-21
-2.073546e-21
-2.075282e-21
-2.076997e-21
-2.078690e-21
-2.080363e-21
-2.082013e-21
-2.083643e-21
-2.085251e-21
-2.086837e-21
-2.088402e-21
-2.089945e-21
-2.091467e-21
-2.092968e-21
-2.094447e-21
-2.095904e-21
-2.097339e-21
-2.098753e-21
-2.100145e-21
-2.101516e-21
-2.102865e-21
-2.104192e-21
-2.105497e-21
-2.106780e-21
-2.108042e-21
-2.109282e-21
-2.110500e-21
-2.111696e-21
-2.112870e-21
-2.114022e-21
-2.115152e-21
-2.116261e-21
-2.117347e-21
-2.118411e-21
-2.119454e-21
-2.120474e-21
-2.121472e-21
-2.122448e-21
-2.123402e-21
-2.124334e-21
-2.125244e-21
-2.126132e-21
-2.126997e-21
-2.127840e-21
-2.128661e-21
-2.129460e-21
-2.130237e-21
-2.130991e-21
-2.131723e-21
-2.132433e-21
-2.133121e-21
-2.133786e-21
-2.134429e-21
-2.135049e-21
-2.135647e-21
-2.136223e-21
-2.136777e-21
-2.137308e-21
-2.137816e-21
-2.138302e-21
-2.138766e-21
-2.139207e-21
-2.139626e-21
-2.140023e-21
-2.140397e-21
-2.140748e-21
-2.141077e-21
-2.141383e-21
-2.141667e-21
-2.141928e-21
-2.142167e-21
-2.142383e-21
-2.142577e-21
-2.142748e-21
-2.142896e-21
-2.143022e-21
-2.143126e-21
-2.143206e-21
-2.143264e-21
-2.143300e-21
-2.143313e-21
-2.143303e-21
-2.143270e-21
-2.143215e-21
-2.143138e-21
-2.143037e-21
-2.142914e-21
-2.142768e-21
-2.142600e-21
-2.142409e-21
-2.142195e-21
-2.141958e-21
-2.141699e-21
-2.141417e-21
-2.141113e-21
-2.140785e-21
-2.140435e-21
-2.140063e-21
-2.139667e-21
-2.139249e-21
-2.138808e-21
-2.138345e-21
-2.137859e-21
-2.137350e-21
-2.136818e-21
-2.136263e-21
-2.135686e-21
-2.135086e-21
-2.134464e-21
-2.133819e-21
-2.133151e-21
-2.132460e-21
-2.131746e-21
-2.131010e-21
-2.130251e-21
-2.129470e-21
-2.128665e-21
-2.127839e-21
-2.126989e-21
-2.126116e-21
-2.125221e-21
-2.124304e-21
-2.123363e-21
-2.122400e-21
-2.121414e-21
-2.120406e-21
-2.119375e-21
-2.118321e-21
-2.117245e-21
-2.116146e-21
-2.115024e-21
-2.113880e-21
-2.112713e-21
-2.111523e-21
-2.110311e-21
-2.109076e-21
-2.107819e-21
-2.106539e-21
-2.105236e-21
-2.103911e-21
-2.102564e-21
-2.101193e-21
-2.099801e-21
-2.098385e-21
-2.096948e-21
-2.095487e-21
-2.094005e-21
-2.092499e-21
-2.090972e-21
-2.089421e-21
-2.087849e-21
-2.086254e-21
-2.084636e-21
-2.082996e-21
-2.081334e-21
-2.079649e-21
-2.077942e-21
-2.076213e-21
-2.074461e-21
-2.072687e-21
-2.070890e-21
-2.069072e-21
-2.067231e-21
-2.065367e-21
-2.063482e-21
-2.061574e-21
-2.059644e-21
-2.057692e-21
-2.055718e-21
-2.053721e-21
-2.051702e-21
-2.049662e-21
-2.047599e-21
-2.045514e-21
-2.043406e-21
-2.041277e-21
-2.039126e-21
-2.036953e-21
-2.034757e-21
-2.032540e-21
-2.030301e-21
-2.028040e-21
-2.025757e-21
-2.023452e-21
-2.021125e-21
-2.018776e-21
-2.016406e-21
-2.014013e-21
-2.011599e-21
-2.009163e-21
-2.006705e-21
-2.004226e-21
-2.001725e-21
-1.999202e-21
-1.996658e-21
-1.994092e-21
-1.991504e-21
-1.988895e-21
-1.986264e-21
-1.983611e-21
-1.980937e-21
-1.978242e-21
-1.975525e-21
-1.972787e-21
-1.970027e-21
-1.967246e-21
-1.964444e-21
-1.961620e-21
-1.958775e-21
-1.955909e-21
-1.953021e-21
-1.950113e-21
-1.947183e-21
-1.944232e-21
-1.941260e-21
-1.938266e-21
-1.935252e-21
-1.932216e-21
-1.929160e-21
-1.926083e-21
-1.922984e-21
-1.919865e-21
-1.916725e-21
-1.913564e-21
-1.910382e-21
-1.907180e-21
-1.903956e-21
-1.900712e-21
-1.897447e-21
-1.894162e-21
-1.890856e-21
-1.887529e-21
-1.884182e-21
-1.880814e-21
-1.877426e-21
-1.874017e-21
-1.870588e-21
-1.867138e-21
-1.863668e-21
-1.860178e-21
-1.856668e-21
-1.853137e-21
-1.849586e-21
-1.846015e-21
-1.842424e-21
-1.838812e-21
-1.835181e-21
-1.831529e-21
-1.827858e-21
-1.824166e-21
-1.820455e-21
-1.816724e-21
-1.812973e-21
-1.809202e-21
-1.805411e-21
-1.801601e-21
-1.797771e-21
-1.793921e-21
-1.790052e-21
-1.786163e-21
-1.782254e-21
-1.778326e-21
-1.774379e-21
-1.770412e-21
-1.766426e-21
-1.762421e-21
-1.758396e-21
-1.754352e-21
-1.750289e-21
-1.746207e-21
-1.742105e-21
-1.737985e-21
-1.733845e-21
-1.729687e-21
-1.725510e-21
-1.721313e-21
-1.717098e-21
-1.712864e-21
-1.708611e-21
-1.704340e-21
-1.700050e-21
-1.695741e-21
-1.691414e-21
-1.687068e-21
-1.682704e-21
-1.678321e-21
-1.673920e-21
-1.669500e-21
-1.665062e-21
-1.660606e-21
-1.656132e-21
-1.651640e-21
-1.647129e-21
-1.642600e-21
-1.638054e-21
-1.633489e-21
-1.628907e-21
-1.624306e-21
-1.619688e-21
-1.615052e-21
-1.610398e-21
-1.605727e-21
-1.601038e-21
-1.596331e-21
-1.591607e-21
-1.586865e-21
-1.582106e-21
-1.577330e-21
-1.572536e-21
-1.567725e-21
-1.562897e-21
-1.558051e-21
-1.553189e-21
-1.548309e-21
-1.543413e-21
-1.538499e-21
-1.533569e-21
-1.528621e-21
-1.523657e-21
-1.518676e-21
-1.513679e-21
-1.508664e-21
-1.503634e-21
-1.498586e-21
-1.493522e-21
-1.488442e-21
-1.483346e-21
-1.478233e-21
-1.473103e-21
-1.467958e-21
-1.462796e-21
-1.457619e-21
-1.452425e-21
-1.447215e-21
-1.441990e-21
-1.436748e-21
-1.431491e-21
-1.426218e-21
-1.420929e-21
-1.415625e-21
-1.410305e-21
-1.404970e-21
-1.399619e-21
-1.394252e-21
-1.388871e-21
-1.383474e-21
-1.378061e-21
-1.372634e-21
-1.367192e-21
-1.361734e-21
-1.356261e-21
-1.350774e-21
-1.345271e-21
-1.339754e-21
-1.334222e-21
-1.328676e-21
-1.323114e-21
-1.317538e-21
-1.311948e-21
-1.306343e-21
-1.300724e-21
-1.295090e-21
-1.289442e-21
-1.283780e-21
-1.278104e-21
-1.272414e-21
-1.266709e-21
-1.260991e-21
-1.255259e-21
-1.249513e-21
-1.243753e-21
-1.237979e-21
-1.232192e-21
-1.226391e-21
-1.220577e-21
-1.214749e-21
-1.208908e-21
-1.203053e-21
-1.197186e-21
-1.191305e-21
-1.185411e-21
-1.179503e-21
-1.173583e-21
-1.167650e-21
-1.161704e-21
-1.155745e-21
-1.149773e-21
-1.143789e-21
-1.137792e-21
-1.131783e-21
-1.125761e-21
-1.119726e-21
-1.113680e-21
-1.107621e-21
-1.101549e-21
-1.095466e-21
-1.089370e-21
-1.083263e-21
-1.077143e-21
-1.071012e-21
-1.064869e-21
-1.058714e-21
-1.052547e-21
-1.046369e-21
-1.040179e-21
-1.033978e-21
-1.027765e-21
-1.021541e-21
-1.015306e-21
-1.009059e-21
-1.002802e-21
-9.965329e-22
-9.902531e-22
-9.839624e-22
-9.776609e-22
-9.713485e-22
-9.650255e-22
-9.586918e-22
-9.523475e-22
-9.459926e-22
-9.396274e-22
-9.332517e-22
-9.268658e-22
-9.204696e-22
-9.140633e-22
-9.076468e-22
-9.012204e-22
-8.947839e-22
-8.883376e-22
-8.818815e-22
-8.754157e-22
-8.689402e-22
-8.624551e-22
-8.559604e-22
-8.494564e-22
-8.429429e-22
-8.364201e-22
-8.298881e-22
-8.233469e-22
-8.167967e-22
-8.102374e-22
-8.036692e-22
-7.970920e-22
-7.905061e-22
-7.839115e-22
-7.773082e-22
-7.706963e-22
-7.640759e-22
-7.574471e-22
-7.508099e-22
-7.441644e-22
-7.375107e-22
-7.308489e-22
-7.241790e-22
-7.175011e-22
-7.108152e-22
-7.041215e-22
-6.974201e-22
-6.907109e-22
-6.839942e-22
-6.772698e-22
-6.705380e-22
-6.637988e-22
-6.570523e-22
-6.502985e-22
-6.435375e-22
-6.367694e-22
-6.299943e-22
-6.232123e-22
-6.164233e-22
-6.096276e-22
-6.028251e-22
-5.960160e-22
-5.892003e-22
-5.823781e-22
-5.755495e-22
-5.687145e-22
-5.618733e-22
-5.550258e-22
-5.481722e-22
-5.413126e-22
-5.344470e-22
-5.275755e-22
-5.206982e-22
-5.138152e-22
-5.069264e-22
-5.000321e-22
-4.931323e-22
-4.862270e-22
-4.793164e-22
-4.724005e-22
-4.654794e-22
-4.585532e-22
-4.516219e-22
-4.446856e-22
-4.377444e-22
-4.307984e-22
-4.238476e-22
-4.168922e-22
-4.099322e-22
-4.029677e-22
-3.959987e-22
-3.890254e-22
-3.820478e-22
-3.750660e-22
-3.680800e-22
-3.610900e-22
-3.540961e-22
-3.470982e-22
-3.400965e-22
-3.330911e-22
-3.260820e-22
-3.190693e-22
-3.120531e-22
-3.050335e-22
-2.980106e-22
-2.909843e-22
-2.839549e-22
-2.769223e-22
-2.698867e-22
-2.628482e-22
-2.558067e-22
-2.487625e-22
-2.417155e-22
-2.346658e-22
-2.276136e-22
-2.205589e-22
-2.135018e-22
-2.064424e-22
-1.993807e-22
-1.923168e-22
-1.852508e-22
-1.781828e-22
-1.711128e-22
-1.640409e-22
-1.569673e-22
-1.498920e-22
-1.428150e-22
-1.357365e-22
-1.286565e-22
-1.215751e-22
-1.144924e-22
-1.074084e-22
-1.003233e-22
-9.323711e-23
