1.026294e-18
1.026292e-18
1.026288e-18
1.026281e-18
1.026270e-18
1.026256e-18
1.026239e-18
1.026219e-18
1.026196e-18
1.026170e-18
1.026140e-18
1.026108e-18
1.026072e-18
1.026033e-18
1.025991e-18
1.025946e-18
1.025898e-18
1.025847e-18
1.025792e-18
1.025735e-18
1.025674e-18
1.025610e-18
1.025543e-18
1.025473e-18
1.025400e-18
1.025324e-18
1.025244e-18
1.025162e-18
1.025076e-18
1.024987e-18
1.024895e-18
1.024800e-18
1.024702e-18
1.024600e-18
1.024496e-18
1.024388e-18
1.024278e-18
1.024164e-18
1.024047e-18
1.023927e-18
1.023803e-18
1.023677e-18
1.023548e-18
1.023415e-18
1.023279e-18
1.023140e-18
1.022998e-18
1.022853e-18
1.022705e-18
1.022554e-18
1.022399e-18
1.022242e-18
1.022081e-18
1.021917e-18
1.021750e-18
1.021580e-18
1.021407e-18
1.021231e-18
1.021052e-18
1.020869e-18
1.020684e-18
1.020495e-18
1.020303e-18
1.020108e-18
1.019910e-18
1.019709e-18
1.019505e-18
1.019297e-18
1.019087e-18
1.018873e-18
1.018656e-18
1.018437e-18
1.018214e-18
1.017988e-18
1.017759e-18
1.017526e-18
1.017291e-18
1.017053e-18
1.016811e-18
1.016566e-18
1.016319e-18
1.016068e-18
1.015814e-18
1.015557e-18
1.015297e-18
1.015033e-18
1.014767e-18
1.014498e-18
1.014225e-18
1.013950e-18
1.013671e-18
1.013389e-18
1.013104e-18
1.012816e-18
1.012525e-18
1.012231e-18
1.011934e-18
1.011633e-18
1.011330e-18
1.011023e-18
1.010714e-18
1.010401e-18
1.010085e-18
1.009767e-18
1.009445e-18
1.009120e-18
1.008792e-18
1.008461e-18
1.008126e-18
1.007789e-18
1.007449e-18
1.007105e-18
1.006759e-18
1.006409e-18
1.006056e-18
1.005701e-18
1.005342e-18
1.004980e-18
1.004615e-18
1.004247e-18
1.003876e-18
1.003502e-18
1.003125e-18
1.002745e-18
1.002361e-18
1.001975e-18
1.001586e-18
1.001193e-18
1.000798e-18
1.000399e-18
9.999975e-19
9.995929e-19
9.991852e-19
9.987744e-19
9.983606e-19
9.979438e-19
9.975239e-19
9.971010e-19
9.966750e-19
9.962460e-19
9.958139e-19
9.953788e-19
9.949407e-19
9.944996e-19
9.940554e-19
9.936082e-19
9.931579e-19
9.927046e-19
9.922483e-19
9.917890e-19
9.913266e-19
9.908612e-19
9.903928e-19
9.899214e-19
9.894470e-19
9.889695e-19
9.884890e-19
9.880055e-19
9.875190e-19
9.870295e-19
9.865370e-19
9.860415e-19
9.855429e-19
9.850414e-19
9.845368e-19
9.840293e-19
9.835187e-19
9.830051e-19
9.824886e-19
9.819690e-19
9.814465e-19
9.809210e-19
9.803924e-19
9.798609e-19
9.793264e-19
9.787889e-19
9.782484e-19
9.777050e-19
9.771585e-19
9.766091e-19
9.760567e-19
9.755013e-19
9.749430e-19
9.743817e-19
9.738174e-19
9.732501e-19
9.726799e-19
9.721067e-19
9.715305e-19
9.709514e-19
9.703693e-19
9.697842e-19
9.691962e-19
9.686053e-19
9.680114e-19
9.674145e-19
9.668147e-19
9.662119e-19
9.656062e-19
9.649975e-19
9.643859e-19
9.637714e-19
9.631539e-19
9.625335e-19
9.619102e-19
9.612839e-19
9.606547e-19
9.600225e-19
9.593874e-19
9.587494e-19
9.581085e-19
9.574647e-19
9.568179e-19
9.561682e-19
9.555156e-19
9.548601e-19
9.542017e-19
9.535404e-19
9.528761e-19
9.522090e-19
9.515389e-19
9.508660e-19
9.501901e-19
9.495114e-19
9.488297e-19
9.481452e-19
9.474578e-19
9.467675e-19
9.460743e-19
9.453782e-19
9.446792e-19
9.439774e-19
9.432726e-19
9.425650e-19
9.418545e-19
9.411412e-19
9.404250e-19
9.397059e-19
9.389839e-19
9.382591e-19
9.375314e-19
9.368009e-19
9.360675e-19
9.353312e-19
9.345921e-19
9.338502e-19
9.331054e-19
9.323578e-19
9.316073e-19
9.308539e-19
9.300978e-19
9.293388e-19
9.285769e-19
9.278123e-19
9.270448e-19
9.262745e-19
9.255013e-19
9.247253e-19
9.239466e-19
9.231650e-19
9.223805e-19
9.215933e-19
9.208033e-19
9.200104e-19
9.192148e-19
9.184163e-19
9.176150e-19
9.168110e-19
9.160041e-19
9.151945e-19
9.143821e-19
9.135668e-19
9.127488e-19
9.119280e-19
9.111045e-19
9.102781e-19
9.094490e-19
9.086171e-19
9.077824e-19
9.069450e-19
9.061048e-19
9.052618e-19
9.044161e-19
9.035676e-19
9.027164e-19
9.018624e-19
9.010057e-19
9.001462e-19
8.992840e-19
8.984190e-19
8.975513e-19
8.966808e-19
8.958077e-19
8.949318e-19
8.940531e-19
8.931717e-19
8.922877e-19
8.914008e-19
8.905113e-19
8.896191e-19
8.887241e-19
8.878265e-19
8.869261e-19
8.860230e-19
8.851172e-19
8.842088e-19
8.832976e-19
8.823837e-19
8.814672e-19
8.805479e-19
8.796260e-19
8.787014e-19
8.777741e-19
8.768442e-19
8.759115e-19
8.749762e-19
8.740383e-19
8.730976e-19
8.721543e-19
8.712084e-19
8.702598e-19
8.693085e-19
8.683546e-19
8.673980e-19
8.664388e-19
8.654770e-19
8.645125e-19
8.635453e-19
8.625756e-19
8.616032e-19
8.606282e-19
8.596506e-19
8.586703e-19
8.576874e-19
8.567019e-19
8.557138e-19
8.547231e-19
8.537298e-19
8.527339e-19
8.517354e-19
8.507343e-19
8.497306e-19
8.487243e-19
8.477154e-19
8.467039e-19
8.456899e-19
8.446732e-19
8.436540e-19
8.426323e-19
8.416079e-19
8.405810e-19
8.395515e-19
8.385195e-19
8.374849e-19
8.364478e-19
8.354081e-19
8.343659e-19
8.333211e-19
8.322738e-19
8.312239e-19
8.301715e-19
8.291166e-19
8.280592e-19
8.269992e-19
8.259367e-19
8.248717e-19
8.238042e-19
8.227341e-19
8.216616e-19
8.205865e-19
8.195090e-19
8.184289e-19
8.173464e-19
8.162614e-19
8.151738e-19
8.140838e-19
8.129913e-19
8.118964e-19
8.107989e-19
8.096990e-19
8.085966e-19
8.074918e-19
8.063845e-19
8.052747e-19
8.041625e-19
8.030478e-19
8.019307e-19
8.008112e-19
7.996892e-19
7.985647e-19
7.974379e-19
7.963086e-19
7.951768e-19
7.940427e-19
7.929061e-19
7.917671e-19
7.906257e-19
7.894819e-19
7.883357e-19
7.871870e-19
7.860360e-19
7.848826e-19
7.837268e-19
7.825686e-19
7.814080e-19
7.802450e-19
7.790797e-19
7.779120e-19
7.767419e-19
7.755694e-19
7.743946e-19
7.732174e-19
7.720379e-19
7.708560e-19
7.696718e-19
7.684852e-19
7.672962e-19
7.661050e-19
7.649114e-19
7.637155e-19
7.625172e-19
7.613166e-19
7.601137e-19
7.589085e-19
7.577010e-19
7.564911e-19
7.552790e-19
7.540645e-19
7.528478e-19
7.516287e-19
7.504074e-19
7.491838e-19
7.479579e-19
7.467297e-19
7.454992e-19
7.442665e-19
7.430315e-19
7.417942e-19
7.405547e-19
7.393129e-19
7.380689e-19
7.368226e-19
7.355741e-19
7.343233e-19
7.330703e-19
7.318151e-19
7.305576e-19
7.292979e-19
7.280360e-19
7.267718e-19
7.255055e-19
7.242369e-19
7.229662e-19
7.216932e-19
7.204180e-19
7.191406e-19
7.178611e-19
7.165793e-19
7.152954e-19
7.140093e-19
7.127210e-19
7.114306e-19
7.101379e-19
7.088431e-19
7.075462e-19
7.062471e-19
7.049458e-19
7.036424e-19
7.023369e-19
7.010292e-19
6.997194e-19
6.984074e-19
6.970933e-19
6.957771e-19
6.944588e-19
6.931383e-19
6.918158e-19
6.904911e-19
6.891643e-19
6.878354e-19
6.865045e-19
6.851714e-19
6.838363e-19
6.824990e-19
6.811597e-19
6.798184e-19
6.784749e-19
6.771294e-19
6.757818e-19
6.744321e-19
6.730804e-19
6.717267e-19
6.703709e-19
6.690130e-19
6.676532e-19
6.662913e-19
6.649273e-19
6.635613e-19
6.621934e-19
6.608233e-19
6.594513e-19
6.580773e-19
6.567013e-19
6.553232e-19
6.539432e-19
6.525612e-19
6.511771e-19
6.497911e-19
6.484032e-19
6.470132e-19
6.456213e-19
6.442274e-19
6.428315e-19
6.414337e-19
6.400340e-19
6.386323e-19
6.372286e-19
6.358230e-19
6.344154e-19
6.330060e-19
6.315946e-19
6.301812e-19
6.287660e-19
6.273488e-19
6.259298e-19
6.245088e-19
6.230859e-19
6.216611e-19
6.202345e-19
6.188059e-19
6.173754e-19
6.159431e-19
6.145089e-19
6.130728e-19
6.116349e-19
6.101951e-19
6.087534e-19
6.073099e-19
6.058645e-19
6.044173e-19
6.029682e-19
6.015173e-19
6.000646e-19
5.986101e-19
5.971537e-19
5.956955e-19
5.942355e-19
5.927736e-19
5.913100e-19
5.898446e-19
5.883774e-19
5.869083e-19
5.854375e-19
5.839649e-19
5.824906e-19
5.810144e-19
5.795365e-19
5.780568e-19
5.765754e-19
5.750922e-19
5.736073e-19
5.721206e-19
5.706321e-19
5.691420e-19
5.676500e-19
5.661564e-19
5.646610e-19
5.631640e-19
5.616652e-19
5.601647e-19
5.586624e-19
5.571585e-19
5.556529e-19
5.541456e-19
5.526366e-19
5.511259e-19
5.496136e-19
5.480996e-19
5.465839e-19
5.450665e-19
5.435475e-19
5.420268e-19
5.405045e-19
5.389805e-19
5.374549e-19
5.359276e-19
5.343987e-19
5.328682e-19
5.313361e-19
5.298023e-19
5.282670e-19
5.267300e-19
5.251914e-19
5.236512e-19
5.221095e-19
5.205661e-19
5.190211e-19
5.174746e-19
5.159265e-19
5.143768e-19
5.128256e-19
5.112728e-19
5.097184e-19
5.081625e-19
5.066050e-19
5.050460e-19
5.034855e-19
5.019234e-19
5.003598e-19
4.987947e-19
4.972280e-19
4.956598e-19
4.940902e-19
4.925190e-19
4.909463e-19
4.893721e-19
4.877965e-19
4.862193e-19
4.846407e-19
4.830606e-19
4.814790e-19
4.798960e-19
4.783115e-19
4.767255e-19
4.751381e-19
4.735493e-19
4.719590e-19
4.703672e-19
4.687741e-19
4.671795e-19
4.655834e-19
4.639860e-19
4.623872e-19
4.607869e-19
4.591852e-19
4.575822e-19
4.559777e-19
4.543719e-19
4.527647e-19
4.511561e-19
4.495461e-19
4.479348e-19
4.463221e-19
4.447080e-19
4.430926e-19
4.414758e-19
4.398577e-19
4.382382e-19
4.366174e-19
4.349953e-19
4.333719e-19
4.317471e-19
4.301211e-19
4.284937e-19
4.268650e-19
4.252350e-19
4.236037e-19
4.219711e-19
4.203373e-19
4.187021e-19
4.170657e-19
4.154281e-19
4.137891e-19
4.121489e-19
4.105074e-19
4.088647e-19
4.072208e-19
4.055756e-19
4.039292e-19
4.022815e-19
4.006326e-19
3.989825e-19
3.973312e-19
3.956787e-19
3.940249e-19
3.923700e-19
3.907139e-19
3.890566e-19
3.873981e-19
3.857384e-19
3.840775e-19
3.824155e-19
3.807523e-19
3.790880e-19
3.774225e-19
3.757559e-19
3.740881e-19
3.724191e-19
3.707491e-19
3.690779e-19
3.674056e-19
3.657321e-19
3.640576e-19
3.623819e-19
3.607052e-19
3.590273e-19
3.573484e-19
3.556683e-19
3.539872e-19
3.523050e-19
3.506218e-19
3.489374e-19
3.472520e-19
3.455656e-19
3.438781e-19
3.421895e-19
3.404999e-19
3.388093e-19
3.371176e-19
3.354250e-19
3.337313e-19
3.320365e-19
3.303408e-19
3.286441e-19
3.269463e-19
3.252476e-19
3.235479e-19
3.218472e-19
3.201455e-19
3.184428e-19
3.167392e-19
3.150346e-19
3.133290e-19
3.116225e-19
3.099151e-19
3.082067e-19
3.064974e-19
3.047871e-19
3.030759e-19
3.013638e-19
2.996507e-19
2.979368e-19
2.962220e-19
2.945062e-19
2.927895e-19
2.910720e-19
2.893536e-19
2.876343e-19
2.859141e-19
2.841930e-19
2.824711e-19
2.807484e-19
2.790247e-19
2.773003e-19
2.755749e-19
2.738488e-19
2.721218e-19
2.703940e-19
2.686653e-19
2.669359e-19
2.652056e-19
2.634745e-19
2.617426e-19
2.600099e-19
2.582765e-19
2.565422e-19
2.548072e-19
2.530714e-19
2.513348e-19
2.495975e-19
2.478594e-19
2.461205e-19
2.443809e-19
2.426406e-19
2.408995e-19
2.391577e-19
2.374151e-19
2.356718e-19
2.339279e-19
2.321832e-19
2.304378e-19
2.286917e-19
2.269449e-19
2.251974e-19
2.234492e-19
2.217003e-19
2.199508e-19
2.182006e-19
2.164498e-19
2.146982e-19
2.129461e-19
2.111933e-19
2.094398e-19
2.076857e-19
2.059310e-19
2.041756e-19
2.024196e-19
2.006631e-19
1.989059e-19
1.971480e-19
1.953896e-19
1.936306e-19
1.918711e-19
1.901109e-19
1.883501e-19
1.865888e-19
1.848269e-19
1.830645e-19
1.813015e-19
1.795379e-19
1.777738e-19
1.760092e-19
1.742440e-19
1.724783e-19
1.707120e-19
1.689453e-19
1.671780e-19
1.654103e-19
1.636420e-19
1.618732e-19
1.601039e-19
1.583342e-19
1.565640e-19
1.547933e-19
1.530221e-19
1.512504e-19
1.494783e-19
1.477058e-19
1.459328e-19
1.441593e-19
1.423854e-19
1.406111e-19
1.388364e-19
1.370612e-19
1.352856e-19
1.335096e-19
1.317332e-19
1.299564e-19
1.281792e-19
1.264016e-19
1.246237e-19
1.228453e-19
1.210666e-19
1.192875e-19
1.175081e-19
1.157283e-19
1.139481e-19
1.121676e-19
1.103868e-19
1.086056e-19
1.068241e-19
1.050422e-19
1.032601e-19
1.014776e-19
9.969485e-20
9.791177e-20
9.612840e-20
9.434474e-20
9.256079e-20
9.077656e-20
8.899205e-20
8.720727e-20
8.542223e-20
8.363693e-20
8.185138e-20
8.006558e-20
7.827953e-20
7.649325e-20
7.470674e-20
7.292000e-20
7.113304e-20
6.934586e-20
6.755847e-20
6.577088e-20
6.398309e-20
6.219511e-20
6.040694e-20
5.861858e-20
5.683005e-20
5.504134e-20
5.325247e-20
5.146344e-20
4.967425e-20
4.788492e-20
4.609543e-20
4.430581e-20
4.251606e-20
4.072617e-20
3.893617e-20
3.714604e-20
3.535581e-20
3.356546e-20
3.177502e-20
2.998448e-20
2.819385e-20
2.640314e-20
2.461234e-20
2.282148e-20
2.103054e-20
1.923954e-20
1.744848e-20
1.565738e-20
1.386622e-20
1.207502e-20
1.028379e-20
8.492531e-21
6.701244e-21
4.909938e-21
3.118618e-21
1.327290e-21
-4.640411e-22
-2.255370e-21
-4.046690e-21
-5.837998e-21
-7.629286e-21
-9.420550e-21
-1.121178e-20
-1.300298e-20
-1.479414e-20
-1.658525e-20
-1.837631e-20
-2.016732e-20
-2.195826e-20
-2.374913e-20
-2.553993e-20
-2.733065e-20
-2.912129e-20
-3.091184e-20
-3.270229e-20
-3.449264e-20
-3.628288e-20
-3.807302e-20
-3.986303e-20
-4.165293e-20
-4.344269e-20
-4.523233e-20
-4.702182e-20
-4.881117e-20
-5.060037e-20
-5.238941e-20
-5.417830e-20
-5.596701e-20
-5.775556e-20
-5.954393e-20
-6.133212e-20
-6.312012e-20
-6.490792e-20
-6.669553e-20
-6.848293e-20
-7.027013e-20
-7.205711e-20
-7.384386e-20
-7.563040e-20
-7.741670e-20
-7.920276e-20
-8.098858e-20
-8.277416e-20
-8.455948e-20
-8.634454e-20
-8.812934e-20
-8.991387e-20
-9.169812e-20
-9.348210e-20
-9.526579e-20
-9.704918e-20
-9.883228e-20
-1.006151e-19
-1.023976e-19
-1.041798e-19
-1.059616e-19
-1.077432e-19
-1.095244e-19
-1.113052e-19
-1.130858e-19
-1.148660e-19
-1.166458e-19
-1.184253e-19
-1.202044e-19
-1.219831e-19
-1.237615e-19
-1.255395e-19
-1.273171e-19
-1.290944e-19
-1.308712e-19
-1.326476e-19
-1.344237e-19
-1.361993e-19
-1.379745e-19
-1.397493e-19
-1.415236e-19
-1.432976e-19
-1.450711e-19
-1.468441e-19
-1.486167e-19
-1.503889e-19
-1.521605e-19
-1.539318e-19
-1.557025e-19
-1.574728e-19
-1.592426e-19
-1.610119e-19
-1.627807e-19
-1.645490e-19
-1.663169e-19
-1.680842e-19
-1.698510e-19
-1.716173e-19
-1.733830e-19
-1.751482e-19
-1.769129e-19
-1.786771e-19
-1.804407e-19
-1.822038e-19
-1.839663e-19
-1.857282e-19
-1.874896e-19
-1.892504e-19
-1.910106e-19
-1.927703e-19
-1.945293e-19
-1.962878e-19
-1.980457e-19
-1.998029e-19
-2.015596e-19
-2.033156e-19
-2.050710e-19
-2.068258e-19
-2.085800e-19
-2.103335e-19
-2.120864e-19
-2.138387e-19
-2.155902e-19
-2.173412e-19
-2.190914e-19
-2.208410e-19
-2.225900e-19
-2.243382e-19
-2.260858e-19
-2.278326e-19
-2.295788e-19
-2.313243e-19
-2.330691e-19
-2.348131e-19
-2.365565e-19
-2.382991e-19
-2.400410e-19
-2.417822e-19
-2.435226e-19
-2.452623e-19
-2.470013e-19
-2.487395e-19
-2.504769e-19
-2.522136e-19
-2.539495e-19
-2.556846e-19
-2.574189e-19
-2.591525e-19
-2.608853e-19
-2.626172e-19
-2.643484e-19
-2.660788e-19
-2.678083e-19
-2.695371e-19
-2.712650e-19
-2.729921e-19
-2.747184e-19
-2.764438e-19
-2.781684e-19
-2.798921e-19
-2.816150e-19
-2.833370e-19
-2.850582e-19
-2.867785e-19
-2.884979e-19
-2.902164e-19
-2.919341e-19
-2.936509e-19
-2.953667e-19
-2.970817e-19
-2.987958e-19
-3.005089e-19
-3.022212e-19
-3.039325e-19
-3.056429e-19
-3.073524e-19
-3.090609e-19
-3.107685e-19
-3.124751e-19
-3.141808e-19
-3.158855e-19
-3.175893e-19
-3.192921e-19
-3.209939e-19
-3.226948e-19
-3.243946e-19
-3.260935e-19
-3.277914e-19
-3.294883e-19
-3.311841e-19
-3.328790e-19
-3.345729e-19
-3.362657e-19
-3.379575e-19
-3.396483e-19
-3.413381e-19
-3.430268e-19
-3.447144e-19
-3.464010e-19
-3.480866e-19
-3.497711e-19
-3.514545e-19
-3.531369e-19
-3.548182e-19
-3.564984e-19
-3.581775e-19
-3.598555e-19
-3.615325e-19
-3.632083e-19
-3.648830e-19
-3.665566e-19
-3.682291e-19
-3.699005e-19
-3.715708e-19
-3.732399e-19
-3.749079e-19
-3.765747e-19
-3.782404e-19
-3.799049e-19
-3.815683e-19
-3.832305e-19
-3.848916e-19
-3.865515e-19
-3.882102e-19
-3.898677e-19
-3.915240e-19
-3.931792e-19
-3.948331e-19
-3.964859e-19
-3.981374e-19
-3.997877e-19
-4.014368e-19
-4.030847e-19
-4.047314e-19
-4.063768e-19
-4.080210e-19
-4.096639e-19
-4.113056e-19
-4.129460e-19
-4.145852e-19
-4.162231e-19
-4.178598e-19
-4.194952e-19
-4.211293e-19
-4.227621e-19
-4.243936e-19
-4.260239e-19
-4.276528e-19
-4.292804e-19
-4.309068e-19
-4.325318e-19
-4.341555e-19
-4.357779e-19
-4.373989e-19
-4.390187e-19
-4.406370e-19
-4.422541e-19
-4.438698e-19
-4.454841e-19
-4.470971e-19
-4.487087e-19
-4.503190e-19
-4.519279e-19
-4.535354e-19
-4.551415e-19
-4.567463e-19
-4.583496e-19
-4.599516e-19
-4.615522e-19
-4.631513e-19
-4.647491e-19
-4.663454e-19
-4.679403e-19
-4.695338e-19
-4.711258e-19
-4.727164e-19
-4.743056e-19
-4.758934e-19
-4.774797e-19
-4.790645e-19
-4.806479e-19
-4.822298e-19
-4.838102e-19
-4.853892e-19
-4.869667e-19
-4.885427e-19
-4.901172e-19
-4.916902e-19
-4.932618e-19
-4.948318e-19
-4.964003e-19
-4.979673e-19
-4.995328e-19
-5.010968e-19
-5.026593e-19
-5.042202e-19
-5.057796e-19
-5.073374e-19
-5.088937e-19
-5.104484e-19
-5.120016e-19
-5.135533e-19
-5.151034e-19
-5.166519e-19
-5.181988e-19
-5.197441e-19
-5.212879e-19
-5.228301e-19
-5.243707e-19
-5.259097e-19
-5.274471e-19
-5.289829e-19
-5.305171e-19
-5.320496e-19
-5.335806e-19
-5.351099e-19
-5.366376e-19
-5.381636e-19
-5.396881e-19
-5.412108e-19
-5.427320e-19
-5.442514e-19
-5.457693e-19
-5.472854e-19
-5.487999e-19
-5.503127e-19
-5.518239e-19
-5.533333e-19
-5.548411e-19
-5.563472e-19
-5.578516e-19
-5.593543e-19
-5.608553e-19
-5.623546e-19
-5.638522e-19
-5.653481e-19
-5.668422e-19
-5.683346e-19
-5.698253e-19
-5.713142e-19
-5.728015e-19
-5.742869e-19
-5.757706e-19
-5.772526e-19
-5.787328e-19
-5.802113e-19
-5.816880e-19
-5.831629e-19
-5.846360e-19
-5.861074e-19
-5.875769e-19
-5.890447e-19
-5.905107e-19
-5.919749e-19
-5.934373e-19
-5.948979e-19
-5.963567e-19
-5.978136e-19
-5.992688e-19
-6.007221e-19
-6.021736e-19
-6.036232e-19
-6.050710e-19
-6.065170e-19
-6.079611e-19
-6.094034e-19
-6.108438e-19
-6.122824e-19
-6.137191e-19
-6.151539e-19
-6.165869e-19
-6.180180e-19
-6.194472e-19
-6.208745e-19
-6.222999e-19
-6.237235e-19
-6.251451e-19
-6.265648e-19
-6.279826e-19
-6.293986e-19
-6.308126e-19
-6.322246e-19
-6.336348e-19
-6.350430e-19
-6.364493e-19
-6.378537e-19
-6.392561e-19
-6.406565e-19
-6.420551e-19
-6.434516e-19
-6.448462e-19
-6.462389e-19
-6.476295e-19
-6.490182e-19
-6.504050e-19
-6.517897e-19
-6.531725e-19
-6.545533e-19
-6.559321e-19
-6.573088e-19
-6.586836e-19
-6.600564e-19
-6.614272e-19
-6.627960e-19
-6.641627e-19
-6.655274e-19
-6.668901e-19
-6.682508e-19
-6.696094e-19
-6.709660e-19
-6.723206e-19
-6.736731e-19
-6.750235e-19
-6.763719e-19
-6.777183e-19
-6.790626e-19
-6.804048e-19
-6.817449e-19
-6.830830e-19
-6.844190e-19
-6.857529e-19
-6.870847e-19
-6.884145e-19
-6.897421e-19
-6.910676e-19
-6.923911e-19
-6.937124e-19
-6.950316e-19
-6.963487e-19
-6.976637e-19
-6.989765e-19
-7.002873e-19
-7.015959e-19
-7.029023e-19
-7.042067e-19
-7.055088e-19
-7.068089e-19
-7.081068e-19
-7.094025e-19
-7.106961e-19
-7.119875e-19
-7.132767e-19
-7.145638e-19
-7.158487e-19
-7.171314e-19
-7.184119e-19
-7.196903e-19
-7.209664e-19
-7.222404e-19
-7.235122e-19
-7.247817e-19
-7.260491e-19
-7.273142e-19
-7.285772e-19
-7.298379e-19
-7.310964e-19
-7.323526e-19
-7.336067e-19
-7.348585e-19
-7.361081e-19
-7.373554e-19
-7.386005e-19
-7.398434e-19
-7.410839e-19
-7.423223e-19
-7.435584e-19
-7.447922e-19
-7.460237e-19
-7.472530e-19
-7.484800e-19
-7.497047e-19
-7.509272e-19
-7.521473e-19
-7.533652e-19
-7.545808e-19
-7.557941e-19
-7.570051e-19
-7.582137e-19
-7.594201e-19
-7.606242e-19
-7.618259e-19
-7.630254e-19
-7.642225e-19
-7.654172e-19
-7.666097e-19
-7.677998e-19
-7.689876e-19
-7.701731e-19
-7.713562e-19
-7.725369e-19
-7.737153e-19
-7.748914e-19
-7.760650e-19
-7.772364e-19
-7.784053e-19
-7.795719e-19
-7.807362e-19
-7.818980e-19
-7.830575e-19
-7.842146e-19
-7.853693e-19
-7.865216e-19
-7.876715e-19
-7.888190e-19
-7.899641e-19
-7.911068e-19
-7.922471e-19
-7.933850e-19
-7.945205e-19
-7.956536e-19
-7.967842e-19
-7.979125e-19
-7.990383e-19
-8.001616e-19
-8.012825e-19
-8.024010e-19
-8.035171e-19
-8.046307e-19
-8.057418e-19
-8.068505e-19
-8.079568e-19
-8.090606e-19
-8.101619e-19
-8.112608e-19
-8.123572e-19
-8.134511e-19
-8.145425e-19
-8.156315e-19
-8.167180e-19
-8.178020e-19
-8.188835e-19
-8.199625e-19
-8.210390e-19
-8.221131e-19
-8.231846e-19
-8.242536e-19
-8.253201e-19
-8.263841e-19
-8.274456e-19
-8.285046e-19
-8.295610e-19
-8.306150e-19
-8.316664e-19
-8.327152e-19
-8.337616e-19
-8.348054e-19
-8.358466e-19
-8.368854e-19
-8.379215e-19
-8.389551e-19
-8.399862e-19
-8.410147e-19
-8.420407e-19
-8.430641e-19
-8.440849e-19
-8.451031e-19
-8.461188e-19
-8.471319e-19
-8.481425e-19
-8.491504e-19
-8.501558e-19
-8.511586e-19
-8.521588e-19
-8.531564e-19
-8.541514e-19
-8.551438e-19
-8.561336e-19
-8.571208e-19
-8.581054e-19
-8.590874e-19
-8.600667e-19
-8.610435e-19
-8.620176e-19
-8.629891e-19
-8.639580e-19
-8.649243e-19
-8.658879e-19
-8.668489e-19
-8.678072e-19
-8.687629e-19
-8.697160e-19
-8.706664e-19
-8.716142e-19
-8.725593e-19
-8.735018e-19
-8.744416e-19
-8.753787e-19
-8.763132e-19
-8.772450e-19
-8.781742e-19
-8.791007e-19
-8.800245e-19
-8.809456e-19
-8.818640e-19
-8.827798e-19
-8.836929e-19
-8.846033e-19
-8.855110e-19
-8.864160e-19
-8.873183e-19
-8.882179e-19
-8.891148e-19
-8.900090e-19
-8.909005e-19
-8.917892e-19
-8.926753e-19
-8.935587e-19
-8.944393e-19
-8.953172e-19
-8.961924e-19
-8.970649e-19
-8.979346e-19
-8.988016e-19
-8.996658e-19
-9.005274e-19
-9.013862e-19
-9.022422e-19
-9.030955e-19
-9.039461e-19
-9.047939e-19
-9.056389e-19
-9.064812e-19
-9.073208e-19
-9.081575e-19
-9.089915e-19
-9.098228e-19
-9.106513e-19
-9.114770e-19
-9.122999e-19
-9.131201e-19
-9.139375e-19
-9.147521e-19
-9.155639e-19
-9.163729e-19
-9.171792e-19
-9.179826e-19
-9.187833e-19
-9.195812e-19
-9.203762e-19
-9.211685e-19
-9.219580e-19
-9.227446e-19
-9.235285e-19
-9.243096e-19
-9.250878e-19
-9.258632e-19
-9.266358e-19
-9.274056e-19
-9.281726e-19
-9.289367e-19
-9.296980e-19
-9.304565e-19
-9.312122e-19
-9.319650e-19
-9.327150e-19
-9.334621e-19
-9.342064e-19
-9.349479e-19
-9.356865e-19
-9.364223e-19
-9.371552e-19
-9.378853e-19
-9.386125e-19
-9.393369e-19
-9.400584e-19
-9.407770e-19
-9.414928e-19
-9.422058e-19
-9.429158e-19
-9.436230e-19
-9.443273e-19
-9.450288e-19
-9.457273e-19
-9.464230e-19
-9.471158e-19
-9.478058e-19
-9.484928e-19
-9.491770e-19
-9.498583e-19
-9.505367e-19
-9.512122e-19
-9.518848e-19
-9.525545e-19
-9.532213e-19
-9.538852e-19
-9.545462e-19
-9.552043e-19
-9.558595e-19
-9.565118e-19
-9.571611e-19
-9.578076e-19
-9.584512e-19
-9.590918e-19
-9.597295e-19
-9.603643e-19
-9.609962e-19
-9.616251e-19
-9.622512e-19
-9.628743e-19
-9.634944e-19
-9.641117e-19
-9.647260e-19
-9.653374e-19
-9.659458e-19
-9.665513e-19
-9.671539e-19
-9.677535e-19
-9.683501e-19
-9.689439e-19
-9.695347e-19
-9.701225e-19
-9.707074e-19
-9.712893e-19
-9.718682e-19
-9.724443e-19
-9.730173e-19
-9.735874e-19
-9.741545e-19
-9.747187e-19
-9.752799e-19
-9.758382e-19
-9.763934e-19
-9.769457e-19
-9.774950e-19
-9.780414e-19
-9.785848e-19
-9.791252e-19
-9.796626e-19
-9.801970e-19
-9.807285e-19
-9.812570e-19
-9.817825e-19
-9.823050e-19
-9.828245e-19
-9.833410e-19
-9.838545e-19
-9.843651e-19
-9.848726e-19
-9.853772e-19
-9.858787e-19
-9.863773e-19
-9.868728e-19
-9.873654e-19
-9.878549e-19
-9.883415e-19
-9.888250e-19
-9.893055e-19
-9.897830e-19
-9.902576e-19
-9.907290e-19
-9.911975e-19
-9.916630e-19
-9.921254e-19
-9.925849e-19
-9.930413e-19
-9.934947e-19
-9.939450e-19
-9.943924e-19
-9.948367e-19
-9.952780e-19
-9.957162e-19
-9.961515e-19
-9.965837e-19
-9.970129e-19
-9.974390e-19
-9.978621e-19
-9.982822e-19
-9.986992e-19
-9.991132e-19
-9.995242e-19
-9.999321e-19
-1.000337e-18
-1.000739e-18
-1.001138e-18
-1.001533e-18
-1.001926e-18
-1.002316e-18
-1.002702e-18
-1.003086e-18
-1.003466e-18
-1.003844e-18
-1.004218e-18
-1.004589e-18
-1.004958e-18
-1.005323e-18
-1.005685e-18
-1.006044e-18
-1.006400e-18
-1.006753e-18
-1.007103e-18
-1.007450e-18
-1.007794e-18
-1.008134e-18
-1.008472e-18
-1.008807e-18
-1.009138e-18
-1.009467e-18
-1.009792e-18
-1.010114e-18
-1.010434e-18
-1.010750e-18
-1.011063e-18
-1.011373e-18
-1.011680e-18
-1.011984e-18
-1.012284e-18
-1.012582e-18
-1.012877e-18
-1.013168e-18
-1.013457e-18
-1.013742e-18
-1.014024e-18
-1.014304e-18
-1.014580e-18
-1.014853e-18
-1.015123e-18
-1.015390e-18
-1.015653e-18
-1.015914e-18
-1.016172e-18
-1.016426e-18
-1.016677e-18
-1.016926e-18
-1.017171e-18
-1.017413e-18
-1.017652e-18
-1.017888e-18
-1.018121e-18
-1.018351e-18
-1.018577e-18
-1.018801e-18
-1.019021e-18
-1.019239e-18
-1.019453e-18
-1.019664e-18
-1.019872e-18
-1.020077e-18
-1.020279e-18
-1.020477e-18
-1.020673e-18
-1.020866e-18
-1.021055e-18
-1.021241e-18
-1.021424e-18
-1.021605e-18
-1.021782e-18
-1.021955e-18
-1.022126e-18
-1.022294e-18
-1.022458e-18
-1.022620e-18
-1.022778e-18
-1.022933e-18
-1.023085e-18
-1.023234e-18
-1.023380e-18
-1.023523e-18
-1.023663e-18
-1.023799e-18
-1.023933e-18
-1.024063e-18
-1.024190e-18
-1.024314e-18
-1.024435e-18
-1.024553e-18
-1.024668e-18
-1.024779e-18
-1.024888e-18
-1.024993e-18
-1.025095e-18
-1.025195e-18
-1.025291e-18
-1.025384e-18
-1.025473e-18
-1.025560e-18
-1.025643e-18
-1.025724e-18
-1.025801e-18
-1.025875e-18
-1.025946e-18
-1.026014e-18
-1.026079e-18
-1.026141e-18
-1.026199e-18
-1.026255e-18
-1.026307e-18
-1.026356e-18
-1.026402e-18
-1.026445e-18
-1.026485e-18
-1.026522e-18
-1.026556e-18
-1.026586e-18
-1.026613e-18
-1.026638e-18
-1.026659e-18
-1.026677e-18
-1.026692e-18
-1.026703e-18
-1.026712e-18
-1.026717e-18
-1.026720e-18
