1.340209e-18
1.340205e-18
1.340196e-18
1.340184e-18
1.340167e-18
1.340146e-18
1.340121e-18
1.340093e-18
1.340059e-18
1.340022e-18
1.339981e-18
1.339936e-18
1.339886e-18
1.339833e-18
1.339775e-18
1.339714e-18
1.339648e-18
1.339578e-18
1.339504e-18
1.339426e-18
1.339344e-18
1.339258e-18
1.339167e-18
1.339073e-18
1.338974e-18
1.338872e-18
1.338765e-18
1.338654e-18
1.338539e-18
1.338420e-18
1.338297e-18
1.338170e-18
1.338039e-18
1.337904e-18
1.337764e-18
1.337621e-18
1.337473e-18
1.337322e-18
1.337166e-18
1.337006e-18
1.336842e-18
1.336674e-18
1.336502e-18
1.336326e-18
1.336146e-18
1.335961e-18
1.335773e-18
1.335580e-18
1.335384e-18
1.335183e-18
1.334979e-18
1.334770e-18
1.334557e-18
1.334340e-18
1.334119e-18
1.333894e-18
1.333665e-18
1.333431e-18
1.333194e-18
1.332953e-18
1.332707e-18
1.332458e-18
1.332204e-18
1.331947e-18
1.331685e-18
1.331419e-18
1.331149e-18
1.330875e-18
1.330597e-18
1.330315e-18
1.330029e-18
1.329739e-18
1.329445e-18
1.329146e-18
1.328844e-18
1.328538e-18
1.328227e-18
1.327913e-18
1.327594e-18
1.327271e-18
1.326945e-18
1.326614e-18
1.326279e-18
1.325940e-18
1.325597e-18
1.325250e-18
1.324900e-18
1.324544e-18
1.324185e-18
1.323822e-18
1.323455e-18
1.323084e-18
1.322709e-18
1.322329e-18
1.321946e-18
1.321559e-18
1.321167e-18
1.320772e-18
1.320372e-18
1.319969e-18
1.319561e-18
1.319150e-18
1.318734e-18
1.318315e-18
1.317891e-18
1.317463e-18
1.317032e-18
1.316596e-18
1.316156e-18
1.315713e-18
1.315265e-18
1.314813e-18
1.314357e-18
1.313898e-18
1.313434e-18
1.312966e-18
1.312494e-18
1.312018e-18
1.311538e-18
1.311055e-18
1.310567e-18
1.310075e-18
1.309579e-18
1.309079e-18
1.308575e-18
1.308068e-18
1.307556e-18
1.307040e-18
1.306520e-18
1.305996e-18
1.305469e-18
1.304937e-18
1.304401e-18
1.303861e-18
1.303318e-18
1.302770e-18
1.302218e-18
1.301663e-18
1.301103e-18
1.300539e-18
1.299972e-18
1.299400e-18
1.298825e-18
1.298245e-18
1.297662e-18
1.297075e-18
1.296483e-18
1.295888e-18
1.295289e-18
1.294686e-18
1.294078e-18
1.293467e-18
1.292852e-18
1.292233e-18
1.291610e-18
1.290983e-18
1.290353e-18
1.289718e-18
1.289079e-18
1.288436e-18
1.287790e-18
1.287139e-18
1.286485e-18
1.285827e-18
1.285164e-18
1.284498e-18
1.283828e-18
1.283154e-18
1.282476e-18
1.281794e-18
1.281108e-18
1.280419e-18
1.279725e-18
1.279027e-18
1.278326e-18
1.277621e-18
1.276911e-18
1.276198e-18
1.275481e-18
1.274760e-18
1.274036e-18
1.273307e-18
1.272574e-18
1.271838e-18
1.271098e-18
1.270353e-18
1.269605e-18
1.268853e-18
1.268098e-18
1.267338e-18
1.266574e-18
1.265807e-18
1.265036e-18
1.264260e-18
1.263481e-18
1.262698e-18
1.261912e-18
1.261121e-18
1.260327e-18
1.259528e-18
1.258726e-18
1.257920e-18
1.257111e-18
1.256297e-18
1.255480e-18
1.254658e-18
1.253833e-18
1.253004e-18
1.252171e-18
1.251335e-18
1.250494e-18
1.249650e-18
1.248802e-18
1.247950e-18
1.247095e-18
1.246235e-18
1.245372e-18
1.244505e-18
1.243634e-18
1.242759e-18
1.241881e-18
1.240999e-18
1.240113e-18
1.239223e-18
1.238329e-18
1.237432e-18
1.236531e-18
1.235626e-18
1.234717e-18
1.233805e-18
1.232888e-18
1.231968e-18
1.231045e-18
1.230117e-18
1.229186e-18
1.228251e-18
1.227312e-18
1.226370e-18
1.225423e-18
1.224473e-18
1.223520e-18
1.222562e-18
1.221601e-18
1.220636e-18
1.219668e-18
1.218695e-18
1.217719e-18
1.216739e-18
1.215756e-18
1.214769e-18
1.213778e-18
1.212783e-18
1.211785e-18
1.210783e-18
1.209777e-18
1.208768e-18
1.207755e-18
1.206738e-18
1.205717e-18
1.204693e-18
1.203665e-18
1.202634e-18
1.201599e-18
1.200560e-18
1.199518e-18
1.198471e-18
1.197422e-18
1.196368e-18
1.195311e-18
1.194250e-18
1.193186e-18
1.192118e-18
1.191046e-18
1.189971e-18
1.188892e-18
1.187810e-18
1.186724e-18
1.185634e-18
1.184540e-18
1.183443e-18
1.182343e-18
1.181238e-18
1.180131e-18
1.179019e-18
1.177904e-18
1.176786e-18
1.175663e-18
1.174538e-18
1.173408e-18
1.172275e-18
1.171139e-18
1.169999e-18
1.168855e-18
1.167708e-18
1.166557e-18
1.165402e-18
1.164245e-18
1.163083e-18
1.161918e-18
1.160750e-18
1.159577e-18
1.158402e-18
1.157223e-18
1.156040e-18
1.154854e-18
1.153664e-18
1.152471e-18
1.151274e-18
1.150074e-18
1.148870e-18
1.147662e-18
1.146452e-18
1.145237e-18
1.144020e-18
1.142798e-18
1.141574e-18
1.140345e-18
1.139114e-18
1.137878e-18
1.136640e-18
1.135398e-18
1.134152e-18
1.132903e-18
1.131650e-18
1.130394e-18
1.129135e-18
1.127872e-18
1.126606e-18
1.125336e-18
1.124063e-18
1.122786e-18
1.121506e-18
1.120223e-18
1.118936e-18
1.117646e-18
1.116352e-18
1.115055e-18
1.113754e-18
1.112451e-18
1.111143e-18
1.109833e-18
1.108519e-18
1.107201e-18
1.105880e-18
1.104556e-18
1.103229e-18
1.101898e-18
1.100563e-18
1.099226e-18
1.097885e-18
1.096541e-18
1.095193e-18
1.093842e-18
1.092488e-18
1.091130e-18
1.089769e-18
1.088405e-18
1.087037e-18
1.085666e-18
1.084292e-18
1.082914e-18
1.081533e-18
1.080149e-18
1.078762e-18
1.077371e-18
1.075977e-18
1.074579e-18
1.073179e-18
1.071775e-18
1.070368e-18
1.068957e-18
1.067544e-18
1.066127e-18
1.064707e-18
1.063283e-18
1.061857e-18
1.060427e-18
1.058994e-18
1.057557e-18
1.056118e-18
1.054675e-18
1.053229e-18
1.051780e-18
1.050327e-18
1.048871e-18
1.047413e-18
1.045951e-18
1.044485e-18
1.043017e-18
1.041545e-18
1.040071e-18
1.038593e-18
1.037112e-18
1.035627e-18
1.034140e-18
1.032649e-18
1.031156e-18
1.029659e-18
1.028159e-18
1.026656e-18
1.025149e-18
1.023640e-18
1.022127e-18
1.020612e-18
1.019093e-18
1.017571e-18
1.016046e-18
1.014518e-18
1.012987e-18
1.011453e-18
1.009915e-18
1.008375e-18
1.006831e-18
1.005285e-18
1.003735e-18
1.002183e-18
1.000627e-18
9.990681e-19
9.975063e-19
9.959414e-19
9.943735e-19
9.928026e-19
9.912287e-19
9.896517e-19
9.880717e-19
9.864887e-19
9.849026e-19
9.833136e-19
9.817216e-19
9.801266e-19
9.785286e-19
9.769276e-19
9.753236e-19
9.737167e-19
9.721068e-19
9.704939e-19
9.688781e-19
9.672593e-19
9.656376e-19
9.640129e-19
9.623853e-19
9.607547e-19
9.591213e-19
9.574849e-19
9.558455e-19
9.542033e-19
9.525582e-19
9.509101e-19
9.492592e-19
9.476053e-19
9.459486e-19
9.442890e-19
9.426265e-19
9.409611e-19
9.392929e-19
9.376218e-19
9.359478e-19
9.342710e-19
9.325913e-19
9.309088e-19
9.292235e-19
9.275353e-19
9.258443e-19
9.241505e-19
9.224539e-19
9.207544e-19
9.190522e-19
9.173471e-19
9.156392e-19
9.139286e-19
9.122151e-19
9.104989e-19
9.087799e-19
9.070582e-19
9.053336e-19
9.036063e-19
9.018763e-19
9.001435e-19
8.984080e-19
8.966697e-19
8.949287e-19
8.931849e-19
8.914385e-19
8.896893e-19
8.879374e-19
8.861828e-19
8.844255e-19
8.826655e-19
8.809028e-19
8.791375e-19
8.773694e-19
8.755987e-19
8.738253e-19
8.720492e-19
8.702705e-19
8.684891e-19
8.667051e-19
8.649185e-19
8.631292e-19
8.613372e-19
8.595427e-19
8.577455e-19
8.559457e-19
8.541433e-19
8.523383e-19
8.505307e-19
8.487205e-19
8.469077e-19
8.450923e-19
8.432744e-19
8.414539e-19
8.396308e-19
8.378052e-19
8.359770e-19
8.341462e-19
8.323130e-19
8.304771e-19
8.286388e-19
8.267979e-19
8.249545e-19
8.231086e-19
8.212602e-19
8.194092e-19
8.175558e-19
8.156999e-19
8.138415e-19
8.119806e-19
8.101172e-19
8.082514e-19
8.063831e-19
8.045124e-19
8.026392e-19
8.007635e-19
7.988854e-19
7.970049e-19
7.951219e-19
7.932365e-19
7.913487e-19
7.894585e-19
7.875659e-19
7.856709e-19
7.837735e-19
7.818737e-19
7.799715e-19
7.780669e-19
7.761600e-19
7.742506e-19
7.723390e-19
7.704250e-19
7.685086e-19
7.665899e-19
7.646688e-19
7.627454e-19
7.608197e-19
7.588917e-19
7.569614e-19
7.550287e-19
7.530938e-19
7.511565e-19
7.492170e-19
7.472751e-19
7.453310e-19
7.433847e-19
7.414360e-19
7.394851e-19
7.375320e-19
7.355766e-19
7.336189e-19
7.316590e-19
7.296969e-19
7.277326e-19
7.257660e-19
7.237973e-19
7.218263e-19
7.198531e-19
7.178777e-19
7.159002e-19
7.139204e-19
7.119385e-19
7.099544e-19
7.079682e-19
7.059798e-19
7.039892e-19
7.019965e-19
7.000016e-19
6.980046e-19
6.960055e-19
6.940043e-19
6.920009e-19
6.899954e-19
6.879879e-19
6.859782e-19
6.839665e-19
6.819526e-19
6.799367e-19
6.779187e-19
6.758986e-19
6.738765e-19
6.718523e-19
6.698261e-19
6.677978e-19
6.657675e-19
6.637352e-19
6.617008e-19
6.596644e-19
6.576260e-19
6.555856e-19
6.535432e-19
6.514988e-19
6.494525e-19
6.474041e-19
6.453538e-19
6.433015e-19
6.412472e-19
6.391910e-19
6.371328e-19
6.350727e-19
6.330107e-19
6.309467e-19
6.288808e-19
6.268130e-19
6.247433e-19
6.226716e-19
6.205981e-19
6.185227e-19
6.164453e-19
6.143662e-19
6.122851e-19
6.102021e-19
6.081174e-19
6.060307e-19
6.039422e-19
6.018519e-19
5.997597e-19
5.976657e-19
5.955698e-19
5.934722e-19
5.913727e-19
5.892715e-19
5.871684e-19
5.850636e-19
5.829569e-19
5.808485e-19
5.787383e-19
5.766264e-19
5.745127e-19
5.723972e-19
5.702800e-19
5.681611e-19
5.660404e-19
5.639180e-19
5.617939e-19
5.596680e-19
5.575405e-19
5.554112e-19
5.532803e-19
5.511477e-19
5.490133e-19
5.468774e-19
5.447397e-19
5.426004e-19
5.404594e-19
5.383168e-19
5.361725e-19
5.340266e-19
5.318791e-19
5.297299e-19
5.275792e-19
5.254268e-19
5.232728e-19
5.211172e-19
5.189601e-19
5.168013e-19
5.146410e-19
5.124791e-19
5.103156e-19
5.081506e-19
5.059840e-19
5.038159e-19
5.016462e-19
4.994751e-19
4.973024e-19
4.951281e-19
4.929524e-19
4.907751e-19
4.885964e-19
4.864162e-19
4.842345e-19
4.820513e-19
4.798666e-19
4.776805e-19
4.754929e-19
4.733038e-19
4.711134e-19
4.689214e-19
4.667281e-19
4.645333e-19
4.623371e-19
4.601395e-19
4.579405e-19
4.557401e-19
4.535383e-19
4.513351e-19
4.491305e-19
4.469246e-19
4.447173e-19
4.425086e-19
4.402986e-19
4.380873e-19
4.358746e-19
4.336605e-19
4.314452e-19
4.292285e-19
4.270105e-19
4.247913e-19
4.225707e-19
4.203488e-19
4.181257e-19
4.159012e-19
4.136755e-19
4.114486e-19
4.092204e-19
4.069909e-19
4.047602e-19
4.025282e-19
4.002951e-19
3.980607e-19
3.958250e-19
3.935882e-19
3.913502e-19
3.891110e-19
3.868705e-19
3.846289e-19
3.823862e-19
3.801422e-19
3.778971e-19
3.756509e-19
3.734035e-19
3.711549e-19
3.689053e-19
3.666545e-19
3.644025e-19
3.621495e-19
3.598953e-19
3.576401e-19
3.553837e-19
3.531263e-19
3.508678e-19
3.486082e-19
3.463476e-19
3.440859e-19
3.418231e-19
3.395593e-19
3.372945e-19
3.350286e-19
3.327617e-19
3.304938e-19
3.282249e-19
3.259550e-19
3.236840e-19
3.214121e-19
3.191392e-19
3.168654e-19
3.145905e-19
3.123147e-19
3.100379e-19
3.077602e-19
3.054816e-19
3.032020e-19
3.009215e-19
2.986401e-19
2.963577e-19
2.940744e-19
2.917903e-19
2.895052e-19
2.872193e-19
2.849325e-19
2.826448e-19
2.803563e-19
2.780668e-19
2.757766e-19
2.734855e-19
2.711935e-19
2.689008e-19
2.666072e-19
2.643128e-19
2.620175e-19
2.597215e-19
2.574247e-19
2.551271e-19
2.528287e-19
2.505295e-19
2.482296e-19
2.459289e-19
2.436274e-19
2.413252e-19
2.390223e-19
2.367186e-19
2.344142e-19
2.321091e-19
2.298033e-19
2.274968e-19
2.251895e-19
2.228816e-19
2.205730e-19
2.182637e-19
2.159538e-19
2.136432e-19
2.113319e-19
2.090200e-19
2.067074e-19
2.043942e-19
2.020804e-19
1.997660e-19
1.974509e-19
1.951352e-19
1.928190e-19
1.905021e-19
1.881847e-19
1.858667e-19
1.835481e-19
1.812289e-19
1.789092e-19
1.765890e-19
1.742682e-19
1.719468e-19
1.696250e-19
1.673026e-19
1.649797e-19
1.626562e-19
1.603323e-19
1.580079e-19
1.556830e-19
1.533576e-19
1.510318e-19
1.487055e-19
1.463787e-19
1.440515e-19
1.417238e-19
1.393957e-19
1.370672e-19
1.347382e-19
1.324088e-19
1.300791e-19
1.277489e-19
1.254183e-19
1.230873e-19
1.207560e-19
1.184243e-19
1.160922e-19
1.137597e-19
1.114269e-19
1.090938e-19
1.067603e-19
1.044265e-19
1.020923e-19
9.975787e-20
9.742310e-20
9.508803e-20
9.275267e-20
9.041701e-20
8.808108e-20
8.574487e-20
8.340839e-20
8.107165e-20
7.873466e-20
7.639743e-20
7.405995e-20
7.172224e-20
6.938431e-20
6.704616e-20
6.470780e-20
6.236924e-20
6.003048e-20
5.769153e-20
5.535240e-20
5.301309e-20
5.067362e-20
4.833398e-20
4.599419e-20
4.365426e-20
4.131418e-20
3.897397e-20
3.663364e-20
3.429319e-20
3.195263e-20
2.961196e-20
2.727120e-20
2.493034e-20
2.258941e-20
2.024840e-20
1.790732e-20
1.556618e-20
1.322498e-20
1.088374e-20
8.542456e-21
6.201141e-21
3.859800e-21
1.518440e-21
-8.229317e-22
-3.164308e-21
-5.505681e-21
-7.847045e-21
-1.018839e-20
-1.252971e-20
-1.487101e-20
-1.721226e-20
-1.955347e-20
-2.189462e-20
-2.423572e-20
-2.657675e-20
-2.891771e-20
-3.125858e-20
-3.359937e-20
-3.594006e-20
-3.828065e-20
-4.062113e-20
-4.296150e-20
-4.530174e-20
-4.764185e-20
-4.998182e-20
-5.232165e-20
-5.466133e-20
-5.700084e-20
-5.934020e-20
-6.167937e-20
-6.401837e-20
-6.635718e-20
-6.869580e-20
-7.103421e-20
-7.337242e-20
-7.571041e-20
-7.804818e-20
-8.038571e-20
-8.272301e-20
-8.506007e-20
-8.739687e-20
-8.973342e-20
-9.206970e-20
-9.440571e-20
-9.674144e-20
-9.907688e-20
-1.014120e-19
-1.037469e-19
-1.060814e-19
-1.084156e-19
-1.107495e-19
-1.130831e-19
-1.154164e-19
-1.177492e-19
-1.200818e-19
-1.224140e-19
-1.247458e-19
-1.270772e-19
-1.294083e-19
-1.317390e-19
-1.340693e-19
-1.363992e-19
-1.387287e-19
-1.410577e-19
-1.433864e-19
-1.457146e-19
-1.480424e-19
-1.503697e-19
-1.526966e-19
-1.550231e-19
-1.573490e-19
-1.596745e-19
-1.619996e-19
-1.643241e-19
-1.666481e-19
-1.689717e-19
-1.712947e-19
-1.736173e-19
-1.759393e-19
-1.782608e-19
-1.805817e-19
-1.829021e-19
-1.852220e-19
-1.875413e-19
-1.898600e-19
-1.921782e-19
-1.944958e-19
-1.968128e-19
-1.991292e-19
-2.014450e-19
-2.037603e-19
-2.060749e-19
-2.083889e-19
-2.107022e-19
-2.130150e-19
-2.153270e-19
-2.176385e-19
-2.199493e-19
-2.222594e-19
-2.245689e-19
-2.268777e-19
-2.291858e-19
-2.314932e-19
-2.337999e-19
-2.361059e-19
-2.384112e-19
-2.407158e-19
-2.430197e-19
-2.453228e-19
-2.476252e-19
-2.499269e-19
-2.522278e-19
-2.545279e-19
-2.568273e-19
-2.591259e-19
-2.614237e-19
-2.637208e-19
-2.660170e-19
-2.683125e-19
-2.706071e-19
-2.729009e-19
-2.751939e-19
-2.774861e-19
-2.797775e-19
-2.820680e-19
-2.843576e-19
-2.866464e-19
-2.889343e-19
-2.912214e-19
-2.935076e-19
-2.957929e-19
-2.980773e-19
-3.003608e-19
-3.026434e-19
-3.049251e-19
-3.072058e-19
-3.094857e-19
-3.117646e-19
-3.140426e-19
-3.163196e-19
-3.185957e-19
-3.208708e-19
-3.231449e-19
-3.254181e-19
-3.276903e-19
-3.299615e-19
-3.322317e-19
-3.345009e-19
-3.367691e-19
-3.390363e-19
-3.413025e-19
-3.435676e-19
-3.458317e-19
-3.480948e-19
-3.503568e-19
-3.526177e-19
-3.548776e-19
-3.571364e-19
-3.593941e-19
-3.616508e-19
-3.639064e-19
-3.661608e-19
-3.684142e-19
-3.706664e-19
-3.729176e-19
-3.751676e-19
-3.774164e-19
-3.796642e-19
-3.819108e-19
-3.841562e-19
-3.864005e-19
-3.886436e-19
-3.908855e-19
-3.931263e-19
-3.953659e-19
-3.976042e-19
-3.998414e-19
-4.020774e-19
-4.043122e-19
-4.065457e-19
-4.087780e-19
-4.110091e-19
-4.132389e-19
-4.154675e-19
-4.176948e-19
-4.199209e-19
-4.221457e-19
-4.243693e-19
-4.265915e-19
-4.288125e-19
-4.310321e-19
-4.332505e-19
-4.354676e-19
-4.376833e-19
-4.398977e-19
-4.421108e-19
-4.443226e-19
-4.465330e-19
-4.487421e-19
-4.509498e-19
-4.531561e-19
-4.553611e-19
-4.575647e-19
-4.597669e-19
-4.619678e-19
-4.641672e-19
-4.663653e-19
-4.685619e-19
-4.707571e-19
-4.729509e-19
-4.751432e-19
-4.773342e-19
-4.795237e-19
-4.817117e-19
-4.838983e-19
-4.860834e-19
-4.882670e-19
-4.904492e-19
-4.926299e-19
-4.948091e-19
-4.969868e-19
-4.991630e-19
-5.013377e-19
-5.035109e-19
-5.056826e-19
-5.078527e-19
-5.100213e-19
-5.121884e-19
-5.143539e-19
-5.165178e-19
-5.186802e-19
-5.208411e-19
-5.230003e-19
-5.251580e-19
-5.273141e-19
-5.294686e-19
-5.316215e-19
-5.337727e-19
-5.359224e-19
-5.380705e-19
-5.402169e-19
-5.423617e-19
-5.445048e-19
-5.466463e-19
-5.487862e-19
-5.509244e-19
-5.530609e-19
-5.551958e-19
-5.573289e-19
-5.594604e-19
-5.615902e-19
-5.637183e-19
-5.658447e-19
-5.679694e-19
-5.700924e-19
-5.722137e-19
-5.743332e-19
-5.764509e-19
-5.785670e-19
-5.806813e-19
-5.827938e-19
-5.849046e-19
-5.870136e-19
-5.891208e-19
-5.912262e-19
-5.933299e-19
-5.954318e-19
-5.975318e-19
-5.996301e-19
-6.017265e-19
-6.038211e-19
-6.059139e-19
-6.080049e-19
-6.100940e-19
-6.121813e-19
-6.142667e-19
-6.163503e-19
-6.184320e-19
-6.205118e-19
-6.225898e-19
-6.246659e-19
-6.267401e-19
-6.288123e-19
-6.308827e-19
-6.329512e-19
-6.350178e-19
-6.370824e-19
-6.391451e-19
-6.412059e-19
-6.432648e-19
-6.453217e-19
-6.473766e-19
-6.494296e-19
-6.514806e-19
-6.535297e-19
-6.555767e-19
-6.576218e-19
-6.596649e-19
-6.617060e-19
-6.637451e-19
-6.657822e-19
-6.678173e-19
-6.698504e-19
-6.718814e-19
-6.739104e-19
-6.759374e-19
-6.779623e-19
-6.799851e-19
-6.820059e-19
-6.840247e-19
-6.860414e-19
-6.880560e-19
-6.900685e-19
-6.920789e-19
-6.940872e-19
-6.960935e-19
-6.980976e-19
-7.000996e-19
-7.020995e-19
-7.040973e-19
-7.060929e-19
-7.080864e-19
-7.100778e-19
-7.120670e-19
-7.140540e-19
-7.160389e-19
-7.180217e-19
-7.200022e-19
-7.219806e-19
-7.239568e-19
-7.259308e-19
-7.279026e-19
-7.298722e-19
-7.318396e-19
-7.338047e-19
-7.357677e-19
-7.377284e-19
-7.396869e-19
-7.416432e-19
-7.435972e-19
-7.455489e-19
-7.474984e-19
-7.494457e-19
-7.513907e-19
-7.533334e-19
-7.552738e-19
-7.572119e-19
-7.591477e-19
-7.610813e-19
-7.630125e-19
-7.649415e-19
-7.668681e-19
-7.687924e-19
-7.707143e-19
-7.726339e-19
-7.745512e-19
-7.764662e-19
-7.783788e-19
-7.802890e-19
-7.821969e-19
-7.841024e-19
-7.860055e-19
-7.879063e-19
-7.898047e-19
-7.917006e-19
-7.935942e-19
-7.954854e-19
-7.973742e-19
-7.992605e-19
-8.011445e-19
-8.030260e-19
-8.049051e-19
-8.067817e-19
-8.086559e-19
-8.105276e-19
-8.123969e-19
-8.142638e-19
-8.161282e-19
-8.179901e-19
-8.198495e-19
-8.217064e-19
-8.235609e-19
-8.254128e-19
-8.272623e-19
-8.291092e-19
-8.309537e-19
-8.327956e-19
-8.346350e-19
-8.364719e-19
-8.383062e-19
-8.401381e-19
-8.419673e-19
-8.437940e-19
-8.456182e-19
-8.474398e-19
-8.492588e-19
-8.510753e-19
-8.528892e-19
-8.547005e-19
-8.565092e-19
-8.583153e-19
-8.601188e-19
-8.619197e-19
-8.637180e-19
-8.655137e-19
-8.673068e-19
-8.690972e-19
-8.708850e-19
-8.726702e-19
-8.744527e-19
-8.762326e-19
-8.780098e-19
-8.797844e-19
-8.815563e-19
-8.833255e-19
-8.850920e-19
-8.868559e-19
-8.886171e-19
-8.903756e-19
-8.921314e-19
-8.938845e-19
-8.956349e-19
-8.973825e-19
-8.991275e-19
-9.008697e-19
-9.026092e-19
-9.043460e-19
-9.060800e-19
-9.078113e-19
-9.095399e-19
-9.112656e-19
-9.129887e-19
-9.147089e-19
-9.164264e-19
-9.181411e-19
-9.198530e-19
-9.215622e-19
-9.232685e-19
-9.249721e-19
-9.266728e-19
-9.283708e-19
-9.300659e-19
-9.317582e-19
-9.334477e-19
-9.351344e-19
-9.368182e-19
-9.384992e-19
-9.401773e-19
-9.418526e-19
-9.435251e-19
-9.451947e-19
-9.468614e-19
-9.485252e-19
-9.501862e-19
-9.518443e-19
-9.534995e-19
-9.551519e-19
-9.568013e-19
-9.584478e-19
-9.600915e-19
-9.617322e-19
-9.633700e-19
-9.650049e-19
-9.666368e-19
-9.682659e-19
-9.698920e-19
-9.715152e-19
-9.731354e-19
-9.747527e-19
-9.763670e-19
-9.779783e-19
-9.795867e-19
-9.811922e-19
-9.827946e-19
-9.843941e-19
-9.859906e-19
-9.875841e-19
-9.891746e-19
-9.907621e-19
-9.923466e-19
-9.939282e-19
-9.955066e-19
-9.970821e-19
-9.986546e-19
-1.000224e-18
-1.001790e-18
-1.003354e-18
-1.004914e-18
-1.006471e-18
-1.008026e-18
-1.009577e-18
-1.011125e-18
-1.012670e-18
-1.014212e-18
-1.015751e-18
-1.017287e-18
-1.018819e-18
-1.020349e-18
-1.021876e-18
-1.023399e-18
-1.024919e-18
-1.026437e-18
-1.027951e-18
-1.029462e-18
-1.030970e-18
-1.032475e-18
-1.033976e-18
-1.035475e-18
-1.036970e-18
-1.038462e-18
-1.039952e-18
-1.041438e-18
-1.042920e-18
-1.044400e-18
-1.045876e-18
-1.047350e-18
-1.048820e-18
-1.050287e-18
-1.051751e-18
-1.053211e-18
-1.054668e-18
-1.056123e-18
-1.057574e-18
-1.059021e-18
-1.060466e-18
-1.061907e-18
-1.063345e-18
-1.064780e-18
-1.066212e-18
-1.067640e-18
-1.069066e-18
-1.070488e-18
-1.071906e-18
-1.073322e-18
-1.074734e-18
-1.076143e-18
-1.077549e-18
-1.078951e-18
-1.080350e-18
-1.081746e-18
-1.083139e-18
-1.084528e-18
-1.085914e-18
-1.087297e-18
-1.088676e-18
-1.090053e-18
-1.091425e-18
-1.092795e-18
-1.094161e-18
-1.095524e-18
-1.096884e-18
-1.098240e-18
-1.099593e-18
-1.100942e-18
-1.102289e-18
-1.103632e-18
-1.104971e-18
-1.106307e-18
-1.107640e-18
-1.108970e-18
-1.110296e-18
-1.111619e-18
-1.112938e-18
-1.114254e-18
-1.115567e-18
-1.116876e-18
-1.118182e-18
-1.119485e-18
-1.120784e-18
-1.122079e-18
-1.123372e-18
-1.124661e-18
-1.125946e-18
-1.127228e-18
-1.128507e-18
-1.129782e-18
-1.131054e-18
-1.132322e-18
-1.133587e-18
-1.134849e-18
-1.136107e-18
-1.137361e-18
-1.138613e-18
-1.139860e-18
-1.141105e-18
-1.142345e-18
-1.143583e-18
-1.144817e-18
-1.146047e-18
-1.147274e-18
-1.148497e-18
-1.149717e-18
-1.150934e-18
-1.152147e-18
-1.153356e-18
-1.154562e-18
-1.155765e-18
-1.156964e-18
-1.158159e-18
-1.159351e-18
-1.160540e-18
-1.161725e-18
-1.162906e-18
-1.164084e-18
-1.165258e-18
-1.166429e-18
-1.167596e-18
-1.168760e-18
-1.169920e-18
-1.171077e-18
-1.172230e-18
-1.173380e-18
-1.174526e-18
-1.175668e-18
-1.176807e-18
-1.177942e-18
-1.179074e-18
-1.180202e-18
-1.181327e-18
-1.182448e-18
-1.183565e-18
-1.184679e-18
-1.185789e-18
-1.186896e-18
-1.187999e-18
-1.189098e-18
-1.190194e-18
-1.191286e-18
-1.192375e-18
-1.193460e-18
-1.194541e-18
-1.195619e-18
-1.196693e-18
-1.197763e-18
-1.198830e-18
-1.199893e-18
-1.200953e-18
-1.202009e-18
-1.203061e-18
-1.204110e-18
-1.205155e-18
-1.206196e-18
-1.207234e-18
-1.208268e-18
-1.209298e-18
-1.210325e-18
-1.211348e-18
-1.212367e-18
-1.213382e-18
-1.214394e-18
-1.215403e-18
-1.216407e-18
-1.217408e-18
-1.218405e-18
-1.219399e-18
-1.220389e-18
-1.221375e-18
-1.222357e-18
-1.223336e-18
-1.224311e-18
-1.225282e-18
-1.226250e-18
-1.227213e-18
-1.228174e-18
-1.229130e-18
-1.230083e-18
-1.231032e-18
-1.231977e-18
-1.232918e-18
-1.233856e-18
-1.234790e-18
-1.235720e-18
-1.236647e-18
-1.237569e-18
-1.238488e-18
-1.239403e-18
-1.240315e-18
-1.241223e-18
-1.242126e-18
-1.243027e-18
-1.243923e-18
-1.244816e-18
-1.245704e-18
-1.246589e-18
-1.247471e-18
-1.248348e-18
-1.249222e-18
-1.250092e-18
-1.250958e-18
-1.251820e-18
-1.252679e-18
-1.253533e-18
-1.254384e-18
-1.255231e-18
-1.256075e-18
-1.256914e-18
-1.257750e-18
-1.258582e-18
-1.259410e-18
-1.260234e-18
-1.261054e-18
-1.261871e-18
-1.262684e-18
-1.263493e-18
-1.264298e-18
-1.265099e-18
-1.265896e-18
-1.266690e-18
-1.267479e-18
-1.268265e-18
-1.269047e-18
-1.269826e-18
-1.270600e-18
-1.271370e-18
-1.272137e-18
-1.272900e-18
-1.273658e-18
-1.274413e-18
-1.275165e-18
-1.275912e-18
-1.276655e-18
-1.277395e-18
-1.278130e-18
-1.278862e-18
-1.279590e-18
-1.280314e-18
-1.281034e-18
-1.281750e-18
-1.282463e-18
-1.283171e-18
-1.283876e-18
-1.284576e-18
-1.285273e-18
-1.285966e-18
-1.286655e-18
-1.287340e-18
-1.288021e-18
-1.288698e-18
-1.289372e-18
-1.290041e-18
-1.290707e-18
-1.291368e-18
-1.292026e-18
-1.292680e-18
-1.293330e-18
-1.293975e-18
-1.294617e-18
-1.295255e-18
-1.295890e-18
-1.296520e-18
-1.297146e-18
-1.297768e-18
-1.298387e-18
-1.299001e-18
-1.299611e-18
-1.300218e-18
-1.300821e-18
-1.301419e-18
-1.302014e-18
-1.302605e-18
-1.303191e-18
-1.303774e-18
-1.304353e-18
-1.304928e-18
-1.305499e-18
-1.306066e-18
-1.306629e-18
-1.307188e-18
-1.307743e-18
-1.308294e-18
-1.308841e-18
-1.309385e-18
-1.309924e-18
-1.310459e-18
-1.310990e-18
-1.311517e-18
-1.312041e-18
-1.312560e-18
-1.313075e-18
-1.313587e-18
-1.314094e-18
-1.314597e-18
-1.315097e-18
-1.315592e-18
-1.316083e-18
-1.316571e-18
-1.317054e-18
-1.317534e-18
-1.318009e-18
-1.318480e-18
-1.318948e-18
-1.319411e-18
-1.319870e-18
-1.320326e-18
-1.320777e-18
-1.321225e-18
-1.321668e-18
-1.322107e-18
-1.322543e-18
-1.322974e-18
-1.323401e-18
-1.323824e-18
-1.324244e-18
-1.324659e-18
-1.325070e-18
-1.325477e-18
-1.325880e-18
-1.326279e-18
-1.326675e-18
-1.327066e-18
-1.327453e-18
-1.327836e-18
-1.328215e-18
-1.328590e-18
-1.328960e-18
-1.329327e-18
-1.329690e-18
-1.330049e-18
-1.330404e-18
-1.330755e-18
-1.331101e-18
-1.331444e-18
-1.331782e-18
-1.332117e-18
-1.332447e-18
-1.332774e-18
-1.333096e-18
-1.333415e-18
-1.333729e-18
-1.334039e-18
-1.334346e-18
-1.334648e-18
-1.334946e-18
-1.335240e-18
-1.335530e-18
-1.335816e-18
-1.336098e-18
-1.336376e-18
-1.336649e-18
-1.336919e-18
-1.337185e-18
-1.337446e-18
-1.337704e-18
-1.337957e-18
-1.338207e-18
-1.338452e-18
-1.338693e-18
-1.338931e-18
-1.339164e-18
-1.339393e-18
-1.339618e-18
-1.339839e-18
-1.340056e-18
-1.340269e-18
-1.340477e-18
-1.340682e-18
-1.340883e-18
-1.341079e-18
-1.341272e-18
-1.341460e-18
-1.341644e-18
-1.341825e-18
-1.342001e-18
-1.342173e-18
-1.342341e-18
-1.342505e-18
-1.342665e-18
-1.342820e-18
-1.342972e-18
-1.343120e-18
-1.343263e-18
-1.343403e-18
-1.343538e-18
-1.343669e-18
-1.343797e-18
-1.343920e-18
-1.344039e-18
-1.344154e-18
-1.344265e-18
-1.344371e-18
-1.344474e-18
-1.344573e-18
-1.344667e-18
-1.344758e-18
-1.344844e-18
-1.344927e-18
-1.345005e-18
-1.345079e-18
-1.345149e-18
-1.345215e-18
-1.345277e-18
-1.345335e-18
-1.345388e-18
-1.345438e-18
-1.345483e-18
-1.345525e-18
-1.345562e-18
-1.345596e-18
-1.345625e-18
-1.345650e-18
-1.345671e-18
-1.345688e-18
-1.345701e-18
-1.345709e-18
-1.345714e-18
