1.419524e-05
1.420527e-05
1.421315e-05
1.421887e-05
1.422244e-05
1.422384e-05
1.422309e-05
1.422019e-05
1.421513e-05
1.420792e-05
1.419857e-05
1.418707e-05
1.417345e-05
1.415769e-05
1.413982e-05
1.411984e-05
1.409776e-05
1.407359e-05
1.404734e-05
1.401902e-05
1.398865e-05
1.395624e-05
1.392181e-05
1.388537e-05
1.384693e-05
1.380652e-05
1.376416e-05
1.371985e-05
1.367362e-05
1.362550e-05
1.357549e-05
1.352363e-05
1.346994e-05
1.341443e-05
1.335713e-05
1.329807e-05
1.323727e-05
1.317476e-05
1.311056e-05
1.304470e-05
1.297721e-05
1.290811e-05
1.283743e-05
1.276521e-05
1.269146e-05
1.261623e-05
1.253954e-05
1.246142e-05
1.238191e-05
1.230103e-05
1.221881e-05
1.213530e-05
1.205052e-05
1.196450e-05
1.187728e-05
1.178890e-05
1.169938e-05
1.160876e-05
1.151708e-05
1.142436e-05
1.133065e-05
1.123598e-05
1.114038e-05
1.104390e-05
1.094655e-05
1.084839e-05
1.074944e-05
1.064975e-05
1.054934e-05
1.044825e-05
1.034653e-05
1.024419e-05
1.014129e-05
1.003785e-05
9.933913e-06
9.829510e-06
9.724677e-06
9.619451e-06
9.513866e-06
9.407956e-06
9.301756e-06
9.195300e-06
9.088623e-06
8.981759e-06
8.874740e-06
8.767601e-06
8.660375e-06
8.553094e-06
8.445790e-06
8.338497e-06
8.231245e-06
8.124066e-06
8.016992e-06
7.910052e-06
7.803278e-06
7.696699e-06
7.590344e-06
7.484243e-06
7.378425e-06
7.272917e-06
7.167747e-06
7.062943e-06
6.958531e-06
6.854537e-06
6.750987e-06
6.647907e-06
6.545322e-06
6.443255e-06
6.341730e-06
6.240770e-06
6.140399e-06
6.040637e-06
5.941508e-06
5.843031e-06
5.745227e-06
5.648117e-06
5.551718e-06
5.456051e-06
5.361134e-06
5.266983e-06
5.173616e-06
5.081050e-06
4.989300e-06
4.898381e-06
4.808309e-06
4.719098e-06
4.630760e-06
4.543310e-06
4.456759e-06
4.371119e-06
4.286403e-06
4.202619e-06
4.119779e-06
4.037893e-06
3.956968e-06
3.877014e-06
3.798039e-06
3.720049e-06
3.643053e-06
3.567055e-06
3.492062e-06
3.418079e-06
3.345111e-06
3.273162e-06
3.202235e-06
3.132335e-06
3.063462e-06
2.995621e-06
2.928811e-06
2.863036e-06
2.798294e-06
2.734588e-06
2.671915e-06
2.610277e-06
2.549672e-06
2.490098e-06
2.431553e-06
2.374036e-06
2.317544e-06
2.262072e-06
2.207619e-06
2.154180e-06
2.101750e-06
2.050326e-06
1.999903e-06
1.950474e-06
1.902035e-06
1.854579e-06
1.808100e-06
1.762593e-06
1.718049e-06
1.674462e-06
1.631824e-06
1.590128e-06
1.549366e-06
1.509529e-06
1.470610e-06
1.432599e-06
1.395488e-06
1.359268e-06
1.323929e-06
1.289462e-06
1.255857e-06
1.223106e-06
1.191196e-06
1.160119e-06
1.129865e-06
1.100422e-06
1.071780e-06
1.043929e-06
1.016858e-06
9.905559e-07
9.650119e-07
9.402148e-07
9.161537e-07
8.928172e-07
8.701941e-07
8.482732e-07
8.270430e-07
8.064921e-07
7.866091e-07
7.673826e-07
7.488010e-07
7.308529e-07
7.135268e-07
6.968110e-07
6.806943e-07
6.651650e-07
6.502117e-07
6.358229e-07
6.219873e-07
6.086934e-07
5.959299e-07
5.836856e-07
5.719491e-07
5.607093e-07
5.499551e-07
5.396754e-07
5.298592e-07
5.204955e-07
5.115737e-07
5.030828e-07
4.950121e-07
4.873513e-07
4.800896e-07
4.732167e-07
4.667224e-07
4.605964e-07
4.548286e-07
4.494090e-07
4.443278e-07
4.395752e-07
4.351414e-07
4.310171e-07
4.271928e-07
4.236591e-07
4.204070e-07
4.174273e-07
4.147111e-07
4.122496e-07
4.100342e-07
4.080563e-07
4.063076e-07
4.047796e-07
4.034643e-07
4.023536e-07
4.014397e-07
4.007148e-07
4.001713e-07
3.998017e-07
3.995987e-07
3.995550e-07
3.996636e-07
3.999175e-07
4.003099e-07
4.008341e-07
4.014836e-07
4.022520e-07
4.031330e-07
4.041204e-07
4.052082e-07
4.063906e-07
4.076618e-07
4.090161e-07
4.104482e-07
4.119525e-07
4.135239e-07
4.151572e-07
4.168475e-07
4.185898e-07
4.203795e-07
4.222119e-07
4.240826e-07
4.259871e-07
4.279211e-07
4.298805e-07
4.318614e-07
4.338597e-07
4.358716e-07
4.378935e-07
4.399218e-07
4.419529e-07
4.439836e-07
4.460105e-07
4.480306e-07
4.500406e-07
4.520378e-07
4.540191e-07
4.559819e-07
4.579235e-07
4.598414e-07
4.617329e-07
4.635959e-07
4.654279e-07
4.672269e-07
4.689906e-07
4.707170e-07
4.724042e-07
4.740504e-07
4.756538e-07
4.772126e-07
4.787253e-07
4.801903e-07
4.816061e-07
4.829715e-07
4.842850e-07
4.855454e-07
4.867515e-07
4.879024e-07
4.889968e-07
4.900339e-07
4.910128e-07
4.919326e-07
4.927925e-07
4.935918e-07
4.943300e-07
4.950064e-07
4.956204e-07
4.961716e-07
4.966596e-07
4.970840e-07
4.974444e-07
4.977407e-07
4.979727e-07
4.981400e-07
4.982427e-07
4.982807e-07
4.982540e-07
4.981625e-07
4.980064e-07
4.977858e-07
4.975008e-07
4.971516e-07
4.967385e-07
4.962617e-07
4.957215e-07
4.951184e-07
4.944526e-07
4.937247e-07
4.929350e-07
4.920840e-07
4.911724e-07
4.902005e-07
4.891691e-07
4.880787e-07
4.869299e-07
4.857235e-07
4.844601e-07
4.831404e-07
4.817653e-07
4.803354e-07
4.788515e-07
4.773146e-07
4.757253e-07
4.740846e-07
4.723934e-07
4.706525e-07
4.688629e-07
4.670255e-07
4.651413e-07
4.632112e-07
4.612362e-07
4.592173e-07
4.571555e-07
4.550518e-07
4.529074e-07
4.507232e-07
4.485002e-07
4.462397e-07
4.439426e-07
4.416100e-07
4.392430e-07
4.368428e-07
4.344105e-07
4.319471e-07
4.294537e-07
4.269316e-07
4.243819e-07
4.218056e-07
4.192039e-07
4.165780e-07
4.139290e-07
4.112580e-07
4.085662e-07
4.058547e-07
4.031247e-07
4.003772e-07
3.976135e-07
3.948346e-07
3.920417e-07
3.892359e-07
3.864183e-07
3.835901e-07
3.807523e-07
3.779061e-07
3.750525e-07
3.721926e-07
3.693275e-07
3.664583e-07
3.635860e-07
3.607117e-07
3.578364e-07
3.549612e-07
3.520870e-07
3.492149e-07
3.463459e-07
3.434809e-07
3.406210e-07
3.377670e-07
3.349199e-07
3.320807e-07
3.292503e-07
3.264295e-07
3.236193e-07
3.208205e-07
3.180340e-07
3.152606e-07
3.125011e-07
3.097563e-07
3.070271e-07
3.043141e-07
3.016182e-07
2.989400e-07
2.962804e-07
2.936399e-07
2.910193e-07
2.884192e-07
2.858403e-07
2.832831e-07
2.807484e-07
2.782367e-07
2.757484e-07
2.732843e-07
2.708448e-07
2.684304e-07
2.660416e-07
2.636789e-07
2.613427e-07
2.590335e-07
2.567516e-07
2.544974e-07
2.522713e-07
2.500737e-07
2.479049e-07
2.457652e-07
2.436548e-07
2.415741e-07
2.395233e-07
2.375026e-07
2.355122e-07
2.335524e-07
2.316232e-07
2.297249e-07
2.278576e-07
2.260213e-07
2.242163e-07
2.224425e-07
2.207001e-07
2.189890e-07
2.173093e-07
2.156610e-07
2.140441e-07
2.124586e-07
2.109043e-07
2.093814e-07
2.078896e-07
2.064290e-07
2.049993e-07
2.036004e-07
2.022323e-07
2.008948e-07
1.995877e-07
1.983108e-07
1.970639e-07
1.958469e-07
1.946594e-07
1.935013e-07
1.923724e-07
1.912723e-07
1.902008e-07
1.891576e-07
1.881424e-07
1.871550e-07
1.861950e-07
1.852620e-07
1.843558e-07
1.834760e-07
1.826223e-07
1.817943e-07
1.809916e-07
1.802139e-07
1.794608e-07
1.787319e-07
1.780268e-07
1.773451e-07
1.766864e-07
1.760503e-07
1.754364e-07
1.748442e-07
1.742734e-07
1.737235e-07
1.731940e-07
1.726847e-07
1.721949e-07
1.717243e-07
1.712724e-07
1.708388e-07
1.704231e-07
1.700247e-07
1.696433e-07
1.692785e-07
1.689296e-07
1.685964e-07
1.682784e-07
1.679751e-07
1.676861e-07
1.674110e-07
1.671492e-07
1.669004e-07
1.666642e-07
1.664400e-07
1.662276e-07
1.660263e-07
1.658360e-07
1.656560e-07
1.654860e-07
1.653256e-07
1.651744e-07
1.650319e-07
1.648979e-07
1.647718e-07
1.646533e-07
1.645420e-07
1.644376e-07
1.643397e-07
1.642478e-07
1.641617e-07
1.640810e-07
1.640054e-07
1.639344e-07
1.638678e-07
1.638053e-07
1.637465e-07
1.636911e-07
1.636388e-07
1.635894e-07
1.635424e-07
1.634976e-07
1.634548e-07
1.634137e-07
1.633740e-07
1.633354e-07
1.632977e-07
1.632607e-07
1.632241e-07
1.631877e-07
1.631513e-07
1.631146e-07
1.630775e-07
1.630397e-07
1.630011e-07
1.629614e-07
1.629206e-07
1.628784e-07
1.628346e-07
1.627891e-07
1.627418e-07
1.626924e-07
1.626410e-07
1.625873e-07
1.625311e-07
1.624725e-07
1.624113e-07
1.623474e-07
1.622806e-07
1.622110e-07
1.621383e-07
1.620626e-07
1.619837e-07
1.619016e-07
1.618162e-07
1.617275e-07
1.616354e-07
1.615399e-07
1.614409e-07
1.613384e-07
1.612323e-07
1.611227e-07
1.610095e-07
1.608926e-07
1.607722e-07
1.606481e-07
1.605203e-07
1.603890e-07
1.602539e-07
1.601153e-07
1.599730e-07
1.598271e-07
1.596776e-07
1.595245e-07
1.593679e-07
1.592077e-07
1.590441e-07
1.588769e-07
1.587064e-07
1.585324e-07
1.583550e-07
1.581743e-07
1.579904e-07
1.578031e-07
1.576127e-07
1.574192e-07
1.572225e-07
1.570227e-07
1.568200e-07
1.566142e-07
1.564056e-07
1.561942e-07
1.559799e-07
1.557629e-07
1.555431e-07
1.553208e-07
1.550959e-07
1.548684e-07
1.546385e-07
1.544061e-07
1.541715e-07
1.539345e-07
1.536952e-07
1.534538e-07
1.532103e-07
1.529647e-07
1.527170e-07
1.524674e-07
1.522159e-07
1.519625e-07
1.517074e-07
1.514504e-07
1.511918e-07
1.509315e-07
1.506697e-07
1.504063e-07
1.501414e-07
1.498750e-07
1.496072e-07
1.493381e-07
1.490677e-07
1.487960e-07
1.485230e-07
1.482489e-07
1.479737e-07
1.476973e-07
1.474199e-07
1.471415e-07
1.468621e-07
1.465817e-07
1.463004e-07
1.460182e-07
1.457352e-07
1.454514e-07
1.451668e-07
1.448815e-07
1.445954e-07
1.443086e-07
1.440212e-07
1.437331e-07
1.434444e-07
1.431552e-07
1.428654e-07
1.425750e-07
1.422841e-07
1.419928e-07
1.417009e-07
1.414087e-07
1.411160e-07
1.408228e-07
1.405294e-07
1.402355e-07
1.399413e-07
1.396467e-07
1.393519e-07
1.390567e-07
1.387613e-07
1.384656e-07
1.381696e-07
1.378735e-07
1.375771e-07
1.372805e-07
1.369837e-07
1.366868e-07
1.363897e-07
1.360925e-07
1.357952e-07
1.354977e-07
1.352002e-07
1.349026e-07
1.346049e-07
1.343072e-07
1.340094e-07
1.337117e-07
1.334140e-07
1.331162e-07
1.328186e-07
1.325209e-07
1.322234e-07
1.319259e-07
1.316286e-07
1.313314e-07
1.310343e-07
1.307374e-07
1.304406e-07
1.301441e-07
1.298478e-07
1.295518e-07
1.292560e-07
1.289605e-07
1.286653e-07
1.283705e-07
1.280760e-07
1.277818e-07
1.274881e-07
1.271948e-07
1.269020e-07
1.266096e-07
1.263177e-07
1.260264e-07
1.257356e-07
1.254454e-07
1.251558e-07
1.248668e-07
1.245784e-07
1.242908e-07
1.240039e-07
1.237177e-07
1.234323e-07
1.231477e-07
1.228639e-07
1.225810e-07
1.222990e-07
1.220179e-07
1.217377e-07
1.214585e-07
1.211804e-07
1.209032e-07
1.206272e-07
1.203522e-07
1.200784e-07
1.198057e-07
1.195342e-07
1.192639e-07
1.189949e-07
1.187272e-07
1.184608e-07
1.181957e-07
1.179320e-07
1.176696e-07
1.174088e-07
1.171493e-07
1.168914e-07
1.166349e-07
1.163800e-07
1.161267e-07
1.158749e-07
1.156248e-07
1.153763e-07
1.151295e-07
1.148844e-07
1.146410e-07
1.143994e-07
1.141595e-07
1.139214e-07
1.136851e-07
1.134507e-07
1.132181e-07
1.129873e-07
1.127585e-07
1.125316e-07
1.123066e-07
1.120835e-07
1.118624e-07
1.116433e-07
1.114261e-07
1.112110e-07
1.109979e-07
1.107868e-07
1.105777e-07
1.103707e-07
1.101658e-07
1.099629e-07
1.097621e-07
1.095634e-07
1.093667e-07
1.091722e-07
1.089798e-07
1.087894e-07
1.086012e-07
1.084150e-07
1.082310e-07
1.080490e-07
1.078692e-07
1.076915e-07
1.075158e-07
1.073423e-07
1.071708e-07
1.070015e-07
1.068342e-07
1.066690e-07
1.065058e-07
1.063447e-07
1.061857e-07
1.060286e-07
1.058737e-07
1.057207e-07
1.055697e-07
1.054207e-07
1.052737e-07
1.051286e-07
1.049855e-07
1.048444e-07
1.047051e-07
1.045677e-07
1.044323e-07
1.042986e-07
1.041669e-07
1.040369e-07
1.039088e-07
1.037824e-07
1.036579e-07
1.035350e-07
1.034140e-07
1.032946e-07
1.031769e-07
1.030608e-07
1.029465e-07
1.028337e-07
1.027225e-07
1.026130e-07
1.025049e-07
1.023984e-07
1.022935e-07
1.021900e-07
1.020880e-07
1.019874e-07
1.018882e-07
1.017905e-07
1.016941e-07
1.015991e-07
1.015054e-07
1.014131e-07
1.013220e-07
1.012322e-07
1.011436e-07
1.010563e-07
1.009702e-07
1.008852e-07
1.008014e-07
1.007188e-07
1.006372e-07
1.005568e-07
1.004775e-07
1.003992e-07
1.003220e-07
1.002458e-07
1.001706e-07
1.000964e-07
1.000232e-07
9.995098e-08
9.987968e-08
9.980930e-08
9.973984e-08
9.967129e-08
9.960361e-08
9.953681e-08
9.947087e-08
9.940578e-08
9.934153e-08
9.927810e-08
9.921548e-08
9.915367e-08
9.909265e-08
9.903242e-08
9.897297e-08
9.891428e-08
9.885636e-08
9.879919e-08
9.874278e-08
9.868710e-08
9.863216e-08
9.857796e-08
9.852449e-08
9.847174e-08
9.841971e-08
9.836841e-08
9.831782e-08
9.826795e-08
9.821879e-08
9.817035e-08
9.812263e-08
9.807562e-08
9.802932e-08
9.798375e-08
9.793889e-08
9.789475e-08
9.785134e-08
9.780866e-08
9.776670e-08
9.772548e-08
9.768500e-08
9.764526e-08
9.760626e-08
9.756802e-08
9.753053e-08
9.749380e-08
9.745784e-08
9.742266e-08
9.738825e-08
9.735463e-08
9.732180e-08
9.728977e-08
9.725854e-08
9.722813e-08
9.719853e-08
9.716976e-08
9.714182e-08
9.711471e-08
9.708846e-08
9.706305e-08
9.703850e-08
9.701482e-08
9.699201e-08
9.697007e-08
9.694902e-08
9.692886e-08
9.690960e-08
9.689124e-08
9.687378e-08
9.685724e-08
9.684161e-08
9.682691e-08
9.681313e-08
9.680028e-08
9.678836e-08
9.677738e-08
9.676734e-08
9.675824e-08
9.675009e-08
9.674288e-08
9.673661e-08
9.673129e-08
9.672692e-08
9.672349e-08
9.672100e-08
9.671946e-08
9.671886e-08
9.671920e-08
9.672047e-08
9.672267e-08
9.672579e-08
9.672984e-08
9.673480e-08
9.674066e-08
9.674743e-08
9.675509e-08
9.676363e-08
9.677304e-08
9.678331e-08
9.679444e-08
9.680641e-08
9.681920e-08
9.683281e-08
9.684722e-08
9.686242e-08
9.687838e-08
9.689510e-08
9.691256e-08
9.693073e-08
9.694961e-08
9.696917e-08
9.698938e-08
9.701024e-08
9.703172e-08
9.705380e-08
9.707644e-08
9.709964e-08
9.712336e-08
9.714759e-08
9.717228e-08
9.719743e-08
9.722299e-08
9.724895e-08
9.727526e-08
9.730192e-08
9.732887e-08
9.735610e-08
9.738358e-08
9.741126e-08
9.743912e-08
9.746713e-08
9.749524e-08
9.752344e-08
9.755168e-08
9.757993e-08
9.760815e-08
9.763630e-08
9.766436e-08
9.769228e-08
9.772003e-08
9.774757e-08
9.777487e-08
9.780187e-08
9.782856e-08
9.785488e-08
9.788080e-08
9.790629e-08
9.793129e-08
9.795579e-08
9.797972e-08
9.800306e-08
9.802577e-08
9.804780e-08
9.806913e-08
9.808970e-08
9.810948e-08
9.812844e-08
9.814653e-08
9.816372e-08
9.817996e-08
9.819522e-08
9.820947e-08
9.822266e-08
9.823477e-08
9.824574e-08
9.825555e-08
9.826417e-08
9.827155e-08
9.827766e-08
9.828247e-08
9.828595e-08
9.828805e-08
9.828877e-08
9.828805e-08
9.828586e-08
9.828219e-08
9.827700e-08
9.827026e-08
9.826195e-08
9.825204e-08
9.824049e-08
9.822730e-08
9.821243e-08
9.819586e-08
9.817757e-08
9.815754e-08
9.813575e-08
9.811218e-08
9.808681e-08
9.805962e-08
9.803061e-08
9.799975e-08
9.796703e-08
9.793244e-08
9.789597e-08
9.785760e-08
9.781734e-08
9.777517e-08
9.773108e-08
9.768508e-08
9.763714e-08
9.758729e-08
9.753550e-08
9.748179e-08
9.742615e-08
9.736858e-08
9.730909e-08
9.724768e-08
9.718436e-08
9.711913e-08
9.705201e-08
9.698300e-08
9.691211e-08
9.683936e-08
9.676475e-08
9.668831e-08
9.661004e-08
9.652996e-08
9.644810e-08
9.636447e-08
9.627908e-08
9.619197e-08
9.610314e-08
9.601264e-08
9.592047e-08
9.582666e-08
9.573125e-08
9.563425e-08
9.553570e-08
9.543562e-08
9.533405e-08
9.523101e-08
9.512654e-08
9.502066e-08
9.491342e-08
9.480484e-08
9.469496e-08
9.458381e-08
9.447144e-08
9.435787e-08
9.424315e-08
9.412731e-08
9.401039e-08
9.389243e-08
9.377346e-08
9.365354e-08
9.353270e-08
9.341097e-08
9.328841e-08
9.316505e-08
9.304093e-08
9.291609e-08
9.279058e-08
9.266444e-08
9.253771e-08
9.241044e-08
9.228266e-08
9.215442e-08
9.202576e-08
9.189672e-08
9.176735e-08
9.163769e-08
9.150778e-08
9.137766e-08
9.124738e-08
9.111697e-08
9.098648e-08
9.085596e-08
9.072543e-08
9.059494e-08
9.046453e-08
9.033425e-08
9.020412e-08
9.007419e-08
8.994451e-08
8.981509e-08
8.968600e-08
8.955725e-08
8.942889e-08
8.930095e-08
8.917347e-08
8.904649e-08
8.892003e-08
8.879413e-08
8.866883e-08
8.854415e-08
8.842012e-08
8.829679e-08
8.817417e-08
8.805230e-08
8.793121e-08
8.781091e-08
8.769145e-08
8.757284e-08
8.745511e-08
8.733829e-08
8.722240e-08
8.710746e-08
8.699349e-08
8.688052e-08
8.676856e-08
8.665764e-08
8.654778e-08
8.643898e-08
8.633127e-08
8.622467e-08
8.611919e-08
8.601485e-08
8.591165e-08
8.580962e-08
8.570876e-08
8.560908e-08
8.551060e-08
8.541333e-08
8.531727e-08
8.522243e-08
8.512883e-08
8.503646e-08
8.494533e-08
8.485545e-08
8.476682e-08
8.467945e-08
8.459333e-08
8.450848e-08
8.442489e-08
8.434256e-08
8.426149e-08
8.418169e-08
8.410314e-08
8.402586e-08
8.394983e-08
8.387506e-08
8.380153e-08
8.372926e-08
8.365822e-08
8.358842e-08
8.351985e-08
8.345251e-08
8.338638e-08
8.332146e-08
8.325774e-08
8.319522e-08
8.313388e-08
8.307372e-08
8.301472e-08
8.295688e-08
8.290019e-08
8.284463e-08
8.279019e-08
8.273687e-08
8.268464e-08
8.263351e-08
8.258345e-08
8.253446e-08
8.248651e-08
8.243961e-08
8.239372e-08
8.234885e-08
8.230497e-08
8.226208e-08
8.222015e-08
8.217917e-08
8.213914e-08
8.210002e-08
8.206182e-08
8.202450e-08
8.198807e-08
8.195249e-08
8.191777e-08
8.188387e-08
8.185079e-08
8.181851e-08
8.178701e-08
8.175628e-08
8.172630e-08
8.169705e-08
8.166852e-08
8.164070e-08
8.161356e-08
8.158709e-08
8.156127e-08
8.153609e-08
8.151153e-08
8.148757e-08
8.146421e-08
8.144141e-08
8.141917e-08
8.139747e-08
8.137629e-08
8.135562e-08
8.133544e-08
8.131573e-08
8.129648e-08
8.127767e-08
8.125930e-08
8.124133e-08
8.122375e-08
8.120656e-08
8.118973e-08
8.117325e-08
8.115710e-08
8.114127e-08
8.112574e-08
8.111051e-08
8.109554e-08
8.108083e-08
8.106637e-08
8.105213e-08
8.103812e-08
8.102430e-08
8.101066e-08
8.099721e-08
8.098391e-08
8.097075e-08
8.095773e-08
8.094483e-08
8.093203e-08
8.091933e-08
8.090671e-08
8.089415e-08
8.088166e-08
8.086921e-08
8.085679e-08
8.084439e-08
8.083200e-08
8.081961e-08
8.080720e-08
8.079478e-08
8.078232e-08
8.076982e-08
8.075726e-08
8.074464e-08
8.073196e-08
8.071918e-08
8.070632e-08
8.069337e-08
8.068030e-08
8.066712e-08
8.065382e-08
8.064039e-08
8.062682e-08
8.061311e-08
8.059925e-08
8.058524e-08
8.057106e-08
8.055672e-08
8.054220e-08
8.052751e-08
8.051264e-08
8.049758e-08
8.048233e-08
8.046689e-08
8.045126e-08
8.043542e-08
8.041939e-08
8.040315e-08
8.038670e-08
8.037005e-08
8.035320e-08
8.033613e-08
8.031885e-08
8.030137e-08
8.028367e-08
8.026577e-08
8.024765e-08
8.022934e-08
8.021081e-08
8.019208e-08
8.017316e-08
8.015403e-08
8.013470e-08
8.011519e-08
8.009548e-08
8.007558e-08
8.005551e-08
8.003525e-08
8.001482e-08
7.999422e-08
7.997346e-08
7.995254e-08
7.993146e-08
7.991023e-08
7.988886e-08
7.986736e-08
7.984572e-08
7.982396e-08
7.980209e-08
7.978010e-08
7.975801e-08
7.973582e-08
7.971355e-08
7.969119e-08
7.966876e-08
7.964626e-08
7.962371e-08
7.960110e-08
7.957845e-08
7.955577e-08
7.953306e-08
7.951033e-08
7.948759e-08
7.946485e-08
7.944211e-08
7.941939e-08
7.939669e-08
7.937403e-08
7.935140e-08
7.932882e-08
7.930629e-08
7.928383e-08
7.926144e-08
7.923912e-08
7.921690e-08
7.919477e-08
7.917274e-08
7.915082e-08
7.912902e-08
7.910734e-08
7.908579e-08
7.906439e-08
7.904312e-08
7.902201e-08
7.900106e-08
7.898027e-08
7.895965e-08
7.893921e-08
7.891895e-08
7.889888e-08
7.887900e-08
7.885932e-08
7.883984e-08
7.882057e-08
7.880152e-08
7.878268e-08
7.876406e-08
7.874566e-08
7.872750e-08
7.870956e-08
7.869186e-08
7.867440e-08
7.865718e-08
7.864020e-08
7.862347e-08
7.860699e-08
7.859076e-08
7.857478e-08
7.855905e-08
7.854358e-08
7.852836e-08
7.851340e-08
7.849870e-08
7.848426e-08
7.847008e-08
7.845616e-08
7.844250e-08
7.842910e-08
7.841596e-08
7.840308e-08
7.839046e-08
7.837810e-08
7.836601e-08
7.835417e-08
7.834259e-08
7.833127e-08
7.832021e-08
7.830940e-08
7.829886e-08
7.828856e-08
7.827853e-08
7.826875e-08
7.825922e-08
7.824994e-08
7.824092e-08
7.823215e-08
7.822363e-08
7.821537e-08
7.820735e-08
7.819958e-08
7.819207e-08
7.818480e-08
7.817778e-08
7.817101e-08
7.816450e-08
7.815823e-08
7.815221e-08
7.814644e-08
7.814093e-08
7.813567e-08
7.813066e-08
7.812590e-08
7.812140e-08
7.811716e-08
7.811318e-08
7.810946e-08
7.810600e-08
7.810280e-08
7.809988e-08
7.809722e-08
7.809483e-08
7.809272e-08
7.809088e-08
7.808933e-08
7.808806e-08
7.808708e-08
7.808639e-08
7.808600e-08
7.808591e-08
7.808612e-08
7.808663e-08
7.808746e-08
7.808861e-08
7.809008e-08
7.809187e-08
7.809400e-08
7.809646e-08
7.809926e-08
7.810241e-08
7.810591e-08
7.810977e-08
7.811399e-08
7.811858e-08
7.812354e-08
7.812888e-08
7.813461e-08
7.814073e-08
7.814724e-08
7.815415e-08
7.816147e-08
7.816920e-08
7.817735e-08
7.818591e-08
7.819491e-08
7.820434e-08
7.821421e-08
7.822452e-08
7.823527e-08
7.824648e-08
7.825814e-08
7.827027e-08
7.828286e-08
7.829591e-08
7.830944e-08
7.832344e-08
7.833792e-08
7.835289e-08
7.836833e-08
7.838427e-08
7.840069e-08
7.841761e-08
7.843501e-08
7.845292e-08
7.847131e-08
7.849021e-08
7.850960e-08
7.852949e-08
7.854988e-08
7.857077e-08
7.859215e-08
7.861403e-08
7.863641e-08
7.865928e-08
7.868265e-08
7.870651e-08
7.873085e-08
7.875569e-08
7.878101e-08
7.880682e-08
7.883310e-08
7.885987e-08
7.888710e-08
7.891481e-08
7.894299e-08
7.897163e-08
7.900073e-08
7.903028e-08
7.906029e-08
7.909075e-08
7.912165e-08
7.915299e-08
7.918477e-08
7.921699e-08
7.924963e-08
7.928270e-08
7.931619e-08
7.935010e-08
7.938442e-08
7.941916e-08
7.945430e-08
7.948986e-08
7.952582e-08
7.956218e-08
7.959894e-08
7.963611e-08
7.967367e-08
7.971164e-08
7.975001e-08
7.978878e-08
7.982795e-08
7.986753e-08
7.990752e-08
7.994792e-08
7.998874e-08
8.002998e-08
8.007164e-08
8.011375e-08
8.015629e-08
8.019929e-08
8.024275e-08
8.028668e-08
8.033109e-08
8.037600e-08
8.042142e-08
8.046737e-08
8.051385e-08
8.056090e-08
8.060852e-08
8.065674e-08
8.070558e-08
8.075506e-08
8.080521e-08
8.085605e-08
8.090760e-08
8.095990e-08
8.101298e-08
8.106686e-08
8.112157e-08
8.117717e-08
8.123366e-08
8.129111e-08
8.134954e-08
8.140899e-08
8.146950e-08
8.153113e-08
8.159391e-08
8.165788e-08
8.172311e-08
8.178963e-08
8.185750e-08
8.192677e-08
8.199750e-08
8.206973e-08
8.214354e-08
8.221897e-08
8.229608e-08
8.237494e-08
8.245562e-08
8.253816e-08
8.262265e-08
8.270915e-08
8.279772e-08
8.288843e-08
8.298137e-08
8.307659e-08
8.317417e-08
8.327419e-08
8.337671e-08
8.348183e-08
8.358960e-08
8.370012e-08
8.381346e-08
8.392970e-08
8.404892e-08
8.417120e-08
8.429662e-08
8.442527e-08
8.455722e-08
8.469256e-08
8.483138e-08
8.497374e-08
8.511975e-08
8.526947e-08
8.542300e-08
8.558042e-08
8.574180e-08
8.590724e-08
8.607681e-08
8.625059e-08
8.642867e-08
8.661112e-08
8.679802e-08
8.698946e-08
8.718551e-08
8.738624e-08
8.759173e-08
8.780205e-08
8.801728e-08
8.823748e-08
8.846273e-08
8.869309e-08
8.892863e-08
8.916940e-08
8.941548e-08
8.966693e-08
8.992379e-08
9.018612e-08
9.045398e-08
9.072741e-08
9.100647e-08
9.129119e-08
9.158163e-08
9.187781e-08
9.217977e-08
9.248755e-08
9.280118e-08
9.312067e-08
9.344606e-08
9.377736e-08
9.411460e-08
9.445777e-08
9.480689e-08
9.516197e-08
9.552301e-08
9.588999e-08
9.626292e-08
9.664179e-08
9.702657e-08
9.741726e-08
9.781382e-08
9.821623e-08
9.862445e-08
9.903845e-08
9.945819e-08
9.988363e-08
1.003147e-07
1.007514e-07
1.011936e-07
1.016412e-07
1.020943e-07
1.025526e-07
1.030163e-07
1.034851e-07
1.039589e-07
1.044378e-07
1.049215e-07
1.054100e-07
1.059032e-07
1.064010e-07
1.069032e-07
1.074098e-07
1.079206e-07
1.084355e-07
1.089543e-07
1.094769e-07
1.100032e-07
1.105331e-07
1.110663e-07
1.116027e-07
1.121422e-07
1.126846e-07
1.132297e-07
1.137774e-07
1.143275e-07
1.148798e-07
1.154341e-07
1.159902e-07
1.165480e-07
1.171072e-07
1.176678e-07
1.182293e-07
1.187917e-07
1.193548e-07
1.199183e-07
1.204821e-07
1.210459e-07
1.216094e-07
1.221726e-07
1.227351e-07
1.232968e-07
1.238573e-07
1.244166e-07
1.249743e-07
1.255302e-07
1.260841e-07
1.266358e-07
1.271851e-07
1.277316e-07
1.282751e-07
1.288155e-07
1.293525e-07
1.298858e-07
1.304153e-07
1.309406e-07
1.314615e-07
1.319779e-07
1.324894e-07
1.329958e-07
1.334970e-07
1.339925e-07
1.344824e-07
1.349662e-07
1.354438e-07
1.359149e-07
1.363793e-07
1.368368e-07
1.372872e-07
1.377303e-07
1.381658e-07
1.385934e-07
1.390131e-07
1.394246e-07
1.398277e-07
1.402222e-07
1.406079e-07
1.409845e-07
1.413520e-07
1.417101e-07
1.420586e-07
1.423974e-07
1.427262e-07
1.430450e-07
1.433535e-07
1.436516e-07
1.439391e-07
1.442159e-07
1.444819e-07
1.447368e-07
1.449805e-07
1.452130e-07
1.454341e-07
1.456436e-07
1.458416e-07
1.460277e-07
1.462020e-07
1.463644e-07
1.465147e-07
1.466530e-07
1.467790e-07
1.468927e-07
1.469941e-07
1.470831e-07
1.471597e-07
1.472237e-07
1.472753e-07
1.473142e-07
