-1.608496e-08
-1.905459e-08
-2.199820e-08
-2.491457e-08
-2.780251e-08
-3.066083e-08
-3.348838e-08
-3.628399e-08
-3.904654e-08
-4.177491e-08
-4.446801e-08
-4.712475e-08
-4.974408e-08
-5.232496e-08
-5.486637e-08
-5.736733e-08
-5.982684e-08
-6.224398e-08
-6.461780e-08
-6.694740e-08
-6.923191e-08
-7.147046e-08
-7.366224e-08
-7.580644e-08
-7.790229e-08
-7.994902e-08
-8.194593e-08
-8.389232e-08
-8.578752e-08
-8.763089e-08
-8.942183e-08
-9.115976e-08
-9.284413e-08
-9.447442e-08
-9.605013e-08
-9.757082e-08
-9.903606e-08
-1.004454e-07
-1.017986e-07
-1.030952e-07
-1.043350e-07
-1.055177e-07
-1.066430e-07
-1.077107e-07
-1.087207e-07
-1.096728e-07
-1.105670e-07
-1.114031e-07
-1.121811e-07
-1.129010e-07
-1.135628e-07
-1.141665e-07
-1.147124e-07
-1.152004e-07
-1.156307e-07
-1.160036e-07
-1.163191e-07
-1.165777e-07
-1.167795e-07
-1.169249e-07
-1.170142e-07
-1.170477e-07
-1.170259e-07
-1.169493e-07
-1.168182e-07
-1.166332e-07
-1.163947e-07
-1.161035e-07
-1.157599e-07
-1.153646e-07
-1.149183e-07
-1.144216e-07
-1.138752e-07
-1.132797e-07
-1.126361e-07
-1.119449e-07
-1.112070e-07
-1.104233e-07
-1.095944e-07
-1.087214e-07
-1.078050e-07
-1.068461e-07
-1.058458e-07
-1.048049e-07
-1.037243e-07
-1.026051e-07
-1.014482e-07
-1.002547e-07
-9.902551e-08
-9.776178e-08
-9.646452e-08
-9.513481e-08
-9.377372e-08
-9.238235e-08
-9.096182e-08
-8.951323e-08
-8.803771e-08
-8.653641e-08
-8.501047e-08
-8.346103e-08
-8.188927e-08
-8.029634e-08
-7.868342e-08
-7.705168e-08
-7.540229e-08
-7.373644e-08
-7.205532e-08
-7.036010e-08
-6.865196e-08
-6.693210e-08
-6.520168e-08
-6.346190e-08
-6.171392e-08
-5.995891e-08
-5.819805e-08
-5.643249e-08
-5.466338e-08
-5.289188e-08
-5.111912e-08
-4.934623e-08
-4.757434e-08
-4.580455e-08
-4.403797e-08
-4.227568e-08
-4.051875e-08
-3.876826e-08
-3.702525e-08
-3.529075e-08
-3.356578e-08
-3.185135e-08
-3.014844e-08
-2.845802e-08
-2.678105e-08
-2.511846e-08
-2.347116e-08
-2.184006e-08
-2.022602e-08
-1.862991e-08
-1.705256e-08
-1.549478e-08
-1.395737e-08
-1.244109e-08
-1.094670e-08
-9.474922e-09
-8.026453e-09
-6.601973e-09
-5.202136e-09
-3.827571e-09
-2.478884e-09
-1.156655e-09
1.385608e-10
1.406234e-09
2.645861e-09
3.856962e-09
5.039084e-09
6.191802e-09
7.314715e-09
8.407448e-09
9.469653e-09
1.050101e-08
1.150122e-08
1.247001e-08
1.340715e-08
1.431242e-08
1.518562e-08
1.602660e-08
1.683521e-08
1.761134e-08
1.835491e-08
1.906586e-08
1.974415e-08
2.038977e-08
2.100273e-08
2.158309e-08
2.213089e-08
2.264624e-08
2.312924e-08
2.358003e-08
2.399877e-08
2.438565e-08
2.474086e-08
2.506465e-08
2.535725e-08
2.561894e-08
2.585001e-08
2.605077e-08
2.622157e-08
2.636274e-08
2.647467e-08
2.655775e-08
2.661238e-08
2.663898e-08
2.663802e-08
2.660994e-08
2.655523e-08
2.647437e-08
2.636787e-08
2.623627e-08
2.608009e-08
2.589988e-08
2.569621e-08
2.546965e-08
2.522079e-08
2.495022e-08
2.465855e-08
2.434641e-08
2.401441e-08
2.366320e-08
2.329341e-08
2.290571e-08
2.250073e-08
2.207916e-08
2.164165e-08
2.118889e-08
2.072155e-08
2.024031e-08
1.974586e-08
1.923889e-08
1.872009e-08
1.819014e-08
1.764975e-08
1.709960e-08
1.654038e-08
1.597280e-08
1.539752e-08
1.481525e-08
1.422667e-08
1.363246e-08
1.303330e-08
1.242986e-08
1.182280e-08
1.121281e-08
1.060053e-08
9.986607e-09
9.371700e-09
8.756442e-09
8.141464e-09
7.527389e-09
6.914831e-09
6.304395e-09
5.696679e-09
5.092269e-09
4.491741e-09
3.895663e-09
3.304590e-09
2.719067e-09
2.139626e-09
1.566791e-09
1.001071e-09
4.429626e-10
-1.070483e-10
-6.484895e-10
-1.180902e-09
-1.703839e-09
-2.216869e-09
-2.719572e-09
-3.211543e-09
-3.692391e-09
-4.161739e-09
-4.619223e-09
-5.064497e-09
-5.497225e-09
-5.917089e-09
-6.323783e-09
-6.717019e-09
-7.096520e-09
-7.462028e-09
-7.813297e-09
-8.150096e-09
-8.472211e-09
-8.779440e-09
-9.071599e-09
-9.348517e-09
-9.610038e-09
-9.856021e-09
-1.008634e-08
-1.030088e-08
-1.049955e-08
-1.068226e-08
-1.084895e-08
-1.099956e-08
-1.113406e-08
-1.125240e-08
-1.135459e-08
-1.144062e-08
-1.151051e-08
-1.156429e-08
-1.160199e-08
-1.162367e-08
-1.162940e-08
-1.161925e-08
-1.159332e-08
-1.155171e-08
-1.149452e-08
-1.142190e-08
-1.133397e-08
-1.123089e-08
-1.111281e-08
-1.097990e-08
-1.083234e-08
-1.067032e-08
-1.049405e-08
-1.030372e-08
-1.009956e-08
-9.881788e-09
-9.650644e-09
-9.406370e-09
-9.149216e-09
-8.879439e-09
-8.597307e-09
-8.303090e-09
-7.997069e-09
-7.679528e-09
-7.350759e-09
-7.011060e-09
-6.660732e-09
-6.300084e-09
-5.929428e-09
-5.549081e-09
-5.159364e-09
-4.760603e-09
-4.353126e-09
-3.937265e-09
-3.513355e-09
-3.081734e-09
-2.642741e-09
-2.196719e-09
-1.744013e-09
-1.284966e-09
-8.199267e-10
-3.492421e-10
1.267394e-10
6.076688e-10
1.093197e-09
1.582976e-09
2.076656e-09
2.573890e-09
3.074331e-09
3.577633e-09
4.083451e-09
4.591443e-09
5.101268e-09
5.612586e-09
6.125060e-09
6.638358e-09
7.152146e-09
7.666097e-09
8.179884e-09
8.693186e-09
9.205685e-09
9.717064e-09
1.022701e-08
1.073522e-08
1.124139e-08
1.174523e-08
1.224642e-08
1.274470e-08
1.323977e-08
1.373135e-08
1.421917e-08
1.470296e-08
1.518245e-08
1.565738e-08
1.612751e-08
1.659258e-08
1.705236e-08
1.750660e-08
1.795508e-08
1.839756e-08
1.883385e-08
1.926371e-08
1.968694e-08
2.010335e-08
2.051275e-08
2.091493e-08
2.130973e-08
2.169697e-08
2.207648e-08
2.244810e-08
2.281167e-08
2.316705e-08
2.351409e-08
2.385266e-08
2.418262e-08
2.450387e-08
2.481627e-08
2.511973e-08
2.541413e-08
2.569938e-08
2.597540e-08
2.624209e-08
2.649939e-08
2.674721e-08
2.698549e-08
2.721419e-08
2.743324e-08
2.764259e-08
2.784222e-08
2.803208e-08
2.821215e-08
2.838241e-08
2.854284e-08
2.869343e-08
2.883417e-08
2.896508e-08
2.908615e-08
2.919741e-08
2.929886e-08
2.939053e-08
2.947246e-08
2.954467e-08
2.960721e-08
2.966013e-08
2.970346e-08
2.973727e-08
2.976162e-08
2.977657e-08
2.978219e-08
2.977856e-08
2.976575e-08
2.974385e-08
2.971293e-08
2.967311e-08
2.962446e-08
2.956710e-08
2.950112e-08
2.942663e-08
2.934374e-08
2.925256e-08
2.915322e-08
2.904584e-08
2.893054e-08
2.880744e-08
2.867669e-08
2.853841e-08
2.839274e-08
2.823983e-08
2.807981e-08
2.791282e-08
2.773903e-08
2.755857e-08
2.737160e-08
2.717828e-08
2.697876e-08
2.677320e-08
2.656177e-08
2.634461e-08
2.612191e-08
2.589382e-08
2.566051e-08
2.542215e-08
2.517892e-08
2.493097e-08
2.467849e-08
2.442165e-08
2.416062e-08
2.389558e-08
2.362670e-08
2.335417e-08
2.307815e-08
2.279883e-08
2.251638e-08
2.223098e-08
2.194282e-08
2.165206e-08
2.135889e-08
2.106349e-08
2.076603e-08
2.046670e-08
2.016567e-08
1.986311e-08
1.955922e-08
1.925415e-08
1.894809e-08
1.864121e-08
1.833369e-08
1.802570e-08
1.771741e-08
1.740899e-08
1.710062e-08
1.679246e-08
1.648468e-08
1.617744e-08
1.587092e-08
1.556526e-08
1.526065e-08
1.495723e-08
1.465516e-08
1.435460e-08
1.405571e-08
1.375864e-08
1.346354e-08
1.317055e-08
1.287983e-08
1.259152e-08
1.230576e-08
1.202270e-08
1.174246e-08
1.146520e-08
1.119103e-08
1.092009e-08
1.065251e-08
1.038841e-08
1.012792e-08
9.871157e-09
9.618239e-09
9.369282e-09
9.124396e-09
8.883693e-09
8.647277e-09
8.415254e-09
8.187722e-09
7.964781e-09
7.746524e-09
7.533044e-09
7.324428e-09
7.120763e-09
6.922131e-09
6.728611e-09
6.540278e-09
6.357207e-09
6.179467e-09
6.007123e-09
5.840240e-09
5.678877e-09
5.523091e-09
5.372934e-09
5.228458e-09
5.089709e-09
4.956731e-09
4.829563e-09
4.708242e-09
4.592802e-09
4.483273e-09
4.379682e-09
4.282052e-09
4.190404e-09
4.104754e-09
4.025115e-09
3.951499e-09
3.883912e-09
3.822358e-09
3.766838e-09
3.717348e-09
3.673883e-09
3.636433e-09
3.604986e-09
3.579527e-09
3.560037e-09
3.546495e-09
3.538875e-09
3.537150e-09
3.541288e-09
3.551257e-09
3.567019e-09
3.588535e-09
3.615763e-09
3.648656e-09
3.687167e-09
3.731245e-09
3.780836e-09
3.835885e-09
3.896332e-09
3.962116e-09
4.033174e-09
4.109438e-09
4.190841e-09
4.277311e-09
4.368775e-09
4.465156e-09
4.566379e-09
4.672362e-09
4.783024e-09
4.898280e-09
5.018045e-09
5.142232e-09
5.270750e-09
5.403508e-09
5.540413e-09
5.681371e-09
5.826285e-09
5.975058e-09
6.127591e-09
6.283783e-09
6.443532e-09
6.606736e-09
6.773291e-09
6.943091e-09
7.116030e-09
7.292002e-09
7.470897e-09
7.652609e-09
7.837027e-09
8.024041e-09
8.213540e-09
8.405414e-09
8.599551e-09
8.795839e-09
8.994165e-09
9.194418e-09
9.396485e-09
9.600252e-09
9.805608e-09
1.001244e-08
1.022064e-08
1.043008e-08
1.064067e-08
1.085228e-08
1.106481e-08
1.127814e-08
1.149217e-08
1.170679e-08
1.192188e-08
1.213734e-08
1.235306e-08
1.256894e-08
1.278486e-08
1.300073e-08
1.321643e-08
1.343187e-08
1.364695e-08
1.386156e-08
1.407561e-08
1.428899e-08
1.450162e-08
1.471339e-08
1.492421e-08
1.513400e-08
1.534265e-08
1.555008e-08
1.575620e-08
1.596092e-08
1.616417e-08
1.636586e-08
1.656590e-08
1.676422e-08
1.696074e-08
1.715538e-08
1.734808e-08
1.753875e-08
1.772733e-08
1.791376e-08
1.809796e-08
1.827987e-08
1.845942e-08
1.863657e-08
1.881124e-08
1.898339e-08
1.915296e-08
1.931990e-08
1.948415e-08
1.964568e-08
1.980442e-08
1.996035e-08
2.011342e-08
2.026358e-08
2.041081e-08
2.055506e-08
2.069631e-08
2.083451e-08
2.096965e-08
2.110169e-08
2.123062e-08
2.135640e-08
2.147901e-08
2.159844e-08
2.171467e-08
2.182769e-08
2.193747e-08
2.204402e-08
2.214731e-08
2.224735e-08
2.234413e-08
2.243764e-08
2.252789e-08
2.261487e-08
2.269858e-08
2.277904e-08
2.285623e-08
2.293018e-08
2.300089e-08
2.306837e-08
2.313264e-08
2.319370e-08
2.325157e-08
2.330628e-08
2.335783e-08
2.340626e-08
2.345157e-08
2.349380e-08
2.353297e-08
2.356910e-08
2.360222e-08
2.363236e-08
2.365956e-08
2.368383e-08
2.370522e-08
2.372376e-08
2.373948e-08
2.375242e-08
2.376261e-08
2.377010e-08
2.377491e-08
2.377711e-08
2.377671e-08
2.377377e-08
2.376833e-08
2.376044e-08
2.375013e-08
2.373745e-08
2.372246e-08
2.370519e-08
2.368569e-08
2.366402e-08
2.364022e-08
2.361434e-08
2.358644e-08
2.355656e-08
2.352475e-08
2.349107e-08
2.345557e-08
2.341830e-08
2.337932e-08
2.333868e-08
2.329643e-08
2.325263e-08
2.320734e-08
2.316060e-08
2.311248e-08
2.306303e-08
2.301230e-08
2.296036e-08
2.290725e-08
2.285304e-08
2.279778e-08
2.274153e-08
2.268434e-08
2.262627e-08
2.256738e-08
2.250772e-08
2.244736e-08
2.238634e-08
2.232472e-08
2.226257e-08
2.219993e-08
2.213687e-08
2.207343e-08
2.200968e-08
2.194566e-08
2.188144e-08
2.181707e-08
2.175261e-08
2.168810e-08
2.162360e-08
2.155917e-08
2.149486e-08
2.143072e-08
2.136680e-08
2.130316e-08
2.123985e-08
2.117692e-08
2.111441e-08
2.105238e-08
2.099088e-08
2.092996e-08
2.086966e-08
2.081003e-08
2.075112e-08
2.069298e-08
2.063564e-08
2.057916e-08
2.052358e-08
2.046894e-08
2.041529e-08
2.036266e-08
2.031109e-08
2.026064e-08
2.021132e-08
2.016320e-08
2.011629e-08
2.007064e-08
2.002628e-08
1.998325e-08
1.994158e-08
1.990131e-08
1.986246e-08
1.982506e-08
1.978915e-08
1.975475e-08
1.972189e-08
1.969059e-08
1.966089e-08
1.963280e-08
1.960635e-08
1.958156e-08
1.955844e-08
1.953703e-08
1.951733e-08
1.949937e-08
1.948315e-08
1.946870e-08
1.945602e-08
1.944513e-08
1.943604e-08
1.942876e-08
1.942329e-08
1.941964e-08
1.941782e-08
1.941784e-08
1.941969e-08
1.942337e-08
1.942889e-08
1.943624e-08
1.944543e-08
1.945645e-08
1.946928e-08
1.948394e-08
1.950040e-08
1.951867e-08
1.953873e-08
1.956056e-08
1.958416e-08
1.960951e-08
1.963660e-08
1.966540e-08
1.969591e-08
1.972810e-08
1.976195e-08
1.979744e-08
1.983455e-08
1.987325e-08
1.991352e-08
1.995534e-08
1.999866e-08
2.004348e-08
2.008975e-08
2.013745e-08
2.018654e-08
2.023700e-08
2.028878e-08
2.034186e-08
2.039620e-08
2.045176e-08
2.050851e-08
2.056640e-08
2.062540e-08
2.068547e-08
2.074657e-08
2.080866e-08
2.087170e-08
2.093563e-08
2.100043e-08
2.106604e-08
2.113243e-08
2.119955e-08
2.126735e-08
2.133579e-08
2.140481e-08
2.147439e-08
2.154447e-08
2.161499e-08
2.168593e-08
2.175722e-08
2.182882e-08
2.190069e-08
2.197277e-08
2.204503e-08
2.211740e-08
2.218985e-08
2.226232e-08
2.233478e-08
2.240716e-08
2.247943e-08
2.255154e-08
2.262345e-08
2.269510e-08
2.276645e-08
2.283745e-08
2.290807e-08
2.297825e-08
2.304796e-08
2.311715e-08
2.318577e-08
2.325379e-08
2.332116e-08
2.338784e-08
2.345380e-08
2.351899e-08
2.358337e-08
2.364691e-08
2.370957e-08
2.377132e-08
2.383212e-08
2.389193e-08
2.395072e-08
2.400846e-08
2.406512e-08
2.412066e-08
2.417507e-08
2.422830e-08
2.428033e-08
2.433115e-08
2.438071e-08
2.442900e-08
2.447599e-08
2.452167e-08
2.456601e-08
2.460898e-08
2.465059e-08
2.469080e-08
2.472959e-08
2.476697e-08
2.480290e-08
2.483738e-08
2.487040e-08
2.490195e-08
2.493201e-08
2.496058e-08
2.498765e-08
2.501322e-08
2.503728e-08
2.505983e-08
2.508086e-08
2.510037e-08
2.511837e-08
2.513485e-08
2.514982e-08
2.516328e-08
2.517523e-08
2.518567e-08
2.519462e-08
2.520207e-08
2.520805e-08
2.521255e-08
2.521558e-08
2.521716e-08
2.521729e-08
2.521600e-08
2.521328e-08
2.520916e-08
2.520365e-08
2.519676e-08
2.518851e-08
2.517891e-08
2.516799e-08
2.515576e-08
2.514224e-08
2.512744e-08
2.511139e-08
2.509411e-08
2.507561e-08
2.505592e-08
2.503505e-08
2.501304e-08
2.498989e-08
2.496564e-08
2.494030e-08
2.491390e-08
2.488646e-08
2.485801e-08
2.482856e-08
2.479814e-08
2.476677e-08
2.473448e-08
2.470129e-08
2.466722e-08
2.463230e-08
2.459654e-08
2.455999e-08
2.452265e-08
2.448455e-08
2.444571e-08
2.440616e-08
2.436592e-08
2.432501e-08
2.428346e-08
2.424128e-08
2.419850e-08
2.415515e-08
2.411123e-08
2.406678e-08
2.402182e-08
2.397635e-08
2.393042e-08
2.388402e-08
2.383719e-08
2.378995e-08
2.374230e-08
2.369428e-08
2.364590e-08
2.359717e-08
2.354811e-08
2.349874e-08
2.344908e-08
2.339914e-08
2.334894e-08
2.329849e-08
2.324780e-08
2.319690e-08
2.314579e-08
2.309448e-08
2.304300e-08
2.299135e-08
2.293954e-08
2.288758e-08
2.283549e-08
2.278328e-08
2.273095e-08
2.267852e-08
2.262600e-08
2.257339e-08
2.252070e-08
2.246794e-08
2.241512e-08
2.236225e-08
2.230933e-08
2.225637e-08
2.220337e-08
2.215035e-08
2.209730e-08
2.204424e-08
2.199116e-08
2.193808e-08
2.188499e-08
2.183191e-08
2.177882e-08
2.172575e-08
2.167269e-08
2.161965e-08
2.156662e-08
2.151362e-08
2.146064e-08
2.140769e-08
2.135477e-08
2.130188e-08
2.124902e-08
2.119620e-08
2.114342e-08
2.109069e-08
2.103799e-08
2.098534e-08
2.093273e-08
2.088017e-08
2.082766e-08
2.077520e-08
2.072280e-08
2.067045e-08
2.061815e-08
2.056591e-08
2.051374e-08
2.046162e-08
2.040957e-08
2.035758e-08
2.030566e-08
2.025381e-08
2.020203e-08
2.015032e-08
2.009869e-08
2.004714e-08
1.999566e-08
1.994427e-08
1.989296e-08
1.984174e-08
1.979061e-08
1.973957e-08
1.968863e-08
1.963779e-08
1.958704e-08
1.953640e-08
1.948587e-08
1.943545e-08
1.938515e-08
1.933496e-08
1.928489e-08
1.923495e-08
1.918514e-08
1.913546e-08
1.908591e-08
1.903650e-08
1.898724e-08
1.893812e-08
1.888916e-08
1.884035e-08
1.879170e-08
1.874321e-08
1.869489e-08
1.864674e-08
1.859876e-08
1.855096e-08
1.850335e-08
1.845592e-08
1.840868e-08
1.836164e-08
1.831479e-08
1.826814e-08
1.822170e-08
1.817546e-08
1.812944e-08
1.808363e-08
1.803804e-08
1.799267e-08
1.794752e-08
1.790260e-08
1.785791e-08
1.781345e-08
1.776922e-08
1.772523e-08
1.768148e-08
1.763796e-08
1.759468e-08
1.755165e-08
1.750886e-08
1.746631e-08
1.742401e-08
1.738196e-08
1.734015e-08
1.729858e-08
1.725726e-08
1.721618e-08
1.717535e-08
1.713476e-08
1.709441e-08
1.705431e-08
1.701444e-08
1.697480e-08
1.693541e-08
1.689624e-08
1.685730e-08
1.681859e-08
1.678011e-08
1.674184e-08
1.670379e-08
1.666594e-08
1.662831e-08
1.659088e-08
1.655365e-08
1.651661e-08
1.647976e-08
1.644309e-08
1.640660e-08
1.637028e-08
1.633412e-08
1.629813e-08
1.626228e-08
1.622659e-08
1.619103e-08
1.615560e-08
1.612030e-08
1.608511e-08
1.605003e-08
1.601506e-08
1.598018e-08
1.594539e-08
1.591067e-08
1.587603e-08
1.584145e-08
1.580692e-08
1.577244e-08
1.573800e-08
1.570358e-08
1.566919e-08
1.563480e-08
1.560042e-08
1.556604e-08
1.553164e-08
1.549722e-08
1.546277e-08
1.542829e-08
1.539375e-08
1.535916e-08
1.532451e-08
1.528978e-08
1.525498e-08
1.522009e-08
1.518510e-08
1.515001e-08
1.511481e-08
1.507950e-08
1.504406e-08
1.500849e-08
1.497278e-08
1.493693e-08
1.490093e-08
1.486477e-08
1.482845e-08
1.479197e-08
1.475531e-08
1.471847e-08
1.468144e-08
1.464424e-08
1.460684e-08
1.456924e-08
1.453144e-08
1.449345e-08
1.445524e-08
1.441683e-08
1.437821e-08
1.433937e-08
1.430032e-08
1.426106e-08
1.422157e-08
1.418187e-08
1.414195e-08
1.410181e-08
1.406145e-08
1.402088e-08
1.398008e-08
1.393907e-08
1.389785e-08
1.385641e-08
1.381477e-08
1.377291e-08
1.373085e-08
1.368859e-08
1.364613e-08
1.360348e-08
1.356063e-08
1.351760e-08
1.347438e-08
1.343099e-08
1.338743e-08
1.334370e-08
1.329982e-08
1.325578e-08
1.321159e-08
1.316726e-08
1.312279e-08
1.307820e-08
1.303349e-08
1.298866e-08
1.294373e-08
1.289870e-08
1.285359e-08
1.280839e-08
1.276312e-08
1.271778e-08
1.267239e-08
1.262695e-08
1.258147e-08
1.253597e-08
1.249044e-08
1.244490e-08
1.239936e-08
1.235382e-08
1.230830e-08
1.226280e-08
1.221734e-08
1.217192e-08
1.212655e-08
1.208124e-08
1.203600e-08
1.199084e-08
1.194576e-08
1.190078e-08
1.185590e-08
1.181114e-08
1.176650e-08
1.172198e-08
1.167760e-08
1.163337e-08
1.158929e-08
1.154536e-08
1.150161e-08
1.145802e-08
1.141462e-08
1.137139e-08
1.132837e-08
1.128553e-08
1.124290e-08
1.120048e-08
1.115827e-08
1.111628e-08
1.107451e-08
1.103296e-08
1.099165e-08
1.095056e-08
1.090971e-08
1.086909e-08
1.082871e-08
1.078857e-08
1.074867e-08
1.070901e-08
1.066959e-08
1.063042e-08
1.059148e-08
1.055278e-08
1.051432e-08
1.047610e-08
1.043811e-08
1.040034e-08
1.036281e-08
1.032550e-08
1.028841e-08
1.025153e-08
1.021486e-08
1.017839e-08
1.014212e-08
1.010604e-08
1.007015e-08
1.003443e-08
9.998877e-09
9.963485e-09
9.928245e-09
9.893146e-09
9.858179e-09
9.823334e-09
9.788601e-09
9.753968e-09
9.719425e-09
9.684959e-09
9.650559e-09
9.616212e-09
9.581905e-09
9.547626e-09
9.513361e-09
9.479095e-09
9.444815e-09
9.410506e-09
9.376154e-09
9.341743e-09
9.307258e-09
9.272684e-09
9.238004e-09
9.203204e-09
9.168266e-09
9.133174e-09
9.097911e-09
9.062461e-09
9.026807e-09
8.990932e-09
8.954818e-09
8.918449e-09
8.881807e-09
8.844874e-09
8.807633e-09
8.770067e-09
8.732158e-09
8.693889e-09
8.655243e-09
8.616201e-09
8.576747e-09
8.536864e-09
8.496534e-09
8.455740e-09
8.414466e-09
8.372695e-09
8.330411e-09
8.287596e-09
8.244236e-09
8.200314e-09
8.155815e-09
8.110724e-09
8.065025e-09
8.018704e-09
7.971747e-09
7.924139e-09
7.875867e-09
7.826918e-09
7.777280e-09
7.726938e-09
7.675883e-09
7.624101e-09
7.571583e-09
7.518318e-09
7.464295e-09
7.409504e-09
7.353938e-09
7.297588e-09
7.240445e-09
7.182502e-09
7.123752e-09
7.064190e-09
7.003809e-09
6.942604e-09
6.880572e-09
6.817708e-09
6.754010e-09
6.689474e-09
6.624099e-09
6.557884e-09
6.490827e-09
6.422931e-09
6.354194e-09
6.284618e-09
6.214206e-09
6.142961e-09
6.070885e-09
5.997983e-09
5.924260e-09
5.849721e-09
5.774373e-09
5.698222e-09
5.621275e-09
5.543541e-09
5.465029e-09
5.385748e-09
5.305708e-09
5.224920e-09
5.143395e-09
5.061145e-09
4.978182e-09
4.894520e-09
4.810173e-09
4.725155e-09
4.639480e-09
4.553164e-09
4.466224e-09
4.378675e-09
4.290534e-09
4.201819e-09
4.112548e-09
4.022739e-09
3.932411e-09
3.841583e-09
3.750275e-09
3.658507e-09
3.566300e-09
3.473673e-09
3.380648e-09
3.287247e-09
3.193490e-09
3.099400e-09
3.005000e-09
2.910310e-09
2.815355e-09
2.720155e-09
2.624736e-09
2.529118e-09
2.433326e-09
2.337383e-09
2.241311e-09
2.145134e-09
2.048875e-09
1.952558e-09
1.856205e-09
1.759840e-09
1.663486e-09
1.567166e-09
1.470902e-09
1.374718e-09
1.278635e-09
1.182677e-09
1.086864e-09
9.912198e-10
8.957649e-10
8.005209e-10
7.055089e-10
6.107495e-10
5.162631e-10
4.220697e-10
3.281890e-10
2.346403e-10
1.414424e-10
4.861366e-11
-4.382781e-11
-1.358645e-10
-2.274793e-10
-3.186557e-10
-4.093774e-10
-4.996290e-10
-5.893952e-10
-6.786615e-10
-7.674138e-10
-8.556386e-10
-9.433230e-10
-1.030455e-09
-1.117021e-09
-1.203012e-09
-1.288416e-09
-1.373223e-09
-1.457424e-09
-1.541009e-09
-1.623970e-09
-1.706300e-09
-1.787990e-09
-1.869035e-09
-1.949428e-09
-2.029163e-09
-2.108235e-09
-2.186641e-09
-2.264375e-09
-2.341436e-09
-2.417819e-09
-2.493522e-09
-2.568544e-09
-2.642884e-09
-2.716539e-09
-2.789511e-09
-2.861799e-09
-2.933403e-09
-3.004325e-09
-3.074566e-09
-3.144127e-09
-3.213012e-09
-3.281222e-09
-3.348760e-09
-3.415629e-09
-3.481834e-09
-3.547377e-09
-3.612263e-09
-3.676496e-09
-3.740081e-09
-3.803022e-09
-3.865324e-09
-3.926993e-09
-3.988034e-09
-4.048452e-09
-4.108252e-09
-4.167440e-09
-4.226022e-09
-4.284003e-09
-4.341389e-09
-4.398186e-09
-4.454399e-09
-4.510033e-09
-4.565095e-09
-4.619588e-09
-4.673520e-09
-4.726894e-09
-4.779716e-09
-4.831990e-09
-4.883721e-09
-4.934913e-09
-4.985571e-09
-5.035697e-09
-5.085295e-09
-5.134369e-09
-5.182921e-09
-5.230955e-09
-5.278471e-09
-5.325472e-09
-5.371959e-09
-5.417933e-09
-5.463395e-09
-5.508345e-09
-5.552783e-09
-5.596707e-09
-5.640117e-09
-5.683012e-09
-5.725388e-09
-5.767243e-09
-5.808575e-09
-5.849379e-09
-5.889652e-09
-5.929389e-09
-5.968585e-09
-6.007234e-09
-6.045331e-09
-6.082868e-09
-6.119839e-09
-6.156235e-09
-6.192049e-09
-6.227273e-09
-6.261897e-09
-6.295911e-09
-6.329306e-09
-6.362071e-09
-6.394196e-09
-6.425668e-09
-6.456477e-09
-6.486609e-09
-6.516053e-09
-6.544795e-09
-6.572822e-09
-6.600120e-09
-6.626675e-09
-6.652473e-09
-6.677499e-09
-6.701739e-09
-6.725176e-09
-6.747796e-09
-6.769583e-09
-6.790520e-09
-6.810593e-09
-6.829784e-09
-6.848078e-09
-6.865458e-09
-6.881908e-09
-6.897410e-09
-6.911950e-09
-6.925509e-09
-6.938071e-09
-6.949621e-09
-6.960141e-09
-6.969616e-09
-6.978029e-09
-6.985364e-09
-6.991606e-09
-6.996739e-09
-7.000747e-09
-7.003617e-09
-7.005332e-09
-7.005879e-09
-7.005244e-09
-7.003414e-09
-7.000374e-09
-6.996112e-09
-6.990616e-09
-6.983874e-09
-6.975876e-09
-6.966609e-09
-6.956064e-09
-6.944232e-09
-6.931103e-09
-6.916669e-09
-6.900922e-09
-6.883856e-09
-6.865464e-09
-6.845741e-09
-6.824681e-09
-6.802281e-09
-6.778537e-09
-6.753447e-09
-6.727009e-09
-6.699222e-09
-6.670086e-09
-6.639602e-09
-6.607772e-09
-6.574597e-09
-6.540081e-09
-6.504229e-09
-6.467046e-09
-6.428537e-09
-6.388709e-09
-6.347570e-09
-6.305130e-09
-6.261397e-09
-6.216382e-09
-6.170096e-09
-6.122552e-09
-6.073763e-09
-6.023743e-09
-5.972507e-09
-5.920071e-09
-5.866452e-09
-5.811666e-09
-5.755733e-09
-5.698672e-09
-5.640504e-09
-5.581248e-09
-5.520927e-09
-5.459563e-09
-5.397180e-09
-5.333802e-09
-5.269453e-09
-5.204159e-09
-5.137947e-09
-5.070842e-09
-5.002874e-09
-4.934069e-09
-4.864457e-09
-4.794067e-09
-4.722930e-09
-4.651075e-09
-4.578534e-09
-4.505338e-09
-4.431519e-09
-4.357110e-09
-4.282143e-09
-4.206652e-09
-4.130669e-09
-4.054230e-09
-3.977368e-09
-3.900117e-09
-3.822512e-09
-3.744588e-09
-3.666380e-09
-3.587923e-09
-3.509253e-09
-3.430404e-09
-3.351411e-09
-3.272312e-09
-3.193139e-09
-3.113930e-09
-3.034719e-09
-2.955541e-09
-2.876431e-09
-2.797425e-09
-2.718556e-09
-2.639860e-09
-2.561369e-09
-2.483119e-09
-2.405143e-09
-2.327473e-09
-2.250143e-09
-2.173186e-09
-2.096632e-09
-2.020515e-09
-1.944865e-09
-1.869712e-09
-1.795087e-09
-1.721020e-09
-1.647539e-09
-1.574673e-09
-1.502450e-09
-1.430898e-09
-1.360042e-09
-1.289909e-09
-1.220525e-09
-1.151913e-09
-1.084098e-09
-1.017104e-09
-9.509518e-10
-8.856643e-10
-8.212623e-10
-7.577663e-10
-6.951956e-10
-6.335692e-10
-5.729050e-10
-5.132202e-10
-4.545313e-10
-3.968539e-10
-3.402029e-10
-2.845923e-10
-2.300355e-10
-1.765448e-10
-1.241319e-10
-7.280777e-11
-2.258240e-11
2.653490e-11
7.453562e-11
1.214120e-10
1.671572e-10
2.117649e-10
2.552297e-10
2.975469e-10
3.387126e-10
3.787236e-10
4.175774e-10
4.552721e-10
4.918067e-10
5.271808e-10
5.613947e-10
5.944491e-10
6.263458e-10
6.570868e-10
6.866749e-10
7.151136e-10
7.424066e-10
7.685586e-10
7.935746e-10
8.174601e-10
8.402211e-10
8.618643e-10
8.823966e-10
9.018255e-10
9.201589e-10
9.374050e-10
9.535724e-10
9.686704e-10
9.827081e-10
9.956953e-10
1.007642e-09
1.018559e-09
1.028456e-09
1.037344e-09
1.045234e-09
1.052138e-09
1.058066e-09
1.063032e-09
1.067045e-09
1.070118e-09
1.072264e-09
1.073493e-09
1.073819e-09
1.073253e-09
1.071807e-09
1.069495e-09
1.066328e-09
1.062318e-09
1.057477e-09
1.051819e-09
1.045354e-09
1.038096e-09
1.030055e-09
1.021244e-09
1.011675e-09
1.001359e-09
9.903074e-10
9.785321e-10
9.660442e-10
9.528547e-10
9.389744e-10
9.244142e-10
9.091844e-10
8.932956e-10
8.767578e-10
8.595809e-10
8.417748e-10
8.233489e-10
8.043126e-10
7.846750e-10
7.644449e-10
7.436311e-10
7.222420e-10
7.002859e-10
6.777708e-10
6.547044e-10
6.310945e-10
6.069483e-10
5.822731e-10
