-1.617268e-08
-1.912782e-08
-2.205681e-08
-2.495844e-08
-2.783152e-08
-3.067488e-08
-3.348736e-08
-3.626782e-08
-3.901513e-08
-4.172820e-08
-4.440593e-08
-4.704724e-08
-4.965111e-08
-5.221648e-08
-5.474237e-08
-5.722777e-08
-5.967173e-08
-6.207331e-08
-6.443158e-08
-6.674565e-08
-6.901465e-08
-7.123774e-08
-7.341410e-08
-7.554292e-08
-7.762345e-08
-7.965494e-08
-8.163668e-08
-8.356799e-08
-8.544819e-08
-8.727668e-08
-8.905284e-08
-9.077610e-08
-9.244593e-08
-9.406181e-08
-9.562325e-08
-9.712982e-08
-9.858108e-08
-9.997666e-08
-1.013162e-07
-1.025993e-07
-1.038258e-07
-1.049954e-07
-1.061077e-07
-1.071628e-07
-1.081602e-07
-1.091001e-07
-1.099821e-07
-1.108064e-07
-1.115727e-07
-1.122812e-07
-1.129318e-07
-1.135246e-07
-1.140598e-07
-1.145373e-07
-1.149574e-07
-1.153203e-07
-1.156262e-07
-1.158753e-07
-1.160680e-07
-1.162045e-07
-1.162851e-07
-1.163103e-07
-1.162804e-07
-1.161960e-07
-1.160574e-07
-1.158651e-07
-1.156197e-07
-1.153217e-07
-1.149717e-07
-1.145703e-07
-1.141182e-07
-1.136159e-07
-1.130643e-07
-1.124639e-07
-1.118155e-07
-1.111200e-07
-1.103780e-07
-1.095904e-07
-1.087580e-07
-1.078817e-07
-1.069624e-07
-1.060008e-07
-1.049981e-07
-1.039550e-07
-1.028726e-07
-1.017518e-07
-1.005936e-07
-9.939906e-08
-9.816915e-08
-9.690491e-08
-9.560741e-08
-9.427772e-08
-9.291690e-08
-9.152606e-08
-9.010630e-08
-8.865873e-08
-8.718448e-08
-8.568467e-08
-8.416046e-08
-8.261299e-08
-8.104340e-08
-7.945288e-08
-7.784257e-08
-7.621365e-08
-7.456730e-08
-7.290468e-08
-7.122698e-08
-6.953537e-08
-6.783103e-08
-6.611513e-08
-6.438886e-08
-6.265338e-08
-6.090987e-08
-5.915949e-08
-5.740339e-08
-5.564273e-08
-5.387867e-08
-5.211234e-08
-5.034487e-08
-4.857738e-08
-4.681100e-08
-4.504683e-08
-4.328595e-08
-4.152944e-08
-3.977839e-08
-3.803383e-08
-3.629682e-08
-3.456838e-08
-3.284953e-08
-3.114124e-08
-2.944452e-08
-2.776032e-08
-2.608958e-08
-2.443323e-08
-2.279218e-08
-2.116732e-08
-1.955951e-08
-1.796961e-08
-1.639844e-08
-1.484682e-08
-1.331551e-08
-1.180529e-08
-1.031690e-08
-8.851053e-09
-7.408443e-09
-5.989741e-09
-4.595593e-09
-3.226621e-09
-1.883423e-09
-5.665714e-10
7.233865e-10
1.985928e-09
3.220556e-09
4.426800e-09
5.604214e-09
6.752379e-09
7.870900e-09
8.959411e-09
1.001757e-08
1.104506e-08
1.204160e-08
1.300692e-08
1.394078e-08
1.484298e-08
1.571334e-08
1.655168e-08
1.735789e-08
1.813185e-08
1.887349e-08
1.958275e-08
2.025960e-08
2.090404e-08
2.151608e-08
2.209577e-08
2.264319e-08
2.315842e-08
2.364158e-08
2.409282e-08
2.451229e-08
2.490019e-08
2.525672e-08
2.558212e-08
2.587663e-08
2.614054e-08
2.637414e-08
2.657774e-08
2.675168e-08
2.689632e-08
2.701203e-08
2.709920e-08
2.715825e-08
2.718960e-08
2.719370e-08
2.717102e-08
2.712202e-08
2.704721e-08
2.694708e-08
2.682218e-08
2.667303e-08
2.650018e-08
2.630419e-08
2.608564e-08
2.584512e-08
2.558322e-08
2.530055e-08
2.499773e-08
2.467538e-08
2.433413e-08
2.397463e-08
2.359753e-08
2.320348e-08
2.279315e-08
2.236719e-08
2.192630e-08
2.147113e-08
2.100237e-08
2.052071e-08
2.002682e-08
1.952140e-08
1.900513e-08
1.847871e-08
1.794281e-08
1.739814e-08
1.684537e-08
1.628520e-08
1.571830e-08
1.514537e-08
1.456706e-08
1.398407e-08
1.339706e-08
1.280669e-08
1.221363e-08
1.161853e-08
1.102203e-08
1.042478e-08
9.827413e-09
9.230553e-09
8.634818e-09
8.040820e-09
7.449160e-09
6.860428e-09
6.275207e-09
5.694070e-09
5.117578e-09
4.546283e-09
3.980723e-09
3.421430e-09
2.868918e-09
2.323694e-09
1.786250e-09
1.257066e-09
7.366114e-10
2.253394e-10
-2.763081e-10
-7.679031e-10
-1.249031e-09
-1.719292e-09
-2.178298e-09
-2.625678e-09
-3.061073e-09
-3.484139e-09
-3.894547e-09
-4.291982e-09
-4.676143e-09
-5.046747e-09
-5.403521e-09
-5.746211e-09
-6.074575e-09
-6.388388e-09
-6.687439e-09
-6.971532e-09
-7.240486e-09
-7.494135e-09
-7.732326e-09
-7.954925e-09
-8.161807e-09
-8.352868e-09
-8.528013e-09
-8.687164e-09
-8.830257e-09
-8.957244e-09
-9.068087e-09
-9.162765e-09
-9.241271e-09
-9.303609e-09
-9.349799e-09
-9.379874e-09
-9.393879e-09
-9.391873e-09
-9.373925e-09
-9.340121e-09
-9.290556e-09
-9.225337e-09
-9.144585e-09
-9.048430e-09
-8.937016e-09
-8.810496e-09
-8.669034e-09
-8.512805e-09
-8.341996e-09
-8.156800e-09
-7.957423e-09
-7.744080e-09
-7.516993e-09
-7.276397e-09
-7.022531e-09
-6.755646e-09
-6.475998e-09
-6.183853e-09
-5.879484e-09
-5.563169e-09
-5.235196e-09
-4.895857e-09
-4.545451e-09
-4.184284e-09
-3.812665e-09
-3.430911e-09
-3.039343e-09
-2.638285e-09
-2.228067e-09
-1.809024e-09
-1.381492e-09
-9.458131e-10
-5.023306e-10
-5.139154e-11
4.066547e-10
8.714565e-10
1.342660e-09
1.819911e-09
2.302851e-09
2.791125e-09
3.284372e-09
3.782234e-09
4.284352e-09
4.790367e-09
5.299919e-09
5.812651e-09
6.328204e-09
6.846223e-09
7.366351e-09
7.888236e-09
8.411525e-09
8.935869e-09
9.460919e-09
9.986332e-09
1.051176e-08
1.103688e-08
1.156133e-08
1.208480e-08
1.260694e-08
1.312745e-08
1.364598e-08
1.416223e-08
1.467589e-08
1.518663e-08
1.569417e-08
1.619819e-08
1.669841e-08
1.719453e-08
1.768627e-08
1.817335e-08
1.865550e-08
1.913244e-08
1.960392e-08
2.006968e-08
2.052947e-08
2.098305e-08
2.143017e-08
2.187060e-08
2.230412e-08
2.273051e-08
2.314956e-08
2.356105e-08
2.396479e-08
2.436058e-08
2.474825e-08
2.512760e-08
2.549847e-08
2.586068e-08
2.621409e-08
2.655853e-08
2.689386e-08
2.721995e-08
2.753665e-08
2.784386e-08
2.814144e-08
2.842929e-08
2.870730e-08
2.897537e-08
2.923342e-08
2.948137e-08
2.971913e-08
2.994663e-08
3.016382e-08
3.037064e-08
3.056703e-08
3.075296e-08
3.092839e-08
3.109329e-08
3.124763e-08
3.139140e-08
3.152460e-08
3.164721e-08
3.175923e-08
3.186069e-08
3.195159e-08
3.203194e-08
3.210179e-08
3.216117e-08
3.221010e-08
3.224864e-08
3.227683e-08
3.229474e-08
3.230242e-08
3.229993e-08
3.228736e-08
3.226478e-08
3.223226e-08
3.218990e-08
3.213778e-08
3.207602e-08
3.200469e-08
3.192392e-08
3.183381e-08
3.173448e-08
3.162604e-08
3.150863e-08
3.138235e-08
3.124736e-08
3.110377e-08
3.095173e-08
3.079139e-08
3.062288e-08
3.044636e-08
3.026198e-08
3.006989e-08
2.987025e-08
2.966323e-08
2.944898e-08
2.922768e-08
2.899948e-08
2.876457e-08
2.852312e-08
2.827530e-08
2.802129e-08
2.776128e-08
2.749544e-08
2.722395e-08
2.694701e-08
2.666480e-08
2.637750e-08
2.608532e-08
2.578843e-08
2.548703e-08
2.518131e-08
2.487147e-08
2.455770e-08
2.424019e-08
2.391915e-08
2.359476e-08
2.326723e-08
2.293675e-08
2.260352e-08
2.226773e-08
2.192958e-08
2.158927e-08
2.124699e-08
2.090294e-08
2.055732e-08
2.021032e-08
1.986213e-08
1.951295e-08
1.916297e-08
1.881239e-08
1.846138e-08
1.811016e-08
1.775889e-08
1.740778e-08
1.705700e-08
1.670674e-08
1.635719e-08
1.600852e-08
1.566092e-08
1.531457e-08
1.496963e-08
1.462629e-08
1.428472e-08
1.394508e-08
1.360756e-08
1.327231e-08
1.293949e-08
1.260928e-08
1.228183e-08
1.195730e-08
1.163584e-08
1.131760e-08
1.100274e-08
1.069141e-08
1.038373e-08
1.007987e-08
9.779958e-09
9.484127e-09
9.192514e-09
8.905250e-09
8.622460e-09
8.344270e-09
8.070802e-09
7.802174e-09
7.538500e-09
7.279893e-09
7.026463e-09
6.778313e-09
6.535548e-09
6.298266e-09
6.066562e-09
5.840530e-09
5.620257e-09
5.405830e-09
5.197331e-09
4.994839e-09
4.798428e-09
4.608171e-09
4.424136e-09
4.246387e-09
4.074986e-09
3.909990e-09
3.751453e-09
3.599426e-09
3.453956e-09
3.315085e-09
3.182854e-09
3.057299e-09
2.938452e-09
2.826343e-09
2.720995e-09
2.622432e-09
2.530672e-09
2.445728e-09
2.367612e-09
2.296332e-09
2.231891e-09
2.174289e-09
2.123524e-09
2.079588e-09
2.042472e-09
2.012162e-09
1.988640e-09
1.971887e-09
1.961878e-09
1.958586e-09
1.961980e-09
1.972027e-09
1.988689e-09
2.011926e-09
2.041694e-09
2.077945e-09
2.120631e-09
2.169698e-09
2.225089e-09
2.286746e-09
2.354607e-09
2.428605e-09
2.508674e-09
2.594742e-09
2.686735e-09
2.784578e-09
2.888191e-09
2.997492e-09
3.112398e-09
3.232820e-09
3.358672e-09
3.489859e-09
3.626289e-09
3.767866e-09
3.914490e-09
4.066061e-09
4.222477e-09
4.383632e-09
4.549420e-09
4.719733e-09
4.894459e-09
5.073487e-09
5.256704e-09
5.443993e-09
5.635238e-09
5.830320e-09
6.029120e-09
6.231516e-09
6.437387e-09
6.646608e-09
6.859056e-09
7.074604e-09
7.293127e-09
7.514498e-09
7.738587e-09
7.965267e-09
8.194409e-09
8.425882e-09
8.659556e-09
8.895301e-09
9.132985e-09
9.372479e-09
9.613650e-09
9.856367e-09
1.010050e-08
1.034592e-08
1.059249e-08
1.084008e-08
1.108856e-08
1.133781e-08
1.158769e-08
1.183808e-08
1.208884e-08
1.233985e-08
1.259098e-08
1.284211e-08
1.309312e-08
1.334387e-08
1.359425e-08
1.384413e-08
1.409339e-08
1.434193e-08
1.458961e-08
1.483632e-08
1.508195e-08
1.532638e-08
1.556951e-08
1.581122e-08
1.605140e-08
1.628996e-08
1.652678e-08
1.676176e-08
1.699480e-08
1.722580e-08
1.745467e-08
1.768131e-08
1.790563e-08
1.812754e-08
1.834695e-08
1.856378e-08
1.877794e-08
1.898934e-08
1.919793e-08
1.940360e-08
1.960630e-08
1.980595e-08
2.000248e-08
2.019582e-08
2.038591e-08
2.057270e-08
2.075611e-08
2.093610e-08
2.111260e-08
2.128558e-08
2.145497e-08
2.162074e-08
2.178283e-08
2.194122e-08
2.209586e-08
2.224672e-08
2.239375e-08
2.253694e-08
2.267626e-08
2.281167e-08
2.294316e-08
2.307071e-08
2.319430e-08
2.331391e-08
2.342954e-08
2.354117e-08
2.364880e-08
2.375241e-08
2.385202e-08
2.394761e-08
2.403920e-08
2.412679e-08
2.421037e-08
2.428998e-08
2.436561e-08
2.443728e-08
2.450500e-08
2.456880e-08
2.462870e-08
2.468472e-08
2.473689e-08
2.478523e-08
2.482977e-08
2.487054e-08
2.490759e-08
2.494093e-08
2.497061e-08
2.499668e-08
2.501916e-08
2.503811e-08
2.505356e-08
2.506556e-08
2.507417e-08
2.507942e-08
2.508138e-08
2.508008e-08
2.507560e-08
2.506798e-08
2.505727e-08
2.504354e-08
2.502685e-08
2.500725e-08
2.498480e-08
2.495958e-08
2.493164e-08
2.490105e-08
2.486787e-08
2.483218e-08
2.479403e-08
2.475350e-08
2.471065e-08
2.466556e-08
2.461830e-08
2.456893e-08
2.451754e-08
2.446419e-08
2.440895e-08
2.435191e-08
2.429313e-08
2.423268e-08
2.417066e-08
2.410712e-08
2.404214e-08
2.397581e-08
2.390819e-08
2.383936e-08
2.376941e-08
2.369840e-08
2.362641e-08
2.355352e-08
2.347980e-08
2.340534e-08
2.333020e-08
2.325446e-08
2.317821e-08
2.310150e-08
2.302443e-08
2.294707e-08
2.286948e-08
2.279175e-08
2.271394e-08
2.263614e-08
2.255841e-08
2.248083e-08
2.240346e-08
2.232639e-08
2.224968e-08
2.217340e-08
2.209762e-08
2.202241e-08
2.194784e-08
2.187398e-08
2.180088e-08
2.172862e-08
2.165726e-08
2.158687e-08
2.151751e-08
2.144923e-08
2.138211e-08
2.131620e-08
2.125156e-08
2.118825e-08
2.112632e-08
2.106583e-08
2.100684e-08
2.094940e-08
2.089356e-08
2.083937e-08
2.078688e-08
2.073614e-08
2.068719e-08
2.064009e-08
2.059488e-08
2.055160e-08
2.051029e-08
2.047099e-08
2.043374e-08
2.039858e-08
2.036555e-08
2.033467e-08
2.030599e-08
2.027953e-08
2.025532e-08
2.023339e-08
2.021378e-08
2.019649e-08
2.018156e-08
2.016901e-08
2.015886e-08
2.015112e-08
2.014582e-08
2.014297e-08
2.014258e-08
2.014466e-08
2.014923e-08
2.015629e-08
2.016585e-08
2.017791e-08
2.019248e-08
2.020956e-08
2.022915e-08
2.025124e-08
2.027583e-08
2.030292e-08
2.033249e-08
2.036455e-08
2.039907e-08
2.043605e-08
2.047547e-08
2.051731e-08
2.056156e-08
2.060819e-08
2.065719e-08
2.070853e-08
2.076219e-08
2.081814e-08
2.087635e-08
2.093679e-08
2.099943e-08
2.106424e-08
2.113118e-08
2.120022e-08
2.127131e-08
2.134443e-08
2.141952e-08
2.149654e-08
2.157546e-08
2.165622e-08
2.173879e-08
2.182310e-08
2.190911e-08
2.199678e-08
2.208604e-08
2.217685e-08
2.226915e-08
2.236288e-08
2.245800e-08
2.255443e-08
2.265213e-08
2.275102e-08
2.285106e-08
2.295218e-08
2.305432e-08
2.315740e-08
2.326138e-08
2.336618e-08
2.347174e-08
2.357800e-08
2.368488e-08
2.379231e-08
2.390024e-08
2.400859e-08
2.411730e-08
2.422629e-08
2.433550e-08
2.444486e-08
2.455429e-08
2.466373e-08
2.477311e-08
2.488236e-08
2.499141e-08
2.510020e-08
2.520864e-08
2.531667e-08
2.542423e-08
2.553125e-08
2.563765e-08
2.574338e-08
2.584836e-08
2.595252e-08
2.605581e-08
2.615816e-08
2.625950e-08
2.635977e-08
2.645890e-08
2.655685e-08
2.665353e-08
2.674890e-08
2.684290e-08
2.693546e-08
2.702654e-08
2.711607e-08
2.720400e-08
2.729028e-08
2.737486e-08
2.745768e-08
2.753871e-08
2.761788e-08
2.769515e-08
2.777049e-08
2.784384e-08
2.791516e-08
2.798442e-08
2.805157e-08
2.811658e-08
2.817941e-08
2.824004e-08
2.829841e-08
2.835452e-08
2.840832e-08
2.845980e-08
2.850892e-08
2.855567e-08
2.860001e-08
2.864194e-08
2.868143e-08
2.871846e-08
2.875303e-08
2.878512e-08
2.881472e-08
2.884182e-08
2.886641e-08
2.888849e-08
2.890805e-08
2.892510e-08
2.893962e-08
2.895163e-08
2.896112e-08
2.896810e-08
2.897258e-08
2.897457e-08
2.897407e-08
2.897110e-08
2.896566e-08
2.895778e-08
2.894747e-08
2.893475e-08
2.891964e-08
2.890215e-08
2.888231e-08
2.886015e-08
2.883569e-08
2.880894e-08
2.877995e-08
2.874874e-08
2.871534e-08
2.867978e-08
2.864209e-08
2.860231e-08
2.856047e-08
2.851660e-08
2.847074e-08
2.842293e-08
2.837320e-08
2.832160e-08
2.826816e-08
2.821293e-08
2.815593e-08
2.809723e-08
2.803685e-08
2.797483e-08
2.791123e-08
2.784609e-08
2.777944e-08
2.771134e-08
2.764182e-08
2.757094e-08
2.749873e-08
2.742524e-08
2.735052e-08
2.727460e-08
2.719755e-08
2.711939e-08
2.704018e-08
2.695996e-08
2.687878e-08
2.679667e-08
2.671369e-08
2.662987e-08
2.654527e-08
2.645992e-08
2.637387e-08
2.628715e-08
2.619982e-08
2.611191e-08
2.602347e-08
2.593452e-08
2.584512e-08
2.575531e-08
2.566511e-08
2.557457e-08
2.548373e-08
2.539263e-08
2.530129e-08
2.520975e-08
2.511805e-08
2.502622e-08
2.493430e-08
2.484231e-08
2.475029e-08
2.465826e-08
2.456625e-08
2.447430e-08
2.438243e-08
2.429067e-08
2.419904e-08
2.410757e-08
2.401627e-08
2.392519e-08
2.383432e-08
2.374371e-08
2.365336e-08
2.356330e-08
2.347354e-08
2.338410e-08
2.329500e-08
2.320626e-08
2.311788e-08
2.302989e-08
2.294229e-08
2.285510e-08
2.276833e-08
2.268199e-08
2.259609e-08
2.251063e-08
2.242564e-08
2.234110e-08
2.225703e-08
2.217345e-08
2.209034e-08
2.200771e-08
2.192558e-08
2.184394e-08
2.176279e-08
2.168214e-08
2.160198e-08
2.152233e-08
2.144317e-08
2.136451e-08
2.128635e-08
2.120869e-08
2.113151e-08
2.105483e-08
2.097864e-08
2.090293e-08
2.082771e-08
2.075296e-08
2.067869e-08
2.060488e-08
2.053155e-08
2.045867e-08
2.038624e-08
2.031426e-08
2.024273e-08
2.017163e-08
2.010096e-08
2.003072e-08
1.996090e-08
1.989148e-08
1.982248e-08
1.975387e-08
1.968565e-08
1.961782e-08
1.955036e-08
1.948328e-08
1.941656e-08
1.935020e-08
1.928420e-08
1.921853e-08
1.915321e-08
1.908822e-08
1.902355e-08
1.895920e-08
1.889517e-08
1.883144e-08
1.876802e-08
1.870489e-08
1.864205e-08
1.857950e-08
1.851722e-08
1.845522e-08
1.839349e-08
1.833203e-08
1.827083e-08
1.820988e-08
1.814918e-08
1.808874e-08
1.802853e-08
1.796857e-08
1.790885e-08
1.784936e-08
1.779010e-08
1.773107e-08
1.767227e-08
1.761369e-08
1.755533e-08
1.749719e-08
1.743927e-08
1.738157e-08
1.732408e-08
1.726680e-08
1.720974e-08
1.715288e-08
1.709624e-08
1.703980e-08
1.698358e-08
1.692756e-08
1.687175e-08
1.681615e-08
1.676076e-08
1.670557e-08
1.665060e-08
1.659583e-08
1.654126e-08
1.648691e-08
1.643277e-08
1.637883e-08
1.632511e-08
1.627159e-08
1.621829e-08
1.616520e-08
1.611232e-08
1.605965e-08
1.600720e-08
1.595496e-08
1.590293e-08
1.585112e-08
1.579953e-08
1.574815e-08
1.569699e-08
1.564604e-08
1.559532e-08
1.554481e-08
1.549452e-08
1.544444e-08
1.539459e-08
1.534495e-08
1.529554e-08
1.524634e-08
1.519736e-08
1.514859e-08
1.510005e-08
1.505172e-08
1.500360e-08
1.495571e-08
1.490802e-08
1.486056e-08
1.481330e-08
1.476626e-08
1.471942e-08
1.467280e-08
1.462639e-08
1.458018e-08
1.453417e-08
1.448837e-08
1.444277e-08
1.439737e-08
1.435217e-08
1.430717e-08
1.426235e-08
1.421773e-08
1.417330e-08
1.412905e-08
1.408499e-08
1.404111e-08
1.399740e-08
1.395388e-08
1.391052e-08
1.386734e-08
1.382433e-08
1.378148e-08
1.373879e-08
1.369626e-08
1.365389e-08
1.361167e-08
1.356960e-08
1.352768e-08
1.348591e-08
1.344427e-08
1.340278e-08
1.336142e-08
1.332019e-08
1.327910e-08
1.323813e-08
1.319728e-08
1.315656e-08
1.311596e-08
1.307547e-08
1.303510e-08
1.299484e-08
1.295469e-08
1.291465e-08
1.287471e-08
1.283488e-08
1.279514e-08
1.275551e-08
1.271597e-08
1.267653e-08
1.263719e-08
1.259793e-08
1.255877e-08
1.251970e-08
1.248072e-08
1.244183e-08
1.240302e-08
1.236430e-08
1.232567e-08
1.228713e-08
1.224867e-08
1.221030e-08
1.217201e-08
1.213382e-08
1.209570e-08
1.205768e-08
1.201974e-08
1.198190e-08
1.194414e-08
1.190647e-08
1.186890e-08
1.183142e-08
1.179404e-08
1.175675e-08
1.171956e-08
1.168247e-08
1.164548e-08
1.160860e-08
1.157183e-08
1.153516e-08
1.149860e-08
1.146216e-08
1.142584e-08
1.138963e-08
1.135355e-08
1.131759e-08
1.128176e-08
1.124606e-08
1.121049e-08
1.117506e-08
1.113977e-08
1.110462e-08
1.106961e-08
1.103476e-08
1.100006e-08
1.096551e-08
1.093112e-08
1.089689e-08
1.086283e-08
1.082893e-08
1.079520e-08
1.076164e-08
1.072826e-08
1.069506e-08
1.066204e-08
1.062920e-08
1.059655e-08
1.056408e-08
1.053181e-08
1.049973e-08
1.046784e-08
1.043614e-08
1.040465e-08
1.037335e-08
1.034225e-08
1.031135e-08
1.028066e-08
1.025016e-08
1.021987e-08
1.018978e-08
1.015989e-08
1.013020e-08
1.010072e-08
1.007143e-08
1.004235e-08
1.001346e-08
9.984767e-09
9.956268e-09
9.927962e-09
9.899844e-09
9.871913e-09
9.844165e-09
9.816596e-09
9.789203e-09
9.761982e-09
9.734927e-09
9.708035e-09
9.681300e-09
9.654717e-09
9.628279e-09
9.601981e-09
9.575815e-09
9.549776e-09
9.523856e-09
9.498047e-09
9.472342e-09
9.446731e-09
9.421208e-09
9.395761e-09
9.370384e-09
9.345064e-09
9.319794e-09
9.294562e-09
9.269357e-09
9.244169e-09
9.218987e-09
9.193798e-09
9.168591e-09
9.143354e-09
9.118074e-09
9.092739e-09
9.067334e-09
9.041847e-09
9.016265e-09
8.990572e-09
8.964756e-09
8.938801e-09
8.912694e-09
8.886418e-09
8.859960e-09
8.833303e-09
8.806433e-09
8.779334e-09
8.751989e-09
8.724384e-09
8.696502e-09
8.668327e-09
8.639843e-09
8.611033e-09
8.581880e-09
8.552370e-09
8.522484e-09
8.492206e-09
8.461521e-09
8.430411e-09
8.398859e-09
8.366850e-09
8.334368e-09
8.301394e-09
8.267915e-09
8.233912e-09
8.199371e-09
8.164276e-09
8.128611e-09
8.092360e-09
8.055509e-09
8.018042e-09
7.979945e-09
7.941203e-09
7.901802e-09
7.861728e-09
7.820968e-09
7.779508e-09
7.737335e-09
7.694438e-09
7.650804e-09
7.606421e-09
7.561279e-09
7.515366e-09
7.468672e-09
7.421188e-09
7.372904e-09
7.323811e-09
7.273903e-09
7.223169e-09
7.171605e-09
7.119203e-09
7.065957e-09
7.011863e-09
6.956915e-09
6.901110e-09
6.844445e-09
6.786917e-09
6.728523e-09
6.669264e-09
6.609137e-09
6.548144e-09
6.486286e-09
6.423564e-09
6.359981e-09
6.295539e-09
6.230244e-09
6.164098e-09
6.097109e-09
6.029282e-09
5.960624e-09
5.891144e-09
5.820849e-09
5.749749e-09
5.677855e-09
5.605176e-09
5.531726e-09
5.457516e-09
5.382559e-09
5.306870e-09
5.230464e-09
5.153356e-09
5.075561e-09
4.997099e-09
4.917985e-09
4.838238e-09
4.757878e-09
4.676925e-09
4.595399e-09
4.513320e-09
4.430712e-09
4.347597e-09
4.263996e-09
4.179936e-09
4.095438e-09
4.010530e-09
3.925234e-09
3.839579e-09
3.753589e-09
3.667292e-09
3.580716e-09
3.493887e-09
3.406834e-09
3.319585e-09
3.232169e-09
3.144616e-09
3.056955e-09
2.969214e-09
2.881425e-09
2.793618e-09
2.705822e-09
2.618068e-09
2.530387e-09
2.442808e-09
2.355364e-09
2.268084e-09
2.180999e-09
2.094139e-09
2.007536e-09
1.921219e-09
1.835218e-09
1.749565e-09
1.664287e-09
1.579416e-09
1.494979e-09
1.411007e-09
1.327528e-09
1.244569e-09
1.162159e-09
1.080325e-09
9.990942e-10
9.184921e-10
8.385450e-10
7.592780e-10
6.807157e-10
6.028821e-10
5.258005e-10
4.494935e-10
3.739829e-10
2.992900e-10
2.254352e-10
1.524379e-10
8.031704e-11
9.090474e-12
-6.122472e-11
-1.306124e-10
-1.990572e-10
-2.665448e-10
-3.330619e-10
-3.985959e-10
-4.631354e-10
-5.266699e-10
-5.891898e-10
-6.506867e-10
-7.111532e-10
-7.705828e-10
-8.289700e-10
-8.863106e-10
-9.426013e-10
-9.978397e-10
-1.052025e-09
-1.105156e-09
-1.157235e-09
-1.208263e-09
-1.258244e-09
-1.307181e-09
-1.355079e-09
-1.401945e-09
-1.447786e-09
-1.492609e-09
-1.536425e-09
-1.579243e-09
-1.621074e-09
-1.661930e-09
-1.701825e-09
-1.740772e-09
-1.778785e-09
-1.815881e-09
-1.852077e-09
-1.887388e-09
-1.921834e-09
-1.955434e-09
-1.988206e-09
-2.020172e-09
-2.051352e-09
-2.081767e-09
-2.111442e-09
-2.140397e-09
-2.168656e-09
-2.196244e-09
-2.223185e-09
-2.249503e-09
-2.275224e-09
-2.300373e-09
-2.324976e-09
-2.349060e-09
-2.372651e-09
-2.395776e-09
-2.418461e-09
-2.440733e-09
-2.462619e-09
-2.484146e-09
-2.505342e-09
-2.526234e-09
-2.546847e-09
-2.567209e-09
-2.587347e-09
-2.607287e-09
-2.627054e-09
-2.646676e-09
-2.666176e-09
-2.685581e-09
-2.704915e-09
-2.724203e-09
-2.743467e-09
-2.762731e-09
-2.782018e-09
-2.801350e-09
-2.820747e-09
-2.840231e-09
-2.859822e-09
-2.879538e-09
-2.899398e-09
-2.919420e-09
-2.939621e-09
-2.960015e-09
-2.980619e-09
-3.001446e-09
-3.022509e-09
-3.043821e-09
-3.065392e-09
-3.087232e-09
-3.109351e-09
-3.131757e-09
-3.154456e-09
-3.177455e-09
-3.200757e-09
-3.224368e-09
-3.248288e-09
-3.272521e-09
-3.297065e-09
-3.321920e-09
-3.347084e-09
-3.372554e-09
-3.398326e-09
-3.424394e-09
-3.450751e-09
-3.477391e-09
-3.504304e-09
-3.531480e-09
-3.558908e-09
-3.586577e-09
-3.614473e-09
-3.642582e-09
-3.670889e-09
-3.699377e-09
-3.728030e-09
-3.756829e-09
-3.785755e-09
-3.814788e-09
-3.843908e-09
-3.873091e-09
-3.902317e-09
-3.931561e-09
-3.960799e-09
-3.990006e-09
-4.019157e-09
-4.048225e-09
-4.077184e-09
-4.106006e-09
-4.134663e-09
-4.163126e-09
-4.191367e-09
-4.219355e-09
-4.247062e-09
-4.274457e-09
-4.301510e-09
-4.328190e-09
-4.354466e-09
-4.380306e-09
-4.405681e-09
-4.430559e-09
-4.454907e-09
-4.478696e-09
-4.501895e-09
-4.524471e-09
-4.546394e-09
-4.567634e-09
-4.588159e-09
-4.607941e-09
-4.626949e-09
-4.645154e-09
-4.662527e-09
-4.679039e-09
-4.694662e-09
-4.709370e-09
-4.723134e-09
-4.735930e-09
-4.747732e-09
-4.758515e-09
-4.768254e-09
-4.776928e-09
-4.784512e-09
-4.790987e-09
-4.796331e-09
-4.800525e-09
-4.803550e-09
-4.805388e-09
-4.806023e-09
-4.805438e-09
-4.803620e-09
-4.800555e-09
-4.796231e-09
-4.790635e-09
-4.783759e-09
-4.775593e-09
-4.766130e-09
-4.755363e-09
-4.743286e-09
-4.729896e-09
-4.715190e-09
-4.699165e-09
-4.681823e-09
-4.663163e-09
-4.643187e-09
-4.621900e-09
-4.599304e-09
-4.575408e-09
-4.550216e-09
-4.523738e-09
-4.495984e-09
-4.466963e-09
-4.436688e-09
-4.405172e-09
-4.372429e-09
-4.338474e-09
-4.303324e-09
-4.266997e-09
-4.229512e-09
-4.190887e-09
-4.151145e-09
-4.110306e-09
-4.068394e-09
-4.025433e-09
-3.981447e-09
-3.936462e-09
-3.890504e-09
-3.843601e-09
-3.795781e-09
-3.747073e-09
-3.697506e-09
-3.647111e-09
-3.595919e-09
-3.543962e-09
-3.491271e-09
-3.437880e-09
-3.383821e-09
-3.329129e-09
-3.273838e-09
-3.217981e-09
-3.161595e-09
-3.104714e-09
-3.047373e-09
-2.989609e-09
-2.931456e-09
-2.872952e-09
-2.814131e-09
-2.755031e-09
-2.695687e-09
-2.636134e-09
-2.576410e-09
-2.516550e-09
-2.456590e-09
-2.396564e-09
-2.336509e-09
-2.276459e-09
-2.216450e-09
-2.156514e-09
-2.096687e-09
-2.037002e-09
-1.977491e-09
-1.918188e-09
-1.859124e-09
-1.800331e-09
-1.741840e-09
-1.683681e-09
-1.625884e-09
-1.568478e-09
-1.511490e-09
-1.454950e-09
-1.398883e-09
-1.343316e-09
-1.288273e-09
-1.233781e-09
-1.179861e-09
-1.126537e-09
-1.073832e-09
-1.021765e-09
-9.703585e-10
-9.196305e-10
-8.695998e-10
-8.202841e-10
-7.717001e-10
-7.238634e-10
-6.767890e-10
-6.304909e-10
-5.849820e-10
-5.402744e-10
-4.963793e-10
-4.533070e-10
-4.110668e-10
-3.696673e-10
-3.291159e-10
-2.894195e-10
-2.505837e-10
-2.126135e-10
-1.755131e-10
-1.392857e-10
-1.039338e-10
-6.945896e-11
-3.586209e-11
-3.143256e-12
2.869819e-11
5.966363e-11
8.975517e-11
1.189756e-10
1.473283e-10
1.748174e-10
2.014476e-10
2.272242e-10
2.521530e-10
2.762404e-10
2.994932e-10
3.219189e-10
3.435253e-10
3.643206e-10
3.843134e-10
4.035128e-10
4.219282e-10
4.395691e-10
4.564455e-10
4.725676e-10
4.879458e-10
5.025907e-10
5.165131e-10
5.297239e-10
5.422340e-10
5.540545e-10
5.651966e-10
5.756714e-10
5.854900e-10
5.946634e-10
6.032028e-10
6.111190e-10
6.184230e-10
6.251252e-10
6.312364e-10
6.367667e-10
6.417263e-10
6.461252e-10
6.499728e-10
6.532786e-10
6.560516e-10
6.583006e-10
6.600339e-10
6.612597e-10
6.619856e-10
6.622189e-10
6.619667e-10
6.612353e-10
6.600310e-10
6.583593e-10
6.562256e-10
6.536347e-10
6.505909e-10
6.470981e-10
6.431598e-10
6.387789e-10
6.339580e-10
6.286990e-10
6.230036e-10
6.168729e-10
6.103075e-10
6.033077e-10
5.958731e-10
5.880031e-10
5.796964e-10
5.709515e-10
5.617664e-10
5.521387e-10
5.420654e-10
5.315435e-10
5.205692e-10
5.091386e-10
