1.416195e-05
1.417199e-05
1.417988e-05
1.418561e-05
1.418918e-05
1.419059e-05
1.418985e-05
1.418695e-05
1.418190e-05
1.417469e-05
1.416535e-05
1.415386e-05
1.414024e-05
1.412449e-05
1.410662e-05
1.408665e-05
1.406457e-05
1.404040e-05
1.401415e-05
1.398584e-05
1.395547e-05
1.392307e-05
1.388863e-05
1.385219e-05
1.381376e-05
1.377335e-05
1.373098e-05
1.368667e-05
1.364045e-05
1.359232e-05
1.354231e-05
1.349045e-05
1.343675e-05
1.338124e-05
1.332394e-05
1.326487e-05
1.320407e-05
1.314155e-05
1.307734e-05
1.301148e-05
1.294398e-05
1.287487e-05
1.280418e-05
1.273195e-05
1.265820e-05
1.258295e-05
1.250625e-05
1.242812e-05
1.234859e-05
1.226770e-05
1.218548e-05
1.210195e-05
1.201715e-05
1.193112e-05
1.184389e-05
1.175549e-05
1.166595e-05
1.157532e-05
1.148361e-05
1.139088e-05
1.129715e-05
1.120246e-05
1.110684e-05
1.101033e-05
1.091297e-05
1.081479e-05
1.071582e-05
1.061610e-05
1.051567e-05
1.041456e-05
1.031281e-05
1.021045e-05
1.010752e-05
1.000406e-05
9.900091e-06
9.795661e-06
9.690802e-06
9.585548e-06
9.479935e-06
9.373996e-06
9.267768e-06
9.161283e-06
9.054576e-06
8.947682e-06
8.840633e-06
8.733463e-06
8.626206e-06
8.518893e-06
8.411558e-06
8.304233e-06
8.196948e-06
8.089737e-06
7.982630e-06
7.875657e-06
7.768850e-06
7.662237e-06
7.555849e-06
7.449714e-06
7.343861e-06
7.238319e-06
7.133115e-06
7.028276e-06
6.923829e-06
6.819800e-06
6.716216e-06
6.613101e-06
6.510480e-06
6.408378e-06
6.306817e-06
6.205823e-06
6.105416e-06
6.005619e-06
5.906455e-06
5.807943e-06
5.710104e-06
5.612958e-06
5.516525e-06
5.420823e-06
5.325870e-06
5.231685e-06
5.138283e-06
5.045683e-06
4.953898e-06
4.862946e-06
4.772840e-06
4.683595e-06
4.595224e-06
4.507740e-06
4.421156e-06
4.335484e-06
4.250735e-06
4.166919e-06
4.084047e-06
4.002129e-06
3.921173e-06
3.841188e-06
3.762182e-06
3.684162e-06
3.607135e-06
3.531108e-06
3.456086e-06
3.382074e-06
3.309077e-06
3.237100e-06
3.166146e-06
3.096217e-06
3.027318e-06
2.959450e-06
2.892615e-06
2.826813e-06
2.762047e-06
2.698315e-06
2.635619e-06
2.573956e-06
2.513328e-06
2.453731e-06
2.395164e-06
2.337624e-06
2.281110e-06
2.225618e-06
2.171143e-06
2.117684e-06
2.065235e-06
2.013791e-06
1.963349e-06
1.913902e-06
1.865444e-06
1.817971e-06
1.771475e-06
1.725951e-06
1.681391e-06
1.637788e-06
1.595135e-06
1.553424e-06
1.512648e-06
1.472797e-06
1.433864e-06
1.395840e-06
1.358716e-06
1.322483e-06
1.287132e-06
1.252654e-06
1.219038e-06
1.186275e-06
1.154355e-06
1.123268e-06
1.093003e-06
1.063550e-06
1.034899e-06
1.007039e-06
9.799595e-07
9.536488e-07
9.280964e-07
9.032913e-07
8.792223e-07
8.558781e-07
8.332476e-07
8.113194e-07
7.900821e-07
7.695242e-07
7.496344e-07
7.304012e-07
7.118130e-07
6.938584e-07
6.765258e-07
6.598037e-07
6.436806e-07
6.281450e-07
6.131854e-07
5.987903e-07
5.849483e-07
5.716481e-07
5.588782e-07
5.466273e-07
5.348842e-07
5.236378e-07
5.128767e-07
5.025900e-07
4.927667e-07
4.833957e-07
4.744664e-07
4.659677e-07
4.578892e-07
4.502201e-07
4.429500e-07
4.360685e-07
4.295651e-07
4.234298e-07
4.176524e-07
4.122229e-07
4.071313e-07
4.023680e-07
3.979233e-07
3.937875e-07
3.899513e-07
3.864054e-07
3.831405e-07
3.801476e-07
3.774178e-07
3.749422e-07
3.727123e-07
3.707193e-07
3.689549e-07
3.674108e-07
3.660788e-07
3.649510e-07
3.640194e-07
3.632762e-07
3.627138e-07
3.623248e-07
3.621018e-07
3.620375e-07
3.621249e-07
3.623570e-07
3.627270e-07
3.632283e-07
3.638542e-07
3.645983e-07
3.654544e-07
3.664164e-07
3.674782e-07
3.686338e-07
3.698777e-07
3.712041e-07
3.726075e-07
3.740827e-07
3.756242e-07
3.772271e-07
3.788863e-07
3.805970e-07
3.823545e-07
3.841540e-07
3.859912e-07
3.878616e-07
3.897611e-07
3.916853e-07
3.936304e-07
3.955923e-07
3.975674e-07
3.995519e-07
4.015422e-07
4.035350e-07
4.055267e-07
4.075142e-07
4.094943e-07
4.114639e-07
4.134202e-07
4.153603e-07
4.172814e-07
4.191809e-07
4.210562e-07
4.229050e-07
4.247247e-07
4.265131e-07
4.282682e-07
4.299877e-07
4.316696e-07
4.333121e-07
4.349132e-07
4.364713e-07
4.379847e-07
4.394518e-07
4.408709e-07
4.422408e-07
4.435601e-07
4.448274e-07
4.460415e-07
4.472013e-07
4.483058e-07
4.493538e-07
4.503445e-07
4.512769e-07
4.521504e-07
4.529640e-07
4.537172e-07
4.544092e-07
4.550397e-07
4.556079e-07
4.561135e-07
4.565560e-07
4.569352e-07
4.572507e-07
4.575024e-07
4.576899e-07
4.578132e-07
4.578721e-07
4.578667e-07
4.577969e-07
4.576628e-07
4.574645e-07
4.572021e-07
4.568757e-07
4.564857e-07
4.560322e-07
4.555155e-07
4.549360e-07
4.542941e-07
4.535901e-07
4.528245e-07
4.519978e-07
4.511104e-07
4.501629e-07
4.491559e-07
4.480900e-07
4.469658e-07
4.457839e-07
4.445450e-07
4.432499e-07
4.418993e-07
4.404939e-07
4.390345e-07
4.375219e-07
4.359570e-07
4.343405e-07
4.326734e-07
4.309566e-07
4.291909e-07
4.273773e-07
4.255166e-07
4.236100e-07
4.216583e-07
4.196626e-07
4.176238e-07
4.155429e-07
4.134210e-07
4.112591e-07
4.090583e-07
4.068197e-07
4.045442e-07
4.022330e-07
3.998871e-07
3.975077e-07
3.950959e-07
3.926527e-07
3.901793e-07
3.876767e-07
3.851462e-07
3.825889e-07
3.800057e-07
3.773980e-07
3.747668e-07
3.721132e-07
3.694384e-07
3.667435e-07
3.640297e-07
3.612980e-07
3.585496e-07
3.557856e-07
3.530071e-07
3.502152e-07
3.474111e-07
3.445959e-07
3.417706e-07
3.389363e-07
3.360941e-07
3.332452e-07
3.303904e-07
3.275311e-07
3.246681e-07
3.218025e-07
3.189353e-07
3.160676e-07
3.132004e-07
3.103347e-07
3.074714e-07
3.046116e-07
3.017561e-07
2.989060e-07
2.960622e-07
2.932256e-07
2.903970e-07
2.875775e-07
2.847679e-07
2.819690e-07
2.791817e-07
2.764068e-07
2.736452e-07
2.708975e-07
2.681647e-07
2.654475e-07
2.627466e-07
2.600627e-07
2.573967e-07
2.547490e-07
2.521205e-07
2.495118e-07
2.469236e-07
2.443564e-07
2.418108e-07
2.392875e-07
2.367870e-07
2.343098e-07
2.318565e-07
2.294276e-07
2.270235e-07
2.246448e-07
2.222918e-07
2.199651e-07
2.176649e-07
2.153918e-07
2.131461e-07
2.109280e-07
2.087381e-07
2.065764e-07
2.044435e-07
2.023395e-07
2.002647e-07
1.982192e-07
1.962035e-07
1.942175e-07
1.922616e-07
1.903358e-07
1.884404e-07
1.865754e-07
1.847409e-07
1.829370e-07
1.811639e-07
1.794215e-07
1.777098e-07
1.760290e-07
1.743790e-07
1.727597e-07
1.711712e-07
1.696134e-07
1.680863e-07
1.665897e-07
1.651235e-07
1.636878e-07
1.622822e-07
1.609068e-07
1.595612e-07
1.582455e-07
1.569593e-07
1.557026e-07
1.544750e-07
1.532764e-07
1.521066e-07
1.509652e-07
1.498521e-07
1.487670e-07
1.477096e-07
1.466797e-07
1.456768e-07
1.447008e-07
1.437513e-07
1.428279e-07
1.419305e-07
1.410585e-07
1.402117e-07
1.393897e-07
1.385922e-07
1.378187e-07
1.370690e-07
1.363426e-07
1.356391e-07
1.349581e-07
1.342993e-07
1.336623e-07
1.330466e-07
1.324518e-07
1.318775e-07
1.313234e-07
1.307889e-07
1.302737e-07
1.297773e-07
1.292993e-07
1.288394e-07
1.283969e-07
1.279717e-07
1.275631e-07
1.271708e-07
1.267943e-07
1.264332e-07
1.260872e-07
1.257556e-07
1.254383e-07
1.251346e-07
1.248442e-07
1.245667e-07
1.243016e-07
1.240485e-07
1.238071e-07
1.235769e-07
1.233575e-07
1.231484e-07
1.229494e-07
1.227600e-07
1.225798e-07
1.224084e-07
1.222454e-07
1.220905e-07
1.219433e-07
1.218035e-07
1.216705e-07
1.215442e-07
1.214241e-07
1.213100e-07
1.212014e-07
1.210980e-07
1.209995e-07
1.209056e-07
1.208159e-07
1.207302e-07
1.206481e-07
1.205693e-07
1.204936e-07
1.204207e-07
1.203502e-07
1.202819e-07
1.202156e-07
1.201510e-07
1.200878e-07
1.200257e-07
1.199647e-07
1.199043e-07
1.198444e-07
1.197848e-07
1.197252e-07
1.196655e-07
1.196054e-07
1.195448e-07
1.194834e-07
1.194212e-07
1.193578e-07
1.192933e-07
1.192273e-07
1.191597e-07
1.190904e-07
1.190193e-07
1.189462e-07
1.188710e-07
1.187935e-07
1.187137e-07
1.186314e-07
1.185466e-07
1.184591e-07
1.183688e-07
1.182757e-07
1.181796e-07
1.180806e-07
1.179784e-07
1.178732e-07
1.177647e-07
1.176529e-07
1.175378e-07
1.174194e-07
1.172976e-07
1.171723e-07
1.170435e-07
1.169113e-07
1.167755e-07
1.166361e-07
1.164932e-07
1.163467e-07
1.161966e-07
1.160429e-07
1.158856e-07
1.157247e-07
1.155602e-07
1.153922e-07
1.152205e-07
1.150453e-07
1.148666e-07
1.146843e-07
1.144985e-07
1.143092e-07
1.141165e-07
1.139203e-07
1.137208e-07
1.135178e-07
1.133116e-07
1.131020e-07
1.128892e-07
1.126732e-07
1.124540e-07
1.122317e-07
1.120063e-07
1.117779e-07
1.115465e-07
1.113121e-07
1.110748e-07
1.108347e-07
1.105918e-07
1.103461e-07
1.100978e-07
1.098468e-07
1.095933e-07
1.093372e-07
1.090786e-07
1.088177e-07
1.085543e-07
1.082887e-07
1.080208e-07
1.077507e-07
1.074785e-07
1.072042e-07
1.069279e-07
1.066496e-07
1.063694e-07
1.060873e-07
1.058034e-07
1.055178e-07
1.052305e-07
1.049416e-07
1.046511e-07
1.043590e-07
1.040655e-07
1.037706e-07
1.034743e-07
1.031767e-07
1.028778e-07
1.025778e-07
1.022765e-07
1.019742e-07
1.016708e-07
1.013664e-07
1.010610e-07
1.007548e-07
1.004477e-07
1.001397e-07
9.983102e-08
9.952159e-08
9.921149e-08
9.890076e-08
9.858945e-08
9.827758e-08
9.796522e-08
9.765240e-08
9.733917e-08
9.702556e-08
9.671161e-08
9.639737e-08
9.608287e-08
9.576815e-08
9.545326e-08
9.513822e-08
9.482307e-08
9.450785e-08
9.419260e-08
9.387734e-08
9.356212e-08
9.324697e-08
9.293192e-08
9.261700e-08
9.230224e-08
9.198768e-08
9.167334e-08
9.135926e-08
9.104547e-08
9.073199e-08
9.041886e-08
9.010610e-08
8.979374e-08
8.948180e-08
8.917032e-08
8.885932e-08
8.854883e-08
8.823886e-08
8.792945e-08
8.762062e-08
8.731240e-08
8.700480e-08
8.669785e-08
8.639158e-08
8.608600e-08
8.578113e-08
8.547701e-08
8.517364e-08
8.487106e-08
8.456927e-08
8.426831e-08
8.396819e-08
8.366892e-08
8.337053e-08
8.307304e-08
8.277646e-08
8.248082e-08
8.218612e-08
8.189239e-08
8.159964e-08
8.130789e-08
8.101716e-08
8.072746e-08
8.043880e-08
8.015121e-08
7.986469e-08
7.957926e-08
7.929494e-08
7.901174e-08
7.872967e-08
7.844874e-08
7.816898e-08
7.789038e-08
7.761297e-08
7.733675e-08
7.706174e-08
7.678795e-08
7.651539e-08
7.624407e-08
7.597400e-08
7.570520e-08
7.543767e-08
7.517142e-08
7.490646e-08
7.464280e-08
7.438046e-08
7.411943e-08
7.385973e-08
7.360137e-08
7.334436e-08
7.308870e-08
7.283439e-08
7.258146e-08
7.232990e-08
7.207973e-08
7.183094e-08
7.158356e-08
7.133757e-08
7.109300e-08
7.084984e-08
7.060810e-08
7.036779e-08
7.012891e-08
6.989147e-08
6.965547e-08
6.942093e-08
6.918783e-08
6.895620e-08
6.872603e-08
6.849732e-08
6.827009e-08
6.804433e-08
6.782006e-08
6.759727e-08
6.737597e-08
6.715616e-08
6.693784e-08
6.672103e-08
6.650571e-08
6.629191e-08
6.607961e-08
6.586883e-08
6.565956e-08
6.545181e-08
6.524558e-08
6.504088e-08
6.483770e-08
6.463605e-08
6.443593e-08
6.423735e-08
6.404031e-08
6.384481e-08
6.365084e-08
6.345842e-08
6.326755e-08
6.307823e-08
6.289045e-08
6.270423e-08
6.251956e-08
6.233645e-08
6.215490e-08
6.197491e-08
6.179647e-08
6.161960e-08
6.144429e-08
6.127055e-08
6.109838e-08
6.092777e-08
6.075873e-08
6.059126e-08
6.042536e-08
6.026103e-08
6.009827e-08
5.993709e-08
5.977748e-08
5.961944e-08
5.946297e-08
5.930808e-08
5.915476e-08
5.900301e-08
5.885283e-08
5.870423e-08
5.855719e-08
5.841173e-08
5.826783e-08
5.812550e-08
5.798473e-08
5.784553e-08
5.770789e-08
5.757180e-08
5.743728e-08
5.730430e-08
5.717288e-08
5.704300e-08
5.691466e-08
5.678787e-08
5.666261e-08
5.653888e-08
5.641667e-08
5.629599e-08
5.617682e-08
5.605916e-08
5.594300e-08
5.582834e-08
5.571517e-08
5.560349e-08
5.549328e-08
5.538453e-08
5.527725e-08
5.517142e-08
5.506703e-08
5.496408e-08
5.486254e-08
5.476242e-08
5.466371e-08
5.456638e-08
5.447044e-08
5.437587e-08
5.428266e-08
5.419079e-08
5.410025e-08
5.401103e-08
5.392312e-08
5.383651e-08
5.375117e-08
5.366710e-08
5.358427e-08
5.350268e-08
5.342231e-08
5.334314e-08
5.326516e-08
5.318835e-08
5.311270e-08
5.303817e-08
5.296477e-08
5.289247e-08
5.282126e-08
5.275111e-08
5.268200e-08
5.261393e-08
5.254686e-08
5.248078e-08
5.241568e-08
5.235153e-08
5.228830e-08
5.222600e-08
5.216458e-08
5.210404e-08
5.204434e-08
5.198549e-08
5.192744e-08
5.187018e-08
5.181370e-08
5.175797e-08
5.170297e-08
5.164868e-08
5.159507e-08
5.154215e-08
5.148987e-08
5.143822e-08
5.138718e-08
5.133673e-08
5.128686e-08
5.123753e-08
5.118874e-08
5.114047e-08
5.109269e-08
5.104539e-08
5.099854e-08
5.095214e-08
5.090617e-08
5.086060e-08
5.081542e-08
5.077061e-08
5.072616e-08
5.068205e-08
5.063827e-08
5.059480e-08
5.055163e-08
5.050874e-08
5.046612e-08
5.042376e-08
5.038164e-08
5.033976e-08
5.029809e-08
5.025664e-08
5.021538e-08
5.017432e-08
5.013343e-08
5.009272e-08
5.005216e-08
5.001176e-08
4.997151e-08
4.993140e-08
4.989142e-08
4.985157e-08
4.981185e-08
4.977224e-08
4.973275e-08
4.969338e-08
4.965411e-08
4.961494e-08
4.957588e-08
4.953693e-08
4.949807e-08
4.945932e-08
4.942067e-08
4.938212e-08
4.934368e-08
4.930534e-08
4.926711e-08
4.922899e-08
4.919098e-08
4.915309e-08
4.911531e-08
4.907766e-08
4.904014e-08
4.900275e-08
4.896549e-08
4.892838e-08
4.889141e-08
4.885460e-08
4.881794e-08
4.878145e-08
4.874513e-08
4.870899e-08
4.867302e-08
4.863725e-08
4.860168e-08
4.856630e-08
4.853114e-08
4.849619e-08
4.846146e-08
4.842697e-08
4.839270e-08
4.835868e-08
4.832490e-08
4.829138e-08
4.825811e-08
4.822511e-08
4.819238e-08
4.815992e-08
4.812774e-08
4.809584e-08
4.806423e-08
4.803291e-08
4.800188e-08
4.797115e-08
4.794072e-08
4.791058e-08
4.788075e-08
4.785122e-08
4.782199e-08
4.779306e-08
4.776443e-08
4.773611e-08
4.770808e-08
4.768034e-08
4.765290e-08
4.762574e-08
4.759887e-08
4.757228e-08
4.754595e-08
4.751990e-08
4.749410e-08
4.746855e-08
4.744324e-08
4.741817e-08
4.739332e-08
4.736868e-08
4.734424e-08
4.731998e-08
4.729591e-08
4.727199e-08
4.724822e-08
4.722458e-08
4.720106e-08
4.717764e-08
4.715430e-08
4.713103e-08
4.710781e-08
4.708461e-08
4.706142e-08
4.703822e-08
4.701499e-08
4.699170e-08
4.696834e-08
4.694488e-08
4.692130e-08
4.689758e-08
4.687368e-08
4.684960e-08
4.682529e-08
4.680075e-08
4.677593e-08
4.675082e-08
4.672539e-08
4.669962e-08
4.667347e-08
4.664692e-08
4.661994e-08
4.659251e-08
4.656459e-08
4.653616e-08
4.650720e-08
4.647767e-08
4.644754e-08
4.641680e-08
4.638540e-08
4.635333e-08
4.632056e-08
4.628705e-08
4.625279e-08
4.621774e-08
4.618188e-08
4.614518e-08
4.610762e-08
4.606916e-08
4.602980e-08
4.598949e-08
4.594822e-08
4.590596e-08
4.586268e-08
4.581838e-08
4.577301e-08
4.572657e-08
4.567903e-08
4.563037e-08
4.558057e-08
4.552961e-08
4.547748e-08
4.542415e-08
4.536961e-08
4.531384e-08
4.525683e-08
4.519857e-08
4.513903e-08
4.507822e-08
4.501611e-08
4.495270e-08
4.488797e-08
4.482192e-08
4.475454e-08
4.468582e-08
4.461576e-08
4.454435e-08
4.447159e-08
4.439748e-08
4.432200e-08
4.424518e-08
4.416699e-08
4.408745e-08
4.400655e-08
4.392430e-08
4.384071e-08
4.375577e-08
4.366950e-08
4.358190e-08
4.349299e-08
4.340276e-08
4.331123e-08
4.321841e-08
4.312432e-08
4.302896e-08
4.293235e-08
4.283450e-08
4.273543e-08
4.263517e-08
4.253371e-08
4.243109e-08
4.232732e-08
4.222242e-08
4.211641e-08
4.200931e-08
4.190116e-08
4.179195e-08
4.168173e-08
4.157052e-08
4.145834e-08
4.134521e-08
4.123116e-08
4.111622e-08
4.100042e-08
4.088377e-08
4.076632e-08
4.064809e-08
4.052910e-08
4.040939e-08
4.028899e-08
4.016792e-08
4.004622e-08
3.992391e-08
3.980102e-08
3.967760e-08
3.955366e-08
3.942924e-08
3.930437e-08
3.917908e-08
3.905340e-08
3.892736e-08
3.880100e-08
3.867434e-08
3.854742e-08
3.842027e-08
3.829291e-08
3.816538e-08
3.803772e-08
3.790994e-08
3.778208e-08
3.765417e-08
3.752624e-08
3.739831e-08
3.727043e-08
3.714261e-08
3.701488e-08
3.688728e-08
3.675983e-08
3.663256e-08
3.650549e-08
3.637865e-08
3.625206e-08
3.612576e-08
3.599977e-08
3.587410e-08
3.574880e-08
3.562387e-08
3.549934e-08
3.537524e-08
3.525159e-08
3.512840e-08
3.500571e-08
3.488352e-08
3.476187e-08
3.464076e-08
3.452022e-08
3.440027e-08
3.428092e-08
3.416220e-08
3.404411e-08
3.392668e-08
3.380992e-08
3.369384e-08
3.357846e-08
3.346380e-08
3.334986e-08
3.323667e-08
3.312423e-08
3.301255e-08
3.290165e-08
3.279154e-08
3.268223e-08
3.257372e-08
3.246604e-08
3.235919e-08
3.225317e-08
3.214800e-08
3.204368e-08
3.194023e-08
3.183764e-08
3.173594e-08
3.163511e-08
3.153518e-08
3.143614e-08
3.133801e-08
3.124079e-08
3.114448e-08
3.104909e-08
3.095462e-08
3.086108e-08
3.076848e-08
3.067681e-08
3.058608e-08
3.049630e-08
3.040748e-08
3.031960e-08
3.023268e-08
3.014672e-08
3.006173e-08
2.997770e-08
2.989465e-08
2.981256e-08
2.973146e-08
2.965133e-08
2.957219e-08
2.949404e-08
2.941687e-08
2.934070e-08
2.926552e-08
2.919135e-08
2.911817e-08
2.904600e-08
2.897484e-08
2.890469e-08
2.883556e-08
2.876744e-08
2.870035e-08
2.863428e-08
2.856924e-08
2.850524e-08
2.844227e-08
2.838034e-08
2.831946e-08
2.825963e-08
2.820085e-08
2.814312e-08
2.808646e-08
2.803086e-08
2.797634e-08
2.792289e-08
2.787051e-08
2.781922e-08
2.776902e-08
2.771992e-08
2.767191e-08
2.762500e-08
2.757921e-08
2.753452e-08
2.749096e-08
2.744851e-08
2.740720e-08
2.736702e-08
2.732798e-08
2.729008e-08
2.725332e-08
2.721773e-08
2.718329e-08
2.715001e-08
2.711790e-08
2.708697e-08
2.705721e-08
2.702864e-08
2.700125e-08
2.697506e-08
2.695006e-08
2.692627e-08
2.690367e-08
2.688229e-08
2.686212e-08
2.684317e-08
2.682543e-08
2.680892e-08
2.679364e-08
2.677958e-08
2.676676e-08
2.675517e-08
2.674482e-08
2.673571e-08
2.672784e-08
2.672122e-08
2.671583e-08
2.671170e-08
2.670880e-08
2.670716e-08
2.670676e-08
2.670760e-08
2.670970e-08
2.671303e-08
2.671761e-08
2.672344e-08
2.673050e-08
2.673880e-08
2.674834e-08
2.675911e-08
2.677111e-08
2.678434e-08
2.679878e-08
2.681445e-08
2.683133e-08
2.684941e-08
2.686870e-08
2.688918e-08
2.691085e-08
2.693371e-08
2.695774e-08
2.698294e-08
2.700929e-08
2.703680e-08
2.706546e-08
2.709524e-08
2.712615e-08
2.715818e-08
2.719130e-08
2.722552e-08
2.726083e-08
2.729720e-08
2.733463e-08
2.737310e-08
2.741261e-08
2.745314e-08
2.749467e-08
2.753719e-08
2.758070e-08
2.762516e-08
2.767058e-08
2.771692e-08
2.776419e-08
2.781235e-08
2.786140e-08
2.791132e-08
2.796209e-08
2.801369e-08
2.806610e-08
2.811932e-08
2.817331e-08
2.822807e-08
2.828356e-08
2.833978e-08
2.839670e-08
2.845431e-08
2.851258e-08
2.857149e-08
2.863102e-08
2.869116e-08
2.875188e-08
2.881316e-08
2.887498e-08
2.893732e-08
2.900016e-08
2.906347e-08
2.912723e-08
2.919142e-08
2.925602e-08
2.932101e-08
2.938637e-08
2.945206e-08
2.951808e-08
2.958439e-08
2.965097e-08
2.971781e-08
2.978488e-08
2.985215e-08
2.991960e-08
2.998722e-08
3.005497e-08
3.012283e-08
3.019079e-08
3.025882e-08
3.032689e-08
3.039499e-08
3.046309e-08
3.053117e-08
3.059920e-08
3.066717e-08
3.073505e-08
3.080282e-08
3.087046e-08
3.093795e-08
3.100526e-08
3.107238e-08
3.113928e-08
3.120595e-08
3.127235e-08
3.133848e-08
3.140431e-08
3.146982e-08
3.153500e-08
3.159981e-08
3.166426e-08
3.172831e-08
3.179194e-08
3.185515e-08
3.191790e-08
3.198020e-08
3.204201e-08
3.210332e-08
3.216412e-08
3.222439e-08
3.228412e-08
3.234328e-08
3.240187e-08
3.245988e-08
3.251729e-08
3.257408e-08
3.263024e-08
3.268577e-08
3.274065e-08
3.279488e-08
3.284843e-08
3.290130e-08
3.295349e-08
3.300498e-08
3.305577e-08
3.310585e-08
3.315521e-08
3.320384e-08
3.325175e-08
3.329893e-08
3.334536e-08
3.339106e-08
3.343601e-08
3.348022e-08
3.352367e-08
3.356639e-08
3.360835e-08
3.364956e-08
3.369003e-08
3.372976e-08
3.376874e-08
3.380699e-08
3.384450e-08
3.388128e-08
3.391733e-08
3.395267e-08
3.398730e-08
3.402123e-08
3.405446e-08
3.408700e-08
3.411887e-08
3.415007e-08
3.418061e-08
3.421051e-08
3.423978e-08
3.426843e-08
3.429648e-08
3.432393e-08
3.435081e-08
3.437713e-08
3.440291e-08
3.442816e-08
3.445290e-08
3.447715e-08
3.450093e-08
3.452425e-08
3.454714e-08
3.456961e-08
3.459170e-08
3.461341e-08
3.463477e-08
3.465580e-08
3.467653e-08
3.469698e-08
3.471717e-08
3.473713e-08
3.475687e-08
3.477643e-08
3.479583e-08
3.481510e-08
3.483426e-08
3.485333e-08
3.487235e-08
3.489134e-08
3.491032e-08
3.492933e-08
3.494839e-08
3.496752e-08
3.498676e-08
3.500613e-08
3.502566e-08
3.504537e-08
3.506530e-08
3.508546e-08
3.510590e-08
3.512663e-08
3.514768e-08
3.516908e-08
3.519085e-08
3.521302e-08
3.523563e-08
3.525868e-08
3.528222e-08
3.530626e-08
3.533083e-08
3.535596e-08
3.538166e-08
3.540797e-08
3.543490e-08
3.546248e-08
3.549073e-08
3.551968e-08
3.554934e-08
3.557974e-08
3.561089e-08
3.564282e-08
3.567555e-08
3.570908e-08
3.574345e-08
3.577867e-08
3.581475e-08
3.585171e-08
3.588957e-08
3.592833e-08
3.596802e-08
3.600864e-08
3.605021e-08
3.609273e-08
3.613623e-08
3.618069e-08
3.622615e-08
3.627259e-08
3.632004e-08
3.636849e-08
3.641794e-08
3.646842e-08
3.651990e-08
3.657241e-08
3.662593e-08
3.668048e-08
3.673604e-08
3.679262e-08
3.685022e-08
3.690883e-08
3.696845e-08
3.702906e-08
3.709068e-08
3.715328e-08
3.721687e-08
3.728143e-08
3.734696e-08
3.741343e-08
3.748085e-08
3.754920e-08
3.761847e-08
3.768864e-08
3.775971e-08
3.783164e-08
3.790444e-08
3.797808e-08
3.805255e-08
3.812782e-08
3.820389e-08
3.828073e-08
3.835831e-08
3.843663e-08
3.851566e-08
3.859538e-08
3.867577e-08
3.875681e-08
3.883847e-08
3.892073e-08
3.900356e-08
3.908696e-08
3.917088e-08
3.925531e-08
3.934022e-08
3.942559e-08
3.951139e-08
3.959760e-08
3.968420e-08
3.977115e-08
3.985843e-08
3.994603e-08
4.003391e-08
4.012204e-08
4.021041e-08
4.029899e-08
4.038776e-08
4.047668e-08
4.056574e-08
4.065492e-08
4.074418e-08
4.083351e-08
4.092288e-08
4.101228e-08
4.110167e-08
4.119104e-08
4.128037e-08
4.136963e-08
4.145881e-08
4.154788e-08
4.163683e-08
4.172565e-08
4.181430e-08
4.190278e-08
4.199107e-08
4.207915e-08
4.216702e-08
4.225464e-08
4.234202e-08
4.242914e-08
4.251599e-08
4.260256e-08
4.268883e-08
4.277481e-08
4.286047e-08
4.294582e-08
4.303084e-08
4.311554e-08
4.319991e-08
4.328394e-08
4.336763e-08
4.345098e-08
4.353400e-08
4.361667e-08
4.369901e-08
4.378101e-08
4.386267e-08
4.394401e-08
4.402503e-08
4.410573e-08
4.418611e-08
4.426620e-08
4.434600e-08
4.442551e-08
4.450475e-08
4.458372e-08
4.466246e-08
4.474095e-08
4.481923e-08
4.489730e-08
4.497518e-08
4.505290e-08
4.513045e-08
4.520788e-08
4.528518e-08
4.536239e-08
4.543952e-08
4.551660e-08
4.559364e-08
4.567068e-08
4.574773e-08
4.582481e-08
4.590196e-08
4.597919e-08
4.605653e-08
4.613401e-08
4.621165e-08
4.628948e-08
4.636752e-08
4.644582e-08
4.652438e-08
4.660324e-08
4.668242e-08
4.676197e-08
4.684189e-08
4.692223e-08
4.700300e-08
4.708425e-08
4.716599e-08
4.724826e-08
4.733108e-08
4.741448e-08
4.749849e-08
4.758314e-08
4.766846e-08
4.775447e-08
4.784119e-08
4.792867e-08
4.801691e-08
4.810596e-08
4.819583e-08
4.828655e-08
4.837814e-08
4.847062e-08
4.856403e-08
4.865838e-08
4.875369e-08
4.884999e-08
4.894729e-08
4.904562e-08
4.914499e-08
4.924542e-08
4.934693e-08
4.944953e-08
4.955324e-08
4.965807e-08
4.976403e-08
4.987114e-08
4.997941e-08
5.008885e-08
5.019946e-08
5.031125e-08
5.042423e-08
5.053840e-08
5.065377e-08
5.077033e-08
5.088810e-08
5.100706e-08
5.112723e-08
5.124858e-08
5.137113e-08
5.149486e-08
5.161976e-08
5.174583e-08
5.187306e-08
5.200144e-08
5.213094e-08
5.226157e-08
5.239329e-08
5.252611e-08
5.265998e-08
5.279490e-08
5.293085e-08
5.306779e-08
5.320570e-08
5.334457e-08
5.348435e-08
5.362502e-08
5.376655e-08
5.390891e-08
5.405206e-08
5.419597e-08
5.434060e-08
5.448590e-08
5.463185e-08
5.477840e-08
5.492551e-08
5.507313e-08
5.522122e-08
5.536973e-08
5.551862e-08
5.566783e-08
5.581731e-08
5.596701e-08
5.611689e-08
5.626687e-08
5.641692e-08
5.656697e-08
5.671696e-08
5.686683e-08
5.701653e-08
5.716600e-08
5.731517e-08
5.746398e-08
5.761236e-08
5.776026e-08
5.790760e-08
5.805432e-08
5.820036e-08
5.834564e-08
5.849010e-08
5.863367e-08
5.877628e-08
5.891785e-08
5.905833e-08
5.919763e-08
5.933570e-08
5.947245e-08
5.960781e-08
5.974172e-08
5.987409e-08
6.000487e-08
6.013397e-08
6.026133e-08
6.038688e-08
6.051053e-08
6.063222e-08
6.075188e-08
6.086944e-08
6.098483e-08
6.109797e-08
6.120879e-08
6.131724e-08
6.142323e-08
6.152670e-08
6.162759e-08
6.172582e-08
6.182133e-08
6.191405e-08
6.200393e-08
6.209090e-08
6.217489e-08
6.225584e-08
6.233370e-08
6.240841e-08
6.247991e-08
6.254813e-08
6.261304e-08
6.267457e-08
6.273267e-08
6.278729e-08
6.283839e-08
