1.415777e-05
1.416779e-05
1.417567e-05
1.418138e-05
1.418494e-05
1.418633e-05
1.418557e-05
1.418265e-05
1.417757e-05
1.417034e-05
1.416097e-05
1.414945e-05
1.413580e-05
1.412002e-05
1.410212e-05
1.408211e-05
1.406000e-05
1.403579e-05
1.400950e-05
1.398115e-05
1.395074e-05
1.391829e-05
1.388381e-05
1.384732e-05
1.380884e-05
1.376838e-05
1.372596e-05
1.368160e-05
1.363532e-05
1.358713e-05
1.353707e-05
1.348514e-05
1.343138e-05
1.337581e-05
1.331844e-05
1.325931e-05
1.319844e-05
1.313585e-05
1.307157e-05
1.300563e-05
1.293806e-05
1.286888e-05
1.279811e-05
1.272580e-05
1.265197e-05
1.257665e-05
1.249987e-05
1.242165e-05
1.234204e-05
1.226106e-05
1.217875e-05
1.209514e-05
1.201025e-05
1.192413e-05
1.183681e-05
1.174832e-05
1.165869e-05
1.156796e-05
1.147616e-05
1.138333e-05
1.128951e-05
1.119472e-05
1.109901e-05
1.100240e-05
1.090494e-05
1.080666e-05
1.070759e-05
1.060777e-05
1.050724e-05
1.040603e-05
1.030418e-05
1.020172e-05
1.009869e-05
9.995123e-06
9.891057e-06
9.786526e-06
9.681566e-06
9.576211e-06
9.470497e-06
9.364458e-06
9.258129e-06
9.151545e-06
9.044739e-06
8.937745e-06
8.830598e-06
8.723330e-06
8.615975e-06
8.508566e-06
8.401135e-06
8.293714e-06
8.186336e-06
8.079032e-06
7.971832e-06
7.864768e-06
7.757871e-06
7.651169e-06
7.544693e-06
7.438472e-06
7.332534e-06
7.226908e-06
7.121622e-06
7.016702e-06
6.912176e-06
6.808070e-06
6.704410e-06
6.601221e-06
6.498528e-06
6.396355e-06
6.294726e-06
6.193664e-06
6.093193e-06
5.993334e-06
5.894108e-06
5.795538e-06
5.697643e-06
5.600443e-06
5.503958e-06
5.408206e-06
5.313206e-06
5.218976e-06
5.125532e-06
5.032891e-06
4.941069e-06
4.850082e-06
4.759943e-06
4.670668e-06
4.582270e-06
4.494761e-06
4.408156e-06
4.322464e-06
4.237698e-06
4.153869e-06
4.070986e-06
3.989059e-06
3.908098e-06
3.828110e-06
3.749104e-06
3.671087e-06
3.594066e-06
3.518048e-06
3.443037e-06
3.369040e-06
3.296061e-06
3.224104e-06
3.153173e-06
3.083271e-06
3.014401e-06
2.946565e-06
2.879765e-06
2.814001e-06
2.749276e-06
2.685588e-06
2.622938e-06
2.561326e-06
2.500750e-06
2.441208e-06
2.382700e-06
2.325222e-06
2.268771e-06
2.213346e-06
2.158942e-06
2.105555e-06
2.053181e-06
2.001816e-06
1.951454e-06
1.902090e-06
1.853719e-06
1.806335e-06
1.759931e-06
1.714501e-06
1.670038e-06
1.626534e-06
1.583983e-06
1.542376e-06
1.501706e-06
1.461965e-06
1.423144e-06
1.385233e-06
1.348226e-06
1.312111e-06
1.276881e-06
1.242525e-06
1.209034e-06
1.176398e-06
1.144607e-06
1.113651e-06
1.083519e-06
1.054201e-06
1.025687e-06
9.979654e-07
9.710256e-07
9.448567e-07
9.194477e-07
8.947875e-07
8.708649e-07
8.476687e-07
8.251874e-07
8.034097e-07
7.823242e-07
7.619194e-07
7.421837e-07
7.231057e-07
7.046737e-07
6.868762e-07
6.697016e-07
6.531384e-07
6.371748e-07
6.217994e-07
6.070006e-07
5.927669e-07
5.790867e-07
5.659486e-07
5.533412e-07
5.412531e-07
5.296730e-07
5.185895e-07
5.079915e-07
4.978678e-07
4.882073e-07
4.789990e-07
4.702320e-07
4.618954e-07
4.539785e-07
4.464705e-07
4.393609e-07
4.326393e-07
4.262951e-07
4.203181e-07
4.146981e-07
4.094251e-07
4.044890e-07
3.998801e-07
3.955885e-07
3.916046e-07
3.879189e-07
3.845221e-07
3.814049e-07
3.785581e-07
3.759728e-07
3.736399e-07
3.715509e-07
3.696970e-07
3.680698e-07
3.666608e-07
3.654619e-07
3.644650e-07
3.636621e-07
3.630453e-07
3.626070e-07
3.623396e-07
3.622358e-07
3.622881e-07
3.624895e-07
3.628329e-07
3.633115e-07
3.639184e-07
3.646472e-07
3.654914e-07
3.664445e-07
3.675004e-07
3.686531e-07
3.698965e-07
3.712249e-07
3.726326e-07
3.741141e-07
3.756639e-07
3.772767e-07
3.789475e-07
3.806712e-07
3.824428e-07
3.842576e-07
3.861109e-07
3.879983e-07
3.899153e-07
3.918576e-07
3.938210e-07
3.958015e-07
3.977952e-07
3.997982e-07
4.018068e-07
4.038175e-07
4.058267e-07
4.078311e-07
4.098274e-07
4.118125e-07
4.137833e-07
4.157369e-07
4.176703e-07
4.195809e-07
4.214661e-07
4.233232e-07
4.251499e-07
4.269437e-07
4.287025e-07
4.304240e-07
4.321062e-07
4.337470e-07
4.353447e-07
4.368973e-07
4.384031e-07
4.398605e-07
4.412680e-07
4.426240e-07
4.439271e-07
4.451760e-07
4.463695e-07
4.475064e-07
4.485855e-07
4.496059e-07
4.505666e-07
4.514667e-07
4.523053e-07
4.530817e-07
4.537953e-07
4.544454e-07
4.550313e-07
4.555527e-07
4.560091e-07
4.564000e-07
4.567252e-07
4.569843e-07
4.571773e-07
4.573038e-07
4.573637e-07
4.573571e-07
4.572839e-07
4.571441e-07
4.569378e-07
4.566652e-07
4.563263e-07
4.559215e-07
4.554510e-07
4.549151e-07
4.543141e-07
4.536484e-07
4.529185e-07
4.521247e-07
4.512676e-07
4.503478e-07
4.493657e-07
4.483220e-07
4.472173e-07
4.460522e-07
4.448275e-07
4.435439e-07
4.422021e-07
4.408029e-07
4.393470e-07
4.378354e-07
4.362688e-07
4.346482e-07
4.329744e-07
4.312484e-07
4.294710e-07
4.276433e-07
4.257662e-07
4.238408e-07
4.218679e-07
4.198488e-07
4.177843e-07
4.156756e-07
4.135237e-07
4.113297e-07
4.090948e-07
4.068199e-07
4.045063e-07
4.021551e-07
3.997674e-07
3.973444e-07
3.948871e-07
3.923968e-07
3.898747e-07
3.873218e-07
3.847394e-07
3.821287e-07
3.794908e-07
3.768270e-07
3.741383e-07
3.714260e-07
3.686913e-07
3.659354e-07
3.631594e-07
3.603646e-07
3.575520e-07
3.547229e-07
3.518785e-07
3.490199e-07
3.461483e-07
3.432648e-07
3.403706e-07
3.374669e-07
3.345547e-07
3.316353e-07
3.287096e-07
3.257789e-07
3.228442e-07
3.199066e-07
3.169672e-07
3.140271e-07
3.110873e-07
3.081489e-07
3.052128e-07
3.022802e-07
2.993520e-07
2.964293e-07
2.935129e-07
2.906038e-07
2.877031e-07
2.848116e-07
2.819302e-07
2.790599e-07
2.762015e-07
2.733559e-07
2.705240e-07
2.677065e-07
2.649042e-07
2.621181e-07
2.593488e-07
2.565972e-07
2.538638e-07
2.511496e-07
2.484551e-07
2.457810e-07
2.431281e-07
2.404969e-07
2.378882e-07
2.353023e-07
2.327401e-07
2.302019e-07
2.276885e-07
2.252002e-07
2.227376e-07
2.203011e-07
2.178913e-07
2.155086e-07
2.131533e-07
2.108259e-07
2.085268e-07
2.062563e-07
2.040147e-07
2.018024e-07
1.996197e-07
1.974668e-07
1.953440e-07
1.932515e-07
1.911896e-07
1.891584e-07
1.871582e-07
1.851890e-07
1.832510e-07
1.813444e-07
1.794692e-07
1.776256e-07
1.758135e-07
1.740330e-07
1.722842e-07
1.705671e-07
1.688816e-07
1.672278e-07
1.656055e-07
1.640148e-07
1.624556e-07
1.609277e-07
1.594310e-07
1.579655e-07
1.565311e-07
1.551274e-07
1.537544e-07
1.524120e-07
1.510998e-07
1.498178e-07
1.485656e-07
1.473431e-07
1.461500e-07
1.449860e-07
1.438509e-07
1.427444e-07
1.416662e-07
1.406160e-07
1.395935e-07
1.385983e-07
1.376302e-07
1.366888e-07
1.357737e-07
1.348846e-07
1.340211e-07
1.331829e-07
1.323695e-07
1.315807e-07
1.308159e-07
1.300748e-07
1.293570e-07
1.286621e-07
1.279896e-07
1.273392e-07
1.267104e-07
1.261028e-07
1.255159e-07
1.249494e-07
1.244028e-07
1.238757e-07
1.233675e-07
1.228780e-07
1.224065e-07
1.219528e-07
1.215163e-07
1.210966e-07
1.206933e-07
1.203059e-07
1.199339e-07
1.195770e-07
1.192347e-07
1.189065e-07
1.185920e-07
1.182907e-07
1.180023e-07
1.177263e-07
1.174623e-07
1.172098e-07
1.169685e-07
1.167378e-07
1.165174e-07
1.163070e-07
1.161059e-07
1.159140e-07
1.157307e-07
1.155557e-07
1.153886e-07
1.152289e-07
1.150764e-07
1.149307e-07
1.147913e-07
1.146579e-07
1.145302e-07
1.144078e-07
1.142904e-07
1.141776e-07
1.140690e-07
1.139645e-07
1.138636e-07
1.137660e-07
1.136714e-07
1.135796e-07
1.134902e-07
1.134029e-07
1.133175e-07
1.132337e-07
1.131512e-07
1.130698e-07
1.129891e-07
1.129090e-07
1.128292e-07
1.127495e-07
1.126697e-07
1.125895e-07
1.125087e-07
1.124271e-07
1.123445e-07
1.122608e-07
1.121757e-07
1.120890e-07
1.120006e-07
1.119103e-07
1.118180e-07
1.117235e-07
1.116265e-07
1.115271e-07
1.114251e-07
1.113203e-07
1.112126e-07
1.111019e-07
1.109881e-07
1.108710e-07
1.107506e-07
1.106268e-07
1.104995e-07
1.103686e-07
1.102339e-07
1.100955e-07
1.099533e-07
1.098072e-07
1.096571e-07
1.095031e-07
1.093449e-07
1.091827e-07
1.090163e-07
1.088456e-07
1.086708e-07
1.084917e-07
1.083084e-07
1.081207e-07
1.079287e-07
1.077324e-07
1.075317e-07
1.073267e-07
1.071173e-07
1.069035e-07
1.066854e-07
1.064630e-07
1.062361e-07
1.060050e-07
1.057695e-07
1.055297e-07
1.052857e-07
1.050373e-07
1.047847e-07
1.045279e-07
1.042669e-07
1.040018e-07
1.037325e-07
1.034591e-07
1.031816e-07
1.029002e-07
1.026147e-07
1.023254e-07
1.020321e-07
1.017349e-07
1.014340e-07
1.011293e-07
1.008209e-07
1.005088e-07
1.001931e-07
9.987385e-08
9.955109e-08
9.922489e-08
9.889529e-08
9.856235e-08
9.822613e-08
9.788669e-08
9.754408e-08
9.719837e-08
9.684962e-08
9.649789e-08
9.614324e-08
9.578574e-08
9.542545e-08
9.506243e-08
9.469674e-08
9.432847e-08
9.395766e-08
9.358439e-08
9.320873e-08
9.283074e-08
9.245049e-08
9.206805e-08
9.168349e-08
9.129687e-08
9.090828e-08
9.051777e-08
9.012543e-08
8.973132e-08
8.933551e-08
8.893807e-08
8.853908e-08
8.813861e-08
8.773673e-08
8.733352e-08
8.692905e-08
8.652338e-08
8.611661e-08
8.570879e-08
8.530001e-08
8.489033e-08
8.447984e-08
8.406861e-08
8.365671e-08
8.324422e-08
8.283121e-08
8.241776e-08
8.200394e-08
8.158983e-08
8.117551e-08
8.076105e-08
8.034652e-08
7.993200e-08
7.951757e-08
7.910330e-08
7.868926e-08
7.827554e-08
7.786220e-08
7.744932e-08
7.703698e-08
7.662525e-08
7.621420e-08
7.580391e-08
7.539445e-08
7.498589e-08
7.457831e-08
7.417178e-08
7.376636e-08
7.336214e-08
7.295918e-08
7.255755e-08
7.215732e-08
7.175856e-08
7.136133e-08
7.096572e-08
7.057177e-08
7.017956e-08
6.978915e-08
6.940061e-08
6.901400e-08
6.862937e-08
6.824680e-08
6.786634e-08
6.748805e-08
6.711199e-08
6.673822e-08
6.636678e-08
6.599774e-08
6.563114e-08
6.526704e-08
6.490549e-08
6.454653e-08
6.419022e-08
6.383659e-08
6.348570e-08
6.313758e-08
6.279227e-08
6.244981e-08
6.211025e-08
6.177361e-08
6.143993e-08
6.110924e-08
6.078158e-08
6.045696e-08
6.013542e-08
5.981697e-08
5.950165e-08
5.918947e-08
5.888045e-08
5.857461e-08
5.827196e-08
5.797251e-08
5.767628e-08
5.738326e-08
5.709348e-08
5.680692e-08
5.652360e-08
5.624351e-08
5.596665e-08
5.569302e-08
5.542261e-08
5.515541e-08
5.489140e-08
5.463059e-08
5.437294e-08
5.411845e-08
5.386709e-08
5.361885e-08
5.337369e-08
5.313161e-08
5.289255e-08
5.265651e-08
5.242345e-08
5.219332e-08
5.196611e-08
5.174177e-08
5.152026e-08
5.130154e-08
5.108558e-08
5.087232e-08
5.066172e-08
5.045374e-08
5.024832e-08
5.004542e-08
4.984498e-08
4.964695e-08
4.945128e-08
4.925790e-08
4.906677e-08
4.887783e-08
4.869101e-08
4.850626e-08
4.832351e-08
4.814270e-08
4.796377e-08
4.778666e-08
4.761130e-08
4.743762e-08
4.726556e-08
4.709506e-08
4.692604e-08
4.675843e-08
4.659218e-08
4.642721e-08
4.626346e-08
4.610085e-08
4.593932e-08
4.577880e-08
4.561922e-08
4.546051e-08
4.530261e-08
4.514545e-08
4.498896e-08
4.483308e-08
4.467773e-08
4.452285e-08
4.436839e-08
4.421426e-08
4.406042e-08
4.390679e-08
4.375332e-08
4.359995e-08
4.344661e-08
4.329325e-08
4.313981e-08
4.298623e-08
4.283245e-08
4.267844e-08
4.252412e-08
4.236946e-08
4.221439e-08
4.205888e-08
4.190288e-08
4.174634e-08
4.158922e-08
4.143147e-08
4.127307e-08
4.111396e-08
4.095411e-08
4.079349e-08
4.063207e-08
4.046981e-08
4.030668e-08
4.014267e-08
3.997773e-08
3.981186e-08
3.964502e-08
3.947720e-08
3.930838e-08
3.913854e-08
3.896768e-08
3.879577e-08
3.862281e-08
3.844880e-08
3.827372e-08
3.809757e-08
3.792036e-08
3.774207e-08
3.756272e-08
3.738230e-08
3.720082e-08
3.701830e-08
3.683473e-08
3.665013e-08
3.646451e-08
3.627789e-08
3.609029e-08
3.590172e-08
3.571220e-08
3.552175e-08
3.533041e-08
3.513818e-08
3.494510e-08
3.475120e-08
3.455650e-08
3.436104e-08
3.416484e-08
3.396795e-08
3.377039e-08
3.357220e-08
3.337341e-08
3.317408e-08
3.297423e-08
3.277390e-08
3.257314e-08
3.237198e-08
3.217048e-08
3.196866e-08
3.176659e-08
3.156430e-08
3.136184e-08
3.115925e-08
3.095658e-08
3.075389e-08
3.055120e-08
3.034859e-08
3.014608e-08
2.994374e-08
2.974160e-08
2.953972e-08
2.933815e-08
2.913694e-08
2.893613e-08
2.873578e-08
2.853593e-08
2.833663e-08
2.813793e-08
2.793988e-08
2.774252e-08
2.754591e-08
2.735009e-08
2.715510e-08
2.696100e-08
2.676783e-08
2.657563e-08
2.638444e-08
2.619432e-08
2.600531e-08
2.581744e-08
2.563076e-08
2.544531e-08
2.526113e-08
2.507826e-08
2.489673e-08
2.471659e-08
2.453786e-08
2.436059e-08
2.418481e-08
2.401056e-08
2.383786e-08
2.366674e-08
2.349724e-08
2.332939e-08
2.316320e-08
2.299872e-08
2.283596e-08
2.267496e-08
2.251572e-08
2.235828e-08
2.220266e-08
2.204887e-08
2.189694e-08
2.174688e-08
2.159871e-08
2.145244e-08
2.130809e-08
2.116567e-08
2.102519e-08
2.088666e-08
2.075009e-08
2.061549e-08
2.048286e-08
2.035222e-08
2.022356e-08
2.009690e-08
1.997222e-08
1.984954e-08
1.972885e-08
1.961015e-08
1.949344e-08
1.937872e-08
1.926598e-08
1.915522e-08
1.904643e-08
1.893961e-08
1.883474e-08
1.873182e-08
1.863084e-08
1.853179e-08
1.843465e-08
1.833942e-08
1.824607e-08
1.815460e-08
1.806500e-08
1.797724e-08
1.789130e-08
1.780718e-08
1.772486e-08
1.764430e-08
1.756551e-08
1.748845e-08
1.741311e-08
1.733946e-08
1.726749e-08
1.719717e-08
1.712847e-08
1.706139e-08
1.699588e-08
1.693193e-08
1.686952e-08
1.680861e-08
1.674919e-08
1.669122e-08
1.663468e-08
1.657955e-08
1.652579e-08
1.647338e-08
1.642230e-08
1.637251e-08
1.632399e-08
1.627670e-08
1.623062e-08
1.618573e-08
1.614198e-08
1.609936e-08
1.605783e-08
1.601736e-08
1.597793e-08
1.593950e-08
1.590204e-08
1.586553e-08
1.582992e-08
1.579520e-08
1.576133e-08
1.572829e-08
1.569603e-08
1.566453e-08
1.563376e-08
1.560368e-08
1.557427e-08
1.554550e-08
1.551733e-08
1.548974e-08
1.546268e-08
1.543614e-08
1.541007e-08
1.538446e-08
1.535925e-08
1.533444e-08
1.530998e-08
1.528584e-08
1.526199e-08
1.523840e-08
1.521504e-08
1.519188e-08
1.516888e-08
1.514602e-08
1.512327e-08
1.510058e-08
1.507794e-08
1.505530e-08
1.503265e-08
1.500994e-08
1.498716e-08
1.496425e-08
1.494121e-08
1.491798e-08
1.489455e-08
1.487089e-08
1.484695e-08
1.482272e-08
1.479816e-08
1.477324e-08
1.474793e-08
1.472220e-08
1.469602e-08
1.466936e-08
1.464219e-08
1.461449e-08
1.458621e-08
1.455734e-08
1.452784e-08
1.449768e-08
1.446684e-08
1.443528e-08
1.440298e-08
1.436991e-08
1.433604e-08
1.430134e-08
1.426579e-08
1.422935e-08
1.419200e-08
1.415372e-08
1.411448e-08
1.407424e-08
1.403299e-08
1.399070e-08
1.394733e-08
1.390288e-08
1.385731e-08
1.381060e-08
1.376272e-08
1.371365e-08
1.366338e-08
1.361186e-08
1.355909e-08
1.350504e-08
1.344968e-08
1.339301e-08
1.333499e-08
1.327561e-08
1.321485e-08
1.315269e-08
1.308911e-08
1.302409e-08
1.295761e-08
1.288967e-08
1.282024e-08
1.274931e-08
1.267686e-08
1.260288e-08
1.252736e-08
1.245027e-08
1.237162e-08
1.229139e-08
1.220957e-08
1.212614e-08
1.204111e-08
1.195446e-08
1.186618e-08
1.177626e-08
1.168471e-08
1.159151e-08
1.149667e-08
1.140017e-08
1.130201e-08
1.120219e-08
1.110072e-08
1.099758e-08
1.089278e-08
1.078633e-08
1.067822e-08
1.056845e-08
1.045703e-08
1.034397e-08
1.022926e-08
1.011292e-08
9.994956e-09
9.875368e-09
9.754170e-09
9.631370e-09
9.506979e-09
9.381007e-09
9.253468e-09
9.124373e-09
8.993736e-09
8.861572e-09
8.727896e-09
8.592724e-09
8.456073e-09
8.317960e-09
8.178404e-09
8.037423e-09
7.895039e-09
7.751270e-09
7.606139e-09
7.459667e-09
7.311877e-09
7.162793e-09
7.012438e-09
6.860837e-09
6.708015e-09
6.553998e-09
6.398813e-09
6.242486e-09
6.085045e-09
5.926518e-09
5.766934e-09
5.606322e-09
5.444712e-09
5.282133e-09
5.118616e-09
4.954192e-09
4.788892e-09
4.622749e-09
4.455793e-09
4.288058e-09
4.119576e-09
3.950379e-09
3.780503e-09
3.609979e-09
3.438842e-09
3.267125e-09
3.094863e-09
2.922090e-09
2.748840e-09
2.575149e-09
2.401050e-09
2.226578e-09
2.051768e-09
1.876656e-09
1.701275e-09
1.525661e-09
1.349848e-09
1.173872e-09
9.977663e-10
8.215663e-10
6.453063e-10
4.690209e-10
2.927441e-10
1.165101e-10
-5.964709e-11
-2.356938e-10
-4.115966e-10
-5.873220e-10
-7.628370e-10
-9.381089e-10
-1.113105e-09
-1.287793e-09
-1.462141e-09
-1.636118e-09
-1.809691e-09
-1.982831e-09
-2.155506e-09
-2.327686e-09
-2.499341e-09
-2.670442e-09
-2.840959e-09
-3.010864e-09
-3.180129e-09
-3.348724e-09
-3.516624e-09
-3.683800e-09
-3.850226e-09
-4.015876e-09
-4.180724e-09
-4.344745e-09
-4.507913e-09
-4.670205e-09
-4.831596e-09
-4.992063e-09
-5.151583e-09
-5.310133e-09
-5.467691e-09
-5.624235e-09
-5.779745e-09
-5.934200e-09
-6.087579e-09
-6.239863e-09
-6.391032e-09
-6.541067e-09
-6.689951e-09
-6.837665e-09
-6.984192e-09
-7.129515e-09
-7.273618e-09
-7.416484e-09
-7.558098e-09
-7.698445e-09
-7.837510e-09
-7.975279e-09
-8.111738e-09
-8.246874e-09
-8.380673e-09
-8.513124e-09
-8.644215e-09
-8.773933e-09
-8.902268e-09
-9.029208e-09
-9.154744e-09
-9.278865e-09
-9.401562e-09
-9.522826e-09
-9.642647e-09
-9.761018e-09
-9.877930e-09
-9.993377e-09
-1.010735e-08
-1.021984e-08
-1.033085e-08
-1.044036e-08
-1.054838e-08
-1.065489e-08
-1.075989e-08
-1.086338e-08
-1.096534e-08
-1.106579e-08
-1.116471e-08
-1.126211e-08
-1.135797e-08
-1.145230e-08
-1.154509e-08
-1.163634e-08
-1.172605e-08
-1.181422e-08
-1.190085e-08
-1.198594e-08
-1.206948e-08
-1.215148e-08
-1.223194e-08
-1.231086e-08
-1.238823e-08
-1.246407e-08
-1.253837e-08
-1.261114e-08
-1.268237e-08
-1.275208e-08
-1.282026e-08
-1.288691e-08
-1.295205e-08
-1.301567e-08
-1.307779e-08
-1.313840e-08
-1.319751e-08
-1.325512e-08
-1.331125e-08
-1.336590e-08
-1.341907e-08
-1.347077e-08
-1.352102e-08
-1.356981e-08
-1.361717e-08
-1.366308e-08
-1.370757e-08
-1.375065e-08
-1.379232e-08
-1.383259e-08
-1.387148e-08
-1.390899e-08
-1.394514e-08
-1.397994e-08
-1.401340e-08
-1.404554e-08
-1.407637e-08
-1.410589e-08
-1.413414e-08
-1.416111e-08
-1.418683e-08
-1.421130e-08
-1.423456e-08
-1.425660e-08
-1.427746e-08
-1.429714e-08
-1.431567e-08
-1.433306e-08
-1.434933e-08
-1.436450e-08
-1.437858e-08
-1.439161e-08
-1.440360e-08
-1.441456e-08
-1.442453e-08
-1.443352e-08
-1.444156e-08
-1.444867e-08
-1.445486e-08
-1.446017e-08
-1.446462e-08
-1.446823e-08
-1.447104e-08
-1.447305e-08
-1.447431e-08
-1.447483e-08
-1.447464e-08
-1.447377e-08
-1.447225e-08
-1.447011e-08
-1.446737e-08
-1.446406e-08
-1.446021e-08
-1.445586e-08
-1.445103e-08
-1.444575e-08
-1.444005e-08
-1.443397e-08
-1.442754e-08
-1.442078e-08
-1.441374e-08
-1.440644e-08
-1.439891e-08
-1.439120e-08
-1.438333e-08
-1.437534e-08
-1.436726e-08
-1.435914e-08
-1.435099e-08
-1.434286e-08
-1.433479e-08
-1.432680e-08
-1.431895e-08
-1.431125e-08
-1.430375e-08
-1.429649e-08
-1.428950e-08
-1.428282e-08
-1.427649e-08
-1.427055e-08
-1.426502e-08
-1.425996e-08
-1.425539e-08
-1.425136e-08
-1.424790e-08
-1.424506e-08
-1.424287e-08
-1.424136e-08
-1.424058e-08
-1.424057e-08
-1.424135e-08
-1.424298e-08
-1.424549e-08
-1.424891e-08
-1.425329e-08
-1.425866e-08
-1.426506e-08
-1.427253e-08
-1.428110e-08
-1.429082e-08
-1.430171e-08
-1.431381e-08
-1.432717e-08
-1.434181e-08
-1.435777e-08
-1.437509e-08
-1.439380e-08
-1.441394e-08
-1.443554e-08
-1.445864e-08
-1.448326e-08
-1.450943e-08
-1.453721e-08
-1.456660e-08
-1.459765e-08
-1.463038e-08
-1.466483e-08
-1.470102e-08
-1.473899e-08
-1.477875e-08
-1.482035e-08
-1.486379e-08
-1.490912e-08
-1.495634e-08
-1.500550e-08
-1.505661e-08
-1.510969e-08
-1.516477e-08
-1.522186e-08
-1.528099e-08
-1.534217e-08
-1.540542e-08
-1.547076e-08
-1.553820e-08
-1.560776e-08
-1.567945e-08
-1.575329e-08
-1.582928e-08
-1.590743e-08
-1.598776e-08
-1.607027e-08
-1.615497e-08
-1.624186e-08
-1.633095e-08
-1.642224e-08
-1.651573e-08
-1.661142e-08
-1.670931e-08
-1.680940e-08
-1.691168e-08
-1.701615e-08
-1.712281e-08
-1.723163e-08
-1.734262e-08
-1.745576e-08
-1.757104e-08
-1.768845e-08
-1.780797e-08
-1.792959e-08
-1.805328e-08
-1.817902e-08
-1.830681e-08
-1.843660e-08
-1.856838e-08
-1.870213e-08
-1.883781e-08
-1.897539e-08
-1.911485e-08
-1.925616e-08
-1.939928e-08
-1.954417e-08
-1.969081e-08
-1.983914e-08
-1.998914e-08
-2.014076e-08
-2.029396e-08
-2.044870e-08
-2.060493e-08
-2.076261e-08
-2.092168e-08
-2.108211e-08
-2.124383e-08
-2.140680e-08
-2.157096e-08
-2.173626e-08
-2.190264e-08
-2.207005e-08
-2.223843e-08
-2.240772e-08
-2.257786e-08
-2.274879e-08
-2.292044e-08
-2.309276e-08
-2.326567e-08
-2.343911e-08
-2.361302e-08
-2.378733e-08
-2.396197e-08
-2.413687e-08
-2.431196e-08
-2.448717e-08
-2.466243e-08
-2.483768e-08
-2.501282e-08
-2.518780e-08
-2.536255e-08
-2.553698e-08
-2.571102e-08
-2.588460e-08
-2.605764e-08
-2.623008e-08
-2.640183e-08
-2.657282e-08
-2.674298e-08
-2.691223e-08
-2.708049e-08
-2.724770e-08
-2.741377e-08
-2.757864e-08
-2.774222e-08
-2.790445e-08
-2.806526e-08
-2.822456e-08
-2.838230e-08
-2.853840e-08
-2.869278e-08
-2.884538e-08
-2.899613e-08
-2.914497e-08
-2.929182e-08
-2.943662e-08
-2.957930e-08
-2.971981e-08
-2.985808e-08
-2.999404e-08
-3.012765e-08
-3.025883e-08
-3.038754e-08
-3.051372e-08
-3.063731e-08
-3.075826e-08
-3.087653e-08
-3.099206e-08
-3.110480e-08
-3.121471e-08
-3.132176e-08
-3.142588e-08
-3.152706e-08
-3.162524e-08
-3.172040e-08
-3.181249e-08
-3.190150e-08
-3.198739e-08
-3.207012e-08
-3.214969e-08
-3.222606e-08
-3.229922e-08
-3.236915e-08
-3.243583e-08
-3.249925e-08
-3.255940e-08
-3.261627e-08
-3.266986e-08
-3.272016e-08
-3.276717e-08
-3.281090e-08
-3.285134e-08
-3.288851e-08
-3.292241e-08
-3.295306e-08
-3.298046e-08
-3.300465e-08
-3.302563e-08
-3.304342e-08
-3.305806e-08
-3.306957e-08
-3.307798e-08
-3.308331e-08
-3.308561e-08
-3.308491e-08
-3.308125e-08
-3.307467e-08
-3.306521e-08
-3.305292e-08
-3.303786e-08
-3.302006e-08
-3.299958e-08
-3.297648e-08
-3.295081e-08
-3.292263e-08
-3.289201e-08
-3.285901e-08
-3.282368e-08
-3.278611e-08
-3.274635e-08
-3.270448e-08
-3.266057e-08
-3.261470e-08
-3.256694e-08
-3.251736e-08
-3.246605e-08
-3.241309e-08
-3.235855e-08
-3.230253e-08
-3.224509e-08
-3.218634e-08
-3.212636e-08
-3.206523e-08
-3.200304e-08
-3.193988e-08
-3.187585e-08
-3.181103e-08
-3.174551e-08
-3.167938e-08
-3.161275e-08
-3.154569e-08
-3.147831e-08
-3.141070e-08
-3.134295e-08
-3.127516e-08
-3.120742e-08
-3.113982e-08
-3.107246e-08
-3.100543e-08
-3.093883e-08
-3.087274e-08
-3.080727e-08
-3.074250e-08
-3.067853e-08
-3.061545e-08
-3.055334e-08
-3.049230e-08
-3.043242e-08
-3.037378e-08
-3.031647e-08
-3.026058e-08
-3.020619e-08
-3.015338e-08
-3.010224e-08
-3.005286e-08
-3.000530e-08
-2.995964e-08
-2.991597e-08
-2.987436e-08
-2.983489e-08
-2.979762e-08
-2.976262e-08
-2.972996e-08
-2.969972e-08
-2.967195e-08
-2.964673e-08
-2.962410e-08
-2.960412e-08
-2.958687e-08
-2.957238e-08
-2.956072e-08
-2.955194e-08
-2.954607e-08
-2.954318e-08
-2.954330e-08
-2.954647e-08
-2.955274e-08
-2.956215e-08
-2.957472e-08
-2.959049e-08
-2.960950e-08
-2.963177e-08
-2.965732e-08
-2.968618e-08
-2.971837e-08
-2.975391e-08
-2.979281e-08
-2.983510e-08
-2.988077e-08
-2.992985e-08
-2.998233e-08
-3.003823e-08
-3.009754e-08
-3.016026e-08
-3.022640e-08
-3.029594e-08
-3.036888e-08
-3.044522e-08
-3.052493e-08
-3.060800e-08
-3.069443e-08
-3.078418e-08
-3.087725e-08
-3.097361e-08
-3.107323e-08
-3.117608e-08
-3.128215e-08
-3.139139e-08
-3.150378e-08
-3.161928e-08
-3.173785e-08
-3.185946e-08
-3.198406e-08
-3.211162e-08
-3.224209e-08
-3.237543e-08
-3.251158e-08
-3.265050e-08
-3.279215e-08
-3.293646e-08
-3.308338e-08
-3.323287e-08
-3.338486e-08
-3.353930e-08
-3.369613e-08
-3.385528e-08
-3.401671e-08
-3.418034e-08
-3.434611e-08
-3.451396e-08
-3.468383e-08
-3.485564e-08
-3.502933e-08
-3.520483e-08
-3.538207e-08
-3.556099e-08
-3.574151e-08
-3.592356e-08
-3.610708e-08
-3.629197e-08
-3.647819e-08
-3.666565e-08
-3.685427e-08
-3.704399e-08
-3.723472e-08
-3.742641e-08
-3.761896e-08
-3.781230e-08
-3.800637e-08
-3.820107e-08
-3.839635e-08
-3.859211e-08
-3.878829e-08
-3.898481e-08
-3.918160e-08
-3.937857e-08
-3.957566e-08
-3.977278e-08
-3.996986e-08
-4.016683e-08
-4.036362e-08
-4.056014e-08
-4.075633e-08
-4.095210e-08
-4.114740e-08
-4.134213e-08
-4.153624e-08
-4.172965e-08
-4.192229e-08
-4.211408e-08
-4.230496e-08
-4.249486e-08
-4.268370e-08
-4.287142e-08
-4.305796e-08
-4.324324e-08
-4.342719e-08
-4.360976e-08
-4.379087e-08
-4.397047e-08
-4.414849e-08
-4.432486e-08
-4.449952e-08
-4.467242e-08
-4.484350e-08
-4.501268e-08
-4.517992e-08
-4.534516e-08
-4.550834e-08
-4.566941e-08
-4.582831e-08
-4.598498e-08
-4.613938e-08
-4.629145e-08
-4.644115e-08
-4.658841e-08
-4.673320e-08
-4.687547e-08
-4.701516e-08
-4.715224e-08
-4.728665e-08
-4.741836e-08
-4.754733e-08
-4.767350e-08
-4.779685e-08
-4.791733e-08
-4.803490e-08
-4.814953e-08
-4.826118e-08
-4.836982e-08
-4.847541e-08
-4.857793e-08
-4.867733e-08
-4.877359e-08
-4.886669e-08
-4.895659e-08
-4.904327e-08
-4.912670e-08
-4.920685e-08
-4.928371e-08
-4.935726e-08
-4.942747e-08
-4.949432e-08
-4.955780e-08
-4.961789e-08
-4.967457e-08
-4.972783e-08
-4.977766e-08
-4.982404e-08
-4.986697e-08
-4.990643e-08
-4.994242e-08
-4.997492e-08
-5.000394e-08
-5.002947e-08
-5.005151e-08
-5.007005e-08
