-2.160326e-08
-2.189738e-08
-2.210437e-08
-2.222409e-08
-2.225649e-08
-2.220158e-08
-2.205944e-08
-2.183022e-08
-2.151415e-08
-2.111150e-08
-2.062264e-08
-2.004798e-08
-1.938804e-08
-1.864335e-08
-1.781455e-08
-1.690233e-08
-1.590744e-08
-1.483071e-08
-1.367302e-08
-1.243531e-08
-1.111860e-08
-9.723946e-09
-8.252481e-09
-6.705392e-09
-5.083921e-09
-3.389369e-09
-1.623089e-09
2.135090e-10
2.118966e-09
4.091770e-09
6.130362e-09
8.233131e-09
1.039842e-08
1.262454e-08
1.490973e-08
1.725222e-08
1.965018e-08
2.210174e-08
2.460500e-08
2.715803e-08
2.975886e-08
3.240549e-08
3.509587e-08
3.782797e-08
4.059968e-08
4.340891e-08
4.625351e-08
4.913133e-08
5.204021e-08
5.497794e-08
5.794234e-08
6.093117e-08
6.394222e-08
6.697324e-08
7.002198e-08
7.308620e-08
7.616363e-08
7.925203e-08
8.234912e-08
8.545267e-08
8.856040e-08
9.167008e-08
9.477947e-08
9.788633e-08
1.009884e-07
1.040836e-07
1.071696e-07
1.102443e-07
1.133055e-07
1.163510e-07
1.193789e-07
1.223868e-07
1.253729e-07
1.283350e-07
1.312711e-07
1.341792e-07
1.370574e-07
1.399037e-07
1.427162e-07
1.454931e-07
1.482325e-07
1.509326e-07
1.535918e-07
1.562082e-07
1.587802e-07
1.613062e-07
1.637846e-07
1.662137e-07
1.685922e-07
1.709186e-07
1.731914e-07
1.754092e-07
1.775708e-07
1.796749e-07
1.817203e-07
1.837057e-07
1.856302e-07
1.874925e-07
1.892916e-07
1.910267e-07
1.926967e-07
1.943009e-07
1.958383e-07
1.973083e-07
1.987101e-07
2.000431e-07
2.013066e-07
2.025001e-07
2.036232e-07
2.046753e-07
2.056561e-07
2.065652e-07
2.074023e-07
2.081673e-07
2.088599e-07
2.094800e-07
2.100275e-07
2.105024e-07
2.109047e-07
2.112345e-07
2.114919e-07
2.116771e-07
2.117902e-07
2.118316e-07
2.118016e-07
2.117005e-07
2.115288e-07
2.112868e-07
2.109751e-07
2.105942e-07
2.101447e-07
2.096272e-07
2.090424e-07
2.083910e-07
2.076737e-07
2.068914e-07
2.060447e-07
2.051346e-07
2.041620e-07
2.031278e-07
2.020329e-07
2.008784e-07
1.996652e-07
1.983944e-07
1.970670e-07
1.956843e-07
1.942473e-07
1.927571e-07
1.912150e-07
1.896221e-07
1.879797e-07
1.862890e-07
1.845513e-07
1.827679e-07
1.809400e-07
1.790691e-07
1.771564e-07
1.752032e-07
1.732110e-07
1.711811e-07
1.691149e-07
1.670137e-07
1.648791e-07
1.627123e-07
1.605148e-07
1.582881e-07
1.560335e-07
1.537525e-07
1.514464e-07
1.491168e-07
1.467650e-07
1.443926e-07
1.420008e-07
1.395911e-07
1.371650e-07
1.347239e-07
1.322691e-07
1.298020e-07
1.273241e-07
1.248368e-07
1.223414e-07
1.198392e-07
1.173317e-07
1.148201e-07
1.123058e-07
1.097901e-07
1.072744e-07
1.047598e-07
1.022477e-07
9.973927e-08
9.723582e-08
9.473854e-08
9.224863e-08
8.976728e-08
8.729564e-08
8.483486e-08
8.238607e-08
7.995036e-08
7.752882e-08
7.512251e-08
7.273247e-08
7.035971e-08
6.800523e-08
6.567000e-08
6.335496e-08
6.106105e-08
5.878914e-08
5.654014e-08
5.431487e-08
5.211418e-08
4.993886e-08
4.778970e-08
4.566743e-08
4.357279e-08
4.150648e-08
3.946917e-08
3.746153e-08
3.548416e-08
3.353767e-08
3.162263e-08
2.973960e-08
2.788909e-08
2.607160e-08
2.428760e-08
2.253755e-08
2.082185e-08
1.914091e-08
1.749510e-08
1.588476e-08
1.431022e-08
1.277176e-08
1.126967e-08
9.804191e-09
8.375544e-09
6.983931e-09
5.629529e-09
4.312490e-09
3.032944e-09
1.790997e-09
5.867345e-10
-5.797823e-10
-1.708513e-09
-2.799441e-09
-3.852568e-09
-4.867920e-09
-5.845541e-09
-6.785498e-09
-7.687877e-09
-8.552784e-09
-9.380343e-09
-1.017070e-08
-1.092402e-08
-1.164048e-08
-1.232029e-08
-1.296365e-08
-1.357081e-08
-1.414202e-08
-1.467755e-08
-1.517767e-08
-1.564270e-08
-1.607294e-08
-1.646873e-08
-1.683041e-08
-1.715835e-08
-1.745291e-08
-1.771449e-08
-1.794347e-08
-1.814029e-08
-1.830535e-08
-1.843910e-08
-1.854199e-08
-1.861447e-08
-1.865701e-08
-1.867010e-08
-1.865422e-08
-1.860988e-08
-1.853757e-08
-1.843783e-08
-1.831117e-08
-1.815812e-08
-1.797924e-08
-1.777506e-08
-1.754613e-08
-1.729303e-08
-1.701632e-08
-1.671656e-08
-1.639434e-08
-1.605024e-08
-1.568484e-08
-1.529874e-08
-1.489253e-08
-1.446681e-08
-1.402217e-08
-1.355923e-08
-1.307859e-08
-1.258085e-08
-1.206663e-08
-1.153654e-08
-1.099118e-08
-1.043117e-08
-9.857118e-09
-9.269643e-09
-8.669355e-09
-8.056863e-09
-7.432778e-09
-6.797709e-09
-6.152263e-09
-5.497046e-09
-4.832661e-09
-4.159707e-09
-3.478784e-09
-2.790486e-09
-2.095404e-09
-1.394126e-09
-6.872353e-10
2.468761e-11
7.410678e-10
1.461335e-09
2.184923e-09
2.911271e-09
3.639825e-09
4.370035e-09
5.101357e-09
5.833254e-09
6.565196e-09
7.296656e-09
8.027119e-09
8.756072e-09
9.483012e-09
1.020744e-08
1.092888e-08
1.164683e-08
1.236083e-08
1.307041e-08
1.377512e-08
1.447451e-08
1.516814e-08
1.585557e-08
1.653638e-08
1.721017e-08
1.787652e-08
1.853505e-08
1.918537e-08
1.982709e-08
2.045986e-08
2.108332e-08
2.169713e-08
2.230094e-08
2.289443e-08
2.347728e-08
2.404919e-08
2.460986e-08
2.515900e-08
2.569635e-08
2.622164e-08
2.673460e-08
2.723501e-08
2.772262e-08
2.819721e-08
2.865858e-08
2.910652e-08
2.954084e-08
2.996136e-08
3.036792e-08
3.076035e-08
3.113851e-08
3.150226e-08
3.185147e-08
3.218604e-08
3.250586e-08
3.281082e-08
3.310086e-08
3.337589e-08
3.363585e-08
3.388070e-08
3.411039e-08
3.432488e-08
3.452416e-08
3.470822e-08
3.487705e-08
3.503067e-08
3.516908e-08
3.529233e-08
3.540044e-08
3.549347e-08
3.557148e-08
3.563452e-08
3.568267e-08
3.571602e-08
3.573466e-08
3.573869e-08
3.572822e-08
3.570338e-08
3.566428e-08
3.561106e-08
3.554387e-08
3.546286e-08
3.536818e-08
3.526000e-08
3.513849e-08
3.500384e-08
3.485622e-08
3.469585e-08
3.452290e-08
3.433760e-08
3.414015e-08
3.393077e-08
3.370969e-08
3.347714e-08
3.323335e-08
3.297856e-08
3.271301e-08
3.243696e-08
3.215067e-08
3.185438e-08
3.154837e-08
3.123289e-08
3.090823e-08
3.057464e-08
3.023242e-08
2.988183e-08
2.952316e-08
2.915670e-08
2.878273e-08
2.840155e-08
2.801343e-08
2.761868e-08
2.721759e-08
2.681045e-08
2.639757e-08
2.597923e-08
2.555573e-08
2.512738e-08
2.469446e-08
2.425729e-08
2.381615e-08
2.337134e-08
2.292316e-08
2.247190e-08
2.201786e-08
2.156133e-08
2.110261e-08
2.064197e-08
2.017971e-08
1.971611e-08
1.925147e-08
1.878605e-08
1.832013e-08
1.785400e-08
1.738792e-08
1.692216e-08
1.645699e-08
1.599267e-08
1.552946e-08
1.506761e-08
1.460737e-08
1.414900e-08
1.369274e-08
1.323881e-08
1.278746e-08
1.233892e-08
1.189341e-08
1.145115e-08
1.101235e-08
1.057722e-08
1.014598e-08
9.718812e-09
9.295916e-09
8.877481e-09
8.463689e-09
8.054718e-09
7.650740e-09
7.251920e-09
6.858418e-09
6.470391e-09
6.087984e-09
5.711343e-09
5.340602e-09
4.975893e-09
4.617341e-09
4.265063e-09
3.919173e-09
3.579776e-09
3.246974e-09
2.920860e-09
2.601522e-09
2.289043e-09
1.983497e-09
1.684956e-09
1.393483e-09
1.109135e-09
8.319638e-10
5.620160e-10
2.993311e-10
4.394289e-11
-2.041204e-10
-4.448365e-10
-6.781889e-10
-9.041666e-10
-1.122764e-09
-1.333982e-09
-1.537827e-09
-1.734308e-09
-1.923443e-09
-2.105253e-09
-2.279765e-09
-2.447012e-09
-2.607029e-09
-2.759859e-09
-2.905548e-09
-3.044148e-09
-3.175714e-09
-3.300307e-09
-3.417991e-09
-3.528835e-09
-3.632913e-09
-3.730301e-09
-3.821079e-09
-3.905335e-09
-3.983154e-09
-4.054630e-09
-4.119858e-09
-4.178937e-09
-4.231968e-09
-4.279056e-09
-4.320310e-09
-4.355841e-09
-4.385760e-09
-4.410185e-09
-4.429233e-09
-4.443025e-09
-4.451684e-09
-4.455334e-09
-4.454103e-09
-4.448117e-09
-4.437508e-09
-4.422406e-09
-4.402944e-09
-4.379257e-09
-4.351479e-09
-4.319746e-09
-4.284196e-09
-4.244965e-09
-4.202193e-09
-4.156017e-09
-4.106577e-09
-4.054012e-09
-3.998461e-09
-3.940064e-09
-3.878960e-09
-3.815287e-09
-3.749185e-09
-3.680792e-09
-3.610245e-09
-3.537681e-09
-3.463236e-09
-3.387046e-09
-3.309244e-09
-3.229965e-09
-3.149340e-09
-3.067499e-09
-2.984573e-09
-2.900690e-09
-2.815975e-09
-2.730553e-09
-2.644549e-09
-2.558083e-09
-2.471276e-09
-2.384244e-09
-2.297104e-09
-2.209969e-09
-2.122951e-09
-2.036159e-09
-1.949702e-09
-1.863684e-09
-1.778207e-09
-1.693373e-09
-1.609279e-09
-1.526021e-09
-1.443693e-09
-1.362384e-09
-1.282182e-09
-1.203174e-09
-1.125443e-09
-1.049068e-09
-9.741280e-10
-9.006971e-10
-8.288482e-10
-7.586508e-10
-6.901721e-10
-6.234762e-10
-5.586250e-10
-4.956772e-10
-4.346892e-10
-3.757143e-10
-3.188036e-10
-2.640050e-10
-2.113641e-10
-1.609237e-10
-1.127239e-10
-6.680230e-11
-2.319376e-11
1.806940e-11
5.695742e-11
9.344310e-11
1.275018e-10
1.591112e-10
1.882517e-10
2.149059e-10
2.390590e-10
2.606983e-10
2.798137e-10
2.963973e-10
3.104434e-10
3.219484e-10
3.309112e-10
3.373326e-10
3.412154e-10
3.425646e-10
3.413873e-10
3.376922e-10
3.314904e-10
3.227943e-10
3.116186e-10
2.979794e-10
2.818948e-10
2.633845e-10
2.424696e-10
2.191731e-10
1.935192e-10
1.655339e-10
1.352444e-10
1.026793e-10
6.786855e-11
3.084345e-11
-8.363586e-12
-4.971891e-11
-9.318776e-11
-1.387343e-10
-1.863216e-10
-2.359119e-10
-2.874664e-10
-3.409453e-10
-3.963081e-10
-4.535136e-10
-5.125195e-10
-5.732832e-10
-6.357612e-10
-6.999094e-10
-7.656831e-10
-8.330371e-10
-9.019258e-10
-9.723030e-10
-1.044122e-09
-1.117336e-09
-1.191898e-09
-1.267760e-09
-1.344874e-09
-1.423193e-09
-1.502667e-09
-1.583249e-09
-1.664889e-09
-1.747540e-09
-1.831152e-09
-1.915677e-09
-2.001066e-09
-2.087269e-09
-2.174239e-09
-2.261927e-09
-2.350283e-09
-2.439260e-09
-2.528809e-09
-2.618883e-09
-2.709432e-09
-2.800410e-09
-2.891769e-09
-2.983461e-09
-3.075439e-09
-3.167658e-09
-3.260070e-09
-3.352630e-09
-3.445291e-09
-3.538008e-09
-3.630736e-09
-3.723431e-09
-3.816048e-09
-3.908544e-09
-4.000875e-09
-4.092998e-09
-4.184870e-09
-4.276450e-09
-4.367696e-09
-4.458567e-09
-4.549021e-09
-4.639020e-09
-4.728523e-09
-4.817491e-09
-4.905886e-09
-4.993670e-09
-5.080804e-09
-5.167253e-09
-5.252980e-09
-5.337948e-09
-5.422123e-09
-5.505470e-09
-5.587956e-09
-5.669545e-09
-5.750206e-09
-5.829906e-09
-5.908614e-09
-5.986298e-09
-6.062929e-09
-6.138475e-09
-6.212909e-09
-6.286202e-09
-6.358326e-09
-6.429253e-09
-6.498958e-09
-6.567415e-09
-6.634598e-09
-6.700483e-09
-6.765046e-09
-6.828265e-09
-6.890117e-09
-6.950580e-09
-7.009634e-09
-7.067259e-09
-7.123435e-09
-7.178144e-09
-7.231368e-09
-7.283090e-09
-7.333294e-09
-7.381964e-09
-7.429087e-09
-7.474647e-09
-7.518632e-09
-7.561029e-09
-7.601829e-09
-7.641019e-09
-7.678590e-09
-7.714535e-09
-7.748843e-09
-7.781509e-09
-7.812527e-09
-7.841891e-09
-7.869597e-09
-7.895641e-09
-7.920021e-09
-7.942735e-09
-7.963783e-09
-7.983165e-09
-8.000882e-09
-8.016936e-09
-8.031330e-09
-8.044069e-09
-8.055157e-09
-8.064601e-09
-8.072407e-09
-8.078583e-09
-8.083139e-09
-8.086085e-09
-8.087430e-09
-8.087188e-09
-8.085371e-09
-8.081993e-09
-8.077069e-09
-8.070615e-09
-8.062647e-09
-8.053184e-09
-8.042245e-09
-8.029848e-09
-8.016016e-09
-8.000770e-09
-7.984133e-09
-7.966129e-09
-7.946781e-09
-7.926117e-09
-7.904162e-09
-7.880944e-09
-7.856492e-09
-7.830835e-09
-7.804004e-09
-7.776029e-09
-7.746942e-09
-7.716777e-09
-7.685568e-09
-7.653349e-09
-7.620155e-09
-7.586023e-09
-7.550990e-09
-7.515094e-09
-7.478373e-09
-7.440867e-09
-7.402615e-09
-7.363659e-09
-7.324039e-09
-7.283798e-09
-7.242979e-09
-7.201624e-09
-7.159777e-09
-7.117483e-09
-7.074786e-09
-7.031732e-09
-6.988367e-09
-6.944736e-09
-6.900887e-09
-6.856866e-09
-6.812720e-09
-6.768498e-09
-6.724246e-09
-6.680014e-09
-6.635849e-09
-6.591800e-09
-6.547916e-09
-6.504244e-09
-6.460835e-09
-6.417737e-09
-6.374999e-09
-6.332669e-09
-6.290796e-09
-6.249430e-09
-6.208618e-09
-6.168408e-09
-6.128850e-09
-6.089991e-09
-6.051878e-09
-6.014558e-09
-5.978080e-09
-5.942488e-09
-5.907830e-09
-5.874150e-09
-5.841495e-09
-5.809909e-09
-5.779435e-09
-5.750118e-09
-5.722000e-09
-5.695124e-09
-5.669530e-09
-5.645260e-09
-5.622354e-09
-5.600851e-09
-5.580789e-09
-5.562206e-09
-5.545139e-09
-5.529624e-09
-5.515695e-09
-5.503386e-09
-5.492731e-09
-5.483761e-09
-5.476507e-09
-5.470999e-09
-5.467265e-09
-5.465334e-09
-5.465233e-09
-5.466985e-09
-5.470616e-09
-5.476150e-09
-5.483606e-09
-5.493008e-09
-5.504373e-09
-5.517720e-09
-5.533067e-09
-5.550429e-09
-5.569820e-09
-5.591254e-09
-5.614743e-09
-5.640297e-09
-5.667926e-09
-5.697638e-09
-5.729440e-09
-5.763337e-09
-5.799333e-09
-5.837432e-09
-5.877635e-09
-5.919943e-09
-5.964354e-09
-6.010866e-09
-6.059477e-09
-6.110180e-09
-6.162970e-09
-6.217840e-09
-6.274782e-09
-6.333785e-09
-6.394839e-09
-6.457931e-09
-6.523049e-09
-6.590177e-09
-6.659301e-09
-6.730403e-09
-6.803466e-09
-6.878471e-09
-6.955398e-09
-7.034225e-09
-7.114931e-09
-7.197493e-09
-7.281886e-09
-7.368085e-09
-7.456066e-09
-7.545800e-09
-7.637260e-09
-7.730417e-09
-7.825242e-09
-7.921706e-09
-8.019776e-09
-8.119422e-09
-8.220610e-09
-8.323308e-09
-8.427482e-09
-8.533098e-09
-8.640120e-09
-8.748514e-09
-8.858243e-09
-8.969271e-09
-9.081560e-09
-9.195073e-09
-9.309773e-09
-9.425622e-09
-9.542580e-09
-9.660608e-09
-9.779669e-09
-9.899722e-09
-1.002073e-08
-1.014265e-08
-1.026544e-08
-1.038906e-08
-1.051348e-08
-1.063865e-08
-1.076453e-08
-1.089108e-08
-1.101827e-08
-1.114604e-08
-1.127437e-08
-1.140321e-08
-1.153251e-08
-1.166225e-08
-1.179239e-08
-1.192287e-08
-1.205366e-08
-1.218473e-08
-1.231604e-08
-1.244754e-08
-1.257919e-08
-1.271097e-08
-1.284283e-08
-1.297474e-08
-1.310665e-08
-1.323854e-08
-1.337036e-08
-1.350209e-08
-1.363368e-08
-1.376510e-08
-1.389631e-08
-1.402729e-08
-1.415800e-08
-1.428841e-08
-1.441847e-08
-1.454818e-08
-1.467748e-08
-1.480635e-08
-1.493477e-08
-1.506269e-08
-1.519010e-08
-1.531696e-08
-1.544325e-08
-1.556893e-08
-1.569399e-08
-1.581839e-08
-1.594211e-08
-1.606512e-08
-1.618741e-08
-1.630893e-08
-1.642968e-08
-1.654963e-08
-1.666876e-08
-1.678704e-08
-1.690446e-08
-1.702099e-08
-1.713661e-08
-1.725130e-08
-1.736505e-08
-1.747784e-08
-1.758964e-08
-1.770045e-08
-1.781023e-08
-1.791899e-08
-1.802669e-08
-1.813333e-08
-1.823889e-08
-1.834335e-08
-1.844671e-08
-1.854894e-08
-1.865003e-08
-1.874998e-08
-1.884877e-08
-1.894638e-08
-1.904281e-08
-1.913804e-08
-1.923206e-08
-1.932487e-08
-1.941644e-08
-1.950678e-08
-1.959587e-08
-1.968371e-08
-1.977027e-08
-1.985557e-08
-1.993958e-08
-2.002230e-08
-2.010371e-08
-2.018383e-08
-2.026263e-08
-2.034011e-08
-2.041626e-08
-2.049107e-08
-2.056455e-08
-2.063668e-08
-2.070746e-08
-2.077688e-08
-2.084493e-08
-2.091162e-08
-2.097693e-08
-2.104087e-08
-2.110341e-08
-2.116457e-08
-2.122434e-08
-2.128271e-08
-2.133968e-08
-2.139524e-08
-2.144939e-08
-2.150213e-08
-2.155345e-08
-2.160335e-08
-2.165183e-08
-2.169888e-08
-2.174450e-08
-2.178869e-08
-2.183144e-08
-2.187276e-08
-2.191263e-08
-2.195106e-08
-2.198804e-08
-2.202357e-08
-2.205766e-08
-2.209029e-08
-2.212147e-08
-2.215120e-08
-2.217946e-08
-2.220627e-08
-2.223162e-08
-2.225552e-08
-2.227795e-08
-2.229891e-08
-2.231842e-08
-2.233646e-08
-2.235305e-08
-2.236816e-08
-2.238182e-08
-2.239401e-08
-2.240475e-08
-2.241402e-08
-2.242183e-08
-2.242818e-08
-2.243308e-08
-2.243652e-08
-2.243851e-08
-2.243905e-08
-2.243813e-08
-2.243577e-08
-2.243197e-08
-2.242672e-08
-2.242004e-08
-2.241192e-08
-2.240237e-08
-2.239140e-08
-2.237901e-08
-2.236519e-08
-2.234997e-08
-2.233334e-08
-2.231530e-08
-2.229588e-08
-2.227506e-08
-2.225286e-08
-2.222928e-08
-2.220433e-08
-2.217803e-08
-2.215036e-08
-2.212136e-08
-2.209101e-08
-2.205934e-08
-2.202634e-08
-2.199204e-08
-2.195643e-08
-2.191953e-08
-2.188136e-08
-2.184191e-08
-2.180121e-08
-2.175925e-08
-2.171607e-08
-2.167165e-08
-2.162603e-08
-2.157921e-08
-2.153121e-08
-2.148203e-08
-2.143170e-08
-2.138022e-08
-2.132761e-08
-2.127389e-08
-2.121907e-08
-2.116316e-08
-2.110619e-08
-2.104817e-08
-2.098910e-08
-2.092902e-08
-2.086794e-08
-2.080588e-08
-2.074284e-08
-2.067886e-08
-2.061395e-08
-2.054812e-08
-2.048140e-08
-2.041381e-08
-2.034536e-08
-2.027608e-08
-2.020597e-08
-2.013508e-08
-2.006341e-08
-1.999098e-08
-1.991781e-08
-1.984394e-08
-1.976937e-08
-1.969413e-08
-1.961824e-08
-1.954173e-08
-1.946460e-08
-1.938690e-08
-1.930863e-08
-1.922982e-08
-1.915050e-08
-1.907068e-08
-1.899039e-08
-1.890965e-08
-1.882849e-08
-1.874692e-08
-1.866498e-08
-1.858268e-08
-1.850005e-08
-1.841710e-08
-1.833387e-08
-1.825038e-08
-1.816665e-08
-1.808271e-08
-1.799857e-08
-1.791426e-08
-1.782981e-08
-1.774524e-08
-1.766057e-08
-1.757582e-08
-1.749103e-08
-1.740620e-08
-1.732137e-08
-1.723656e-08
-1.715179e-08
-1.706708e-08
-1.698246e-08
-1.689795e-08
-1.681357e-08
-1.672935e-08
-1.664530e-08
-1.656146e-08
-1.647783e-08
-1.639445e-08
-1.631133e-08
-1.622849e-08
-1.614597e-08
-1.606377e-08
-1.598192e-08
-1.590044e-08
-1.581935e-08
-1.573867e-08
-1.565842e-08
-1.557861e-08
-1.549928e-08
-1.542043e-08
-1.534209e-08
-1.526427e-08
-1.518699e-08
-1.511027e-08
-1.503413e-08
-1.495859e-08
-1.488365e-08
-1.480935e-08
-1.473568e-08
-1.466267e-08
-1.459034e-08
-1.451870e-08
-1.444776e-08
-1.437754e-08
-1.430805e-08
-1.423930e-08
-1.417131e-08
-1.410409e-08
-1.403766e-08
-1.397202e-08
-1.390718e-08
-1.384315e-08
-1.377996e-08
-1.371760e-08
-1.365608e-08
-1.359542e-08
-1.353562e-08
-1.347670e-08
-1.341865e-08
-1.336148e-08
-1.330521e-08
-1.324984e-08
-1.319537e-08
-1.314180e-08
-1.308916e-08
-1.303743e-08
-1.298662e-08
-1.293673e-08
-1.288778e-08
-1.283975e-08
-1.279265e-08
-1.274649e-08
-1.270126e-08
-1.265697e-08
-1.261360e-08
-1.257117e-08
-1.252968e-08
-1.248911e-08
-1.244947e-08
-1.241075e-08
-1.237296e-08
-1.233608e-08
-1.230012e-08
-1.226507e-08
-1.223093e-08
-1.219768e-08
-1.216532e-08
-1.213386e-08
-1.210327e-08
-1.207356e-08
-1.204471e-08
-1.201672e-08
-1.198958e-08
-1.196328e-08
-1.193781e-08
-1.191317e-08
-1.188933e-08
-1.186630e-08
-1.184405e-08
-1.182259e-08
-1.180189e-08
-1.178195e-08
-1.176275e-08
-1.174429e-08
-1.172655e-08
-1.170951e-08
-1.169316e-08
-1.167750e-08
-1.166250e-08
-1.164816e-08
-1.163446e-08
-1.162138e-08
-1.160891e-08
-1.159703e-08
-1.158574e-08
-1.157501e-08
-1.156484e-08
-1.155520e-08
-1.154608e-08
-1.153747e-08
-1.152935e-08
-1.152170e-08
-1.151452e-08
-1.150777e-08
-1.150146e-08
-1.149557e-08
-1.149007e-08
-1.148495e-08
-1.148021e-08
-1.147581e-08
-1.147176e-08
-1.146803e-08
-1.146461e-08
-1.146148e-08
-1.145864e-08
-1.145606e-08
-1.145373e-08
-1.145164e-08
-1.144978e-08
-1.144812e-08
-1.144667e-08
-1.144540e-08
-1.144430e-08
-1.144336e-08
-1.144258e-08
-1.144193e-08
-1.144140e-08
-1.144099e-08
-1.144069e-08
-1.144048e-08
-1.144035e-08
-1.144030e-08
-1.144031e-08
-1.144038e-08
-1.144049e-08
-1.144065e-08
-1.144084e-08
-1.144106e-08
-1.144129e-08
-1.144154e-08
-1.144179e-08
-1.144205e-08
-1.144230e-08
-1.144254e-08
-1.144277e-08
-1.144298e-08
-1.144317e-08
-1.144334e-08
-1.144348e-08
-1.144360e-08
-1.144368e-08
-1.144374e-08
-1.144376e-08
-1.144375e-08
-1.144370e-08
-1.144363e-08
-1.144352e-08
-1.144338e-08
-1.144321e-08
-1.144301e-08
-1.144279e-08
-1.144254e-08
-1.144226e-08
-1.144197e-08
-1.144166e-08
-1.144134e-08
-1.144101e-08
-1.144067e-08
-1.144032e-08
-1.143998e-08
-1.143964e-08
-1.143931e-08
-1.143899e-08
-1.143869e-08
-1.143841e-08
-1.143816e-08
-1.143794e-08
-1.143775e-08
-1.143760e-08
-1.143749e-08
-1.143743e-08
-1.143742e-08
-1.143747e-08
-1.143757e-08
-1.143774e-08
-1.143797e-08
-1.143827e-08
-1.143864e-08
-1.143909e-08
-1.143961e-08
-1.144021e-08
-1.144089e-08
-1.144165e-08
-1.144249e-08
-1.144341e-08
-1.144441e-08
-1.144550e-08
-1.144666e-08
-1.144790e-08
-1.144922e-08
-1.145061e-08
-1.145207e-08
-1.145359e-08
-1.145518e-08
-1.145682e-08
-1.145851e-08
-1.146025e-08
-1.146202e-08
-1.146381e-08
-1.146563e-08
-1.146746e-08
-1.146928e-08
-1.147110e-08
-1.147289e-08
-1.147465e-08
-1.147635e-08
-1.147800e-08
-1.147956e-08
-1.148103e-08
-1.148239e-08
-1.148363e-08
-1.148472e-08
-1.148564e-08
-1.148638e-08
-1.148692e-08
-1.148723e-08
-1.148729e-08
-1.148708e-08
-1.148658e-08
-1.148576e-08
-1.148460e-08
-1.148306e-08
-1.148113e-08
-1.147878e-08
-1.147598e-08
-1.147269e-08
-1.146890e-08
-1.146457e-08
-1.145967e-08
-1.145417e-08
-1.144804e-08
-1.144125e-08
-1.143376e-08
-1.142554e-08
-1.141656e-08
-1.140679e-08
-1.139618e-08
-1.138471e-08
-1.137234e-08
-1.135904e-08
-1.134477e-08
-1.132949e-08
-1.131318e-08
-1.129579e-08
-1.127728e-08
-1.125764e-08
-1.123681e-08
-1.121476e-08
-1.119146e-08
-1.116687e-08
-1.114096e-08
-1.111368e-08
-1.108502e-08
-1.105493e-08
-1.102338e-08
-1.099034e-08
-1.095577e-08
-1.091964e-08
-1.088193e-08
-1.084259e-08
-1.080160e-08
-1.075893e-08
-1.071455e-08
-1.066843e-08
-1.062054e-08
-1.057087e-08
-1.051937e-08
-1.046604e-08
-1.041084e-08
-1.035376e-08
-1.029476e-08
-1.023384e-08
-1.017097e-08
-1.010614e-08
-1.003933e-08
-9.970516e-09
-9.899696e-09
-9.826854e-09
-9.751978e-09
-9.675060e-09
-9.596090e-09
-9.515063e-09
-9.431973e-09
-9.346817e-09
-9.259592e-09
-9.170297e-09
-9.078935e-09
-8.985507e-09
-8.890018e-09
-8.792473e-09
-8.692880e-09
-8.591248e-09
-8.487589e-09
-8.381913e-09
-8.274236e-09
-8.164572e-09
-8.052940e-09
-7.939359e-09
-7.823848e-09
-7.706431e-09
-7.587131e-09
-7.465973e-09
-7.342985e-09
-7.218196e-09
-7.091635e-09
-6.963334e-09
-6.833327e-09
-6.701649e-09
-6.568334e-09
-6.433422e-09
-6.296951e-09
-6.158962e-09
-6.019496e-09
-5.878597e-09
-5.736308e-09
-5.592675e-09
-5.447744e-09
-5.301565e-09
-5.154185e-09
-5.005654e-09
-4.856024e-09
-4.705345e-09
-4.553672e-09
-4.401057e-09
-4.247555e-09
-4.093221e-09
-3.938111e-09
-3.782280e-09
-3.625787e-09
-3.468688e-09
-3.311042e-09
-3.152906e-09
-2.994339e-09
-2.835400e-09
-2.676148e-09
-2.516643e-09
-2.356943e-09
-2.197108e-09
-2.037196e-09
-1.877268e-09
-1.717381e-09
-1.557595e-09
-1.397968e-09
-1.238558e-09
-1.079423e-09
-9.206189e-10
-7.622034e-10
-6.042321e-10
-4.467603e-10
-2.898427e-10
-1.335330e-10
2.211582e-11
1.770515e-10
3.312230e-10
4.845800e-10
6.370735e-10
7.886552e-10
9.392782e-10
1.088897e-09
1.237466e-09
1.384944e-09
1.531287e-09
1.676455e-09
1.820408e-09
1.963110e-09
2.104523e-09
2.244612e-09
2.383344e-09
2.520687e-09
2.656610e-09
2.791085e-09
2.924084e-09
3.055581e-09
3.185553e-09
3.313977e-09
3.440832e-09
3.566099e-09
3.689761e-09
3.811801e-09
3.932205e-09
4.050961e-09
4.168058e-09
4.283485e-09
4.397236e-09
4.509305e-09
4.619686e-09
4.728377e-09
4.835375e-09
4.940683e-09
5.044300e-09
5.146230e-09
5.246477e-09
5.345047e-09
5.441948e-09
5.537188e-09
5.630776e-09
5.722725e-09
5.813046e-09
5.901753e-09
5.988861e-09
6.074386e-09
6.158344e-09
6.240753e-09
6.321631e-09
6.401000e-09
6.478878e-09
6.555288e-09
6.630251e-09
6.703789e-09
6.775927e-09
6.846688e-09
6.916096e-09
6.984176e-09
7.050953e-09
7.116452e-09
7.180700e-09
7.243721e-09
7.305542e-09
7.366189e-09
7.425688e-09
7.484064e-09
7.541345e-09
7.597554e-09
7.652718e-09
7.706862e-09
7.760011e-09
7.812188e-09
7.863418e-09
7.913725e-09
7.963130e-09
8.011656e-09
8.059324e-09
8.106155e-09
8.152170e-09
8.197386e-09
8.241822e-09
8.285496e-09
8.328423e-09
8.370619e-09
8.412098e-09
8.452872e-09
8.492955e-09
8.532357e-09
8.571086e-09
8.609153e-09
8.646563e-09
8.683323e-09
8.719437e-09
8.754908e-09
8.789739e-09
8.823929e-09
8.857479e-09
8.890385e-09
8.922645e-09
8.954253e-09
8.985203e-09
9.015488e-09
9.045098e-09
9.074023e-09
9.102251e-09
9.129769e-09
9.156562e-09
9.182616e-09
9.207912e-09
9.232432e-09
9.256157e-09
9.279066e-09
9.301136e-09
9.322345e-09
9.342668e-09
9.362080e-09
9.380554e-09
9.398063e-09
9.414579e-09
9.430071e-09
9.444510e-09
9.457864e-09
9.470102e-09
9.481191e-09
9.491097e-09
9.499788e-09
9.507227e-09
9.513382e-09
9.518215e-09
9.521691e-09
9.523775e-09
9.524429e-09
9.523618e-09
9.521304e-09
9.517452e-09
9.512024e-09
9.504985e-09
9.496296e-09
9.485924e-09
9.473831e-09
9.459982e-09
9.444343e-09
9.426878e-09
9.407555e-09
9.386339e-09
9.363199e-09
9.338102e-09
9.311018e-09
9.281917e-09
9.250769e-09
9.217549e-09
9.182228e-09
9.144781e-09
9.105185e-09
9.063415e-09
9.019452e-09
8.973275e-09
8.924866e-09
8.874208e-09
8.821285e-09
8.766085e-09
8.708595e-09
8.648806e-09
8.586710e-09
8.522299e-09
8.455571e-09
8.386523e-09
8.315155e-09
8.241468e-09
8.165466e-09
8.087156e-09
8.006545e-09
7.923644e-09
7.838466e-09
7.751026e-09
7.661340e-09
7.569428e-09
7.475311e-09
7.379014e-09
7.280563e-09
7.179987e-09
7.077315e-09
6.972583e-09
6.865824e-09
6.757077e-09
6.646383e-09
6.533783e-09
6.419322e-09
6.303047e-09
6.185008e-09
6.065256e-09
5.943844e-09
5.820829e-09
5.696268e-09
5.570221e-09
5.442751e-09
5.313921e-09
5.183797e-09
5.052448e-09
4.919944e-09
4.786356e-09
4.651758e-09
4.516225e-09
4.379834e-09
4.242663e-09
4.104794e-09
3.966306e-09
3.827284e-09
3.687812e-09
3.547975e-09
3.407860e-09
3.267556e-09
3.127152e-09
2.986737e-09
2.846402e-09
2.706240e-09
2.566344e-09
2.426805e-09
2.287719e-09
2.149180e-09
2.011282e-09
1.874121e-09
1.737792e-09
1.602390e-09
1.468012e-09
1.334752e-09
1.202707e-09
1.071972e-09
9.426411e-10
8.148099e-10
6.885725e-10
5.640223e-10
4.412526e-10
3.203556e-10
2.014228e-10
8.454485e-11
-3.018865e-11
-1.426891e-10
-2.528692e-10
-3.606427e-10
-4.659248e-10
-5.686321e-10
-6.686827e-10
-7.659961e-10
-8.604937e-10
-9.520985e-10
-1.040735e-09
-1.126331e-09
-1.208813e-09
-1.288114e-09
-1.364165e-09
-1.436901e-09
-1.506261e-09
-1.572182e-09
-1.634606e-09
-1.693479e-09
-1.748745e-09
-1.800355e-09
-1.848260e-09
-1.892414e-09
-1.932774e-09
-1.969300e-09
-2.001953e-09
-2.030700e-09
