2.160630e-08
2.190408e-08
2.211491e-08
2.223867e-08
2.227528e-08
2.222477e-08
2.208721e-08
2.186275e-08
2.155161e-08
2.115407e-08
2.067049e-08
2.010130e-08
1.944697e-08
1.870807e-08
1.788522e-08
1.697911e-08
1.599049e-08
1.492017e-08
1.376904e-08
1.253804e-08
1.122817e-08
9.840504e-09
8.376154e-09
6.836305e-09
5.222197e-09
3.535124e-09
1.776436e-09
-5.246461e-11
-1.950123e-09
-3.915034e-09
-5.945642e-09
-8.040345e-09
-1.019749e-08
-1.241539e-08
-1.469231e-08
-1.702646e-08
-1.941602e-08
-2.185915e-08
-2.435393e-08
-2.689846e-08
-2.949075e-08
-3.212883e-08
-3.481066e-08
-3.753419e-08
-4.029735e-08
-4.309802e-08
-4.593410e-08
-4.880342e-08
-5.170383e-08
-5.463314e-08
-5.758916e-08
-6.056968e-08
-6.357248e-08
-6.659532e-08
-6.963596e-08
-7.269217e-08
-7.576169e-08
-7.884228e-08
-8.193168e-08
-8.502764e-08
-8.812793e-08
-9.123029e-08
-9.433251e-08
-9.743235e-08
-1.005276e-07
-1.036161e-07
-1.066955e-07
-1.097639e-07
-1.128189e-07
-1.158585e-07
-1.188806e-07
-1.218830e-07
-1.248637e-07
-1.278207e-07
-1.307519e-07
-1.336553e-07
-1.365291e-07
-1.393712e-07
-1.421798e-07
-1.449531e-07
-1.476891e-07
-1.503861e-07
-1.530425e-07
-1.556563e-07
-1.582261e-07
-1.607500e-07
-1.632267e-07
-1.656545e-07
-1.680319e-07
-1.703574e-07
-1.726297e-07
-1.748474e-07
-1.770092e-07
-1.791138e-07
-1.811600e-07
-1.831465e-07
-1.850724e-07
-1.869365e-07
-1.887378e-07
-1.904753e-07
-1.921481e-07
-1.937554e-07
-1.952963e-07
-1.967700e-07
-1.981759e-07
-1.995134e-07
-2.007817e-07
-2.019803e-07
-2.031088e-07
-2.041668e-07
-2.051537e-07
-2.060692e-07
-2.069132e-07
-2.076853e-07
-2.083853e-07
-2.090132e-07
-2.095688e-07
-2.100521e-07
-2.104631e-07
-2.108019e-07
-2.110686e-07
-2.112633e-07
-2.113864e-07
-2.114380e-07
-2.114184e-07
-2.113281e-07
-2.111674e-07
-2.109367e-07
-2.106365e-07
-2.102675e-07
-2.098300e-07
-2.093249e-07
-2.087526e-07
-2.081140e-07
-2.074097e-07
-2.066405e-07
-2.058073e-07
-2.049108e-07
-2.039520e-07
-2.029318e-07
-2.018511e-07
-2.007108e-07
-1.995121e-07
-1.982560e-07
-1.969434e-07
-1.955756e-07
-1.941535e-07
-1.926785e-07
-1.911516e-07
-1.895741e-07
-1.879471e-07
-1.862719e-07
-1.845498e-07
-1.827820e-07
-1.809699e-07
-1.791146e-07
-1.772176e-07
-1.752802e-07
-1.733038e-07
-1.712896e-07
-1.692392e-07
-1.671538e-07
-1.650348e-07
-1.628837e-07
-1.607019e-07
-1.584907e-07
-1.562515e-07
-1.539859e-07
-1.516952e-07
-1.493808e-07
-1.470442e-07
-1.446867e-07
-1.423098e-07
-1.399149e-07
-1.375034e-07
-1.350767e-07
-1.326362e-07
-1.301833e-07
-1.277194e-07
-1.252458e-07
-1.227639e-07
-1.202752e-07
-1.177808e-07
-1.152822e-07
-1.127807e-07
-1.102775e-07
-1.077740e-07
-1.052715e-07
-1.027712e-07
-1.002743e-07
-9.778213e-08
-9.529587e-08
-9.281671e-08
-9.034582e-08
-8.788438e-08
-8.543351e-08
-8.299433e-08
-8.056795e-08
-7.815544e-08
-7.575785e-08
-7.337623e-08
-7.101159e-08
-6.866491e-08
-6.633716e-08
-6.402930e-08
-6.174223e-08
-5.947686e-08
-5.723407e-08
-5.501469e-08
-5.281956e-08
-5.064948e-08
-4.850523e-08
-4.638755e-08
-4.429717e-08
-4.223480e-08
-4.020110e-08
-3.819674e-08
-3.622234e-08
-3.427849e-08
-3.236578e-08
-3.048475e-08
-2.863593e-08
-2.681981e-08
-2.503688e-08
-2.328757e-08
-2.157233e-08
-1.989153e-08
-1.824557e-08
-1.663478e-08
-1.505949e-08
-1.352001e-08
-1.201661e-08
-1.054954e-08
-9.119027e-09
-7.725283e-09
-6.368485e-09
-5.048792e-09
-3.766339e-09
-2.521239e-09
-1.313581e-09
-1.434335e-10
9.891579e-10
2.084169e-09
3.141597e-09
4.161459e-09
5.143795e-09
6.088664e-09
6.996145e-09
7.866337e-09
8.699359e-09
9.495347e-09
1.025446e-08
1.097687e-08
1.166277e-08
1.231237e-08
1.292590e-08
1.350360e-08
1.404574e-08
1.455258e-08
1.502443e-08
1.546159e-08
1.586439e-08
1.623316e-08
1.656825e-08
1.687004e-08
1.713890e-08
1.737521e-08
1.757940e-08
1.775187e-08
1.789306e-08
1.800341e-08
1.808336e-08
1.813338e-08
1.815394e-08
1.814553e-08
1.810864e-08
1.804377e-08
1.795142e-08
1.783213e-08
1.768641e-08
1.751480e-08
1.731784e-08
1.709608e-08
1.685007e-08
1.658037e-08
1.628756e-08
1.597220e-08
1.563487e-08
1.527614e-08
1.489661e-08
1.449687e-08
1.407750e-08
1.363911e-08
1.318229e-08
1.270764e-08
1.221577e-08
1.170728e-08
1.118278e-08
1.064287e-08
1.008817e-08
9.519286e-09
8.936821e-09
8.341386e-09
7.733590e-09
7.114040e-09
6.483342e-09
5.842101e-09
5.190920e-09
4.530400e-09
3.861140e-09
3.183735e-09
2.498778e-09
1.806860e-09
1.108566e-09
4.044791e-10
-3.048218e-10
-1.018763e-09
-1.736773e-09
-2.458289e-09
-3.182750e-09
-3.909601e-09
-4.638293e-09
-5.368282e-09
-6.099031e-09
-6.830009e-09
-7.560691e-09
-8.290557e-09
-9.019098e-09
-9.745807e-09
-1.047019e-08
-1.119175e-08
-1.191002e-08
-1.262451e-08
-1.333476e-08
-1.404031e-08
-1.474071e-08
-1.543552e-08
-1.612431e-08
-1.680665e-08
-1.748213e-08
-1.815034e-08
-1.881089e-08
-1.946338e-08
-2.010744e-08
-2.074271e-08
-2.136881e-08
-2.198541e-08
-2.259217e-08
-2.318875e-08
-2.377483e-08
-2.435011e-08
-2.491430e-08
-2.546709e-08
-2.600821e-08
-2.653741e-08
-2.705441e-08
-2.755897e-08
-2.805086e-08
-2.852984e-08
-2.899572e-08
-2.944828e-08
-2.988733e-08
-3.031268e-08
-3.072417e-08
-3.112163e-08
-3.150492e-08
-3.187389e-08
-3.222842e-08
-3.256838e-08
-3.289367e-08
-3.320419e-08
-3.349986e-08
-3.378060e-08
-3.404634e-08
-3.429702e-08
-3.453261e-08
-3.475307e-08
-3.495837e-08
-3.514850e-08
-3.532345e-08
-3.548323e-08
-3.562786e-08
-3.575736e-08
-3.587176e-08
-3.597110e-08
-3.605545e-08
-3.612487e-08
-3.617942e-08
-3.621918e-08
-3.624425e-08
-3.625473e-08
-3.625072e-08
-3.623233e-08
-3.619969e-08
-3.615293e-08
-3.609220e-08
-3.601763e-08
-3.592938e-08
-3.582762e-08
-3.571252e-08
-3.558424e-08
-3.544298e-08
-3.528893e-08
-3.512227e-08
-3.494322e-08
-3.475198e-08
-3.454877e-08
-3.433381e-08
-3.410732e-08
-3.386954e-08
-3.362070e-08
-3.336104e-08
-3.309082e-08
-3.281027e-08
-3.251966e-08
-3.221924e-08
-3.190927e-08
-3.159003e-08
-3.126178e-08
-3.092479e-08
-3.057934e-08
-3.022570e-08
-2.986416e-08
-2.949500e-08
-2.911851e-08
-2.873497e-08
-2.834466e-08
-2.794789e-08
-2.754493e-08
-2.713609e-08
-2.672164e-08
-2.630190e-08
-2.587714e-08
-2.544767e-08
-2.501377e-08
-2.457574e-08
-2.413386e-08
-2.368845e-08
-2.323977e-08
-2.278812e-08
-2.233380e-08
-2.187707e-08
-2.141824e-08
-2.095759e-08
-2.049538e-08
-2.003191e-08
-1.956745e-08
-1.910227e-08
-1.863664e-08
-1.817083e-08
-1.770511e-08
-1.723973e-08
-1.677495e-08
-1.631103e-08
-1.584822e-08
-1.538676e-08
-1.492690e-08
-1.446888e-08
-1.401292e-08
-1.355926e-08
-1.310812e-08
-1.265973e-08
-1.221429e-08
-1.177203e-08
-1.133314e-08
-1.089783e-08
-1.046629e-08
-1.003872e-08
-9.615292e-09
-9.196195e-09
-8.781601e-09
-8.371679e-09
-7.966591e-09
-7.566497e-09
-7.171547e-09
-6.781889e-09
-6.397662e-09
-6.019003e-09
-5.646039e-09
-5.278893e-09
-4.917684e-09
-4.562523e-09
-4.213514e-09
-3.870759e-09
-3.534350e-09
-3.204377e-09
-2.880919e-09
-2.564055e-09
-2.253855e-09
-1.950383e-09
-1.653697e-09
-1.363852e-09
-1.080895e-09
-8.048666e-10
-5.358041e-10
-2.737377e-10
-1.869273e-11
2.293113e-10
4.702600e-10
7.041444e-10
9.309607e-10
1.150710e-09
1.363400e-09
1.569041e-09
1.767650e-09
1.959248e-09
2.143862e-09
2.321521e-09
2.492262e-09
2.656123e-09
2.813150e-09
2.963390e-09
3.106897e-09
3.243726e-09
3.373938e-09
3.497598e-09
3.614774e-09
3.725537e-09
3.829962e-09
3.928129e-09
4.020119e-09
4.106018e-09
4.185912e-09
4.259893e-09
4.328055e-09
4.390494e-09
4.447308e-09
4.498600e-09
4.544472e-09
4.585031e-09
4.620384e-09
4.650641e-09
4.675913e-09
4.696313e-09
4.711957e-09
4.722959e-09
4.729439e-09
4.731513e-09
4.729303e-09
4.722927e-09
4.712509e-09
4.698170e-09
4.680033e-09
4.658221e-09
4.632857e-09
4.604066e-09
4.571972e-09
4.536699e-09
4.498371e-09
4.457112e-09
4.413045e-09
4.366294e-09
4.316983e-09
4.265232e-09
4.211164e-09
4.154900e-09
4.096560e-09
4.036264e-09
3.974129e-09
3.910274e-09
3.844814e-09
3.777864e-09
3.709538e-09
3.639949e-09
3.569206e-09
3.497421e-09
3.424701e-09
3.351151e-09
3.276878e-09
3.201984e-09
3.126570e-09
3.050736e-09
2.974580e-09
2.898196e-09
2.821681e-09
2.745124e-09
2.668617e-09
2.592246e-09
2.516099e-09
2.440259e-09
2.364808e-09
2.289825e-09
2.215388e-09
2.141572e-09
2.068451e-09
1.996095e-09
1.924574e-09
1.853955e-09
1.784301e-09
1.715676e-09
1.648139e-09
1.581749e-09
1.516562e-09
1.452631e-09
1.390007e-09
1.328741e-09
1.268879e-09
1.210467e-09
1.153548e-09
1.098164e-09
1.044352e-09
9.921497e-10
9.415927e-10
8.927136e-10
8.455435e-10
8.001115e-10
7.564448e-10
7.145686e-10
6.745066e-10
6.362803e-10
5.999097e-10
5.654129e-10
5.328064e-10
5.021050e-10
4.733217e-10
4.464681e-10
4.215541e-10
3.985881e-10
3.775771e-10
3.585264e-10
3.414401e-10
3.263209e-10
3.131699e-10
3.019872e-10
2.927714e-10
2.855199e-10
2.802291e-10
2.768939e-10
2.755082e-10
2.760650e-10
2.785559e-10
2.829717e-10
2.893021e-10
2.975359e-10
3.076610e-10
3.196643e-10
3.335319e-10
3.492491e-10
3.668003e-10
3.861693e-10
4.073389e-10
4.302915e-10
4.550086e-10
4.814710e-10
5.096590e-10
5.395523e-10
5.711300e-10
6.043705e-10
6.392519e-10
6.757516e-10
7.138465e-10
7.535132e-10
7.947276e-10
8.374654e-10
8.817018e-10
9.274114e-10
9.745687e-10
1.023148e-09
1.073122e-09
1.124465e-09
1.177150e-09
1.231148e-09
1.286434e-09
1.342978e-09
1.400752e-09
1.459728e-09
1.519876e-09
1.581169e-09
1.643576e-09
1.707068e-09
1.771615e-09
1.837186e-09
1.903753e-09
1.971283e-09
2.039746e-09
2.109111e-09
2.179346e-09
2.250421e-09
2.322304e-09
2.394962e-09
2.468364e-09
2.542476e-09
2.617267e-09
2.692704e-09
2.768753e-09
2.845383e-09
2.922558e-09
3.000246e-09
3.078413e-09
3.157024e-09
3.236047e-09
3.315446e-09
3.395187e-09
3.475235e-09
3.555556e-09
3.636114e-09
3.716875e-09
3.797802e-09
3.878861e-09
3.960016e-09
4.041232e-09
4.122471e-09
4.203699e-09
4.284880e-09
4.365976e-09
4.446952e-09
4.527772e-09
4.608400e-09
4.688798e-09
4.768930e-09
4.848761e-09
4.928253e-09
5.007370e-09
5.086075e-09
5.164333e-09
5.242107e-09
5.319360e-09
5.396057e-09
5.472161e-09
5.547638e-09
5.622450e-09
5.696562e-09
5.769940e-09
5.842549e-09
5.914352e-09
5.985317e-09
6.055408e-09
6.124593e-09
6.192837e-09
6.260107e-09
6.326371e-09
6.391596e-09
6.455751e-09
6.518805e-09
6.580726e-09
6.641485e-09
6.701053e-09
6.759399e-09
6.816497e-09
6.872318e-09
6.926835e-09
6.980023e-09
7.031856e-09
7.082309e-09
7.131360e-09
7.178984e-09
7.225160e-09
7.269868e-09
7.313087e-09
7.354797e-09
7.394982e-09
7.433624e-09
7.470707e-09
7.506216e-09
7.540137e-09
7.572458e-09
7.603169e-09
7.632257e-09
7.659715e-09
7.685535e-09
7.709710e-09
7.732236e-09
7.753107e-09
7.772323e-09
7.789881e-09
7.805783e-09
7.820029e-09
7.832622e-09
7.843568e-09
7.852871e-09
7.860540e-09
7.866582e-09
7.871008e-09
7.873829e-09
7.875059e-09
7.874712e-09
7.872805e-09
7.869353e-09
7.864377e-09
7.857897e-09
7.849935e-09
7.840514e-09
7.829658e-09
7.817395e-09
7.803751e-09
7.788756e-09
7.772439e-09
7.754834e-09
7.735973e-09
7.715890e-09
7.694622e-09
7.672206e-09
7.648680e-09
7.624084e-09
7.598459e-09
7.571847e-09
7.544292e-09
7.515837e-09
7.486530e-09
7.456416e-09
7.425543e-09
7.393960e-09
7.361717e-09
7.328864e-09
7.295453e-09
7.261537e-09
7.227169e-09
7.192402e-09
7.157292e-09
7.121894e-09
7.086264e-09
7.050458e-09
7.014534e-09
6.978549e-09
6.942561e-09
6.906630e-09
6.870813e-09
6.835169e-09
6.799758e-09
6.764640e-09
6.729873e-09
6.695518e-09
6.661633e-09
6.628279e-09
6.595515e-09
6.563400e-09
6.531994e-09
6.501354e-09
6.471540e-09
6.442609e-09
6.414619e-09
6.387628e-09
6.361692e-09
6.336867e-09
6.313207e-09
6.290769e-09
6.269606e-09
6.249770e-09
6.231314e-09
6.214290e-09
6.198747e-09
6.184736e-09
6.172304e-09
6.161498e-09
6.152365e-09
6.144950e-09
6.139296e-09
6.135445e-09
6.133439e-09
6.133317e-09
6.135118e-09
6.138879e-09
6.144634e-09
6.152419e-09
6.162265e-09
6.174203e-09
6.188263e-09
6.204473e-09
6.222858e-09
6.243443e-09
6.266251e-09
6.291303e-09
6.318619e-09
6.348215e-09
6.380109e-09
6.414314e-09
6.450843e-09
6.489706e-09
6.530913e-09
6.574470e-09
6.620382e-09
6.668655e-09
6.719289e-09
6.772284e-09
6.827639e-09
6.885350e-09
6.945412e-09
7.007818e-09
7.072560e-09
7.139626e-09
7.209006e-09
7.280684e-09
7.354646e-09
7.430875e-09
7.509351e-09
7.590055e-09
7.672964e-09
7.758056e-09
7.845305e-09
7.934685e-09
8.026168e-09
8.119725e-09
8.215325e-09
8.312936e-09
8.412524e-09
8.514056e-09
8.617495e-09
8.722804e-09
8.829946e-09
8.938879e-09
9.049566e-09
9.161963e-09
9.276028e-09
9.391719e-09
9.508990e-09
9.627797e-09
9.748094e-09
9.869835e-09
9.992971e-09
1.011745e-08
1.024324e-08
1.037027e-08
1.049850e-08
1.062789e-08
1.075837e-08
1.088990e-08
1.102243e-08
1.115591e-08
1.129027e-08
1.142549e-08
1.156149e-08
1.169822e-08
1.183565e-08
1.197370e-08
1.211234e-08
1.225151e-08
1.239115e-08
1.253122e-08
1.267166e-08
1.281243e-08
1.295346e-08
1.309472e-08
1.323615e-08
1.337770e-08
1.351933e-08
1.366097e-08
1.380259e-08
1.394414e-08
1.408557e-08
1.422683e-08
1.436788e-08
1.450868e-08
1.464917e-08
1.478932e-08
1.492908e-08
1.506841e-08
1.520727e-08
1.534562e-08
1.548343e-08
1.562064e-08
1.575722e-08
1.589314e-08
1.602837e-08
1.616286e-08
1.629658e-08
1.642950e-08
1.656159e-08
1.669281e-08
1.682315e-08
1.695256e-08
1.708102e-08
1.720850e-08
1.733498e-08
1.746043e-08
1.758482e-08
1.770815e-08
1.783037e-08
1.795148e-08
1.807145e-08
1.819026e-08
1.830790e-08
1.842434e-08
1.853957e-08
1.865358e-08
1.876636e-08
1.887787e-08
1.898813e-08
1.909711e-08
1.920479e-08
1.931119e-08
1.941627e-08
1.952004e-08
1.962249e-08
1.972360e-08
1.982338e-08
1.992182e-08
2.001891e-08
2.011464e-08
2.020903e-08
2.030205e-08
2.039371e-08
2.048401e-08
2.057295e-08
2.066052e-08
2.074673e-08
2.083157e-08
2.091505e-08
2.099716e-08
2.107791e-08
2.115729e-08
2.123532e-08
2.131199e-08
2.138731e-08
2.146127e-08
2.153389e-08
2.160515e-08
2.167508e-08
2.174366e-08
2.181091e-08
2.187682e-08
2.194141e-08
2.200467e-08
2.206661e-08
2.212723e-08
2.218653e-08
2.224453e-08
2.230121e-08
2.235659e-08
2.241068e-08
2.246346e-08
2.251495e-08
2.256515e-08
2.261405e-08
2.266168e-08
2.270802e-08
2.275307e-08
2.279685e-08
2.283935e-08
2.288057e-08
2.292052e-08
2.295919e-08
2.299659e-08
2.303272e-08
2.306757e-08
2.310115e-08
2.313346e-08
2.316449e-08
2.319425e-08
2.322273e-08
2.324993e-08
2.327585e-08
2.330049e-08
2.332385e-08
2.334591e-08
2.336669e-08
2.338617e-08
2.340435e-08
2.342124e-08
2.343681e-08
2.345108e-08
2.346403e-08
2.347566e-08
2.348597e-08
2.349495e-08
2.350259e-08
2.350889e-08
2.351384e-08
2.351744e-08
2.351968e-08
2.352056e-08
2.352007e-08
2.351819e-08
2.351493e-08
2.351028e-08
2.350424e-08
2.349679e-08
2.348792e-08
2.347764e-08
2.346594e-08
2.345280e-08
2.343823e-08
2.342221e-08
2.340475e-08
2.338582e-08
2.336544e-08
2.334359e-08
2.332026e-08
2.329546e-08
2.326917e-08
2.324139e-08
2.321212e-08
2.318135e-08
2.314908e-08
2.311531e-08
2.308002e-08
2.304323e-08
2.300492e-08
2.296509e-08
2.292375e-08
2.288089e-08
2.283651e-08
2.279061e-08
2.274318e-08
2.269424e-08
2.264379e-08
2.259181e-08
2.253832e-08
2.248333e-08
2.242682e-08
2.236882e-08
2.230931e-08
2.224832e-08
2.218583e-08
2.212187e-08
2.205644e-08
2.198954e-08
2.192119e-08
2.185139e-08
2.178016e-08
2.170750e-08
2.163344e-08
2.155797e-08
2.148111e-08
2.140288e-08
2.132330e-08
2.124236e-08
2.116011e-08
2.107654e-08
2.099168e-08
2.090554e-08
2.081815e-08
2.072952e-08
2.063967e-08
2.054863e-08
2.045642e-08
2.036306e-08
2.026857e-08
2.017298e-08
2.007630e-08
1.997858e-08
1.987983e-08
1.978008e-08
1.967935e-08
1.957768e-08
1.947509e-08
1.937162e-08
1.926728e-08
1.916212e-08
1.905617e-08
1.894945e-08
1.884199e-08
1.873383e-08
1.862501e-08
1.851555e-08
1.840550e-08
1.829487e-08
1.818372e-08
1.807207e-08
1.795996e-08
1.784743e-08
1.773450e-08
1.762123e-08
1.750765e-08
1.739378e-08
1.727968e-08
1.716538e-08
1.705091e-08
1.693631e-08
1.682163e-08
1.670690e-08
1.659216e-08
1.647745e-08
1.636281e-08
1.624827e-08
1.613387e-08
1.601966e-08
1.590567e-08
1.579194e-08
1.567851e-08
1.556541e-08
1.545269e-08
1.534039e-08
1.522853e-08
1.511717e-08
1.500633e-08
1.489605e-08
1.478638e-08
1.467734e-08
1.456898e-08
1.446133e-08
1.435442e-08
1.424829e-08
1.414298e-08
1.403851e-08
1.393493e-08
1.383227e-08
1.373055e-08
1.362982e-08
1.353010e-08
1.343143e-08
1.333383e-08
1.323733e-08
1.314197e-08
1.304777e-08
1.295477e-08
1.286298e-08
1.277243e-08
1.268316e-08
1.259518e-08
1.250852e-08
1.242321e-08
1.233927e-08
1.225671e-08
1.217556e-08
1.209585e-08
1.201758e-08
1.194078e-08
1.186547e-08
1.179167e-08
1.171938e-08
1.164863e-08
1.157943e-08
1.151180e-08
1.144574e-08
1.138127e-08
1.131840e-08
1.125714e-08
1.119749e-08
1.113947e-08
1.108309e-08
1.102835e-08
1.097525e-08
1.092380e-08
1.087400e-08
1.082586e-08
1.077937e-08
1.073455e-08
1.069138e-08
1.064987e-08
1.061001e-08
1.057181e-08
1.053525e-08
1.050034e-08
1.046706e-08
1.043542e-08
1.040540e-08
1.037699e-08
1.035019e-08
1.032499e-08
1.030138e-08
1.027934e-08
1.025886e-08
1.023994e-08
1.022255e-08
1.020668e-08
1.019231e-08
1.017943e-08
1.016803e-08
1.015808e-08
1.014957e-08
1.014248e-08
1.013678e-08
1.013246e-08
1.012950e-08
1.012787e-08
1.012756e-08
1.012854e-08
1.013078e-08
1.013427e-08
1.013898e-08
1.014488e-08
1.015196e-08
1.016017e-08
1.016951e-08
1.017993e-08
1.019142e-08
1.020395e-08
1.021748e-08
1.023200e-08
1.024747e-08
1.026387e-08
1.028116e-08
1.029931e-08
1.031831e-08
1.033811e-08
1.035870e-08
1.038003e-08
1.040208e-08
1.042481e-08
1.044821e-08
1.047224e-08
1.049686e-08
1.052206e-08
1.054779e-08
1.057402e-08
1.060074e-08
1.062791e-08
1.065549e-08
1.068346e-08
1.071178e-08
1.074044e-08
1.076940e-08
1.079862e-08
1.082809e-08
1.085776e-08
1.088762e-08
1.091764e-08
1.094778e-08
1.097802e-08
1.100833e-08
1.103869e-08
1.106906e-08
1.109942e-08
1.112975e-08
1.116002e-08
1.119020e-08
1.122027e-08
1.125020e-08
1.127997e-08
1.130955e-08
1.133893e-08
1.136808e-08
1.139698e-08
1.142560e-08
1.145392e-08
1.148193e-08
1.150960e-08
1.153691e-08
1.156384e-08
1.159037e-08
1.161649e-08
1.164218e-08
1.166742e-08
1.169218e-08
1.171646e-08
1.174025e-08
1.176351e-08
1.178624e-08
1.180843e-08
1.183006e-08
1.185111e-08
1.187157e-08
1.189144e-08
1.191069e-08
1.192932e-08
1.194732e-08
1.196467e-08
1.198136e-08
1.199738e-08
1.201273e-08
1.202740e-08
1.204137e-08
1.205464e-08
1.206719e-08
1.207903e-08
1.209015e-08
1.210053e-08
1.211018e-08
1.211908e-08
1.212723e-08
1.213462e-08
1.214125e-08
1.214711e-08
1.215220e-08
1.215651e-08
1.216005e-08
1.216279e-08
1.216475e-08
1.216591e-08
1.216628e-08
1.216584e-08
1.216460e-08
1.216255e-08
1.215969e-08
1.215601e-08
1.215152e-08
1.214620e-08
1.214006e-08
1.213309e-08
1.212529e-08
1.211665e-08
1.210718e-08
1.209686e-08
1.208571e-08
1.207370e-08
1.206084e-08
1.204713e-08
1.203255e-08
1.201712e-08
1.200082e-08
1.198364e-08
1.196560e-08
1.194667e-08
1.192685e-08
1.190615e-08
1.188455e-08
1.186206e-08
1.183865e-08
1.181434e-08
1.178911e-08
1.176296e-08
1.173588e-08
1.170787e-08
1.167891e-08
1.164900e-08
1.161814e-08
1.158631e-08
1.155352e-08
1.151974e-08
1.148498e-08
1.144922e-08
1.141246e-08
1.137469e-08
1.133590e-08
1.129609e-08
1.125523e-08
1.121333e-08
1.117037e-08
1.112634e-08
1.108124e-08
1.103506e-08
1.098778e-08
1.093939e-08
1.088990e-08
1.083928e-08
1.078753e-08
1.073463e-08
1.068058e-08
1.062537e-08
1.056899e-08
1.051143e-08
1.045267e-08
1.039272e-08
1.033155e-08
1.026917e-08
1.020556e-08
1.014071e-08
1.007462e-08
1.000728e-08
9.938674e-09
9.868804e-09
9.797660e-09
9.725235e-09
9.651522e-09
9.576516e-09
9.500211e-09
9.422603e-09
9.343686e-09
9.263457e-09
9.181913e-09
9.099050e-09
9.014867e-09
8.929361e-09
8.842532e-09
8.754380e-09
8.664904e-09
8.574106e-09
8.481988e-09
8.388552e-09
8.293801e-09
8.197741e-09
8.100374e-09
8.001708e-09
7.901749e-09
7.800504e-09
7.697982e-09
7.594191e-09
7.489142e-09
7.382846e-09
7.275315e-09
7.166562e-09
7.056600e-09
6.945444e-09
6.833110e-09
6.719614e-09
6.604975e-09
6.489210e-09
6.372339e-09
6.254382e-09
6.135362e-09
6.015300e-09
5.894220e-09
5.772146e-09
5.649103e-09
5.525118e-09
5.400217e-09
5.274428e-09
5.147780e-09
5.020304e-09
4.892029e-09
4.762986e-09
4.633209e-09
4.502730e-09
4.371583e-09
4.239802e-09
4.107424e-09
3.974482e-09
3.841016e-09
3.707060e-09
3.572655e-09
3.437837e-09
3.302647e-09
3.167123e-09
3.031305e-09
2.895235e-09
2.758953e-09
2.622499e-09
2.485917e-09
2.349247e-09
2.212532e-09
2.075814e-09
1.939135e-09
1.802538e-09
1.666066e-09
1.529761e-09
1.393666e-09
1.257824e-09
1.122277e-09
9.870676e-10
8.522378e-10
7.178295e-10
5.838844e-10
4.504439e-10
3.175487e-10
1.852395e-10
5.355614e-11
-7.746183e-11
-2.077755e-10
-3.373465e-10
-4.661373e-10
-5.941108e-10
-7.212308e-10
-8.474620e-10
-9.727697e-10
-1.097120e-09
-1.220480e-09
-1.342819e-09
-1.464104e-09
-1.584307e-09
-1.703399e-09
-1.821351e-09
-1.938137e-09
-2.053731e-09
-2.168110e-09
-2.281251e-09
-2.393131e-09
-2.503730e-09
-2.613028e-09
-2.721009e-09
-2.827654e-09
-2.932949e-09
-3.036881e-09
-3.139436e-09
-3.240603e-09
-3.340373e-09
-3.438737e-09
-3.535689e-09
-3.631223e-09
-3.725335e-09
-3.818023e-09
-3.909285e-09
-3.999122e-09
-4.087534e-09
-4.174527e-09
-4.260103e-09
-4.344269e-09
-4.427032e-09
-4.508401e-09
-4.588386e-09
-4.666998e-09
-4.744249e-09
-4.820154e-09
-4.894727e-09
-4.967985e-09
-5.039946e-09
-5.110628e-09
-5.180051e-09
-5.248235e-09
-5.315203e-09
-5.380978e-09
-5.445583e-09
-5.509043e-09
-5.571385e-09
-5.632633e-09
-5.692817e-09
-5.751963e-09
-5.810101e-09
-5.867259e-09
-5.923468e-09
-5.978758e-09
-6.033160e-09
-6.086706e-09
-6.139426e-09
-6.191353e-09
-6.242519e-09
-6.292957e-09
-6.342698e-09
-6.391775e-09
-6.440222e-09
-6.488069e-09
-6.535350e-09
-6.582097e-09
-6.628342e-09
-6.674116e-09
-6.719450e-09
-6.764375e-09
-6.808922e-09
-6.853120e-09
-6.896998e-09
-6.940585e-09
-6.983909e-09
-7.026995e-09
-7.069872e-09
-7.112563e-09
-7.155093e-09
-7.197485e-09
-7.239762e-09
-7.281944e-09
-7.324052e-09
-7.366104e-09
-7.408118e-09
-7.450111e-09
-7.492096e-09
-7.534088e-09
-7.576099e-09
-7.618139e-09
-7.660218e-09
-7.702344e-09
-7.744523e-09
-7.786760e-09
-7.829057e-09
-7.871416e-09
-7.913838e-09
-7.956320e-09
-7.998860e-09
-8.041451e-09
-8.084088e-09
-8.126762e-09
-8.169463e-09
-8.212180e-09
-8.254898e-09
-8.297603e-09
-8.340277e-09
-8.382904e-09
-8.425461e-09
-8.467929e-09
-8.510283e-09
-8.552499e-09
-8.594549e-09
-8.636406e-09
-8.678041e-09
-8.719422e-09
-8.760517e-09
-8.801292e-09
-8.841711e-09
-8.881739e-09
-8.921335e-09
-8.960463e-09
-8.999081e-09
-9.037147e-09
-9.074619e-09
-9.111453e-09
-9.147604e-09
-9.183027e-09
-9.217674e-09
-9.251499e-09
-9.284454e-09
-9.316488e-09
-9.347554e-09
-9.377600e-09
-9.406577e-09
-9.434432e-09
-9.461116e-09
-9.486575e-09
-9.510759e-09
-9.533615e-09
-9.555092e-09
-9.575137e-09
-9.593698e-09
-9.610724e-09
-9.626163e-09
-9.639965e-09
-9.652077e-09
-9.662450e-09
-9.671035e-09
-9.677781e-09
-9.682641e-09
-9.685568e-09
-9.686513e-09
-9.685433e-09
-9.682281e-09
-9.677014e-09
-9.669589e-09
-9.659966e-09
-9.648104e-09
-9.633965e-09
-9.617512e-09
-9.598708e-09
-9.577520e-09
-9.553915e-09
-9.527863e-09
-9.499334e-09
-9.468302e-09
-9.434740e-09
-9.398627e-09
-9.359940e-09
-9.318660e-09
-9.274769e-09
-9.228253e-09
-9.179099e-09
-9.127296e-09
-9.072835e-09
-9.015711e-09
-8.955919e-09
-8.893457e-09
-8.828327e-09
-8.760532e-09
-8.690078e-09
-8.616972e-09
-8.541225e-09
-8.462851e-09
-8.381864e-09
-8.298284e-09
-8.212129e-09
-8.123424e-09
-8.032194e-09
-7.938466e-09
-7.842272e-09
-7.743645e-09
-7.642619e-09
-7.539233e-09
-7.433527e-09
-7.325545e-09
-7.215330e-09
-7.102931e-09
-6.988397e-09
-6.871781e-09
-6.753137e-09
-6.632521e-09
-6.509993e-09
-6.385614e-09
-6.259446e-09
-6.131554e-09
-6.002007e-09
-5.870872e-09
-5.738221e-09
-5.604126e-09
-5.468663e-09
-5.331907e-09
-5.193937e-09
-5.054831e-09
-4.914671e-09
-4.773540e-09
-4.631520e-09
-4.488698e-09
-4.345160e-09
-4.200993e-09
-4.056286e-09
-3.911129e-09
-3.765611e-09
-3.619826e-09
-3.473863e-09
-3.327817e-09
-3.181781e-09
-3.035849e-09
-2.890114e-09
-2.744673e-09
-2.599619e-09
-2.455048e-09
-2.311055e-09
-2.167735e-09
-2.025184e-09
-1.883496e-09
-1.742765e-09
-1.603088e-09
-1.464556e-09
-1.327264e-09
-1.191305e-09
-1.056770e-09
-9.237510e-10
-7.923388e-10
-6.626226e-10
-5.346913e-10
-4.086323e-10
-2.845319e-10
-1.624754e-10
-4.254658e-11
7.517213e-11
1.905997e-10
3.036567e-10
4.142652e-10
5.223490e-10
6.278335e-10
7.306462e-10
8.307160e-10
9.279742e-10
1.022354e-09
1.113789e-09
1.202219e-09
1.287580e-09
1.369817e-09
1.448870e-09
1.524688e-09
1.597218e-09
1.666410e-09
1.732218e-09
1.794596e-09
1.853504e-09
1.908901e-09
1.960750e-09
2.009017e-09
