1.416382e-05
1.417347e-05
1.418102e-05
1.418647e-05
1.418982e-05
1.419107e-05
1.419021e-05
1.418726e-05
1.418222e-05
1.417508e-05
1.416586e-05
1.415456e-05
1.414119e-05
1.412575e-05
1.410825e-05
1.408870e-05
1.406711e-05
1.404350e-05
1.401787e-05
1.399023e-05
1.396060e-05
1.392899e-05
1.389541e-05
1.385988e-05
1.382242e-05
1.378304e-05
1.374177e-05
1.369860e-05
1.365358e-05
1.360671e-05
1.355801e-05
1.350751e-05
1.345522e-05
1.340118e-05
1.334539e-05
1.328789e-05
1.322869e-05
1.316782e-05
1.310531e-05
1.304118e-05
1.297546e-05
1.290816e-05
1.283933e-05
1.276898e-05
1.269715e-05
1.262386e-05
1.254913e-05
1.247301e-05
1.239551e-05
1.231667e-05
1.223652e-05
1.215509e-05
1.207240e-05
1.198849e-05
1.190339e-05
1.181714e-05
1.172975e-05
1.164128e-05
1.155174e-05
1.146116e-05
1.136960e-05
1.127706e-05
1.118359e-05
1.108923e-05
1.099400e-05
1.089793e-05
1.080107e-05
1.070344e-05
1.060507e-05
1.050601e-05
1.040628e-05
1.030591e-05
1.020495e-05
1.010342e-05
1.000136e-05
9.898804e-06
9.795779e-06
9.692321e-06
9.588463e-06
9.484239e-06
9.379681e-06
9.274821e-06
9.169692e-06
9.064327e-06
8.958757e-06
8.853015e-06
8.747132e-06
8.641139e-06
8.535067e-06
8.428949e-06
8.322813e-06
8.216691e-06
8.110613e-06
8.004608e-06
7.898707e-06
7.792937e-06
7.687328e-06
7.581908e-06
7.476705e-06
7.371748e-06
7.267062e-06
7.162676e-06
7.058616e-06
6.954908e-06
6.851577e-06
6.748649e-06
6.646149e-06
6.544101e-06
6.442529e-06
6.341457e-06
6.240907e-06
6.140902e-06
6.041465e-06
5.942617e-06
5.844380e-06
5.746773e-06
5.649816e-06
5.553531e-06
5.457936e-06
5.363048e-06
5.268888e-06
5.175472e-06
5.082817e-06
4.990941e-06
4.899858e-06
4.809586e-06
4.720138e-06
4.631529e-06
4.543774e-06
4.456885e-06
4.370877e-06
4.285760e-06
4.201548e-06
4.118250e-06
4.035880e-06
3.954445e-06
3.873957e-06
3.794425e-06
3.715857e-06
3.638262e-06
3.561647e-06
3.486019e-06
3.411386e-06
3.337753e-06
3.265126e-06
3.193511e-06
3.122911e-06
3.053332e-06
2.984776e-06
2.917247e-06
2.850748e-06
2.785281e-06
2.720848e-06
2.657449e-06
2.595087e-06
2.533761e-06
2.473471e-06
2.414217e-06
2.355998e-06
2.298812e-06
2.242658e-06
2.187534e-06
2.133436e-06
2.080362e-06
2.028308e-06
1.977271e-06
1.927247e-06
1.878230e-06
1.830216e-06
1.783200e-06
1.737176e-06
1.692138e-06
1.648079e-06
1.604994e-06
1.562874e-06
1.521713e-06
1.481504e-06
1.442237e-06
1.403906e-06
1.366502e-06
1.330016e-06
1.294438e-06
1.259761e-06
1.225973e-06
1.193067e-06
1.161031e-06
1.129856e-06
1.099531e-06
1.070046e-06
1.041391e-06
1.013553e-06
9.865221e-07
9.602873e-07
9.348371e-07
9.101598e-07
8.862438e-07
8.630773e-07
8.406485e-07
8.189453e-07
7.979556e-07
7.776673e-07
7.580680e-07
7.391454e-07
7.208870e-07
7.032805e-07
6.863133e-07
6.699728e-07
6.542464e-07
6.391215e-07
6.245856e-07
6.106258e-07
5.972297e-07
5.843846e-07
5.720778e-07
5.602967e-07
5.490289e-07
5.382618e-07
5.279828e-07
5.181796e-07
5.088398e-07
4.999510e-07
4.915011e-07
4.834779e-07
4.758692e-07
4.686632e-07
4.618479e-07
4.554115e-07
4.493423e-07
4.436287e-07
4.382594e-07
4.332229e-07
4.285081e-07
4.241039e-07
4.199993e-07
4.161835e-07
4.126459e-07
4.093760e-07
4.063633e-07
4.035978e-07
4.010694e-07
3.987682e-07
3.966845e-07
3.948087e-07
3.931314e-07
3.916436e-07
3.903361e-07
3.892002e-07
3.882271e-07
3.874083e-07
3.867357e-07
3.862010e-07
3.857964e-07
3.855140e-07
3.853465e-07
3.852863e-07
3.853264e-07
3.854598e-07
3.856796e-07
3.859794e-07
3.863526e-07
3.867930e-07
3.872947e-07
3.878518e-07
3.884587e-07
3.891098e-07
3.898000e-07
3.905241e-07
3.912772e-07
3.920546e-07
3.928518e-07
3.936644e-07
3.944883e-07
3.953194e-07
3.961538e-07
3.969880e-07
3.978184e-07
3.986418e-07
3.994549e-07
4.002547e-07
4.010384e-07
4.018034e-07
4.025471e-07
4.032671e-07
4.039612e-07
4.046273e-07
4.052634e-07
4.058678e-07
4.064387e-07
4.069747e-07
4.074743e-07
4.079362e-07
4.083592e-07
4.087424e-07
4.090847e-07
4.093854e-07
4.096437e-07
4.098590e-07
4.100308e-07
4.101587e-07
4.102423e-07
4.102814e-07
4.102759e-07
4.102256e-07
4.101307e-07
4.099912e-07
4.098072e-07
4.095789e-07
4.093068e-07
4.089910e-07
4.086320e-07
4.082303e-07
4.077864e-07
4.073009e-07
4.067743e-07
4.062072e-07
4.056005e-07
4.049548e-07
4.042708e-07
4.035493e-07
4.027912e-07
4.019972e-07
4.011683e-07
4.003052e-07
3.994089e-07
3.984803e-07
3.975203e-07
3.965297e-07
3.955096e-07
3.944608e-07
3.933843e-07
3.922810e-07
3.911517e-07
3.899976e-07
3.888194e-07
3.876180e-07
3.863944e-07
3.851495e-07
3.838840e-07
3.825990e-07
3.812951e-07
3.799733e-07
3.786344e-07
3.772792e-07
3.759083e-07
3.745227e-07
3.731229e-07
3.717098e-07
3.702840e-07
3.688462e-07
3.673970e-07
3.659371e-07
3.644669e-07
3.629872e-07
3.614985e-07
3.600012e-07
3.584960e-07
3.569831e-07
3.554632e-07
3.539366e-07
3.524037e-07
3.508649e-07
3.493206e-07
3.477711e-07
3.462166e-07
3.446575e-07
3.430941e-07
3.415266e-07
3.399551e-07
3.383800e-07
3.368014e-07
3.352194e-07
3.336343e-07
3.320460e-07
3.304548e-07
3.288608e-07
3.272640e-07
3.256645e-07
3.240624e-07
3.224576e-07
3.208503e-07
3.192405e-07
3.176281e-07
3.160132e-07
3.143958e-07
3.127759e-07
3.111534e-07
3.095284e-07
3.079008e-07
3.062706e-07
3.046377e-07
3.030022e-07
3.013640e-07
2.997232e-07
2.980795e-07
2.964331e-07
2.947840e-07
2.931320e-07
2.914772e-07
2.898196e-07
2.881592e-07
2.864960e-07
2.848300e-07
2.831612e-07
2.814896e-07
2.798154e-07
2.781385e-07
2.764589e-07
2.747769e-07
2.730924e-07
2.714055e-07
2.697164e-07
2.680251e-07
2.663318e-07
2.646367e-07
2.629398e-07
2.612413e-07
2.595415e-07
2.578404e-07
2.561384e-07
2.544356e-07
2.527323e-07
2.510286e-07
2.493249e-07
2.476215e-07
2.459185e-07
2.442164e-07
2.425153e-07
2.408157e-07
2.391178e-07
2.374221e-07
2.357288e-07
2.340383e-07
2.323511e-07
2.306674e-07
2.289877e-07
2.273124e-07
2.256419e-07
2.239766e-07
2.223169e-07
2.206634e-07
2.190163e-07
2.173763e-07
2.157437e-07
2.141190e-07
2.125027e-07
2.108951e-07
2.092969e-07
2.077085e-07
2.061303e-07
2.045628e-07
2.030066e-07
2.014620e-07
1.999296e-07
1.984098e-07
1.969031e-07
1.954100e-07
1.939309e-07
1.924664e-07
1.910167e-07
1.895825e-07
1.881642e-07
1.867621e-07
1.853767e-07
1.840085e-07
1.826578e-07
1.813251e-07
1.800107e-07
1.787150e-07
1.774385e-07
1.761814e-07
1.749442e-07
1.737271e-07
1.725304e-07
1.713546e-07
1.701998e-07
1.690664e-07
1.679546e-07
1.668647e-07
1.657969e-07
1.647514e-07
1.637285e-07
1.627283e-07
1.617510e-07
1.607968e-07
1.598657e-07
1.589580e-07
1.580737e-07
1.572128e-07
1.563756e-07
1.555619e-07
1.547719e-07
1.540055e-07
1.532628e-07
1.525437e-07
1.518483e-07
1.511763e-07
1.505278e-07
1.499027e-07
1.493008e-07
1.487220e-07
1.481662e-07
1.476332e-07
1.471229e-07
1.466350e-07
1.461694e-07
1.457257e-07
1.453038e-07
1.449034e-07
1.445242e-07
1.441659e-07
1.438283e-07
1.435110e-07
1.432137e-07
1.429361e-07
1.426777e-07
1.424382e-07
1.422173e-07
1.420145e-07
1.418295e-07
1.416618e-07
1.415110e-07
1.413767e-07
1.412584e-07
1.411557e-07
1.410681e-07
1.409952e-07
1.409365e-07
1.408916e-07
1.408598e-07
1.408409e-07
1.408341e-07
1.408392e-07
1.408555e-07
1.408825e-07
1.409198e-07
1.409669e-07
1.410231e-07
1.410882e-07
1.411614e-07
1.412423e-07
1.413305e-07
1.414253e-07
1.415264e-07
1.416331e-07
1.417450e-07
1.418615e-07
1.419823e-07
1.421068e-07
1.422345e-07
1.423649e-07
1.424976e-07
1.426320e-07
1.427678e-07
1.429045e-07
1.430416e-07
1.431787e-07
1.433153e-07
1.434510e-07
1.435855e-07
1.437182e-07
1.438488e-07
1.439769e-07
1.441021e-07
1.442240e-07
1.443423e-07
1.444566e-07
1.445667e-07
1.446720e-07
1.447724e-07
1.448675e-07
1.449569e-07
1.450405e-07
1.451180e-07
1.451890e-07
1.452533e-07
1.453107e-07
1.453609e-07
1.454038e-07
1.454390e-07
1.454664e-07
1.454859e-07
1.454972e-07
1.455001e-07
1.454946e-07
1.454804e-07
1.454574e-07
1.454256e-07
1.453847e-07
1.453348e-07
1.452757e-07
1.452073e-07
1.451295e-07
1.450424e-07
1.449458e-07
1.448398e-07
1.447242e-07
1.445991e-07
1.444644e-07
1.443202e-07
1.441665e-07
1.440033e-07
1.438305e-07
1.436483e-07
1.434567e-07
1.432557e-07
1.430454e-07
1.428259e-07
1.425971e-07
1.423593e-07
1.421125e-07
1.418567e-07
1.415921e-07
1.413188e-07
1.410369e-07
1.407464e-07
1.404476e-07
1.401405e-07
1.398253e-07
1.395020e-07
1.391709e-07
1.388321e-07
1.384857e-07
1.381319e-07
1.377707e-07
1.374025e-07
1.370272e-07
1.366451e-07
1.362564e-07
1.358611e-07
1.354595e-07
1.350517e-07
1.346378e-07
1.342182e-07
1.337928e-07
1.333619e-07
1.329256e-07
1.324842e-07
1.320377e-07
1.315864e-07
1.311303e-07
1.306697e-07
1.302048e-07
1.297356e-07
1.292624e-07
1.287853e-07
1.283045e-07
1.278201e-07
1.273322e-07
1.268411e-07
1.263469e-07
1.258497e-07
1.253497e-07
1.248470e-07
1.243418e-07
1.238341e-07
1.233242e-07
1.228122e-07
1.222982e-07
1.217823e-07
1.212646e-07
1.207453e-07
1.202245e-07
1.197024e-07
1.191789e-07
1.186543e-07
1.181286e-07
1.176020e-07
1.170745e-07
1.165462e-07
1.160173e-07
1.154878e-07
1.149578e-07
1.144274e-07
1.138967e-07
1.133657e-07
1.128346e-07
1.123034e-07
1.117722e-07
1.112410e-07
1.107099e-07
1.101790e-07
1.096483e-07
1.091179e-07
1.085879e-07
1.080582e-07
1.075290e-07
1.070002e-07
1.064720e-07
1.059443e-07
1.054172e-07
1.048908e-07
1.043650e-07
1.038400e-07
1.033157e-07
1.027921e-07
1.022693e-07
1.017474e-07
1.012262e-07
1.007060e-07
1.001866e-07
9.966810e-08
9.915052e-08
9.863387e-08
9.811816e-08
9.760340e-08
9.708961e-08
9.657681e-08
9.606499e-08
9.555418e-08
9.504438e-08
9.453559e-08
9.402784e-08
9.352112e-08
9.301544e-08
9.251081e-08
9.200724e-08
9.150474e-08
9.100331e-08
9.050295e-08
9.000368e-08
8.950551e-08
8.900843e-08
8.851246e-08
8.801760e-08
8.752387e-08
8.703128e-08
8.653982e-08
8.604952e-08
8.556038e-08
8.507241e-08
8.458563e-08
8.410004e-08
8.361567e-08
8.313252e-08
8.265061e-08
8.216996e-08
8.169059e-08
8.121250e-08
8.073572e-08
8.026028e-08
7.978618e-08
7.931346e-08
7.884213e-08
7.837222e-08
7.790375e-08
7.743676e-08
7.697126e-08
7.650729e-08
7.604487e-08
7.558404e-08
7.512483e-08
7.466726e-08
7.421138e-08
7.375722e-08
7.330481e-08
7.285419e-08
7.240540e-08
7.195848e-08
7.151346e-08
7.107039e-08
7.062932e-08
7.019027e-08
6.975330e-08
6.931845e-08
6.888577e-08
6.845529e-08
6.802708e-08
6.760116e-08
6.717760e-08
6.675644e-08
6.633773e-08
6.592152e-08
6.550786e-08
6.509680e-08
6.468839e-08
6.428268e-08
6.387972e-08
6.347957e-08
6.308227e-08
6.268789e-08
6.229646e-08
6.190804e-08
6.152269e-08
6.114045e-08
6.076138e-08
6.038553e-08
6.001294e-08
5.964368e-08
5.927779e-08
5.891531e-08
5.855631e-08
5.820082e-08
5.784891e-08
5.750060e-08
5.715596e-08
5.681502e-08
5.647783e-08
5.614444e-08
5.581489e-08
5.548922e-08
5.516748e-08
5.484969e-08
5.453591e-08
5.422616e-08
5.392050e-08
5.361894e-08
5.332152e-08
5.302828e-08
5.273925e-08
5.245445e-08
5.217392e-08
5.189768e-08
5.162575e-08
5.135816e-08
5.109493e-08
5.083608e-08
5.058162e-08
5.033157e-08
5.008595e-08
4.984477e-08
4.960803e-08
4.937575e-08
4.914794e-08
4.892459e-08
4.870571e-08
4.849130e-08
4.828137e-08
4.807589e-08
4.787488e-08
4.767833e-08
4.748621e-08
4.729853e-08
4.711527e-08
4.693641e-08
4.676194e-08
4.659184e-08
4.642608e-08
4.626464e-08
4.610750e-08
4.595463e-08
4.580600e-08
4.566158e-08
4.552134e-08
4.538524e-08
4.525324e-08
4.512530e-08
4.500139e-08
4.488147e-08
4.476548e-08
4.465339e-08
4.454514e-08
4.444069e-08
4.433999e-08
4.424298e-08
4.414961e-08
4.405983e-08
4.397357e-08
4.389079e-08
4.381142e-08
4.373541e-08
4.366268e-08
4.359318e-08
4.352685e-08
4.346361e-08
4.340341e-08
4.334617e-08
4.329184e-08
4.324033e-08
4.319158e-08
4.314553e-08
4.310209e-08
4.306121e-08
4.302280e-08
4.298679e-08
4.295312e-08
4.292171e-08
4.289248e-08
4.286536e-08
4.284029e-08
4.281718e-08
4.279596e-08
4.277656e-08
4.275890e-08
4.274292e-08
4.272853e-08
4.271567e-08
4.270425e-08
4.269422e-08
4.268550e-08
4.267801e-08
4.267169e-08
4.266646e-08
4.266227e-08
4.265902e-08
4.265667e-08
4.265514e-08
4.265437e-08
4.265428e-08
4.265483e-08
4.265593e-08
4.265754e-08
4.265958e-08
4.266201e-08
4.266475e-08
4.266776e-08
4.267097e-08
4.267433e-08
4.267779e-08
4.268129e-08
4.268478e-08
4.268821e-08
4.269154e-08
4.269471e-08
4.269769e-08
4.270042e-08
4.270286e-08
4.270498e-08
4.270672e-08
4.270806e-08
4.270896e-08
4.270938e-08
4.270929e-08
4.270865e-08
4.270744e-08
4.270562e-08
4.270317e-08
4.270007e-08
4.269628e-08
4.269178e-08
4.268656e-08
4.268059e-08
4.267386e-08
4.266634e-08
4.265803e-08
4.264890e-08
4.263894e-08
4.262815e-08
4.261650e-08
4.260400e-08
4.259064e-08
4.257641e-08
4.256130e-08
4.254531e-08
4.252843e-08
4.251068e-08
4.249204e-08
4.247251e-08
4.245210e-08
4.243082e-08
4.240866e-08
4.238562e-08
4.236173e-08
4.233697e-08
4.231136e-08
4.228491e-08
4.225762e-08
4.222951e-08
4.220059e-08
4.217086e-08
4.214033e-08
4.210903e-08
4.207695e-08
4.204413e-08
4.201056e-08
4.197626e-08
4.194124e-08
4.190553e-08
4.186913e-08
4.183206e-08
4.179434e-08
4.175597e-08
4.171698e-08
4.167738e-08
4.163719e-08
4.159642e-08
4.155508e-08
4.151320e-08
4.147078e-08
4.142785e-08
4.138441e-08
4.134048e-08
4.129608e-08
4.125122e-08
4.120592e-08
4.116018e-08
4.111402e-08
4.106746e-08
4.102050e-08
4.097316e-08
4.092545e-08
4.087738e-08
4.082897e-08
4.078022e-08
4.073113e-08
4.068173e-08
4.063202e-08
4.058201e-08
4.053170e-08
4.048110e-08
4.043022e-08
4.037907e-08
4.032765e-08
4.027595e-08
4.022400e-08
4.017179e-08
4.011932e-08
4.006660e-08
4.001363e-08
3.996041e-08
3.990693e-08
3.985321e-08
3.979923e-08
3.974499e-08
3.969051e-08
3.963576e-08
3.958075e-08
3.952548e-08
3.946993e-08
3.941411e-08
3.935801e-08
3.930163e-08
3.924495e-08
3.918797e-08
3.913069e-08
3.907309e-08
3.901516e-08
3.895691e-08
3.889831e-08
3.883936e-08
3.878006e-08
3.872038e-08
3.866032e-08
3.859986e-08
3.853901e-08
3.847774e-08
3.841604e-08
3.835390e-08
3.829131e-08
3.822826e-08
3.816473e-08
3.810072e-08
3.803620e-08
3.797117e-08
3.790561e-08
3.783952e-08
3.777286e-08
3.770565e-08
3.763785e-08
3.756946e-08
3.750047e-08
3.743085e-08
3.736061e-08
3.728972e-08
3.721818e-08
3.714596e-08
3.707306e-08
3.699947e-08
3.692518e-08
3.685017e-08
3.677442e-08
3.669794e-08
3.662071e-08
3.654271e-08
3.646394e-08
3.638439e-08
3.630405e-08
3.622290e-08
3.614094e-08
3.605817e-08
3.597456e-08
3.589012e-08
3.580484e-08
3.571870e-08
3.563171e-08
3.554385e-08
3.545513e-08
3.536553e-08
3.527504e-08
3.518368e-08
3.509142e-08
3.499827e-08
3.490423e-08
3.480929e-08
3.471344e-08
3.461670e-08
3.451905e-08
3.442050e-08
3.432105e-08
3.422069e-08
3.411943e-08
3.401726e-08
3.391420e-08
3.381024e-08
3.370539e-08
3.359965e-08
3.349302e-08
3.338551e-08
3.327712e-08
3.316785e-08
3.305773e-08
3.294674e-08
3.283490e-08
3.272222e-08
3.260870e-08
3.249435e-08
3.237918e-08
3.226319e-08
3.214641e-08
3.202884e-08
3.191049e-08
3.179137e-08
3.167149e-08
3.155087e-08
3.142952e-08
3.130745e-08
3.118467e-08
3.106120e-08
3.093705e-08
3.081224e-08
3.068678e-08
3.056069e-08
3.043398e-08
3.030668e-08
3.017878e-08
3.005033e-08
2.992132e-08
2.979178e-08
2.966172e-08
2.953117e-08
2.940014e-08
2.926866e-08
2.913673e-08
2.900439e-08
2.887164e-08
2.873852e-08
2.860504e-08
2.847122e-08
2.833708e-08
2.820264e-08
2.806793e-08
2.793296e-08
2.779777e-08
2.766236e-08
2.752676e-08
2.739100e-08
2.725510e-08
2.711907e-08
2.698295e-08
2.684676e-08
2.671051e-08
2.657423e-08
2.643795e-08
2.630169e-08
2.616547e-08
2.602931e-08
2.589325e-08
2.575730e-08
2.562148e-08
2.548582e-08
2.535035e-08
2.521508e-08
2.508005e-08
2.494527e-08
2.481077e-08
2.467657e-08
2.454269e-08
2.440917e-08
2.427602e-08
2.414326e-08
2.401092e-08
2.387902e-08
2.374759e-08
2.361664e-08
2.348620e-08
2.335630e-08
2.322694e-08
2.309816e-08
2.296998e-08
2.284242e-08
2.271549e-08
2.258922e-08
2.246364e-08
2.233875e-08
2.221458e-08
2.209115e-08
2.196848e-08
2.184659e-08
2.172549e-08
2.160520e-08
2.148574e-08
2.136713e-08
2.124938e-08
2.113251e-08
2.101653e-08
2.090147e-08
2.078733e-08
2.067412e-08
2.056187e-08
2.045058e-08
2.034027e-08
2.023095e-08
2.012262e-08
2.001531e-08
1.990901e-08
1.980375e-08
1.969952e-08
1.959633e-08
1.949420e-08
1.939313e-08
1.929313e-08
1.919419e-08
1.909634e-08
1.899956e-08
1.890386e-08
1.880925e-08
1.871572e-08
1.862329e-08
1.853194e-08
1.844168e-08
1.835251e-08
1.826442e-08
1.817741e-08
1.809149e-08
1.800664e-08
1.792286e-08
1.784015e-08
1.775850e-08
1.767790e-08
1.759834e-08
1.751983e-08
1.744234e-08
1.736587e-08
1.729041e-08
1.721594e-08
1.714247e-08
1.706996e-08
1.699842e-08
1.692783e-08
1.685817e-08
1.678943e-08
1.672160e-08
1.665465e-08
1.658858e-08
1.652336e-08
1.645899e-08
1.639543e-08
1.633267e-08
1.627070e-08
1.620950e-08
1.614904e-08
1.608931e-08
1.603028e-08
1.597194e-08
1.591427e-08
1.585724e-08
1.580083e-08
1.574503e-08
1.568980e-08
1.563514e-08
1.558101e-08
1.552739e-08
1.547427e-08
1.542161e-08
1.536941e-08
1.531763e-08
1.526625e-08
1.521526e-08
1.516463e-08
1.511434e-08
1.506436e-08
1.501467e-08
1.496527e-08
1.491611e-08
1.486719e-08
1.481848e-08
1.476996e-08
1.472161e-08
1.467341e-08
1.462535e-08
1.457741e-08
1.452956e-08
1.448179e-08
1.443408e-08
1.438642e-08
1.433879e-08
1.429118e-08
1.424356e-08
1.419593e-08
1.414828e-08
1.410058e-08
1.405283e-08
1.400502e-08
1.395713e-08
1.390915e-08
1.386109e-08
1.381291e-08
1.376463e-08
1.371624e-08
1.366771e-08
1.361906e-08
1.357028e-08
1.352136e-08
1.347230e-08
1.342309e-08
1.337375e-08
1.332426e-08
1.327462e-08
1.322484e-08
1.317493e-08
1.312487e-08
1.307468e-08
1.302436e-08
1.297392e-08
1.292335e-08
1.287268e-08
1.282190e-08
1.277102e-08
1.272005e-08
1.266901e-08
1.261790e-08
1.256674e-08
1.251553e-08
1.246428e-08
1.241302e-08
1.236175e-08
1.231049e-08
1.225925e-08
1.220804e-08
1.215689e-08
1.210581e-08
1.205481e-08
1.200392e-08
1.195314e-08
1.190251e-08
1.185202e-08
1.180171e-08
1.175159e-08
1.170167e-08
1.165199e-08
1.160255e-08
1.155337e-08
1.150448e-08
1.145589e-08
1.140762e-08
1.135970e-08
1.131213e-08
1.126493e-08
1.121813e-08
1.117175e-08
1.112579e-08
1.108029e-08
1.103525e-08
1.099069e-08
1.094663e-08
1.090308e-08
1.086006e-08
1.081759e-08
1.077567e-08
1.073433e-08
1.069357e-08
1.065341e-08
1.061386e-08
1.057493e-08
1.053663e-08
1.049898e-08
1.046197e-08
1.042561e-08
1.038992e-08
1.035490e-08
1.032056e-08
1.028689e-08
1.025391e-08
1.022161e-08
1.018999e-08
1.015907e-08
1.012882e-08
1.009926e-08
1.007039e-08
1.004218e-08
1.001465e-08
9.987788e-09
9.961581e-09
9.936024e-09
9.911108e-09
9.886821e-09
9.863153e-09
9.840091e-09
9.817621e-09
9.795727e-09
9.774395e-09
9.753606e-09
9.733343e-09
9.713586e-09
9.694316e-09
9.675510e-09
9.657147e-09
9.639203e-09
9.621654e-09
9.604475e-09
9.587639e-09
9.571119e-09
9.554888e-09
9.538916e-09
9.523174e-09
9.507632e-09
9.492257e-09
9.477019e-09
9.461883e-09
9.446818e-09
9.431789e-09
9.416760e-09
9.401698e-09
9.386567e-09
9.371329e-09
9.355949e-09
9.340390e-09
9.324613e-09
9.308582e-09
9.292259e-09
9.275604e-09
9.258580e-09
9.241149e-09
9.223270e-09
9.204907e-09
9.186019e-09
9.166569e-09
9.146517e-09
9.125826e-09
9.104456e-09
9.082370e-09
9.059530e-09
9.035899e-09
9.011438e-09
8.986112e-09
8.959885e-09
8.932719e-09
8.904581e-09
8.875434e-09
8.845246e-09
8.813982e-09
8.781610e-09
8.748098e-09
8.713414e-09
8.677529e-09
8.640411e-09
8.602033e-09
8.562367e-09
8.521385e-09
8.479062e-09
8.435373e-09
8.390294e-09
8.343803e-09
8.295876e-09
8.246495e-09
8.195638e-09
8.143289e-09
8.089429e-09
8.034043e-09
7.977116e-09
7.918634e-09
7.858586e-09
7.796959e-09
7.733745e-09
7.668935e-09
7.602521e-09
7.534498e-09
7.464862e-09
7.393607e-09
7.320734e-09
7.246240e-09
7.170127e-09
7.092396e-09
7.013051e-09
6.932095e-09
6.849535e-09
6.765377e-09
6.679629e-09
6.592301e-09
6.503404e-09
6.412949e-09
6.320949e-09
6.227418e-09
6.132373e-09
6.035828e-09
5.937802e-09
5.838314e-09
5.737382e-09
5.635029e-09
5.531274e-09
5.426142e-09
5.319656e-09
5.211839e-09
5.102719e-09
4.992321e-09
4.880672e-09
4.767800e-09
4.653735e-09
4.538504e-09
4.422140e-09
4.304671e-09
4.186131e-09
4.066550e-09
3.945962e-09
3.824400e-09
3.701898e-09
3.578489e-09
3.454208e-09
3.329090e-09
3.203171e-09
3.076486e-09
2.949071e-09
2.820963e-09
2.692198e-09
2.562812e-09
2.432843e-09
2.302327e-09
2.171303e-09
2.039806e-09
1.907875e-09
1.775546e-09
1.642858e-09
1.509847e-09
1.376551e-09
1.243007e-09
1.109252e-09
9.753242e-10
8.412594e-10
7.070949e-10
5.728674e-10
4.386135e-10
3.043695e-10
1.701715e-10
3.605567e-11
-9.794238e-11
-2.317871e-10
-3.654431e-10
-4.988753e-10
-6.320490e-10
-7.649295e-10
-8.974825e-10
-1.029674e-09
-1.161470e-09
-1.292837e-09
-1.423741e-09
-1.554150e-09
-1.684030e-09
-1.813350e-09
-1.942075e-09
-2.070175e-09
-2.197617e-09
-2.324369e-09
-2.450399e-09
-2.575677e-09
-2.700170e-09
-2.823847e-09
-2.946677e-09
-3.068629e-09
-3.189673e-09
-3.309776e-09
-3.428908e-09
-3.547039e-09
-3.664136e-09
-3.780170e-09
-3.895110e-09
-4.008923e-09
-4.121580e-09
-4.233048e-09
-4.343297e-09
-4.452294e-09
-4.560009e-09
-4.666408e-09
-4.771460e-09
-4.875132e-09
-4.977392e-09
-5.078206e-09
-5.177541e-09
-5.275363e-09
-5.371638e-09
-5.466331e-09
-5.559408e-09
-5.650833e-09
-5.740570e-09
-5.828583e-09
-5.914835e-09
-5.999289e-09
-6.081907e-09
-6.162650e-09
-6.241480e-09
-6.318357e-09
-6.393242e-09
-6.466093e-09
-6.536869e-09
-6.605529e-09
-6.672030e-09
-6.736329e-09
-6.798382e-09
-6.858146e-09
-6.915576e-09
-6.970626e-09
-7.023250e-09
-7.073401e-09
-7.121033e-09
-7.166098e-09
-7.208547e-09
-7.248333e-09
-7.285404e-09
-7.319713e-09
-7.351207e-09
-7.379838e-09
-7.405553e-09
-7.428301e-09
-7.448029e-09
-7.464687e-09
-7.478220e-09
-7.488576e-09
-7.495703e-09
-7.499545e-09
-7.500051e-09
-7.497166e-09
-7.490837e-09
-7.481010e-09
-7.467630e-09
-7.450645e-09
-7.430000e-09
-7.405643e-09
-7.377519e-09
-7.345576e-09
-7.309762e-09
-7.270023e-09
-7.226308e-09
-7.178566e-09
-7.126746e-09
-7.070797e-09
-7.010670e-09
-6.946317e-09
-6.877689e-09
-6.804740e-09
-6.727423e-09
-6.645693e-09
-6.559506e-09
-6.468819e-09
-6.373592e-09
-6.273782e-09
-6.169352e-09
-6.060263e-09
-5.946480e-09
-5.827969e-09
-5.704695e-09
-5.576630e-09
-5.443742e-09
-5.306004e-09
-5.163392e-09
-5.015881e-09
-4.863449e-09
-4.706078e-09
-4.543750e-09
-4.376451e-09
-4.204167e-09
-4.026888e-09
-3.844607e-09
-3.657318e-09
-3.465019e-09
-3.267708e-09
-3.065389e-09
-2.858068e-09
-2.645751e-09
-2.428450e-09
-2.206178e-09
-1.978953e-09
-1.746793e-09
-1.509721e-09
-1.267764e-09
-1.020948e-09
-7.693079e-10
-5.128766e-10
-2.516930e-10
1.420175e-11
2.847629e-10
5.599427e-10
8.396900e-10
1.123950e-09
1.412666e-09
1.705776e-09
2.003216e-09
2.304918e-09
2.610812e-09
2.920822e-09
3.234872e-09
3.552880e-09
3.874761e-09
4.200429e-09
4.529792e-09
4.862756e-09
5.199224e-09
5.539095e-09
5.882266e-09
6.228628e-09
6.578073e-09
6.930486e-09
7.285752e-09
7.643751e-09
8.004361e-09
8.367457e-09
8.732911e-09
9.100591e-09
9.470365e-09
9.842095e-09
1.021564e-08
1.059087e-08
1.096763e-08
1.134577e-08
1.172515e-08
1.210561e-08
1.248701e-08
1.286919e-08
1.325198e-08
1.363524e-08
1.401879e-08
1.440248e-08
1.478614e-08
1.516961e-08
1.555271e-08
1.593528e-08
1.631714e-08
1.669813e-08
1.707808e-08
1.745680e-08
1.783412e-08
1.820987e-08
1.858387e-08
1.895595e-08
1.932592e-08
1.969361e-08
2.005884e-08
2.042144e-08
2.078122e-08
2.113801e-08
2.149162e-08
2.184189e-08
2.218864e-08
2.253168e-08
2.287084e-08
2.320595e-08
2.353684e-08
2.386332e-08
2.418524e-08
2.450241e-08
2.481467e-08
2.512185e-08
2.542379e-08
2.572031e-08
2.601127e-08
2.629649e-08
2.657582e-08
2.684911e-08
2.711619e-08
2.737692e-08
2.763115e-08
2.787874e-08
2.811953e-08
2.835338e-08
2.858017e-08
2.879975e-08
2.901200e-08
2.921678e-08
2.941397e-08
2.960345e-08
2.978510e-08
2.995881e-08
3.012447e-08
3.028196e-08
3.043119e-08
3.057206e-08
3.070447e-08
3.082833e-08
3.094356e-08
3.105008e-08
3.114780e-08
3.123665e-08
3.131658e-08
3.138750e-08
3.144937e-08
3.150213e-08
3.154573e-08
3.158012e-08
3.160527e-08
3.162114e-08
3.162770e-08
3.162493e-08
3.161280e-08
3.159131e-08
3.156044e-08
3.152019e-08
3.147056e-08
3.141156e-08
3.134320e-08
3.126549e-08
3.117847e-08
3.108215e-08
3.097657e-08
3.086177e-08
